/*--------------------------------*- C++ -*----------------------------------*\
| =========                 |                                                 |
| \\      /  F ield         | OpenFOAM: The Open Source CFD Toolbox           |
|  \\    /   O peration     | Version:  4.1                                   |
|   \\  /    A nd           | Web:      www.OpenFOAM.org                      |
|    \\/     M anipulation  |                                                 |
\*---------------------------------------------------------------------------*/
FoamFile
{
    version     2.0;
    format      ascii;
    class       volScalarField;
    location    "26";
    object      p;
}
// * * * * * * * * * * * * * * * * * * * * * * * * * * * * * * * * * * * * * //

dimensions      [0 2 -2 0 0 0 0];

internalField   nonuniform List<scalar> 
6785
(
528.607
475.21
423.379
374.967
330.076
288.06
248.705
211.701
176.607
143.243
112.301
84.1622
55.1332
20.2143
-8.93791
62.1728
39.9118
34.1532
30.443
24.9689
19.2614
14.1085
9.71976
6.23583
3.77707
2.58577
3.08741
5.18384
7.05536
7.31553
-40.609
-47.2521
-41.4852
-37.3384
-34.2478
-30.6525
-26.7663
-22.829
-18.9247
-15.2089
-11.8634
-8.79634
-5.71957
-3.06676
-1.83248
5.52582
3.10761
7.70011
8.02414
8.07762
8.29266
8.20339
7.82594
7.24424
6.48492
5.52806
4.4186
3.50819
3.35591
3.66646
21.9589
19.6254
21.1785
19.0801
17.6606
16.4166
15.0061
13.6237
12.3657
11.2742
10.3727
9.65984
9.18199
9.14917
9.39414
12.7426
10.7175
11.6892
10.4683
10.2632
10.2458
10.1564
10.1882
10.3424
10.5846
10.9028
11.2648
11.5839
11.8405
12.0153
9.29827
8.13862
9.21764
8.89001
9.27121
9.66089
9.95552
10.302
10.6548
10.9762
11.2629
11.5142
11.6906
11.7706
11.7858
11.0208
10.4568
11.2964
11.0561
11.2419
11.3444
11.3586
11.3947
11.4112
11.3991
11.3688
11.3354
11.2976
11.2492
11.1992
11.4188
11.0835
11.5629
11.2613
11.2774
11.2257
11.1304
11.0646
10.9923
10.9167
10.8441
10.7794
10.7236
10.6712
10.6156
10.1911
9.97182
10.2602
10.033
10.0562
10.0267
9.9766
9.95041
9.91733
9.88298
9.84889
9.81283
9.77366
9.72674
9.6606
9.0849
8.94263
9.13523
8.98536
9.01336
8.98602
8.94234
8.91054
8.86683
8.81834
8.76657
8.71041
8.6501
8.58468
8.49751
8.10581
8.04791
8.15835
7.99766
7.96485
7.88943
7.80643
7.72836
7.63912
7.54676
7.45221
7.35565
7.26209
7.17632
7.07407
8.89641
8.76958
8.62558
8.27391
8.03513
7.75419
7.45929
7.17423
6.89447
6.63068
6.3853
6.16209
5.96684
5.81144
5.66857
6.44163
6.86939
7.22145
7.04983
6.69881
6.27539
5.88004
5.51634
5.15902
4.80027
4.44172
4.08516
3.73992
3.42264
3.10651
22.63
22.2993
21.5171
19.0213
15.6005
12.2002
9.06739
6.27578
3.73794
1.57954
-0.269627
-1.80463
-3.00761
-3.88654
-4.57059
29.0766
27.9573
28.5002
27.3759
26.5629
24.821
25.1856
23.5464
22.4101
21.0751
21.6688
19.397
16.8949
18.482
16.493
14.9104
14.9293
16.4832
13.3045
11.4486
14.334
12.1207
10.2727
11.6304
14.5453
11.7724
9.94346
11.9878
15.6093
12.678
11.6509
16.0551
14.5718
12.9482
14.2414
17.8774
15.7237
14.6981
18.4502
17.4357
16.1773
16.8718
19.7563
18.6163
17.6004
18.2464
20.794
19.8919
19.1922
21.2701
21.0031
20.5985
20.9296
22.5592
22.3474
22.1512
22.5675
24.2526
24.2537
24.1118
25.7931
25.9742
25.787
25.6035
26.5537
26.6102
26.2673
26.5441
26.3396
26.8571
27.1407
24.4929
23.6334
23.8912
21.0369
15.8688
18.004
11.5589
-5.48313
0.0648836
3.76313
3.97598
4.55899
0.0275592
1.39177
4.59509
5.30347
5.42589
5.24611
5.79043
7.57422
9.13141
10.5768
4.60172
5.13571
6.8937
8.28953
8.37986
8.5815
8.6681
9.11652
13.0942
9.6691
9.86778
9.69964
10.2652
11.4589
12.1129
12.07
11.6548
11.2785
16.3133
14.1874
13.9975
13.368
12.928
13.6636
14.5097
13.638
11.9898
15.1428
16.3808
16.9818
16.8221
15.8013
14.8551
13.9538
13.1339
12.2767
18.5249
17.787
15.7644
14.9571
14.1325
12.8189
10.9287
8.07462
6.1202
12.2974
13.8395
10.8451
8.60009
5.68644
2.16488
-0.388665
-2.06967
-3.66791
-3.75985
-2.39249
0.432218
-1.66007
-2.22061
-2.99329
-5.0684
-7.95861
-8.4115
-6.82394
-9.50997
-1.69722
-2.16076
-2.52421
-0.384789
0.119984
0.862141
1.47075
2.0611
2.55229
2.72456
2.99156
3.11224
3.17093
3.24623
3.21589
3.28231
3.2559
3.34662
3.37461
3.26859
3.30716
3.2591
3.4122
3.3027
3.02987
3.28224
3.16555
2.92795
2.97003
2.97704
3.35946
2.99437
2.58905
2.65236
2.72719
3.24254
2.79221
2.14513
2.7556
2.50483
2.09742
2.16594
2.24334
2.96707
2.33055
1.658
1.75132
1.90327
2.73965
2.08353
1.1424
2.03337
1.71058
1.15308
1.25704
1.37288
2.39577
1.60809
0.742755
0.85869
1.04874
2.15524
1.39081
0.230556
1.3267
0.931964
0.239002
0.337618
0.449645
1.6861
0.792099
-0.225106
-0.136928
0.0291879
1.32152
0.46227
-0.863851
0.367777
-0.155445
-0.991407
-0.99732
-0.786804
0.0029494
0.0271589
0.0471173
0.0681409
0.0863932
0.103637
0.118971
0.134977
0.150265
0.0769293
0.0383802
0.0238053
0.0833944
0.083476
0.0774773
0.0435151
0.0387138
0.0148908
-0.00866225
-0.0141183
-0.0474154
-0.0746997
-0.0899614
-0.0703654
-0.0246449
-0.0195484
-0.0144602
-0.0110884
-0.00802831
0.00343136
0.00397926
0.0476672
-0.274111
-0.245653
-0.259483
-0.199795
-0.148617
-0.100381
-0.0631764
-0.0275154
0.0233792
0.0749155
0.0496072
-0.0872157
0.0595743
-0.0753989
-0.0519627
0.0257533
0.0427648
0.0217386
0.0366623
0.100498
0.11949
0.179055
0.0314745
-0.292383
-0.378437
0.566093
0.415712
0.252332
0.364265
0.125561
0.346596
0.167879
0.261079
0.0690843
0.0597724
0.0618381
0.0383968
0.0437434
0.0561421
0.0110289
0.0772228
0.237885
0.262972
0.210745
0.175013
0.110693
0.0478742
0.000904017
0.0365158
0.0686522
0.1025
0.132829
0.161509
0.186745
0.213581
0.245368
0.149983
0.108259
0.0487757
0.070465
0.0665983
0.0831381
0.0297932
0.0123143
-0.0208291
-0.0479664
-0.0610128
-0.0987636
-0.126403
-0.144224
-0.131269
-0.084755
-0.0730708
-0.059627
-0.0463858
-0.033303
-0.00439061
-0.00377863
0.0833675
-0.347603
-0.300757
-0.311183
-0.233905
-0.178
-0.131896
-0.103357
-0.0642653
-0.00523894
0.0488897
0.0441913
-0.137753
0.0210351
-0.0920982
-0.0807306
0.00124453
0.0459862
0.0527462
0.105595
0.240505
0.308814
0.427763
0.0326317
0.202979
0.214365
0.416602
0.502147
0.237006
0.386194
0.0744256
0.347396
0.154198
0.269858
0.0607592
0.0468991
0.0483219
0.0318941
0.0517035
0.113452
0.11542
0.216732
0.404806
0.465548
0.311161
0.232156
0.199133
0.157203
0.00469122
0.0490083
0.0891166
0.131711
0.170562
0.206823
0.236938
0.264302
0.296514
0.189693
0.128355
0.0679672
0.0593184
0.041488
0.0565743
-0.0015931
-0.0261626
-0.0617339
-0.0907515
-0.108477
-0.141685
-0.168982
-0.188876
-0.180959
-0.144309
-0.125935
-0.104983
-0.0801522
-0.0551186
-0.00692632
-0.00549931
0.125939
-0.235188
-0.206458
-0.232223
-0.175106
-0.139286
-0.106927
-0.0888937
-0.0530499
-0.00119561
0.0370803
0.017117
-0.162787
-0.026523
-0.119424
-0.104382
-0.0260242
0.0432997
0.0872557
0.180435
0.366637
0.488055
0.673614
0.154011
0.44465
0.515648
0.422888
0.544898
0.225041
0.369903
0.0525911
0.290546
0.0972938
0.200129
0.0280935
0.0131076
0.012854
0.0135596
0.0529279
0.154844
0.190984
0.309591
0.493753
0.498478
0.333296
0.256983
0.268725
0.269113
0.0108112
0.0642181
0.111657
0.162135
0.208274
0.250717
0.284199
0.310016
0.338087
0.22831
0.154264
0.0960003
0.0617032
0.0227229
0.0309472
-0.0310698
-0.0624801
-0.101185
-0.133394
-0.155684
-0.185618
-0.212291
-0.233747
-0.229315
-0.200485
-0.176816
-0.149509
-0.114695
-0.0793764
-0.013454
-0.00719331
0.149308
-0.129989
-0.0990556
-0.141955
-0.106021
-0.0925614
-0.0732684
-0.0641266
-0.0328993
0.0112325
0.0331848
0.00108106
-0.168039
-0.05723
-0.130557
-0.114529
-0.039604
0.0480688
0.124957
0.251615
0.476666
0.646343
0.877511
0.316404
0.610271
0.737132
0.50004
0.617112
0.268663
0.384098
0.0733693
0.254995
0.0581391
0.134307
-0.00963662
-0.02041
-0.0170395
0.00172437
0.0612729
0.201928
0.269749
0.396341
0.564236
0.525859
0.366113
0.310823
0.349117
0.36468
0.0160905
0.0774217
0.131568
0.188802
0.240756
0.287692
0.323016
0.346965
0.373471
0.27244
0.192478
0.123216
0.067448
0.00637766
0.0033101
-0.0620123
-0.0998442
-0.142275
-0.177281
-0.202675
-0.230446
-0.256968
-0.279446
-0.27728
-0.253855
-0.225697
-0.192043
-0.148073
-0.103965
-0.0214496
-0.00573065
0.153235
-0.090195
-0.0329609
-0.0832454
-0.0553683
-0.0564539
-0.0458151
-0.0428458
-0.0170832
0.021507
0.0309862
-0.00772226
-0.166659
-0.0764354
-0.13214
-0.119343
-0.0450824
0.0586331
0.163951
0.317927
0.573404
0.784977
1.05762
0.500789
0.791352
1.02588
0.56479
0.696641
0.346356
0.419531
0.11183
0.233905
0.0284416
0.0723847
-0.0521457
-0.0538515
-0.0437393
-0.00840316
0.0698246
0.248192
0.349374
0.478715
0.615789
0.561519
0.402507
0.367118
0.417924
0.482032
0.0198214
0.0876561
0.147945
0.210998
0.267822
0.318413
0.355232
0.378061
0.406385
0.319451
0.233625
0.150182
0.072862
-0.0100213
-0.0259672
-0.0950247
-0.139593
-0.186016
-0.223394
-0.251403
-0.278089
-0.304768
-0.327998
-0.327706
-0.30775
-0.275627
-0.235659
-0.18309
-0.130974
-0.0337413
-0.00584155
0.150299
-0.0741946
0.0138213
-0.0400925
-0.013857
-0.0248598
-0.0209351
-0.022774
-0.00304213
0.0310268
0.031933
-0.0103285
-0.160864
-0.0884823
-0.129237
-0.122397
-0.0448896
0.0740306
0.20353
0.379988
0.659972
0.9078
1.21768
0.692948
0.999184
1.36928
0.623317
0.769249
0.440001
0.465136
0.156268
0.217262
-0.0015425
0.00822429
-0.100324
-0.0908544
-0.0714484
-0.0197818
0.07729
0.292614
0.42689
0.553223
0.652406
0.59297
0.440144
0.422903
0.488069
0.565634
0.0225549
0.0961636
0.162249
0.230559
0.291877
0.346131
0.385103
0.407964
0.438796
0.365436
0.273514
0.177334
0.0769793
-0.0278342
-0.0577747
-0.130686
-0.181652
-0.231251
-0.270619
-0.30063
-0.326993
-0.353561
-0.377273
-0.378863
-0.360643
-0.324505
-0.27824
-0.217452
-0.156986
-0.0476839
-0.00438333
0.149462
-0.0470675
0.067432
0.00715846
0.0302913
0.00869279
0.00457808
-0.00287729
0.0101189
0.0396865
0.0349829
-0.0103773
-0.153721
-0.0964684
-0.125924
-0.124891
-0.0409831
0.0917316
0.241694
0.436932
0.736349
1.01385
1.35852
0.887567
1.22356
1.72005
0.695403
0.832283
0.53956
0.514221
0.200444
0.201007
-0.0342011
-0.0572813
-0.152825
-0.130931
-0.100856
-0.0321917
0.0836887
0.334389
0.49972
0.618186
0.680013
0.618066
0.479309
0.474778
0.554526
0.653861
0.0251444
0.104509
0.176362
0.249797
0.315621
0.373769
0.415506
0.43899
0.470818
0.408761
0.312082
0.205207
0.0805625
-0.0465555
-0.0925396
-0.16992
-0.226834
-0.278879
-0.32014
-0.351537
-0.378208
-0.404754
-0.429186
-0.432717
-0.41472
-0.3745
-0.322088
-0.253555
-0.183682
-0.0637671
-0.00320243
0.147023
-0.0121699
0.129321
0.0617376
0.0800004
0.0464993
0.0324795
0.0176813
0.0232466
0.0482784
0.0398117
-0.00829128
-0.14677
-0.103266
-0.12478
-0.126186
-0.0348412
0.110174
0.278251
0.489734
0.80396
1.10502
1.48179
1.08368
1.45204
2.04768
0.788872
0.887455
0.641356
0.564766
0.242183
0.184962
-0.0689787
-0.123376
-0.208292
-0.173408
-0.131909
-0.045481
0.0890353
0.372968
0.568706
0.676983
0.707369
0.641662
0.520331
0.52872
0.617446
0.76373
0.0281067
0.113534
0.191322
0.269997
0.340566
0.402891
0.447675
0.471715
0.502132
0.449285
0.350404
0.23304
0.0836438
-0.0656325
-0.129317
-0.211935
-0.273805
-0.328043
-0.370784
-0.40296
-0.430132
-0.456865
-0.481881
-0.487181
-0.467953
-0.423504
-0.365081
-0.288971
-0.208637
-0.0793971
-0.00186237
0.139409
0.0187682
0.192505
0.119423
0.132875
0.0869916
0.0618955
0.0383254
0.035809
0.056176
0.0455176
-0.00613389
-0.142288
-0.111136
-0.127281
-0.126614
-0.0277927
0.128054
0.311462
0.537407
0.861833
1.18057
1.58866
1.28071
1.67769
2.34084
0.898715
0.935745
0.739897
0.61413
0.278691
0.167829
-0.105937
-0.188556
-0.264724
-0.217053
-0.164196
-0.0597309
0.0921545
0.405733
0.632791
0.730715
0.737056
0.664407
0.559655
0.580891
0.681351
0.836581
0.0316091
0.123453
0.207451
0.291611
0.367247
0.433977
0.481898
0.50639
0.53387
0.488392
0.389365
0.26012
0.0847325
-0.0862887
-0.168365
-0.257216
-0.323027
-0.380024
-0.423783
-0.456621
-0.484181
-0.511789
-0.53733
-0.54417
-0.522689
-0.473899
-0.409564
-0.325622
-0.234214
-0.0964656
-0.00666726
0.121999
0.0414863
0.253643
0.177702
0.187532
0.129702
0.0931654
0.0598337
0.0486786
0.0628351
0.0517835
-0.00499691
-0.141204
-0.122124
-0.13507
-0.127718
-0.0205962
0.145768
0.341139
0.580151
0.90976
1.24231
1.68263
1.47146
1.89692
2.60938
1.02152
0.98062
0.83167
0.662796
0.310091
0.150105
-0.144475
-0.252807
-0.320788
-0.261281
-0.197689
-0.0753521
0.0927085
0.431401
0.691958
0.781928
0.771368
0.689042
0.597767
0.633435
0.748637
0.912233
0.0355223
0.133952
0.224285
0.313992
0.394851
0.46614
0.517328
0.542453
0.566299
0.526571
0.428925
0.285705
0.0824618
-0.109206
-0.209091
-0.304737
-0.373632
-0.433314
-0.477876
-0.511073
-0.539005
-0.567769
-0.593334
-0.601177
-0.57691
-0.523566
-0.453279
-0.360769
-0.258046
-0.113017
-0.0189431
0.0966454
0.0611067
0.315322
0.237213
0.24379
0.173975
0.125782
0.0820413
0.0618996
0.0674764
0.0559506
-0.00655256
-0.14265
-0.135642
-0.147998
-0.129703
-0.0141163
0.162264
0.366667
0.616342
0.946754
1.29353
1.76338
1.64712
2.10025
2.85378
1.15824
1.02427
0.91088
0.708388
0.335369
0.131026
-0.184661
-0.314705
-0.373895
-0.304577
-0.231991
-0.0923162
0.0905097
0.448369
0.743582
0.830089
0.808752
0.716228
0.634343
0.6844
0.812915
0.993846
0.0397144
0.144787
0.241534
0.336793
0.422938
0.498858
0.55348
0.579634
0.59989
0.564399
0.469085
0.309843
0.076546
-0.135518
-0.252566
-0.355234
-0.427061
-0.488717
-0.534431
-0.56743
-0.596323
-0.626699
-0.652065
-0.660279
-0.633155
-0.57497
-0.498538
-0.396429
-0.282218
-0.131237
-0.0381726
0.0647106
0.0812786
0.379409
0.299046
0.302337
0.220408
0.160388
0.105713
0.0764394
0.0718369
0.0570315
-0.0105877
-0.145125
-0.150996
-0.165134
-0.132864
-0.00940579
0.17684
0.388224
0.644827
0.974338
1.33657
1.8276
1.80133
2.27387
3.06944
1.30796
1.06388
0.974354
0.749421
0.355383
0.112316
-0.225176
-0.373619
-0.422285
-0.34585
-0.266906
-0.110521
0.0859168
0.45622
0.785797
0.876115
0.849298
0.74787
0.671049
0.735292
0.880026
1.067
0.0440714
0.155752
0.258884
0.35958
0.450985
0.531646
0.590003
0.617669
0.634214
0.601539
0.509635
0.331974
0.0677032
-0.164716
-0.298408
-0.407847
-0.48245
-0.544925
-0.59183
-0.624213
-0.654764
-0.686588
-0.711717
-0.7193
-0.689112
-0.62585
-0.54301
-0.430298
-0.304634
-0.149422
-0.0604214
0.0298072
0.104745
0.446993
0.363632
0.363211
0.268607
0.196497
0.130595
0.0920958
0.0767952
0.0554343
-0.0163286
-0.148378
-0.166417
-0.183058
-0.136702
-0.00584765
0.188114
0.404691
0.663717
0.992602
1.37202
1.87734
1.93841
2.41828
3.25108
1.46088
1.09266
1.01984
0.784842
0.370049
0.093823
-0.264949
-0.425936
-0.462394
-0.383792
-0.301674
-0.129483
0.079363
0.455112
0.816456
0.918214
0.889785
0.782464
0.707442
0.783562
0.941453
1.16786
0.0486176
0.166934
0.27653
0.382676
0.479419
0.564994
0.62741
0.65697
0.669705
0.63837
0.550129
0.351201
0.0560359
-0.196935
-0.34732
-0.46343
-0.540568
-0.60338
-0.651134
-0.682985
-0.715825
-0.749261
-0.774573
-0.780553
-0.747025
-0.678613
-0.588693
-0.464586
-0.327602
-0.169219
-0.0851888
-0.00928484
0.130688
0.51687
0.430735
0.426592
0.319048
0.234614
0.157255
0.109363
0.0830623
0.0522267
-0.02288
-0.152564
-0.182537
-0.200348
-0.141319
-0.00274011
0.196475
0.416982
0.67366
1.00083
1.39672
1.91041
2.06129
2.55018
3.40275
1.60926
1.11033
1.05092
0.815245
0.380694
0.0770969
-0.301595
-0.46863
-0.495042
-0.419873
-0.335933
-0.149064
0.0715102
0.446414
0.835622
0.956081
0.930053
0.818857
0.74376
0.833135
1.00658
1.24189
0.0533899
0.178391
0.294494
0.406078
0.508251
0.599002
0.665908
0.697739
0.706205
0.674633
0.589057
0.366532
0.041995
-0.230866
-0.398192
-0.521127
-0.599752
-0.662766
-0.710755
-0.742455
-0.777429
-0.812335
-0.838152
-0.841623
-0.804401
-0.730765
-0.633033
-0.497234
-0.349546
-0.189796
-0.112163
-0.0519187
0.160097
0.588947
0.500262
0.492335
0.371365
0.274326
0.185468
0.127794
0.0906114
0.047885
-0.0299038
-0.157879
-0.19857
-0.21512
-0.145852
0.000234715
0.20261
0.425525
0.674747
1.0002
1.41152
1.93332
2.16111
2.67419
3.52191
1.74953
1.12394
1.069
0.836207
0.387353
0.0620733
-0.334476
-0.501771
-0.523188
-0.455583
-0.368921
-0.168628
0.0634724
0.432994
0.843596
0.988924
0.968446
0.855294
0.778935
0.881326
1.07187
1.32596
0.0584705
0.190293
0.313079
0.430234
0.538046
0.634279
0.706078
0.740437
0.744329
0.710976
0.62605
0.377877
0.0249547
-0.266949
-0.451679
-0.581898
-0.660957
-0.724338
-0.772017
-0.803922
-0.841226
-0.87771
-0.904301
-0.90477
-0.863632
-0.784614
-0.67815
-0.530653
-0.372044
-0.212081
-0.145062
-0.0994354
0.192617
0.662427
0.572374
0.560788
0.426145
0.316167
0.21567
0.14775
0.0996825
0.042728
-0.038278
-0.165288
-0.216201
-0.228367
-0.150655
0.00202706
0.207443
0.430108
0.666765
0.991584
1.41812
1.9525
2.23325
2.7696
3.60234
1.8855
1.14301
1.0751
0.845596
0.392492
0.0507092
-0.36263
-0.530901
-0.549543
-0.490554
-0.400014
-0.188291
0.0553978
0.418003
0.843712
1.02149
1.00579
0.892516
0.815045
0.931037
1.13397
1.43477
0.0638788
0.202636
0.332189
0.454972
0.568584
0.670636
0.747816
0.785046
0.783731
0.747574
0.660409
0.384138
0.00485217
-0.30486
-0.506524
-0.644046
-0.723544
-0.786672
-0.833399
-0.865816
-0.905391
-0.942912
-0.970318
-0.967408
-0.922173
-0.837695
-0.721789
-0.563007
-0.393918
-0.233736
-0.182103
-0.149711
0.230315
0.738119
0.647607
0.632138
0.483255
0.359913
0.247668
0.168854
0.110321
0.0373581
-0.0498139
-0.175736
-0.234219
-0.239609
-0.155525
0.00215699
0.209702
0.427992
0.64887
0.975174
1.41998
1.97413
2.28645
2.82491
3.62519
2.01359
1.16648
1.06887
0.84597
0.396563
0.0406364
-0.386067
-0.556756
-0.573314
-0.523195
-0.42827
-0.208471
0.0464038
0.404222
0.839587
1.0527
1.04062
0.92986
0.853308
0.980245
1.19963
1.51504
0.0696262
0.215459
0.351971
0.48055
0.600208
0.708437
0.791466
0.83183
0.824856
0.784835
0.691431
0.384285
-0.0194281
-0.346053
-0.563538
-0.707985
-0.789504
-0.851427
-0.896398
-0.929942
-0.971898
-1.01046
-1.03826
-1.03179
-0.982464
-0.892241
-0.765924
-0.596571
-0.41885
-0.257495
-0.222217
-0.202374
0.27346
0.815741
0.726607
0.70694
0.543383
0.406121
0.281768
0.191339
0.122147
0.0320701
-0.0653344
-0.190148
-0.253658
-0.251624
-0.162337
-0.00040606
0.206942
0.414407
0.61925
0.94834
1.41408
1.98846
2.32197
2.83606
3.62657
2.13689
1.19438
1.05398
0.841751
0.40001
0.0323649
-0.401477
-0.578784
-0.598141
-0.553774
-0.453025
-0.229402
0.0356993
0.391616
0.831529
1.07713
1.07413
0.966725
0.894922
1.03138
1.27073
1.60211
0.0756748
0.228654
0.372183
0.506617
0.632491
0.747265
0.836697
0.880655
0.867014
0.821892
0.718332
0.379495
-0.0469621
-0.38944
-0.621854
-0.771984
-0.856785
-0.917406
-0.959796
-0.994905
-1.03862
-1.07851
-1.10563
-1.09529
-1.04183
-0.945583
-0.808331
-0.629124
-0.447704
-0.285646
-0.263828
-0.253466
0.324334
0.896338
0.810065
0.785431
0.606444
0.454639
0.317852
0.215012
0.133251
0.0268171
-0.0836059
-0.208075
-0.273523
-0.26559
-0.171868
-0.00708481
0.194722
0.383654
0.577019
0.911519
1.39857
1.98964
2.3386
2.80773
3.62424
2.25169
1.22599
1.03437
0.834039
0.401963
0.0244305
-0.410731
-0.597812
-0.625088
-0.580152
-0.473093
-0.249867
0.024379
0.380076
0.818631
1.08846
1.10373
1.00404
0.93913
1.08317
1.34255
1.69964
0.0819897
0.242194
0.392913
0.533372
0.665721
0.787433
0.883814
0.931819
0.911191
0.858896
0.741699
0.371186
-0.0775998
-0.43549
-0.68248
-0.837112
-0.925522
-0.985585
-1.02547
-1.06221
-1.10739
-1.14911
-1.17465
-1.16016
-1.10228
-0.999699
-0.851283
-0.662377
-0.481956
-0.31936
-0.308518
-0.303984
0.382788
0.979954
0.898627
0.868034
0.673001
0.505894
0.356042
0.239733
0.14205
0.021018
-0.104559
-0.230566
-0.296132
-0.283094
-0.185185
-0.0209994
0.169801
0.336562
0.524498
0.866131
1.37221
1.97646
2.33758
2.75787
3.63208
2.36362
1.26758
1.01849
0.825441
0.403889
0.0191897
-0.414671
-0.615123
-0.652633
-0.600623
-0.486599
-0.267979
0.0130999
0.367988
0.8016
1.09043
1.12803
1.04186
0.986046
1.13777
1.41955
1.79069
0.0885301
0.255965
0.41389
0.560428
0.699416
0.828443
0.932379
0.9851
0.957824
0.895462
0.761727
0.359632
-0.109834
-0.482246
-0.743055
-0.902361
-0.99397
-1.05391
-1.09222
-1.12982
-1.17628
-1.21957
-1.24254
-1.22373
-1.16103
-1.05196
-0.892786
-0.694187
-0.519171
-0.356103
-0.35603
-0.351957
0.450348
1.06812
0.992793
0.954852
0.742932
0.559809
0.3964
0.265281
0.149141
0.0150718
-0.12705
-0.256935
-0.320188
-0.302791
-0.202804
-0.0442085
0.13077
0.276279
0.461601
0.811163
1.3346
1.94952
2.32459
2.7029
3.63299
2.46273
1.31776
1.01168
0.816873
0.404996
0.0145058
-0.416564
-0.63072
-0.677179
-0.61382
-0.492156
-0.281755
0.00161325
0.354163
0.780487
1.08608
1.14671
1.07863
1.03467
1.1941
1.49402
1.90492
0.0952574
0.269943
0.435224
0.588006
0.733895
0.870639
0.982733
1.04083
1.00733
0.931683
0.778058
0.344469
-0.143776
-0.529772
-0.803618
-0.969053
-1.06355
-1.12327
-1.16146
-1.19995
-1.24769
-1.29167
-1.31105
-1.2879
-1.22018
-1.10416
-0.9351
-0.726182
-0.558978
-0.395887
-0.405585
-0.395929
0.526379
1.16132
1.09306
1.04615
0.816658
0.616739
0.439093
0.292403
0.155372
0.00679717
-0.151848
-0.286692
-0.346646
-0.325931
-0.227221
-0.0794202
0.0762803
0.203345
0.386793
0.744673
1.28462
1.91094
2.31228
2.65652
3.62292
2.55342
1.37988
1.02188
0.814055
0.407744
0.0132823
-0.414407
-0.643873
-0.696617
-0.61897
-0.48869
-0.289144
-0.00931869
0.337126
0.756419
1.07633
1.16065
1.11179
1.08376
1.25343
1.57351
1.99617
0.10215
0.284043
0.456651
0.615721
0.768666
0.913487
1.03435
1.09865
1.05889
0.968563
0.790286
0.325571
-0.178082
-0.576494
-0.862205
-1.03503
-1.13251
-1.19217
-1.23132
-1.2713
-1.31949
-1.36238
-1.37723
-1.34939
-1.27705
-1.15375
-0.976228
-0.759308
-0.599359
-0.436736
-0.454619
-0.43163
0.612072
1.26118
1.19966
1.14191
0.894022
0.676696
0.484288
0.321807
0.162271
-0.00476234
-0.178324
-0.317643
-0.374401
-0.352587
-0.259662
-0.127667
0.00551155
0.117296
0.299935
0.667131
1.22345
1.86138
2.30112
2.62407
3.61155
2.62731
1.44926
1.05013
0.819025
0.411646
0.0135764
-0.40997
-0.653454
-0.710351
-0.617097
-0.477567
-0.289775
-0.0178748
0.31785
0.730383
1.0605
1.1681
1.13969
1.13164
1.31348
1.65527
2.09334
0.109168
0.298249
0.478311
0.64383
0.804089
0.957376
1.08762
1.15902
1.11337
1.00761
0.798739
0.302972
-0.21365
-0.623863
-0.919438
-1.10008
-1.20115
-1.26165
-1.30274
-1.34483
-1.39258
-1.43286
-1.44259
-1.40944
-1.33293
-1.2023
-1.01719
-0.796754
-0.641051
-0.47888
-0.504277
-0.459467
0.706682
1.36807
1.3129
1.24224
0.975264
0.739871
0.531927
0.353457
0.169941
-0.0198476
-0.206954
-0.349506
-0.404747
-0.384669
-0.302381
-0.191352
-0.083268
0.0160478
0.19972
0.578662
1.1526
1.80289
2.29029
2.61996
3.60391
2.68948
1.5297
1.09977
0.836847
0.421319
0.0204416
-0.40014
-0.657103
-0.719536
-0.609642
-0.460115
-0.284357
-0.0231949
0.298048
0.701313
1.03523
1.17034
1.16308
1.17651
1.37438
1.73374
2.20636
0.116304
0.31249
0.499947
0.671962
0.839688
1.00177
1.14194
1.22153
1.17121
1.04865
0.804951
0.278993
-0.249956
-0.670846
-0.973801
-1.16173
-1.26708
-1.32958
-1.37335
-1.41755
-1.46366
-1.49982
-1.50403
-1.46532
-1.38452
-1.24725
-1.05568
-0.836662
-0.682725
-0.520333
-0.553731
-0.478948
0.811329
1.48307
1.43277
1.34714
1.06029
0.806349
0.582244
0.386238
0.179318
-0.0362684
-0.236302
-0.381364
-0.436716
-0.422198
-0.355969
-0.270508
-0.189358
-0.100668
0.0860337
0.479322
1.07296
1.73568
2.27492
2.63648
3.58853
2.73116
1.61705
1.16244
0.865844
0.437459
0.0322182
-0.387132
-0.654337
-0.722202
-0.596399
-0.438737
-0.273909
-0.025726
0.278732
0.667949
1.00352
1.16928
1.18386
1.21775
1.43515
1.81466
2.29321
0.123509
0.326757
0.521721
0.700401
0.875859
1.0471
1.19775
1.28665
1.23388
1.09246
0.810175
0.255167
-0.286537
-0.717027
-1.02644
-1.2208
-1.33048
-1.39601
-1.4433
-1.48965
-1.53317
-1.56414
-1.56237
-1.51827
-1.43257
-1.28981
-1.09171
-0.878272
-0.725105
-0.561079
-0.604145
-0.49107
0.925614
1.60615
1.55947
1.45667
1.1492
0.876108
0.635399
0.417634
0.187852
-0.0543018
-0.267094
-0.413765
-0.47197
-0.46764
-0.42303
-0.367299
-0.313651
-0.234404
-0.0415447
0.369363
0.985714
1.66419
2.25619
2.66812
3.56488
2.75873
1.7133
1.23866
0.910978
0.465968
0.0543414
-0.366492
-0.642442
-0.715496
-0.579184
-0.414174
-0.258082
-0.0256271
0.259901
0.633181
0.971238
1.16611
1.2024
1.25521
1.49703
1.89665
2.37711
0.130781
0.340974
0.543362
0.728763
0.912107
1.0928
1.25434
1.3536
1.30183
1.13896
0.815057
0.233167
-0.320758
-0.759828
-1.07567
-1.27562
-1.38942
-1.45849
-1.50961
-1.55775
-1.59788
-1.62278
-1.61462
-1.56516
-1.47451
-1.32793
-1.12334
-0.91914
-0.766938
-0.601492
-0.654682
-0.493003
1.05077
1.738
1.69279
1.57085
1.24193
0.949306
0.691681
0.447642
0.192915
-0.0732973
-0.298104
-0.446666
-0.510442
-0.521364
-0.503427
-0.480095
-0.453881
-0.383648
-0.18135
0.249804
0.890587
1.58745
2.23016
2.69763
3.521
2.76654
1.81271
1.32659
0.971251
0.506221
0.0838731
-0.340596
-0.622642
-0.698557
-0.56041
-0.387721
-0.236762
-0.0224381
0.243354
0.60118
0.938368
1.15946
1.2182
1.29048
1.55804
1.97279
2.46171
0.138047
0.355115
0.565018
0.757302
0.948784
1.13925
1.31203
1.42254
1.37534
1.18886
0.820554
0.2136
-0.352017
-0.799302
-1.12168
-1.32657
-1.44443
-1.51734
-1.57222
-1.62184
-1.65826
-1.67673
-1.66168
-1.60623
-1.51111
-1.36256
-1.15319
-0.958616
-0.80746
-0.643059
-0.705285
-0.482982
1.18668
1.87847
1.83277
1.68956
1.3383
1.02551
0.749788
0.476902
0.19201
-0.0949285
-0.32968
-0.480836
-0.554276
-0.58609
-0.599346
-0.610212
-0.610145
-0.548474
-0.332789
0.121907
0.787809
1.50601
2.19763
2.71855
3.46267
2.76858
1.92285
1.43605
1.05362
0.564022
0.127475
-0.303758
-0.59352
-0.673568
-0.538648
-0.357304
-0.207769
-0.0130936
0.23206
0.575276
0.905929
1.14836
1.23089
1.3233
1.61666
2.04337
2.52984
0.145316
0.369105
0.586415
0.785639
0.985401
1.18585
1.37011
1.49236
1.45261
1.24257
0.827094
0.197035
-0.378943
-0.833831
-1.16237
-1.37178
-1.49386
-1.57059
-1.62855
-1.67901
-1.71165
-1.72361
-1.70087
-1.63936
-1.54087
-1.39206
-1.18233
-0.995613
-0.845505
-0.683985
-0.753603
-0.457418
1.33442
2.02798
1.97912
1.81289
1.4384
1.10484
0.809221
0.506985
0.187624
-0.117565
-0.360248
-0.516438
-0.603828
-0.661606
-0.70902
-0.754006
-0.778395
-0.724479
-0.492725
-0.0129511
0.677679
1.41808
2.15589
2.72028
3.38556
2.76426
2.03901
1.56268
1.15297
0.636753
0.180982
-0.258682
-0.55726
-0.644627
-0.513087
-0.32484
-0.171473
0.00454615
0.227993
0.555682
0.874869
1.12971
1.23965
1.35395
1.66863
2.10149
2.60227
0.152503
0.382918
0.607697
0.814006
1.02226
1.23291
1.42873
1.56293
1.53288
1.30078
0.833947
0.182994
-0.402297
-0.863993
-1.19834
-1.41204
-1.53835
-1.61877
-1.6789
-1.72952
-1.75884
-1.76382
-1.73246
-1.66563
-1.56533
-1.41696
-1.20987
-1.02993
-0.88166
-0.723015
-0.798304
-0.41432
1.494
2.18635
2.13181
1.94058
1.54196
1.18677
0.869025
0.536973
0.180464
-0.142
-0.390754
-0.555038
-0.661833
-0.750361
-0.833685
-0.911537
-0.957278
-0.909309
-0.65908
-0.153355
0.561624
1.32514
2.10724
2.70479
3.30223
2.76809
2.16431
1.70243
1.27198
0.730242
0.251987
-0.198806
-0.512176
-0.611474
-0.481178
-0.290674
-0.129597
0.0326239
0.232736
0.542525
0.848938
1.10387
1.24323
1.38314
1.71092
2.15369
2.65095
0.159633
0.396483
0.628591
0.842022
1.05885
1.2798
1.48715
1.63312
1.61438
1.36254
0.839491
0.171109
-0.421662
-0.888982
-1.22864
-1.44638
-1.57668
-1.66047
-1.72154
-1.77158
-1.79849
-1.79531
-1.75574
-1.68502
-1.58412
-1.4357
-1.23456
-1.06063
-0.915262
-0.759551
-0.837136
-0.35109
1.66606
2.35371
2.29048
2.07275
1.64929
1.27167
0.929031
0.56484
0.172894
-0.166343
-0.421149
-0.597439
-0.728326
-0.850626
-0.969496
-1.07706
-1.14068
-1.09611
-0.827438
-0.297148
0.44065
1.22675
2.04968
2.66935
3.21075
2.7759
2.29015
1.84357
1.40252
0.83993
0.335711
-0.129883
-0.460404
-0.57218
-0.44434
-0.257827
-0.087468
0.0696583
0.245632
0.53486
0.827411
1.07159
1.24137
1.41046
1.74135
2.20195
2.69579
0.166612
0.409751
0.64918
0.869808
1.09532
1.3266
1.54525
1.70253
1.69619
1.4283
0.843587
0.161295
-0.43721
-0.909923
-1.25467
-1.47609
-1.61025
-1.69716
-1.75838
-1.80765
-1.83222
-1.81959
-1.77233
-1.69908
-1.59851
-1.44821
-1.25664
-1.08764
-0.945773
-0.793775
-0.868615
-0.265995
1.85045
2.52978
2.45482
2.20875
1.75989
1.35913
0.988259
0.586368
0.163053
-0.190417
-0.452196
-0.645013
-0.80527
-0.963414
-1.11589
-1.2487
-1.32555
-1.28134
-0.995776
-0.442821
0.314664
1.12341
1.9837
2.61954
3.12248
2.79756
2.42079
1.99108
1.54949
0.970597
0.440417
-0.0461305
-0.398517
-0.521885
-0.400235
-0.223245
-0.0461669
0.114246
0.2694
0.536282
0.81309
1.03902
1.23282
1.43305
1.76683
2.24168
2.73878
0.173484
0.42267
0.669231
0.897046
1.13122
1.37273
1.60236
1.77015
1.77642
1.4969
0.848342
0.155053
-0.447696
-0.92604
-1.27565
-1.50096
-1.63927
-1.72888
-1.79033
-1.83851
-1.85819
-1.83566
-1.7826
-1.70872
-1.60909
-1.45684
-1.27586
-1.11107
-0.972913
-0.826259
-0.890315
-0.157017
2.04738
2.71444
2.62452
2.34877
1.8743
1.45011
1.0481
0.602789
0.152357
-0.212347
-0.48413
-0.698574
-0.891485
-1.08493
-1.26684
-1.41897
-1.50467
-1.45824
-1.16003
-0.58891
0.184024
1.01514
1.90742
2.5548
3.03337
2.82488
2.55291
2.14308
1.70627
1.11538
0.559259
0.0471345
-0.327747
-0.460583
-0.350694
-0.185365
-0.00684784
0.163712
0.306785
0.549267
0.805349
1.011
1.21872
1.44665
1.79096
2.27585
2.76214
0.180145
0.435152
0.688749
0.923727
1.1665
1.41802
1.65808
1.83544
1.85384
1.56801
0.855834
0.153345
-0.453561
-0.93805
-1.29272
-1.52272
-1.66532
-1.75672
-1.81822
-1.86384
-1.87649
-1.84576
-1.78996
-1.7166
-1.61754
-1.4656
-1.29254
-1.13142
-0.996259
-0.857987
-0.900169
-0.0223506
2.25663
2.90709
2.79901
2.49167
1.99169
1.5431
1.10721
0.614534
0.139555
-0.233336
-0.518611
-0.759536
-0.987701
-1.21439
-1.42007
-1.58503
-1.67538
-1.62511
-1.31917
-0.736212
0.0479558
0.901623
1.8213
2.48024
2.95173
2.86419
2.69288
2.30472
1.87691
1.27904
0.700537
0.157476
-0.244534
-0.386466
-0.293649
-0.139568
0.033196
0.219539
0.359925
0.575845
0.806549
0.990796
1.20117
1.44969
1.8156
2.30009
2.77867
0.186635
0.447129
0.70751
0.949567
1.20074
1.4619
1.71177
1.89749
1.92722
1.63865
0.867036
0.156858
-0.45468
-0.945556
-1.30549
-1.54066
-1.68712
-1.77889
-1.8399
-1.88244
-1.88915
-1.8534
-1.79648
-1.72347
-1.62443
-1.47411
-1.30645
-1.14852
-1.01557
-0.888122
-0.894582
0.139238
2.47783
3.10724
2.978
2.63765
2.11232
1.63761
1.16246
0.623625
0.127504
-0.252971
-0.556207
-0.827693
-1.09065
-1.34581
-1.56824
-1.73965
-1.83227
-1.77798
-1.47008
-0.882783
-0.0911652
0.783812
1.72486
2.39551
2.87257
2.90525
2.83295
2.46649
2.05271
1.45462
0.855082
0.277753
-0.152319
-0.301254
-0.227857
-0.0844215
0.0791633
0.280639
0.424812
0.613223
0.813379
0.973036
1.17961
1.44468
1.83695
2.31102
2.7964
0.192817
0.458425
0.725351
0.974308
1.23357
1.50378
1.76258
1.95545
1.99539
1.7074
0.882404
0.164772
-0.452761
-0.950036
-1.31491
-1.55542
-1.70529
-1.7968
-1.85694
-1.89665
-1.89969
-1.86112
-1.80344
-1.72973
-1.62974
-1.48149
-1.3178
-1.16234
-1.03088
-0.913437
-0.867387
0.329119
2.71028
3.31371
3.16036
2.78512
2.23414
1.73104
1.20791
0.627707
0.116747
-0.272486
-0.598473
-0.903344
-1.19918
-1.47674
-1.70851
-1.88108
-1.97459
-1.91705
-1.61237
-1.02693
-0.232332
0.660948
1.6186
2.30536
2.80283
2.95299
2.97335
2.62861
2.23934
1.6488
1.03108
0.415201
-0.0474835
-0.202159
-0.148942
-0.0132427
0.1434
0.353384
0.502367
0.662499
0.82835
0.960405
1.15581
1.43531
1.84959
2.30693
2.79976
0.198694
0.468924
0.742045
0.997669
1.2646
1.54306
1.80973
2.00837
2.05709
1.77223
0.901535
0.176057
-0.448555
-0.951241
-1.32041
-1.56616
-1.71936
-1.81121
-1.8706
-1.90759
-1.90859
-1.86892
-1.81076
-1.73535
-1.63312
-1.4872
-1.32714
-1.1741
-1.04341
-0.931654
-0.812352
0.547168
2.95308
3.52589
3.34601
2.93466
2.35756
1.82254
1.24458
0.628366
0.108732
-0.29274
-0.645821
-0.984539
-1.30819
-1.60036
-1.83448
-2.00461
-2.09865
-2.03958
-1.74232
-1.16373
-0.371295
0.535072
1.50368
2.2109
2.7383
2.99864
3.10674
2.78748
2.43186
1.85441
1.21811
0.561107
0.0659283
-0.0918901
-0.0585294
0.0723213
0.227879
0.439983
0.590657
0.722383
0.849166
0.950682
1.12879
1.42137
1.84739
2.28682
2.8004
0.204035
0.478285
0.757174
1.01904
1.293
1.57856
1.85172
2.05547
2.11201
1.83064
0.923418
0.190109
-0.442289
-0.949147
-1.32263
-1.57392
-1.73082
-1.82367
-1.88226
-1.91658
-1.91624
-1.87714
-1.81865
-1.74061
-1.63524
-1.49164
-1.33483
-1.18417
-1.05324
-0.940547
-0.725752
0.793604
3.20511
3.74197
3.53316
3.08455
2.48155
1.91071
1.27442
0.626301
0.102062
-0.315239
-0.698753
-1.06975
-1.41517
-1.71433
-1.94514
-2.11136
-2.20573
-2.1454
-1.85732
-1.28894
-0.505987
0.406092
1.38235
2.11747
2.68511
3.04822
3.2366
2.95128
2.63401
2.07348
1.42346
0.722052
0.191525
0.0323538
0.0484826
0.175745
0.335449
0.545268
0.693876
0.795335
0.878611
0.947483
1.09701
1.39922
1.8302
2.25214
2.80066
0.208693
0.486233
0.770352
1.03801
1.31816
1.60947
1.88757
2.09715
2.16223
1.87772
0.948416
0.208185
-0.432305
-0.943012
-1.32144
-1.5785
-1.73926
-1.83352
-1.89127
-1.92388
-1.92331
-1.88605
-1.82688
-1.74519
-1.63653
-1.49494
-1.34089
-1.19263
-1.06098
-0.937591
-0.606671
1.06651
3.46502
3.96109
3.7219
3.23568
2.60722
1.99455
1.30025
0.627083
0.0984984
-0.339913
-0.755601
-1.15468
-1.51409
-1.81318
-2.03712
-2.19999
-2.29427
-2.23186
-1.952
-1.3961
-0.629602
0.278874
1.25896
2.02691
2.63942
3.09524
3.35886
3.11629
2.83568
2.29567
1.63463
0.886374
0.324499
0.166818
0.169773
0.293119
0.460243
0.664812
0.809342
0.878308
0.913904
0.944052
1.05948
1.36853
1.8005
2.20808
2.80787
0.212131
0.492045
0.780686
1.05339
1.33856
1.63389
1.91539
2.13261
2.20697
1.9099
0.97679
0.229789
-0.418859
-0.933301
-1.31703
-1.57959
-1.74395
-1.84017
-1.898
-1.93028
-1.93071
-1.89576
-1.83517
-1.74924
-1.63741
-1.49722
-1.3452
-1.19879
-1.06571
-0.919494
-0.454369
1.3651
3.73079
4.18047
3.90932
3.38594
2.73365
2.06725
1.31749
0.631085
0.0964465
-0.367721
-0.815397
-1.23688
-1.60314
-1.89716
-2.11282
-2.27383
-2.36601
-2.29956
-2.02397
-1.48219
-0.738854
0.155708
1.13795
1.94399
2.60639
3.14601
3.47805
3.28578
3.04185
2.52776
1.85975
1.05992
0.469112
0.314012
0.310266
0.430135
0.607385
0.802915
0.937952
0.976515
0.959066
0.944471
1.02049
1.32445
1.75952
2.15368
2.82414
0.213682
0.495057
0.787438
1.0644
1.35321
1.65058
1.93388
2.15998
2.24431
1.93003
1.0073
0.253242
-0.40211
-0.919799
-1.30853
-1.57607
-1.74424
-1.84358
-1.90299
-1.93584
-1.93862
-1.90612
-1.84332
-1.75258
-1.63737
-1.49794
-1.34754
-1.20247
-1.06679
-0.884042
-0.269251
1.68673
4.00078
4.39931
4.09537
3.53531
2.85983
2.12592
1.32703
0.639304
0.0957041
-0.397675
-0.874507
-1.31141
-1.67811
-1.96437
-2.1726
-2.33308
-2.42078
-2.34859
-2.07132
-1.54435
-0.829001
0.0432573
1.0256
1.87046
2.58285
3.19511
3.59129
3.4547
3.24729
2.7633
2.08635
1.23118
0.619364
0.468039
0.463821
0.583629
0.772331
0.956738
1.07639
1.08668
1.00941
0.942136
0.977825
1.26121
1.71074
2.08951
2.85332
0.212241
0.494065
0.789262
1.06955
1.36051
1.65812
1.9425
2.17755
2.27381
1.93537
1.03563
0.276531
-0.38234
-0.902561
-1.29573
-1.56803
-1.74072
-1.84432
-1.90654
-1.94093
-1.94727
-1.91699
-1.85111
-1.75511
-1.6362
-1.49696
-1.34769
-1.20303
-1.06127
-0.825501
-0.0489447
2.02998
4.27215
4.614
4.27639
3.68061
2.97918
2.16904
1.3322
0.651468
0.0944848
-0.429513
-0.931127
-1.3771
-1.74035
-2.01864
-2.22132
-2.38081
-2.46198
-2.38199
-2.09695
-1.58443
-0.900617
-0.0573345
0.925649
1.80982
2.57281
3.24813
3.70353
3.62686
3.45471
3.00715
2.32188
1.40731
0.77888
0.631764
0.634506
0.761101
0.96067
1.13382
1.2322
1.21162
1.07022
0.943374
0.925534
1.17712
1.6466
2.00612
2.87473
0.207513
0.488401
0.786051
1.06906
1.36125
1.65826
1.94408
2.18822
2.29158
1.93196
1.06038
0.30057
-0.358684
-0.881128
-1.27829
-1.55546
-1.73367
-1.84277
-1.90895
-1.94616
-1.95638
-1.92747
-1.85781
-1.75628
-1.63334
-1.49376
-1.34537
-1.20001
-1.04621
-0.739301
0.206839
2.39139
4.54315
4.82427
4.45281
3.82231
3.08515
2.20088
1.34242
0.668659
0.092836
-0.460737
-0.981288
-1.43093
-1.78917
-2.061
-2.26034
-2.4173
-2.49052
-2.40181
-2.10486
-1.60541
-0.953334
-0.142072
0.842143
1.76178
2.57261
3.30025
3.81247
3.79789
3.65861
3.253
2.55262
1.57515
0.939132
0.798456
0.814551
0.956673
1.16601
1.32842
1.4037
1.34545
1.14027
0.944238
0.856569
1.07988
1.5619
1.9133
2.87766
0.200394
0.478016
0.777934
1.06345
1.35656
1.65261
1.94032
2.19263
2.29769
1.92136
1.08209
0.325601
-0.330733
-0.854997
-1.25594
-1.5388
-1.72411
-1.84018
-1.91137
-1.95208
-1.96529
-1.93669
-1.86302
-1.75582
-1.62863
-1.488
-1.33967
-1.1917
-1.01621
-0.619244
0.499608
2.76813
4.8099
5.02564
4.62095
3.9609
3.17009
2.21939
1.35829
0.687982
0.0890179
-0.49112
-1.02489
-1.47494
-1.82858
-2.09595
-2.29287
-2.44538
-2.5101
-2.41191
-2.10122
-1.61323
-0.991794
-0.213237
0.775773
1.72689
2.58463
3.3563
3.92336
3.97513
3.86637
3.50779
2.78497
1.74286
1.10302
0.9695
1.01092
1.1802
1.39718
1.54687
1.59456
1.49273
1.23024
0.952345
0.767887
0.97038
1.45005
1.82526
2.85663
0.19215
0.464923
0.766363
1.05469
1.34899
1.64413
1.93314
2.18737
2.28887
1.90673
1.10088
0.352436
-0.298014
-0.823572
-1.22909
-1.5194
-1.71387
-1.83796
-1.91491
-1.95863
-1.97314
-1.94379
-1.86603
-1.75298
-1.62135
-1.47866
-1.32942
-1.17661
-0.967795
-0.462904
0.827065
3.15624
5.07112
5.21844
4.78101
4.10024
3.23405
2.22777
1.38078
0.709295
0.0847948
-0.517405
-1.05953
-1.50857
-1.85912
-2.12381
-2.31857
-2.46522
-2.52266
-2.41554
-2.09048
-1.61221
-1.01895
-0.26935
0.727733
1.70402
2.60466
3.41242
4.03482
4.15726
4.078
3.76598
3.00488
1.89773
1.26086
1.13473
1.21714
1.42452
1.64835
1.78296
1.80007
1.64757
1.33014
0.957283
0.66122
0.848375
1.31369
1.76324
2.8234
0.182538
0.450163
0.752243
1.04307
1.339
1.63369
1.92227
2.17148
2.26588
1.89024
1.11556
0.381484
-0.261372
-0.788477
-1.19989
-1.4993
-1.70427
-1.83707
-1.91969
-1.96557
-1.97975
-1.94862
-1.86658
-1.74765
-1.61131
-1.465
-1.31309
-1.15188
-0.896278
-0.267239
1.18738
3.55131
5.32205
5.39769
4.92943
4.22918
3.27465
2.23377
1.40998
0.73036
0.0794283
-0.5401
-1.08708
-1.53514
-1.88416
-2.1475
-2.33936
-2.47855
-2.53148
-2.41822
-2.07763
-1.60675
-1.03929
-0.313367
0.694744
1.6925
2.63314
3.47269
4.15132
4.34808
4.29898
4.03223
3.21945
2.05008
1.41926
1.29914
1.44471
1.69982
1.92904
2.04337
2.02511
1.81383
1.44274
0.958713
0.542193
0.702549
1.14199
1.71835
2.76325
0.17244
0.436112
0.738153
1.03059
1.32809
1.62261
1.90909
2.15158
2.23688
1.87199
1.12758
0.412326
-0.223054
-0.752181
-1.17008
-1.47963
-1.69541
-1.83702
-1.92508
-1.97278
-1.98514
-1.95063
-1.8637
-1.73874
-1.59732
-1.44581
-1.28927
-1.11452
-0.798304
-0.0341663
1.57522
3.94893
5.56243
5.56421
5.06735
4.33039
3.29276
2.24877
1.44635
0.750897
0.0751899
-0.556862
-1.10662
-1.55461
-1.9039
-2.16667
-2.35405
-2.48461
-2.53685
-2.42284
-2.066
-1.60099
-1.05389
-0.342865
0.676569
1.69035
2.66626
3.53392
4.27137
4.54365
4.52524
4.29663
3.41316
2.18435
1.56954
1.46262
1.69239
1.99602
2.23228
2.32101
2.26501
1.98441
1.55794
0.951321
0.418936
0.528238
0.941715
1.67046
2.65395
0.164145
0.424698
0.725262
1.01804
1.31575
1.60898
1.89285
2.13152
2.20371
1.84947
1.1366
0.44237
-0.185645
-0.716456
-1.14092
-1.46023
-1.68612
-1.83625
-1.93005
-1.97946
-1.98863
-1.94902
-1.85672
-1.72521
-1.57784
-1.42033
-1.25609
-1.06037
-0.669071
0.236612
1.98531
4.34278
5.7875
5.71381
5.19535
4.3926
3.2899
2.27198
1.48462
0.767998
0.0712363
-0.569021
-1.12045
-1.56965
-1.92037
-2.18216
-2.36295
-2.48355
-2.53968
-2.43156
-2.05833
-1.59647
-1.06438
-0.360055
0.670621
1.69593
2.70406
3.59914
4.39826
4.74701
4.75977
4.56249
3.59208
2.30914
1.71637
1.6418
1.97337
2.32183
2.56804
2.62615
2.5264
2.17052
1.67701
0.931539
0.29203
0.316853
0.716943
1.60055
2.4787
0.159131
0.416066
0.713772
1.00544
1.30153
1.59212
1.87383
2.1099
2.16653
1.82227
1.144
0.470757
-0.15034
-0.682268
-1.11213
-1.43955
-1.67473
-1.83347
-1.9332
-1.98395
-1.98894
-1.94262
-1.84443
-1.70544
-1.55045
-1.38703
-1.21133
-0.985759
-0.506298
0.541705
2.41048
4.72826
5.99831
5.84958
5.31975
4.42093
3.28154
2.30496
1.5229
0.783071
0.0705121
-0.574559
-1.12826
-1.58021
-1.93255
-2.19238
-2.36616
-2.47705
-2.53988
-2.43947
-2.05318
-1.59259
-1.06849
-0.363212
0.676141
1.70864
2.74465
3.6668
4.5304
4.95439
4.99888
4.82192
3.74259
2.41393
1.85288
1.84532
2.27626
2.6671
2.92628
2.95223
2.80492
2.37105
1.79245
0.910631
0.158865
0.0817825
0.479241
1.50619
2.21502
0.156054
0.408355
0.70239
0.991883
1.28546
1.57307
1.8517
2.08113
2.12409
1.78773
1.14954
0.495358
-0.118181
-0.64873
-1.08184
-1.416
-1.65988
-1.82692
-1.93229
-1.98405
-1.98434
-1.93015
-1.82556
-1.67869
-1.51429
-1.34409
-1.15312
-0.887016
-0.308252
0.877419
2.8424
5.09706
6.19087
5.97068
5.41881
4.41686
3.2778
2.34243
1.55643
0.79524
0.0726468
-0.575492
-1.13307
-1.58875
-1.94168
-2.19912
-2.36809
-2.46851
-2.53611
-2.44159
-2.04872
-1.58835
-1.06693
-0.356189
0.690017
1.72932
2.78796
3.73917
4.66918
5.16662
5.24472
5.07413
3.87929
2.52009
1.99762
2.09443
2.60962
3.04759
3.31924
3.30906
3.10666
2.59428
1.91743
0.900043
0.00778162
-0.187759
0.241971
1.4139
1.63464
0.153753
0.401467
0.691705
0.979019
1.27017
1.55461
1.82773
2.04539
2.07893
1.75151
1.15169
0.515682
-0.0875612
-0.614295
-1.04927
-1.38906
-1.64066
-1.81532
-1.9257
-1.97791
-1.97325
-1.91066
-1.79849
-1.64342
-1.46928
-1.29
-1.08092
-0.761531
-0.0774395
1.23648
3.27281
5.44472
6.36879
6.08707
5.46675
4.39105
3.28455
2.38176
1.58523
0.80791
0.0796296
-0.572347
-1.13557
-1.59448
-1.94655
-2.20105
-2.36758
-2.46061
-2.52681
-2.4338
-2.04344
-1.58343
-1.05912
-0.339979
0.711118
1.75945
2.83143
3.8145
4.81336
5.38177
5.49461
5.29768
3.98219
2.61564
2.14975
2.38051
2.96177
3.44827
3.73401
3.6884
3.42526
2.834
2.04308
0.896813
-0.168728
-0.501334
0.00849274
1.33753
1.14551
0.151201
0.395355
0.682307
0.967893
1.25628
1.53627
1.80197
2.00786
2.03287
1.71617
1.14959
0.533359
-0.0573835
-0.578667
-1.01394
-1.35796
-1.6159
-1.79709
-1.91165
-1.96382
-1.95439
-1.88368
-1.76284
-1.59942
-1.41676
-1.22625
-0.994592
-0.609184
0.181636
1.60993
3.69044
5.76077
6.53296
6.19765
5.46299
4.36016
3.30193
2.41839
1.60859
0.821125
0.0886068
-0.568661
-1.13729
-1.59831
-1.94962
-2.20128
-2.36402
-2.45407
-2.51375
-2.41914
-2.03744
-1.57877
-1.04757
-0.319346
0.735729
1.79534
2.87244
3.89377
4.96221
5.59884
5.75525
5.47933
4.04768
2.71449
2.33448
2.70917
3.34342
3.87745
4.17595
4.09671
3.76839
3.09488
2.17851
0.896236
-0.380075
-0.875086
-0.246486
1.40828
0.823586
0.148599
0.390903
0.675307
0.959109
1.24358
1.51783
1.77559
1.97144
1.98763
1.68322
1.14562
0.549917
-0.0274046
-0.542041
-0.976048
-1.3229
-1.58571
-1.77204
-1.8898
-1.94144
-1.92752
-1.84943
-1.71997
-1.54853
-1.35788
-1.15388
-0.89186
-0.432363
0.461969
1.98818
4.08634
6.0419
6.68824
6.28745
5.43157
4.34067
3.3287
2.45234
1.63037
0.836303
0.0982705
-0.564984
-1.13759
-1.59952
-1.95081
-2.19963
-2.35788
-2.44727
-2.49927
-2.40234
-2.03119
-1.57291
-1.03141
-0.294032
0.763446
1.83106
2.90812
3.97707
5.11408
5.81205
6.02762
5.61226
4.07573
2.82351
2.54906
3.04923
3.72043
4.31121
4.62835
4.51954
4.12968
3.37324
2.32322
0.882048
-0.613778
-1.29522
-0.479573
1.46081
-0.0940141
0.146294
0.388158
0.67036
0.951606
1.23119
1.49925
1.74944
1.93566
1.94304
1.65201
1.14029
0.565385
0.00241399
-0.504293
-0.935467
-1.28356
-1.54971
-1.73972
-1.85979
-1.9108
-1.89318
-1.80912
-1.67268
-1.49454
-1.29559
-1.07502
-0.773286
-0.237175
0.754083
2.35861
4.44657
6.27667
6.82359
6.33819
5.39356
4.33273
3.35547
2.48128
1.65007
0.850151
0.105632
-0.562379
-1.13704
-1.59924
-1.95031
-2.19588
-2.34898
-2.43862
-2.48492
-2.38667
-2.02568
-1.56491
-1.01241
-0.266699
0.792035
1.86065
2.93606
4.06345
5.26631
6.01582
6.29584
5.70636
4.10957
2.96121
2.79808
3.39301
4.08947
4.75336
5.10198
4.96555
4.51906
3.67905
2.48618
0.855501
-0.873839
-1.731
-0.552704
1.24207
-1.27159
0.144729
0.387141
0.667013
0.944916
1.21945
1.48182
1.72522
1.90155
1.90109
1.62256
1.13463
0.580485
0.0321913
-0.465717
-0.892825
-1.24075
-1.50892
-1.70144
-1.82317
-1.87377
-1.85363
-1.76551
-1.62417
-1.44025
-1.23174
-0.990361
-0.641783
-0.0299113
1.04881
2.71047
4.7619
6.46007
6.923
6.3549
5.36977
4.33445
3.38061
2.50618
1.66796
0.862146
0.11193
-0.559108
-1.13525
-1.59786
-1.94742
-2.18912
-2.33717
-2.42809
-2.47122
-2.37292
-2.0204
-1.55391
-0.989617
-0.23546
0.822528
1.88495
2.95941
4.15181
5.41737
6.21361
6.5412
5.76356
4.15244
3.1123
3.06346
3.71004
4.4265
5.18067
5.58128
5.42539
4.92644
4.008
2.66661
0.828555
-1.16911
-2.09966
-0.563196
0.701867
-1.18054
0.143685
0.387139
0.664292
0.938475
1.20831
1.466
1.70315
1.86914
1.86168
1.59411
1.12902
0.595309
0.0621348
-0.426069
-0.847972
-1.19436
-1.46338
-1.65758
-1.78077
-1.83184
-1.81117
-1.72171
-1.57801
-1.38911
-1.16958
-0.903412
-0.504508
0.179659
1.33318
3.02812
5.01764
6.5865
6.98866
6.36103
5.35433
4.34189
3.40184
2.52507
1.68159
0.870768
0.116819
-0.556172
-1.13339
-1.59621
-1.94314
-2.18093
-2.32444
-2.41629
-2.45686
-2.35844
-2.01272
-1.53883
-0.962558
-0.200043
0.854493
1.90479
2.9791
4.23583
5.55983
6.40113
6.74736
5.79054
4.21421
3.29344
3.3597
4.0148
4.76335
5.60779
6.07214
5.90806
5.35477
4.36344
2.87108
0.809901
-1.4583
-2.25318
-0.74766
0.111245
0.410755
0.143123
0.38787
0.661975
0.932645
1.19872
1.45293
1.68412
1.83956
1.82538
1.56755
1.12396
0.610116
0.092113
-0.385837
-0.80183
-1.14579
-1.4148
-1.61029
-1.73517
-1.78791
-1.76885
-1.6808
-1.53698
-1.34359
-1.11123
-0.816995
-0.367158
0.383443
1.5967
3.30057
5.20738
6.66326
7.03265
6.37466
5.34268
4.35073
3.41787
2.53885
1.69237
0.877966
0.120988
-0.553753
-1.1313
-1.59326
-1.93657
-2.17051
-2.31035
-2.40122
-2.4384
-2.33959
-1.9997
-1.51788
-0.928565
-0.1564
0.892123
1.92412
2.99737
4.31206
5.68954
6.57851
6.91364
5.78299
4.28247
3.48778
3.66103
4.30528
5.11332
6.03565
6.56367
6.40043
5.79142
4.73707
3.09137
0.791984
-1.61742
-2.17918
-1.21719
-0.420886
3.26935
0.142785
0.388839
0.659936
0.927732
1.19111
1.44258
1.66763
1.81246
1.79176
1.54294
1.11948
0.624868
0.122088
-0.345101
-0.75452
-1.09522
-1.36356
-1.56018
-1.68741
-1.74346
-1.72873
-1.64536
-1.50418
-1.30748
-1.06133
-0.737443
-0.239279
0.56886
1.82413
3.51171
5.32235
6.69922
7.06825
6.39811
5.32791
4.35298
3.42563
2.54769
1.70027
0.882583
0.122651
-0.552939
-1.12961
-1.58936
-1.92808
-2.15719
-2.29302
-2.38022
-2.41243
-2.31225
-1.97758
-1.4882
-0.885332
-0.101673
0.937877
1.94425
3.01259
4.3742
5.80067
6.74611
7.03305
5.77189
4.38059
3.71872
3.97328
4.60242
5.49584
6.48461
7.0662
6.8985
6.23404
5.12764
3.32231
0.769058
-1.54441
-2.10304
-1.67787
-0.958564
8.43396
0.142702
0.390158
0.658736
0.924427
1.18592
1.43477
1.65322
1.78735
1.76066
1.52053
1.11564
0.639488
0.15162
-0.304758
-0.707274
-1.04428
-1.31157
-1.50941
-1.63981
-1.70095
-1.69328
-1.61792
-1.48219
-1.28381
-1.0236
-0.669861
-0.128336
0.726064
2.00392
3.65341
5.37268
6.71037
7.09867
6.41155
5.31274
4.34985
3.4301
2.55464
1.70514
0.883931
0.122213
-0.553226
-1.12792
-1.5838
-1.91701
-2.13993
-2.27042
-2.3518
-2.37755
-2.27542
-1.94577
-1.44898
-0.830672
-0.0319802
0.993765
1.96644
3.02339
4.42074
5.89571
6.90626
7.13547
5.79867
4.51537
3.99025
4.28878
4.89661
5.87872
6.94313
7.56537
7.38201
6.66861
5.51758
3.54666
0.791403
-1.24887
-2.15866
-2.06113
-1.21725
16.7904
0.142657
0.39163
0.658492
0.922662
1.18256
1.4284
1.63961
1.76321
1.73119
1.49965
1.11233
0.653879
0.180693
-0.264792
-0.66006
-0.992933
-1.25891
-1.45817
-1.59279
-1.66116
-1.6638
-1.60054
-1.4741
-1.27719
-1.00471
-0.623425
-0.0464873
0.840569
2.12284
3.72693
5.38445
6.7033
7.1097
6.40108
5.30079
4.34663
3.43239
2.55618
1.70383
0.880527
0.118334
-0.556001
-1.12719
-1.57729
-1.90335
-2.11797
-2.24084
-2.31396
-2.33195
-2.22741
-1.90283
-1.39854
-0.761875
0.0550065
1.05929
1.98671
3.02165
4.44829
5.97496
7.04448
7.23065
5.87373
4.68138
4.29635
4.6011
5.18875
6.23613
7.39831
8.05707
7.85124
7.08937
5.89569
3.76394
0.97559
-0.931337
-2.15683
-2.41493
-0.855643
23.6515
0.142678
0.393094
0.65923
0.92217
1.18039
1.42255
1.62609
1.73965
1.70326
1.48026
1.10944
0.667862
0.208833
-0.225978
-0.613981
-0.942691
-1.20734
-1.4084
-1.54823
-1.62576
-1.64173
-1.59453
-1.48155
-1.2904
-1.00923
-0.604584
-0.000862343
0.906585
2.18448
3.75652
5.3833
6.68402
7.08946
6.37993
5.29659
4.34413
3.42924
2.55031
1.69629
0.872342
0.110494
-0.561509
-1.1277
-1.56996
-1.88672
-2.09077
-2.20362
-2.26633
-2.27603
-2.16987
-1.85143
-1.33908
-0.678991
0.159979
1.13325
1.99816
3.00097
4.45365
6.03572
7.16211
7.32347
5.97603
4.85467
4.62529
4.91078
5.48453
6.54764
7.81746
8.51609
8.29393
7.47871
6.23701
3.98053
1.3668
-0.796778
-1.84589
-2.54177
-0.141982
23.9955
0.142937
0.394096
0.660514
0.922265
1.17845
1.4163
1.61203
1.71649
1.67684
1.46222
1.10709
0.681626
0.236301
-0.188049
-0.568787
-0.893298
-1.15668
-1.35983
-1.50565
-1.59386
-1.62572
-1.59822
-1.50352
-1.32388
-1.04015
-0.6181
0.00521273
0.926821
2.20434
3.76499
5.3773
6.65643
7.04254
6.35477
5.29275
4.33408
3.41614
2.53512
1.68033
0.856766
0.0963262
-0.571913
-1.13096
-1.56278
-1.86702
-2.0573
-2.15673
-2.20649
-2.20757
-2.10124
-1.79041
-1.26862
-0.57849
0.285541
1.21422
1.99636
2.96208
4.43575
6.07444
7.25828
7.42483
6.10456
5.02045
4.92664
5.17805
5.74591
6.81948
8.20812
8.94062
8.70909
7.82848
6.53619
4.25447
1.85071
-0.679428
-1.33296
-2.3529
0.571161
19.9726
0.143611
0.394606
0.661979
0.922448
1.17622
1.40938
1.59758
1.69406
1.65233
1.44594
1.1054
0.69521
0.262922
-0.151482
-0.52532
-0.845991
-1.1084
-1.31391
-1.46595
-1.5652
-1.61359
-1.60706
-1.53373
-1.37005
-1.08981
-0.655711
-0.0152354
0.920941
2.20602
3.76572
5.36766
6.62256
6.97584
6.32445
5.28206
4.31629
3.39566
2.51204
1.65597
0.833291
0.0751621
-0.587783
-1.13725
-1.55567
-1.84375
-2.01656
-2.09884
-2.13395
-2.1267
-2.02372
-1.72334
-1.18953
-0.459489
0.432522
1.29937
1.9783
2.90713
4.39516
6.08776
7.33975
7.54079
6.21905
5.2106
5.14064
5.32299
5.92156
7.05476
8.568
9.3336
9.08983
8.1308
6.79549
4.63
2.20599
-0.268281
-0.806884
-2.09782
1.0402
17.5326
0.144365
0.394433
0.662979
0.922061
1.17315
1.40151
1.58277
1.67261
1.62989
1.4315
1.10463
0.708734
0.288824
-0.116105
-0.483467
-0.800622
-1.06236
-1.27032
-1.42829
-1.53783
-1.60142
-1.61425
-1.56194
-1.41547
-1.14265
-0.701429
-0.0444032
0.907117
2.20207
3.76209
5.35512
6.5836
6.89285
6.27859
5.26163
4.29145
3.367
2.47941
1.62137
0.799697
0.0451363
-0.610308
-1.14696
-1.54808
-1.815
-1.96506
-2.02577
-2.04406
-2.02891
-1.93456
-1.64966
-1.10116
-0.31984
0.601973
1.38807
1.95097
2.85045
4.33956
6.09588
7.40827
7.65101
6.33238
5.4948
5.31087
5.3642
5.9998
7.25167
8.87844
9.68336
9.42324
8.38742
7.03104
5.02595
2.44785
0.649539
-0.164699
-2.08498
0.642768
16.1073
0.144773
0.39364
0.663247
0.920893
1.16922
1.39294
1.56805
1.65255
1.60978
1.41904
1.1046
0.721912
0.313469
-0.0827522
-0.44437
-0.758638
-1.02013
-1.23057
-1.39379
-1.51187
-1.58749
-1.6152
-1.57931
-1.44714
-1.18188
-0.737657
-0.0665783
0.897567
2.19923
3.75667
5.33873
6.53466
6.80138
6.21863
5.23347
4.26149
3.33161
2.43811
1.577
0.756418
0.0067199
-0.638776
-1.15929
-1.53825
-1.77853
-1.90044
-1.93563
-1.93561
-1.9144
-1.83616
-1.57501
-1.01058
-0.165928
0.788161
1.48217
1.93484
2.81389
4.29173
6.10992
7.46
7.7224
6.51673
5.80119
5.41571
5.34548
6.0139
7.40402
9.11743
9.95786
9.69054
8.58983
7.21491
5.30791
2.87922
2.02137
0.744017
-2.27215
-0.846498
12.8407
0.1445
0.392111
0.662439
0.918655
1.16427
1.38372
1.55352
1.63392
1.59173
1.40813
1.10505
0.734397
0.336569
-0.0516117
-0.408068
-0.719858
-0.98134
-1.19415
-1.36188
-1.48674
-1.5712
-1.60912
-1.58407
-1.46199
-1.20283
-0.758413
-0.0783155
0.894346
2.19733
3.74745
5.31322
6.46926
6.70371
6.14727
5.19545
4.22459
3.28857
2.38756
1.52236
0.702851
-0.0404986
-0.673253
-1.17357
-1.52498
-1.73303
-1.82202
-1.82869
-1.80973
-1.78516
-1.72918
-1.49827
-0.91735
0.00171834
0.990578
1.59262
1.94889
2.81296
4.27286
6.11371
7.47649
7.72317
6.70522
6.01306
5.46781
5.32245
6.02157
7.51634
9.29134
10.1573
9.86738
8.71956
7.32038
5.50431
3.87091
3.88256
1.88307
-2.52449
-2.4898
8.9388
0.143347
0.389934
0.660561
0.915434
1.15853
1.37419
1.53954
1.61675
1.57556
1.39852
1.10557
0.745832
0.357696
-0.02313
-0.374912
-0.684571
-0.946103
-1.16103
-1.33252
-1.46271
-1.55346
-1.59792
-1.5792
-1.46315
-1.20827
-0.765136
-0.0816935
0.893701
2.19136
3.7292
5.27394
6.38951
6.60437
6.0696
5.14904
4.18193
3.24055
2.33128
1.46106
0.642081
-0.0943532
-0.712299
-1.1888
-1.50876
-1.68174
-1.73631
-1.71454
-1.67832
-1.65401
-1.62282
-1.422
-0.822498
0.175094
1.19355
1.70985
1.98884
2.84173
4.28185
6.10039
7.46408
7.68812
6.83094
6.12483
5.54777
5.36233
6.07273
7.62505
9.43464
10.3171
9.9624
8.77667
7.37606
5.93117
5.6244
6.4933
3.17953
-2.73445
-3.66899
5.32186
0.141082
0.386946
0.657375
0.911035
1.15191
1.36437
1.52605
1.60093
1.56098
1.38991
1.10617
0.756361
0.377246
0.00339297
-0.343784
-0.651138
-0.91242
-1.12894
-1.30349
-1.43802
-1.53364
-1.58281
-1.5683
-1.45633
-1.2054
-0.765466
-0.0842513
0.887208
2.17355
3.69541
5.21683
6.29606
6.50134
5.98593
5.0929
4.13114
3.18639
2.27054
1.39569
0.577081
-0.152079
-0.754221
-1.20493
-1.49141
-1.62874
-1.6502
-1.60229
-1.55101
-1.52999
-1.52219
-1.34545
-0.725404
0.342418
1.37813
1.82361
2.04968
2.88423
4.30025
6.07285
7.4205
7.62316
6.86806
6.16934
5.6464
5.47496
6.17954
7.76231
9.58688
10.4665
10.0241
8.83361
7.60143
6.94259
8.38813
9.99929
4.60047
-3.00244
-5.06257
1.74631
0.13751
0.383193
0.653057
0.905723
1.1448
1.35469
1.51355
1.58678
1.54833
1.38275
1.10734
0.766706
0.396047
0.0288538
-0.313758
-0.61864
-0.87933
-1.09702
-1.27416
-1.41245
-1.51225
-1.5654
-1.55438
-1.446
-1.19942
-0.764916
-0.0904687
0.870899
2.14166
3.64514
5.14242
6.19172
6.39442
5.89867
5.03
4.0739
3.12699
2.20709
1.33003
0.513478
-0.2072
-0.792827
-1.21804
-1.47214
-1.57543
-1.56636
-1.49519
-1.43075
-1.41332
-1.42423
-1.26145
-0.619179
0.498638
1.52938
1.91925
2.12639
2.9508
4.33766
6.02939
7.33142
7.52077
6.83369
6.15219
5.71882
5.6083
6.31641
7.92922
9.75612
10.6025
10.1209
9.00082
8.22854
8.93698
12.5518
14.3389
6.17055
-3.51931
-7.12591
-1.9364
0.132648
0.378777
0.648057
0.900073
1.1379
1.34598
1.50279
1.57509
1.53833
1.37791
1.11022
0.778073
0.415462
0.0547579
-0.283282
-0.585528
-0.845479
-1.0642
-1.24389
-1.38605
-1.49026
-1.54785
-1.54091
-1.43687
-1.19568
-0.768268
-0.103261
0.845007
2.09846
3.58219
5.05472
6.0789
6.2848
5.8103
4.96487
4.0157
3.06757
2.14543
1.26886
0.457791
-0.251089
-0.818087
-1.21725
-1.44037
-1.51197
-1.475
-1.38287
-1.30657
-1.29174
-1.31547
-1.15731
-0.497042
0.63819
1.63435
1.99213
2.2382
3.08774
4.43605
6.01559
7.21596
7.35258
6.69681
6.07811
5.72089
5.69492
6.43427
8.08775
9.91882
10.7378
10.2992
9.43272
9.59416
12.4014
18.21
19.258
7.83989
-4.20132
-9.22721
-5.50664
0.127182
0.374481
0.64372
0.895556
1.13267
1.33946
1.49476
1.56647
1.53146
1.37583
1.11525
0.791009
0.435876
0.081198
-0.252673
-0.552721
-0.812386
-1.0327
-1.2156
-1.3624
-1.47193
-1.53491
-1.53296
-1.43386
-1.19804
-0.777358
-0.121229
0.814709
2.05228
3.51615
4.96183
5.96226
6.17454
5.72577
4.90718
3.96976
3.02452
2.10312
1.22996
0.427604
-0.266586
-0.812755
-1.18588
-1.38074
-1.42528
-1.36517
-1.25638
-1.17228
-1.1614
-1.19394
-1.03496
-0.368478
0.741712
1.67081
2.02295
2.36098
3.25981
4.56467
5.99074
7.05152
7.11015
6.49645
5.9758
5.68476
5.72587
6.49239
8.16126
9.97975
10.8202
10.594
10.4013
12.1492
17.5636
25.0508
24.44
9.5879
-4.84282
-10.9167
-8.66167
0.122235
0.370331
0.640294
0.892264
1.12877
1.33429
1.4879
1.5589
1.52536
1.37421
1.1205
0.803756
0.455668
0.106593
-0.22353
-0.521824
-0.781815
-1.0044
-1.19135
-1.34365
-1.45932
-1.52834
-1.5316
-1.43683
-1.20467
-0.787839
-0.136965
0.790937
2.01523
3.45658
4.86721
5.83724
6.05598
5.63876
4.85414
3.93697
3.00178
2.08689
1.22156
0.431432
-0.245483
-0.770015
-1.11935
-1.29146
-1.31609
-1.23959
-1.11982
-1.03281
-1.02773
-1.06409
-0.89791
-0.239959
0.798261
1.62817
1.99744
2.45979
3.41417
4.67283
5.94024
6.8383
6.81165
6.2725
5.88737
5.65407
5.72868
6.50675
8.15536
9.97158
10.9783
11.2508
12.1731
16.0118
24.0739
32.4998
29.5598
11.3938
-5.32287
-12.1006
-11.1249
0.11954
0.365817
0.636299
0.888024
1.12326
1.32653
1.47746
1.54685
1.51442
1.36779
1.12111
0.8122
0.471321
0.127924
-0.1984
-0.49492
-0.7551
-0.979753
-1.1703
-1.32739
-1.44811
-1.52165
-1.52803
-1.4348
-1.20279
-0.786003
-0.136681
0.785377
1.99444
3.40398
4.76484
5.69384
5.91716
5.53787
4.79615
3.90847
2.9913
2.08897
1.23589
0.460643
-0.198586
-0.703881
-1.03504
-1.19214
-1.205
-1.11887
-0.993036
-0.905967
-0.904527
-0.934278
-0.748873
-0.107017
0.827056
1.5393
1.93269
2.51269
3.5069
4.72666
5.88528
6.65375
6.58607
6.11861
5.84494
5.67965
5.79555
6.60267
8.24495
10.1202
11.425
12.3959
14.6942
20.8192
31.2725
39.9416
34.373
13.2699
-5.51834
-12.8107
-12.6355
0.120677
0.361463
0.631139
0.881408
1.11418
1.31377
1.46057
1.52724
1.49515
1.35284
1.11355
0.812857
0.479693
0.142521
-0.179351
-0.473228
-0.732495
-0.957674
-1.14983
-1.30911
-1.43172
-1.50613
-1.51171
-1.41611
-1.18073
-0.761193
-0.112123
0.802841
1.99067
3.35685
4.65503
5.53508
5.76144
5.42244
4.72862
3.87659
2.98257
2.09679
1.25834
0.498537
-0.144761
-0.635641
-0.956106
-1.10722
-1.1168
-1.02746
-0.899221
-0.811668
-0.805671
-0.810354
-0.587414
0.0415724
0.867688
1.47337
1.89511
2.5642
3.57058
4.74595
5.832
6.52021
6.46629
6.08601
5.89089
5.78732
5.95503
6.80596
8.46692
10.4463
12.1157
13.8629
17.6044
25.9534
38.414
46.8353
38.7194
15.2122
-5.28186
-13.0676
-13.1813
0.125302
0.358976
0.626739
0.874493
1.10382
1.29858
1.44015
1.50295
1.47021
1.33129
1.09853
0.805446
0.479467
0.148192
-0.169312
-0.460289
-0.717843
-0.942173
-1.13381
-1.29243
-1.41337
-1.48459
-1.48511
-1.38317
-1.14119
-0.716879
-0.0675221
0.838828
2.00175
3.31925
4.5507
5.38073
5.60749
5.30656
4.66017
3.845
2.97557
2.1068
1.28244
0.536189
-0.0947486
-0.576638
-0.893749
-1.04722
-1.06199
-0.977304
-0.853318
-0.769021
-0.755126
-0.723395
-0.45068
0.172793
0.907334
1.43823
1.8995
2.63465
3.63677
4.75963
5.77577
6.40831
6.39681
6.11272
5.98559
5.93623
6.15376
7.04824
8.74233
10.848
12.8983
15.4006
20.4872
30.8191
44.8864
52.8246
42.5302
17.1823
-4.56418
-12.9344
-12.7935
0.131702
0.358383
0.624064
0.869008
1.09472
1.28456
1.42072
1.4794
1.44529
1.30868
1.08117
0.794225
0.474113
0.147604
-0.166393
-0.455008
-0.711077
-0.934338
-1.1248
-1.2816
-1.3993
-1.46548
-1.45901
-1.34895
-1.09902
-0.668997
-0.0188067
0.879504
2.01836
3.28952
4.45953
5.24435
5.47071
5.20297
4.59922
3.8185
2.9723
2.11949
1.30763
0.572684
-0.0486081
-0.524664
-0.841651
-1.00081
-1.02427
-0.948631
-0.834429
-0.758784
-0.740344
-0.673918
-0.355096
0.262154
0.922883
1.40959
1.91788
2.70407
3.70012
4.77609
5.72953
6.31807
6.35139
6.15663
6.08692
6.08558
6.35036
7.28288
9.0122
11.2431
13.6407
16.7911
22.9987
34.9619
50.2826
57.7236
45.7949
19.1457
-3.58122
-12.4114
-11.5781
0.138364
0.358996
0.623226
0.865872
1.0886
1.27434
1.40608
1.46134
1.4261
1.29122
1.06773
0.785637
0.470111
0.147336
-0.163966
-0.450825
-0.705795
-0.928246
-1.11763
-1.27264
-1.38713
-1.44845
-1.43536
-1.31773
-1.06044
-0.625173
0.0261142
0.917942
2.03698
3.27003
4.39024
5.13941
5.3652
5.12405
4.55487
3.80243
2.97549
2.13538
1.333
0.606183
-0.00848988
-0.480915
-0.798781
-0.9632
-0.994243
-0.926899
-0.822692
-0.757178
-0.737473
-0.644405
-0.291393
0.315692
0.918509
1.38181
1.93487
2.75744
3.74839
4.79088
5.69575
6.25426
6.32728
6.20533
6.18558
6.22468
6.52791
7.49107
9.25118
11.5888
14.2665
17.9109
24.9493
38.1481
54.439
61.5065
48.546
21.0384
-2.54731
-11.6668
-9.70166
0.14339
0.358637
0.622228
0.863271
1.08399
1.26697
1.39567
1.44869
1.4127
1.27918
1.05887
0.780413
0.46839
0.148471
-0.160722
-0.446146
-0.700214
-0.921926
-1.11037
-1.26386
-1.37585
-1.43343
-1.41539
-1.29221
-1.02963
-0.590638
0.0612141
0.948077
2.05223
3.25723
4.34186
5.06581
5.29136
5.06855
4.52319
3.79025
2.97586
2.14339
1.34572
0.622205
0.00959107
-0.462964
-0.78383
-0.953921
-0.991601
-0.931008
-0.834947
-0.777727
-0.758023
-0.646601
-0.271752
0.324371
0.88757
1.34286
1.93189
2.7778
3.76719
4.79183
5.66955
6.21344
6.32149
6.25651
6.27167
6.34024
6.67585
7.66322
9.44688
11.866
14.7444
18.7146
26.2791
40.3223
57.3619
64.2167
50.7772
22.7051
-1.52659
-10.7807
-7.21575
0.146457
0.357057
0.620682
0.860706
1.0803
1.26174
1.3887
1.4405
1.40406
1.27138
1.05324
0.777125
0.467408
0.149417
-0.158272
-0.442548
-0.695803
-0.916734
-1.10424
-1.25645
-1.36662
-1.42171
-1.40056
-1.27402
-1.00833
-0.567211
0.0847915
0.968472
2.06335
3.25117
4.31449
5.02335
5.2487
5.03618
4.50419
3.78211
2.9742
2.14516
1.34883
0.625465
0.0120566
-0.462848
-0.787796
-0.963461
-1.00687
-0.951592
-0.861376
-0.809603
-0.789996
-0.66724
-0.279463
0.310102
0.853291
1.31162
1.92709
2.78861
3.78393
4.8082
5.67885
6.22068
6.35665
6.33275
6.3707
6.45902
6.81956
7.82376
9.62021
12.0873
15.0796
19.214
27.0367
41.5953
59.2046
65.954
52.4265
24.0517
-0.634724
-9.84834
-4.48698
0.147903
0.355455
0.619303
0.858771
1.07789
1.25867
1.38481
1.43605
1.39924
1.26685
1.04979
0.77473
0.466105
0.149035
-0.157883
-0.44149
-0.69423
-0.914594
-1.10145
-1.25284
-1.36201
-1.41583
-1.39316
-1.26504
-0.997899
-0.555705
0.0965011
0.979012
2.06991
3.25025
4.30435
5.00636
5.23154
5.02294
4.49615
3.77842
2.97289
2.14516
1.34915
0.625539
0.0114663
-0.464933
-0.79216
-0.970869
-1.01728
-0.964636
-0.877094
-0.827448
-0.807511
-0.678937
-0.284226
0.304656
0.843028
1.3077
1.93859
2.81185
3.81869
4.85225
5.72808
6.27396
6.42758
6.42764
6.47678
6.5765
6.95343
7.96653
9.76559
12.2492
15.2826
19.4682
27.3799
42.194
60.1053
66.7825
53.3887
24.979
0.0099966
-9.08393
-2.40789
)
;

boundaryField
{
    inletFace
    {
        type            zeroGradient;
    }
    inlet
    {
        type            zeroGradient;
    }
    inletWalls
    {
        type            zeroGradient;
    }
    outletInlet
    {
        type            cyclicAMI;
        value           nonuniform List<scalar> 
15
(
-0.611472
1.5356
2.47702
4.16097
5.58739
7.45607
9.42138
10.7392
12.4817
14.0941
12.7759
13.1406
8.84017
7.73987
7.45068
)
;
    }
    fineSymmetryWall
    {
        type            symmetryPlane;
    }
    fineWalls
    {
        type            zeroGradient;
    }
    fineCyclicBoundary
    {
        type            fixedValue;
        value           uniform 0;
    }
    fineplug
    {
        type            cyclicAMI;
        value           nonuniform List<scalar> 
80
(
0.191516
0.313144
0.646288
-2.67581
-1.16354
0.862309
1.36479
1.43474
1.33201
1.64304
2.78796
3.92906
2.59029
1.34063
1.64577
2.65035
3.96344
4.01505
4.13028
4.17976
4.436
4.93653
5.40953
5.52306
5.42698
5.75016
6.69648
7.59868
7.57413
7.3369
7.12187
7.65108
9.70901
9.60053
9.24079
8.98938
9.40971
10.6182
10.4827
9.54087
9.92955
12.05
12.7923
13.4987
12.9154
12.3747
11.8597
11.3911
12.2439
14.8065
15.3926
14.2369
13.7756
14.2759
14.0111
12.931
11.3001
10.1833
14.9097
16.0602
14.3491
13.0662
11.4013
9.38893
8.99956
8.03899
7.12571
7.07317
11.6645
9.69228
8.60853
8.28823
7.84671
6.66096
5.05649
4.89178
5.79897
9.38519
8.72856
8.46367
)
;
    }
    faceFine
    {
        type            zeroGradient;
    }
}


// ************************************************************************* //
