/*--------------------------------*- C++ -*----------------------------------*\
| =========                 |                                                 |
| \\      /  F ield         | OpenFOAM: The Open Source CFD Toolbox           |
|  \\    /   O peration     | Version:  4.1                                   |
|   \\  /    A nd           | Web:      www.OpenFOAM.org                      |
|    \\/     M anipulation  |                                                 |
\*---------------------------------------------------------------------------*/
FoamFile
{
    version     2.0;
    format      ascii;
    class       volScalarField;
    location    "1";
    object      p;
}
// * * * * * * * * * * * * * * * * * * * * * * * * * * * * * * * * * * * * * //

dimensions      [0 2 -2 0 0 0 0];

internalField   nonuniform List<scalar> 
6785
(
-8.04055e+11
-8.04055e+11
-8.04055e+11
-8.04055e+11
-8.04055e+11
-8.04055e+11
-8.04055e+11
-8.04055e+11
-8.04055e+11
-8.04055e+11
-8.04055e+11
-8.04055e+11
-8.04055e+11
-8.04055e+11
-8.04055e+11
-8.04056e+11
-8.04056e+11
-8.04056e+11
-8.04056e+11
-8.04056e+11
-8.04056e+11
-8.04056e+11
-8.04056e+11
-8.04056e+11
-8.04056e+11
-8.04056e+11
-8.04056e+11
-8.04056e+11
-8.04056e+11
-8.04056e+11
-8.04059e+11
-8.04059e+11
-8.04059e+11
-8.04059e+11
-8.04059e+11
-8.04059e+11
-8.04059e+11
-8.04059e+11
-8.04059e+11
-8.0406e+11
-8.0406e+11
-8.0406e+11
-8.0406e+11
-8.0406e+11
-8.0406e+11
-8.04065e+11
-8.04065e+11
-8.04065e+11
-8.04065e+11
-8.04065e+11
-8.04065e+11
-8.04065e+11
-8.04065e+11
-8.04065e+11
-8.04066e+11
-8.04066e+11
-8.04066e+11
-8.04066e+11
-8.04066e+11
-8.04066e+11
-8.04074e+11
-8.04074e+11
-8.04074e+11
-8.04074e+11
-8.04074e+11
-8.04074e+11
-8.04074e+11
-8.04074e+11
-8.04074e+11
-8.04074e+11
-8.04074e+11
-8.04074e+11
-8.04075e+11
-8.04075e+11
-8.04075e+11
-8.04088e+11
-8.04088e+11
-8.04088e+11
-8.04088e+11
-8.04087e+11
-8.04087e+11
-8.04087e+11
-8.04087e+11
-8.04087e+11
-8.04087e+11
-8.04088e+11
-8.04088e+11
-8.04088e+11
-8.04088e+11
-8.04088e+11
-8.04119e+11
-8.04119e+11
-8.04118e+11
-8.04118e+11
-8.04117e+11
-8.04117e+11
-8.04116e+11
-8.04116e+11
-8.04116e+11
-8.04115e+11
-8.04115e+11
-8.04115e+11
-8.04115e+11
-8.04115e+11
-8.04115e+11
-8.04191e+11
-8.0419e+11
-8.04189e+11
-8.04188e+11
-8.04186e+11
-8.04185e+11
-8.04183e+11
-8.04181e+11
-8.0418e+11
-8.04178e+11
-8.04176e+11
-8.04175e+11
-8.04174e+11
-8.04173e+11
-8.04173e+11
-8.04379e+11
-8.04377e+11
-8.04375e+11
-8.04373e+11
-8.04371e+11
-8.04369e+11
-8.04367e+11
-8.04366e+11
-8.04365e+11
-8.04364e+11
-8.04363e+11
-8.04362e+11
-8.04361e+11
-8.04359e+11
-8.04359e+11
-8.04961e+11
-8.04972e+11
-8.04994e+11
-8.0502e+11
-8.05047e+11
-8.05073e+11
-8.05096e+11
-8.05115e+11
-8.05131e+11
-8.05141e+11
-8.05148e+11
-8.0515e+11
-8.05149e+11
-8.05146e+11
-8.05142e+11
-8.06787e+11
-8.06822e+11
-8.06878e+11
-8.06933e+11
-8.06973e+11
-8.06986e+11
-8.06986e+11
-8.0698e+11
-8.06973e+11
-8.06965e+11
-8.06956e+11
-8.06945e+11
-8.06939e+11
-8.06936e+11
-8.06936e+11
-8.08562e+11
-8.08578e+11
-8.08597e+11
-8.08617e+11
-8.08641e+11
-8.08671e+11
-8.0872e+11
-8.08786e+11
-8.08867e+11
-8.08951e+11
-8.09037e+11
-8.09119e+11
-8.09189e+11
-8.09239e+11
-8.09271e+11
-8.10184e+11
-8.10197e+11
-8.1023e+11
-8.10297e+11
-8.10426e+11
-8.10617e+11
-8.10847e+11
-8.11084e+11
-8.11312e+11
-8.11515e+11
-8.11691e+11
-8.11815e+11
-8.11921e+11
-8.11993e+11
-8.12037e+11
-8.09212e+11
-8.09451e+11
-8.09914e+11
-8.10595e+11
-8.11409e+11
-8.12295e+11
-8.13218e+11
-8.1414e+11
-8.15035e+11
-8.15861e+11
-8.16578e+11
-8.17188e+11
-8.17626e+11
-8.17891e+11
-8.17977e+11
-7.88028e+11
-7.89366e+11
-7.91789e+11
-7.94976e+11
-7.9878e+11
-8.03186e+11
-8.07963e+11
-8.12929e+11
-8.17879e+11
-8.22678e+11
-8.27119e+11
-8.31232e+11
-8.34836e+11
-8.37566e+11
-8.39216e+11
7.70421e+14
7.70266e+14
6.25453e+14
5.33362e+14
4.27743e+14
2.69073e+14
1.99804e+14
1.66136e+14
1.26583e+14
6.61962e+13
4.00735e+13
2.7542e+13
7.61987e+12
4.44049e+11
-2.6892e+12
-7.18286e+12
-1.47663e+13
-1.73838e+13
-1.83951e+13
-2.05448e+13
-1.99213e+13
-1.89465e+13
-1.82834e+13
-1.76969e+13
-1.64228e+13
-1.52348e+13
-1.41379e+13
-1.27262e+13
-1.17307e+13
-1.10165e+13
-1.00724e+13
-9.31929e+12
-8.79618e+12
-8.28791e+12
-7.60524e+12
-7.08117e+12
-6.73473e+12
-6.26637e+12
-5.901e+12
-5.65776e+12
-5.41976e+12
-5.09826e+12
-4.83022e+12
-4.65046e+12
-4.47421e+12
-4.23583e+12
-4.02685e+12
-3.8861e+12
-3.69406e+12
-3.5278e+12
-3.41521e+12
-3.30339e+12
-3.1506e+12
-3.01515e+12
-2.92328e+12
-2.83197e+12
-2.7072e+12
-2.59371e+12
-2.51647e+12
-2.41043e+12
-2.31616e+12
-2.25183e+12
-2.18766e+12
-2.09973e+12
-2.01906e+12
-1.9639e+12
-1.88801e+12
-1.82001e+12
-1.77347e+12
-1.72696e+12
-1.66309e+12
-1.6045e+12
-1.56437e+12
-1.52436e+12
-1.46955e+12
-1.41806e+12
-1.3828e+12
-1.33428e+12
-1.29014e+12
-1.25986e+12
-1.22245e+12
-1.19579e+12
-1.17293e+12
-1.1198e+12
-1.07294e+12
-1.05836e+12
-1.04537e+12
-1.03371e+12
-1.02323e+12
-1.01385e+12
-1.00547e+12
-9.98001e+11
-9.79708e+11
-9.5904e+11
-9.52067e+11
-9.45583e+11
-9.39562e+11
-9.33953e+11
-9.28736e+11
-9.23883e+11
-9.19375e+11
-9.07953e+11
-8.94727e+11
-8.90109e+11
-8.85676e+11
-8.81412e+11
-8.77317e+11
-8.73372e+11
-8.69585e+11
-8.65932e+11
-8.62407e+11
-8.53122e+11
-8.43276e+11
-8.39741e+11
-8.36235e+11
-8.32751e+11
-8.2928e+11
-8.25824e+11
-8.22372e+11
-8.18929e+11
-8.09488e+11
-8.01357e+11
-7.98404e+11
-7.95385e+11
-7.92305e+11
-7.89148e+11
-7.85915e+11
-7.82593e+11
-7.79171e+11
-7.6949e+11
-7.62855e+11
-7.60382e+11
-7.57757e+11
-7.5495e+11
-7.51967e+11
-7.48776e+11
-7.45375e+11
-7.41744e+11
-7.31096e+11
-7.2503e+11
-7.2263e+11
-7.19907e+11
-7.16854e+11
-7.13441e+11
-7.09652e+11
-7.05437e+11
-7.00765e+11
-6.95607e+11
-6.79999e+11
-6.68909e+11
-6.64271e+11
-6.58853e+11
-6.5263e+11
-6.45503e+11
-6.3744e+11
-6.28205e+11
-6.17374e+11
-5.83089e+11
-5.45262e+11
-5.28906e+11
-4.91519e+11
-4.73062e+11
-4.57471e+11
-4.37896e+11
-4.18792e+11
-3.99649e+11
-3.81129e+11
-3.66398e+11
-3.48646e+11
-3.31425e+11
-3.18202e+11
-3.02777e+11
-2.87772e+11
-2.73416e+11
-2.59579e+11
-2.48975e+11
-2.36647e+11
-2.24694e+11
-2.13265e+11
-2.02282e+11
-1.93853e+11
-1.83987e+11
-1.74455e+11
-1.67272e+11
-1.59051e+11
-1.51056e+11
-1.43505e+11
-1.36234e+11
-1.30725e+11
-1.24372e+11
-1.18214e+11
-1.12352e+11
-1.06727e+11
-1.0243e+11
-9.74247e+10
-9.25808e+10
-8.89412e+10
-8.47726e+10
-8.0708e+10
-7.68635e+10
-7.3158e+10
-7.0351e+10
-6.71069e+10
-6.39506e+10
-6.09385e+10
-5.80429e+10
-5.58292e+10
-5.32411e+10
-5.07253e+10
-4.88311e+10
-4.66456e+10
-4.45008e+10
-4.24622e+10
-4.04888e+10
-3.89893e+10
-3.72416e+10
-3.55269e+10
-3.3882e+10
-3.22905e+10
-3.10691e+10
-2.96236e+10
-2.82055e+10
-2.71294e+10
-2.58672e+10
-2.4612e+10
-2.34068e+10
-2.22264e+10
-2.13179e+10
-2.02305e+10
-1.91489e+10
-1.80892e+10
-1.70507e+10
-1.62291e+10
-1.52134e+10
-1.42024e+10
-1.33987e+10
-1.23841e+10
-1.1367e+10
-1.03261e+10
-8.11427e+09
590825
2.28908e+06
3.53833e+06
4.90263e+06
6.40206e+06
8.08061e+06
9.94075e+06
1.20237e+07
1.43449e+07
1.69501e+07
1.98697e+07
2.31592e+07
2.68667e+07
3.10554e+07
3.57983e+07
4.11782e+07
4.72968e+07
5.42458e+07
6.21623e+07
7.11442e+07
8.13244e+07
9.27516e+07
1.05616e+08
1.2015e+08
1.3722e+08
1.56431e+08
1.78037e+08
2.0224e+08
2.29902e+08
2.62142e+08
2.98613e+08
3.38928e+08
3.83568e+08
4.31726e+08
4.88773e+08
5.51937e+08
6.20777e+08
6.94693e+08
7.71503e+08
8.6086e+08
9.49741e+08
1.0363e+09
1.11661e+09
1.17997e+09
1.2181e+09
1.20074e+09
1.09056e+09
8.14883e+08
2.34121e+08
5.45798e+07
1.04541e+08
1.86818e+08
2.24815e+08
1.44089e+08
3.7422e+08
4.20934e+08
5.19487e+08
6.12135e+08
6.44144e+08
5.82398e+08
7.2001e+08
8.34124e+08
1.04861e+09
1.15713e+09
6.96336e+08
3.70065e+08
2.44511e+08
1.29328e+08
2.5152e+07
-7.16404e+07
-1.46153e+08
-1.96479e+08
-2.28889e+09
-3.84392e+09
-5.42926e+09
-7.12742e+09
-8.71777e+09
-9.7425e+09
-1.01879e+10
753949
2.74401e+06
4.22707e+06
5.85195e+06
7.64053e+06
9.64122e+06
1.18598e+07
1.43428e+07
1.71107e+07
2.02162e+07
2.3697e+07
2.76181e+07
3.20372e+07
3.70297e+07
4.26824e+07
4.90941e+07
5.63845e+07
6.46659e+07
7.40984e+07
8.48027e+07
9.69316e+07
1.1055e+08
1.25872e+08
1.43182e+08
1.63484e+08
1.86404e+08
2.12134e+08
2.40956e+08
2.73871e+08
3.12251e+08
3.55728e+08
4.03742e+08
4.5687e+08
5.14263e+08
5.82006e+08
6.57374e+08
7.3929e+08
8.27269e+08
9.18771e+08
1.02474e+09
1.13101e+09
1.23381e+09
1.32924e+09
1.40467e+09
1.44987e+09
1.43035e+09
1.30026e+09
9.75719e+08
3.74342e+08
1.66182e+08
3.03706e+08
5.46388e+08
6.88221e+08
4.92157e+08
1.12039e+09
1.27128e+09
1.56822e+09
1.83371e+09
1.92808e+09
1.78608e+09
2.16863e+09
2.51813e+09
3.14204e+09
3.43436e+09
2.18873e+09
1.18201e+09
7.69919e+08
4.01607e+08
7.52307e+07
-2.21988e+08
-4.47702e+08
-5.95701e+08
-2.97998e+09
-4.6622e+09
-6.55755e+09
-8.58297e+09
-1.04689e+10
-1.16962e+10
-1.22344e+10
881835
3.06465e+06
4.61722e+06
6.36777e+06
8.30314e+06
1.04691e+07
1.28724e+07
1.55615e+07
1.85596e+07
2.19225e+07
2.5692e+07
2.99374e+07
3.47219e+07
4.01264e+07
4.6245e+07
5.31846e+07
6.10744e+07
7.00361e+07
8.02422e+07
9.18239e+07
1.04944e+08
1.19676e+08
1.36248e+08
1.54973e+08
1.76935e+08
2.01724e+08
2.29546e+08
2.6072e+08
2.9632e+08
3.37832e+08
3.84836e+08
4.36763e+08
4.94218e+08
5.56299e+08
6.29576e+08
7.11083e+08
7.99672e+08
8.94846e+08
9.93844e+08
1.10858e+09
1.22362e+09
1.335e+09
1.43854e+09
1.52069e+09
1.57075e+09
1.55211e+09
1.41712e+09
1.08008e+09
4.85116e+08
2.79564e+08
5.02588e+08
8.90088e+08
1.1624e+09
9.81237e+08
1.85089e+09
2.13099e+09
2.62919e+09
3.05566e+09
3.20322e+09
3.04589e+09
3.61781e+09
4.21902e+09
5.198e+09
5.58796e+09
3.84758e+09
2.12994e+09
1.36317e+09
7.03409e+08
1.32469e+08
-3.74385e+08
-7.68735e+08
-1.06632e+09
-3.45295e+09
-5.14322e+09
-7.18677e+09
-9.38657e+09
-1.14311e+10
-1.2766e+10
-1.3383e+10
1.11609e+06
3.42551e+06
5.0334e+06
6.89971e+06
8.97682e+06
1.13045e+07
1.38896e+07
1.67821e+07
2.00076e+07
2.3625e+07
2.76799e+07
3.22459e+07
3.73915e+07
4.32031e+07
4.9782e+07
5.72429e+07
6.57244e+07
7.53575e+07
8.63269e+07
9.87734e+07
1.12871e+08
1.28699e+08
1.46504e+08
1.66627e+08
1.90226e+08
2.16854e+08
2.46735e+08
2.80229e+08
3.18483e+08
3.63081e+08
4.13545e+08
4.69329e+08
5.31055e+08
5.97777e+08
6.7654e+08
7.64085e+08
8.59274e+08
9.61579e+08
1.06807e+09
1.19162e+09
1.31542e+09
1.43554e+09
1.54756e+09
1.6371e+09
1.69327e+09
1.67774e+09
1.54334e+09
1.2063e+09
6.34828e+08
4.05802e+08
7.48029e+08
1.25694e+09
1.64579e+09
1.56546e+09
2.57449e+09
3.00578e+09
3.71022e+09
4.29675e+09
4.48823e+09
4.35262e+09
5.07238e+09
5.93796e+09
7.19071e+09
7.61231e+09
5.62587e+09
3.18799e+09
2.01418e+09
1.0335e+09
1.99481e+08
-5.26648e+08
-1.11488e+09
-1.63831e+09
-3.9951e+09
-5.67445e+09
-7.86068e+09
-1.02412e+10
-1.24423e+10
-1.38914e+10
-1.4595e+10
1.42215e+06
3.82083e+06
5.47722e+06
7.45106e+06
9.66472e+06
1.21504e+07
1.49137e+07
1.8006e+07
2.14551e+07
2.53226e+07
2.96578e+07
3.45385e+07
4.00381e+07
4.62484e+07
5.3278e+07
6.12485e+07
7.03082e+07
8.05967e+07
9.23103e+07
1.05599e+08
1.20648e+08
1.37543e+08
1.56549e+08
1.78035e+08
2.03224e+08
2.31638e+08
2.63518e+08
2.99268e+08
3.40107e+08
3.87698e+08
4.41517e+08
5.01046e+08
5.66926e+08
6.38187e+08
7.22289e+08
8.1571e+08
9.17341e+08
1.02661e+09
1.14051e+09
1.27274e+09
1.40526e+09
1.53419e+09
1.65494e+09
1.75251e+09
1.81607e+09
1.80597e+09
1.67728e+09
1.3509e+09
8.16793e+08
5.65641e+08
1.06531e+09
1.65339e+09
2.14424e+09
2.21494e+09
3.29319e+09
3.89118e+09
4.80558e+09
5.5504e+09
5.7838e+09
5.69758e+09
6.52948e+09
7.66285e+09
9.09691e+09
9.53226e+09
7.51586e+09
4.38022e+09
2.73584e+09
1.40059e+09
2.80836e+08
-6.77496e+08
-1.47371e+09
-2.23183e+09
-4.55436e+09
-6.24105e+09
-8.57406e+09
-1.11437e+10
-1.35039e+10
-1.50804e+10
-1.59076e+10
1.7681e+06
4.23802e+06
5.94123e+06
8.01587e+06
1.03612e+07
1.3001e+07
1.59395e+07
1.92286e+07
2.28985e+07
2.7013e+07
3.16254e+07
3.68171e+07
4.2667e+07
4.92717e+07
5.6747e+07
6.52216e+07
7.48532e+07
8.57897e+07
9.82392e+07
1.12361e+08
1.2835e+08
1.463e+08
1.66494e+08
1.89333e+08
2.16088e+08
2.46269e+08
2.80127e+08
3.18112e+08
3.61511e+08
4.12057e+08
4.6919e+08
5.32425e+08
6.02417e+08
6.7821e+08
7.6759e+08
8.66844e+08
9.74884e+08
1.09109e+09
1.21248e+09
1.35337e+09
1.49478e+09
1.63277e+09
1.7627e+09
1.86915e+09
1.94155e+09
1.93958e+09
1.82159e+09
1.51536e+09
1.02952e+09
7.71401e+08
1.45302e+09
2.06601e+09
2.65865e+09
2.9147e+09
4.01866e+09
4.79471e+09
5.92215e+09
6.82454e+09
7.0976e+09
7.07954e+09
7.9991e+09
9.39493e+09
1.09271e+10
1.13729e+10
9.49983e+09
5.73255e+09
3.54157e+09
1.81224e+09
3.80936e+08
-8.24363e+08
-1.84082e+09
-2.84007e+09
-5.11268e+09
-6.84486e+09
-9.33179e+09
-1.20983e+10
-1.46217e+10
-1.6338e+10
-1.72975e+10
2.14441e+06
4.67914e+06
6.42773e+06
8.59745e+06
1.10695e+07
1.38592e+07
1.69691e+07
2.04512e+07
2.43376e+07
2.86946e+07
3.3579e+07
3.90758e+07
4.5269e+07
5.22599e+07
6.01717e+07
6.91393e+07
7.933e+07
9.0899e+07
1.04067e+08
1.19e+08
1.35906e+08
1.54884e+08
1.76239e+08
2.00399e+08
2.28671e+08
2.60573e+08
2.96361e+08
3.36521e+08
3.82416e+08
4.35829e+08
4.96189e+08
5.63031e+08
6.37031e+08
7.17274e+08
8.11783e+08
9.1674e+08
1.03106e+09
1.15407e+09
1.28292e+09
1.43232e+09
1.58268e+09
1.72984e+09
1.86927e+09
1.98535e+09
2.06793e+09
2.0766e+09
1.9737e+09
1.69523e+09
1.26638e+09
1.02606e+09
1.88097e+09
2.48819e+09
3.18337e+09
3.64576e+09
4.75242e+09
5.71395e+09
7.05388e+09
8.11437e+09
8.42672e+09
8.48612e+09
9.47639e+09
1.11241e+10
1.26899e+10
1.31533e+10
1.15412e+10
7.25311e+09
4.44307e+09
2.27656e+09
5.04607e+08
-9.637e+08
-2.21076e+09
-3.45342e+09
-5.64925e+09
-7.4895e+09
-1.01373e+10
-1.31087e+10
-1.58015e+10
-1.76703e+10
-1.87933e+10
2.53377e+06
5.13456e+06
6.92991e+06
9.19059e+06
1.17852e+07
1.47214e+07
1.79995e+07
2.16718e+07
2.5772e+07
3.03685e+07
3.5522e+07
4.13207e+07
4.7854e+07
5.52275e+07
6.35718e+07
7.30278e+07
8.37727e+07
9.59687e+07
1.09848e+08
1.25585e+08
1.43401e+08
1.634e+08
1.85908e+08
2.11383e+08
2.41152e+08
2.74763e+08
3.12469e+08
3.54794e+08
4.03168e+08
4.59417e+08
5.22983e+08
5.93409e+08
6.71395e+08
7.56105e+08
8.55696e+08
9.66346e+08
1.08696e+09
1.21678e+09
1.35322e+09
1.51114e+09
1.67067e+09
1.82736e+09
1.97683e+09
2.10351e+09
2.19777e+09
2.21978e+09
2.1362e+09
1.89226e+09
1.52721e+09
1.32808e+09
2.33063e+09
2.92131e+09
3.71914e+09
4.39931e+09
5.50588e+09
6.65816e+09
8.20788e+09
9.42795e+09
9.7792e+09
9.91916e+09
1.09699e+10
1.28539e+10
1.44114e+10
1.49149e+10
1.36284e+10
8.94614e+09
5.45586e+09
2.80404e+09
6.57814e+08
-1.09241e+09
-2.57962e+09
-4.06117e+09
-6.14533e+09
-8.1883e+09
-1.09967e+10
-1.41805e+10
-1.70508e+10
-1.90869e+10
-2.03764e+10
2.93723e+06
5.60838e+06
7.45072e+06
9.79856e+06
1.25114e+07
1.55901e+07
1.90326e+07
2.2891e+07
2.72009e+07
3.20324e+07
3.745e+07
4.35448e+07
5.04117e+07
5.81601e+07
6.69282e+07
7.68623e+07
8.81495e+07
1.00958e+08
1.15534e+08
1.32056e+08
1.5076e+08
1.71756e+08
1.95393e+08
2.22154e+08
2.53376e+08
2.88654e+08
3.28239e+08
3.72677e+08
4.23471e+08
4.82476e+08
5.49175e+08
6.23101e+08
7.04984e+08
7.94094e+08
8.98634e+08
1.01487e+09
1.14168e+09
1.27821e+09
1.42224e+09
1.58855e+09
1.75736e+09
1.92375e+09
2.08366e+09
2.22172e+09
2.32901e+09
2.3667e+09
2.30609e+09
2.10188e+09
1.8059e+09
1.67094e+09
2.77151e+09
3.35696e+09
4.26207e+09
5.16404e+09
6.28006e+09
7.62517e+09
9.37725e+09
1.07591e+10
1.11513e+10
1.13699e+10
1.24743e+10
1.45758e+10
1.61052e+10
1.66812e+10
1.5753e+10
1.08159e+10
6.59436e+09
3.40548e+09
8.46882e+08
-1.20651e+09
-2.94347e+09
-4.65012e+09
-6.61422e+09
-8.96469e+09
-1.19136e+10
-1.53177e+10
-1.8376e+10
-2.0594e+10
-2.20421e+10
3.34423e+06
6.092e+06
7.98369e+06
1.04164e+07
1.32443e+07
1.64622e+07
2.00662e+07
2.4108e+07
2.8625e+07
3.36889e+07
3.93678e+07
4.5756e+07
5.29535e+07
6.10737e+07
7.02623e+07
8.0671e+07
9.24965e+07
1.05914e+08
1.2118e+08
1.38482e+08
1.58069e+08
1.80058e+08
2.0482e+08
2.32862e+08
2.65523e+08
3.02457e+08
3.43919e+08
3.90467e+08
4.43669e+08
5.05408e+08
5.75231e+08
6.52647e+08
7.38422e+08
8.31958e+08
9.4142e+08
1.06324e+09
1.19628e+09
1.33958e+09
1.49135e+09
1.66611e+09
1.84445e+09
2.02096e+09
2.1919e+09
2.34239e+09
2.46422e+09
2.52011e+09
2.48615e+09
2.32638e+09
2.10274e+09
2.04851e+09
3.18773e+09
3.79667e+09
4.81564e+09
5.93877e+09
7.08543e+09
8.62395e+09
1.05689e+10
1.21153e+10
1.25503e+10
1.28432e+10
1.39979e+10
1.62948e+10
1.7795e+10
1.84742e+10
1.79166e+10
1.28743e+10
7.88152e+09
4.09551e+09
1.07983e+09
-1.30233e+09
-3.30045e+09
-5.21789e+09
-7.11948e+09
-9.84258e+09
-1.28938e+10
-1.65266e+10
-1.97851e+10
-2.2196e+10
-2.38269e+10
3.76013e+06
6.59047e+06
8.53218e+06
1.10471e+07
1.39863e+07
1.73396e+07
2.11013e+07
2.53225e+07
3.00424e+07
3.5334e+07
4.12693e+07
4.79451e+07
5.54668e+07
6.39513e+07
7.3552e+07
8.44251e+07
9.67777e+07
1.1079e+08
1.26731e+08
1.44795e+08
1.65246e+08
1.88206e+08
2.14071e+08
2.43367e+08
2.77427e+08
3.15976e+08
3.59278e+08
4.07892e+08
4.63447e+08
5.27844e+08
6.00725e+08
6.81557e+08
7.71145e+08
8.69045e+08
9.83314e+08
1.11063e+09
1.24981e+09
1.39981e+09
1.55933e+09
1.74245e+09
1.93042e+09
2.11727e+09
2.29968e+09
2.46338e+09
2.60102e+09
2.67719e+09
2.67281e+09
2.56074e+09
2.41134e+09
2.44784e+09
3.55293e+09
4.23513e+09
5.37658e+09
6.71777e+09
7.92119e+09
9.65018e+09
1.17751e+10
1.34884e+10
1.39716e+10
1.43324e+10
1.55348e+10
1.80032e+10
1.9488e+10
2.02968e+10
2.01046e+10
1.51239e+10
9.34352e+09
4.88974e+09
1.36526e+09
-1.37518e+09
-3.64894e+09
-5.78028e+09
-7.72241e+09
-1.08146e+10
-1.39383e+10
-1.78112e+10
-2.12849e+10
-2.39039e+10
-2.57129e+10
4.17706e+06
7.09574e+06
9.08991e+06
1.16859e+07
1.47339e+07
1.82198e+07
2.21363e+07
2.65343e+07
3.14545e+07
3.69714e+07
4.31604e+07
5.01211e+07
5.79642e+07
6.68102e+07
7.68199e+07
8.81544e+07
1.0103e+08
1.15633e+08
1.32246e+08
1.51067e+08
1.72377e+08
1.96305e+08
2.23271e+08
2.53818e+08
2.89267e+08
3.29421e+08
3.74563e+08
4.25243e+08
4.83146e+08
5.50183e+08
6.26116e+08
7.10365e+08
8.03771e+08
9.06063e+08
1.02513e+09
1.15795e+09
1.30333e+09
1.46011e+09
1.62753e+09
1.81911e+09
2.01697e+09
2.21463e+09
2.40915e+09
2.5871e+09
2.74202e+09
2.84076e+09
2.86889e+09
2.80747e+09
2.73255e+09
2.85924e+09
3.85636e+09
4.68721e+09
5.95109e+09
7.50354e+09
8.79703e+09
1.07107e+10
1.30029e+10
1.4885e+10
1.54229e+10
1.58444e+10
1.70924e+10
1.9707e+10
2.12005e+10
2.21584e+10
2.23084e+10
1.75685e+10
1.10275e+10
5.81062e+09
1.7146e+09
-1.42015e+09
-3.98846e+09
-6.35167e+09
-8.43633e+09
-1.18709e+10
-1.50504e+10
-1.91787e+10
-2.28852e+10
-2.5728e+10
-2.76993e+10
4.60157e+06
7.61342e+06
9.66062e+06
1.23357e+07
1.54893e+07
1.91041e+07
2.31718e+07
2.77426e+07
3.28589e+07
3.85963e+07
4.50341e+07
5.2274e+07
6.04323e+07
6.96324e+07
8.00429e+07
9.1829e+07
1.05218e+08
1.20398e+08
1.37668e+08
1.57229e+08
1.79379e+08
2.04255e+08
2.32302e+08
2.64073e+08
3.00876e+08
3.42594e+08
3.89541e+08
4.42249e+08
5.02449e+08
5.72055e+08
6.50976e+08
7.38576e+08
8.35735e+08
9.42354e+08
1.06613e+09
1.20435e+09
1.35586e+09
1.51938e+09
1.6947e+09
1.89469e+09
2.10255e+09
2.31126e+09
2.51834e+09
2.7113e+09
2.88468e+09
3.00775e+09
3.07061e+09
3.06163e+09
3.06039e+09
3.26526e+09
4.12696e+09
5.1712e+09
6.535e+09
8.29169e+09
9.71236e+09
1.17978e+10
1.4245e+10
1.62946e+10
1.68998e+10
1.73745e+10
1.86646e+10
2.13984e+10
2.29333e+10
2.40539e+10
2.44981e+10
2.01754e+10
1.29857e+10
6.88339e+09
2.14014e+09
-1.43108e+09
-4.31714e+09
-6.93848e+09
-9.25025e+09
-1.29978e+10
-1.62288e+10
-2.06335e+10
-2.45929e+10
-2.76739e+10
-2.98378e+10
5.02676e+06
8.13586e+06
1.02383e+07
1.29919e+07
1.62492e+07
1.99905e+07
2.42068e+07
2.89479e+07
3.42577e+07
4.02132e+07
4.68972e+07
5.44137e+07
6.28845e+07
7.2436e+07
8.32444e+07
9.54791e+07
1.09377e+08
1.25132e+08
1.43054e+08
1.63352e+08
1.86339e+08
2.12161e+08
2.41286e+08
2.7428e+08
3.12431e+08
3.55704e+08
4.04453e+08
4.59194e+08
5.21689e+08
5.93852e+08
6.75755e+08
7.66714e+08
8.67636e+08
9.7861e+08
1.1071e+09
1.25075e+09
1.40844e+09
1.5788e+09
1.76217e+09
1.97072e+09
2.18884e+09
2.40906e+09
2.62938e+09
2.83836e+09
3.03159e+09
3.181e+09
3.28094e+09
3.32609e+09
3.39736e+09
3.66779e+09
4.42904e+09
5.70688e+09
7.13075e+09
9.0813e+09
1.06735e+10
1.29155e+10
1.55099e+10
1.7722e+10
1.84099e+10
1.89315e+10
2.02588e+10
2.30832e+10
2.46965e+10
2.59889e+10
2.66585e+10
2.2881e+10
1.52601e+10
8.14547e+09
2.65889e+09
-1.40079e+09
-4.6332e+09
-7.54425e+09
-1.01552e+10
-1.41864e+10
-1.74759e+10
-2.21843e+10
-2.64193e+10
-2.97538e+10
-3.21082e+10
5.45942e+06
8.66888e+06
1.08268e+07
1.36573e+07
1.70154e+07
2.08797e+07
2.52409e+07
3.01482e+07
3.56473e+07
4.18162e+07
4.87413e+07
5.65287e+07
6.53055e+07
7.52011e+07
8.6399e+07
9.90727e+07
1.13469e+08
1.29786e+08
1.48346e+08
1.69363e+08
1.93169e+08
2.19916e+08
2.501e+08
2.84289e+08
3.23758e+08
3.68545e+08
4.19059e+08
4.75795e+08
5.4054e+08
6.15193e+08
7.00013e+08
7.94269e+08
8.98896e+08
1.01415e+09
1.14728e+09
1.29626e+09
1.46008e+09
1.63724e+09
1.82866e+09
2.04574e+09
2.2742e+09
2.50619e+09
2.74018e+09
2.96587e+09
3.18001e+09
3.35722e+09
3.49589e+09
3.59593e+09
3.73893e+09
4.07305e+09
4.79342e+09
6.27312e+09
7.72785e+09
9.85788e+09
1.16608e+10
1.40535e+10
1.67922e+10
1.91556e+10
1.9948e+10
2.05119e+10
2.18693e+10
2.47543e+10
2.64826e+10
2.79587e+10
2.87848e+10
2.56077e+10
1.7845e+10
9.64208e+09
3.28983e+09
-1.32032e+09
-4.93262e+09
-8.16777e+09
-1.11402e+10
-1.54208e+10
-1.87903e+10
-2.38365e+10
-2.83726e+10
-3.19785e+10
-3.45706e+10
5.89288e+06
9.20512e+06
1.14202e+07
1.43275e+07
1.77848e+07
2.17701e+07
2.62737e+07
3.13447e+07
3.70306e+07
4.34104e+07
5.05739e+07
5.86295e+07
6.77096e+07
7.79465e+07
8.95311e+07
1.02641e+08
1.17532e+08
1.34407e+08
1.53601e+08
1.75334e+08
1.99956e+08
2.27626e+08
2.58865e+08
2.94249e+08
3.35032e+08
3.81325e+08
4.336e+08
4.92335e+08
5.5933e+08
6.36465e+08
7.24192e+08
8.21755e+08
9.30104e+08
1.04967e+09
1.18745e+09
1.34179e+09
1.51178e+09
1.69586e+09
1.89546e+09
2.12126e+09
2.36032e+09
2.60453e+09
2.85287e+09
3.09623e+09
3.33256e+09
3.53932e+09
3.71859e+09
3.87445e+09
4.08887e+09
4.48994e+09
5.21552e+09
6.87707e+09
8.33476e+09
1.06201e+10
1.26572e+10
1.52163e+10
1.81016e+10
2.06042e+10
2.15227e+10
2.21254e+10
2.35054e+10
2.64207e+10
2.82943e+10
2.99728e+10
3.09055e+10
2.83162e+10
2.07219e+10
1.14491e+10
4.06043e+09
-1.17827e+09
-5.21181e+09
-8.80757e+09
-1.21962e+10
-1.66889e+10
-2.01767e+10
-2.56016e+10
-3.04668e+10
-3.43673e+10
-3.72045e+10
6.33367e+06
9.7505e+06
1.20228e+07
1.50052e+07
1.85591e+07
2.26619e+07
2.73044e+07
3.25352e+07
3.84037e+07
4.49895e+07
5.23863e+07
6.07044e+07
7.00814e+07
8.06521e+07
9.26151e+07
1.06151e+08
1.21526e+08
1.38947e+08
1.58761e+08
1.81193e+08
2.06612e+08
2.35186e+08
2.67461e+08
3.04013e+08
3.46081e+08
3.93843e+08
4.47839e+08
5.08534e+08
5.77738e+08
6.57294e+08
7.47863e+08
8.48673e+08
9.6069e+08
1.0845e+09
1.22686e+09
1.38646e+09
1.56257e+09
1.75355e+09
1.96132e+09
2.19583e+09
2.44556e+09
2.70223e+09
2.96532e+09
3.22698e+09
3.4864e+09
3.7239e+09
3.94506e+09
4.15753e+09
4.44378e+09
4.91673e+09
5.68432e+09
7.50713e+09
8.9497e+09
1.13663e+10
1.36402e+10
1.63922e+10
1.94309e+10
2.20567e+10
2.31279e+10
2.37691e+10
2.51641e+10
2.80782e+10
3.01181e+10
3.20212e+10
3.30343e+10
3.09573e+10
2.37973e+10
1.36353e+10
5.00185e+09
-9.61021e+08
-5.46488e+09
-9.45814e+09
-1.33107e+10
-1.79693e+10
-2.16381e+10
-2.74873e+10
-3.27116e+10
-3.69321e+10
-4.0009e+10
6.77527e+06
1.02979e+07
1.26287e+07
1.56862e+07
1.93356e+07
2.35541e+07
2.83331e+07
3.37213e+07
3.97697e+07
4.65592e+07
5.41867e+07
6.27646e+07
7.24356e+07
8.33375e+07
9.56758e+07
1.09635e+08
1.25491e+08
1.43454e+08
1.63884e+08
1.87012e+08
2.13224e+08
2.427e+08
2.76008e+08
3.13725e+08
3.57078e+08
4.06303e+08
4.62013e+08
5.2467e+08
5.96086e+08
6.78061e+08
7.71459e+08
8.75525e+08
9.91233e+08
1.1193e+09
1.26627e+09
1.43117e+09
1.61345e+09
1.81143e+09
2.02751e+09
2.27093e+09
2.53159e+09
2.80115e+09
3.07964e+09
3.36048e+09
3.64418e+09
3.91391e+09
4.17854e+09
4.44924e+09
4.80827e+09
5.35823e+09
6.19899e+09
8.16217e+09
9.578e+09
1.21025e+10
1.46027e+10
1.75807e+10
2.07879e+10
2.3519e+10
2.47682e+10
2.54529e+10
2.6857e+10
2.97368e+10
3.19624e+10
3.40985e+10
3.51879e+10
3.35203e+10
2.6941e+10
1.62218e+10
6.15723e+09
-6.51804e+08
-5.68393e+09
-1.01144e+10
-1.4472e+10
-1.92422e+10
-2.31879e+10
-2.95089e+10
-3.51231e+10
-3.96875e+10
-4.30557e+10
7.22406e+06
1.08533e+07
1.32421e+07
1.63732e+07
2.01153e+07
2.44463e+07
2.93583e+07
3.48999e+07
4.11241e+07
4.81123e+07
5.59652e+07
6.4797e+07
7.47556e+07
8.5981e+07
9.86863e+07
1.13059e+08
1.29385e+08
1.47877e+08
1.68908e+08
1.92716e+08
2.19704e+08
2.5006e+08
2.84381e+08
3.23238e+08
3.67848e+08
4.185e+08
4.75883e+08
5.40461e+08
6.14047e+08
6.98385e+08
7.94546e+08
9.01806e+08
1.02115e+09
1.15341e+09
1.30492e+09
1.47503e+09
1.66341e+09
1.86836e+09
2.09273e+09
2.34508e+09
2.61671e+09
2.89937e+09
3.19362e+09
3.49417e+09
3.8029e+09
4.10579e+09
4.41489e+09
4.74479e+09
5.17733e+09
5.80907e+09
6.74793e+09
8.81485e+09
1.02085e+10
1.28247e+10
1.55284e+10
1.87561e+10
2.21587e+10
2.49786e+10
2.64286e+10
2.71696e+10
2.85871e+10
3.14015e+10
3.38337e+10
3.61892e+10
3.73668e+10
3.60286e+10
3.0064e+10
1.91776e+10
7.58131e+09
-2.31162e+08
-5.85736e+09
-1.07675e+10
-1.56627e+10
-2.04763e+10
-2.48446e+10
-3.16776e+10
-3.77126e+10
-4.26526e+10
-4.63207e+10
7.67347e+06
1.14097e+07
1.38575e+07
1.70621e+07
2.0896e+07
2.53377e+07
3.03805e+07
3.60732e+07
4.24705e+07
4.9655e+07
5.77306e+07
6.68135e+07
7.70567e+07
8.86028e+07
1.01672e+08
1.16455e+08
1.33247e+08
1.52265e+08
1.73894e+08
1.98376e+08
2.26136e+08
2.57371e+08
2.92699e+08
3.32694e+08
3.7856e+08
4.30636e+08
4.89684e+08
5.5618e+08
6.31937e+08
7.18642e+08
8.17554e+08
9.2801e+08
1.05102e+09
1.18748e+09
1.34357e+09
1.51892e+09
1.71345e+09
1.92549e+09
2.15827e+09
2.41973e+09
2.70259e+09
2.99875e+09
3.30937e+09
3.63043e+09
3.96523e+09
4.30254e+09
4.65741e+09
5.04773e+09
5.55424e+09
6.27185e+09
7.32927e+09
9.45135e+09
1.08482e+10
1.35414e+10
1.64214e+10
1.98994e+10
2.35319e+10
2.64386e+10
2.81051e+10
2.89162e+10
3.03673e+10
3.30991e+10
3.5741e+10
3.82964e+10
3.95837e+10
3.85237e+10
3.31291e+10
2.24531e+10
9.35698e+09
3.26528e+08
-5.97192e+09
-1.14097e+10
-1.6863e+10
-2.16567e+10
-2.66504e+10
-3.40132e+10
-4.04998e+10
-4.58508e+10
-4.98018e+10
8.12965e+06
1.19728e+07
1.4479e+07
1.77555e+07
2.16787e+07
2.6228e+07
3.13981e+07
3.72379e+07
4.3804e+07
5.11799e+07
5.94729e+07
6.8801e+07
7.93222e+07
9.11814e+07
1.04606e+08
1.1979e+08
1.37037e+08
1.56568e+08
1.7878e+08
2.03921e+08
2.32435e+08
2.64527e+08
3.00843e+08
3.41948e+08
3.89046e+08
4.42511e+08
5.03184e+08
5.71554e+08
6.4944e+08
7.38462e+08
8.4006e+08
9.53647e+08
1.08026e+09
1.22086e+09
1.38146e+09
1.56197e+09
1.76259e+09
1.98167e+09
2.22283e+09
2.49344e+09
2.78756e+09
3.09738e+09
3.42467e+09
3.76668e+09
4.12815e+09
4.50058e+09
4.90195e+09
5.35323e+09
5.9335e+09
6.73916e+09
7.92838e+09
1.0035e+10
1.14924e+10
1.42538e+10
1.72921e+10
2.09902e+10
2.4875e+10
2.78594e+10
2.9756e+10
3.06461e+10
3.21578e+10
3.48263e+10
3.76554e+10
4.04123e+10
4.18396e+10
4.10202e+10
3.60937e+10
2.59112e+10
1.1544e+10
1.05014e+09
-6.01111e+09
-1.20309e+10
-1.80495e+10
-2.28508e+10
-2.86641e+10
-3.65292e+10
-4.3497e+10
-4.92953e+10
-5.35927e+10
8.58614e+06
1.25363e+07
1.51015e+07
1.84497e+07
2.24612e+07
2.71166e+07
3.24119e+07
3.83965e+07
4.5129e+07
5.26937e+07
6.12014e+07
7.07719e+07
8.1568e+07
9.37373e+07
1.07514e+08
1.23095e+08
1.40793e+08
1.60834e+08
1.83625e+08
2.09421e+08
2.38684e+08
2.71631e+08
3.08929e+08
3.51143e+08
3.9947e+08
4.54322e+08
5.16614e+08
5.86852e+08
6.66865e+08
7.58211e+08
8.62486e+08
9.79203e+08
1.10945e+09
1.2542e+09
1.41934e+09
1.60504e+09
1.81179e+09
2.03803e+09
2.28769e+09
2.56763e+09
2.87325e+09
3.19711e+09
3.54162e+09
3.90528e+09
4.29431e+09
4.70292e+09
5.15182e+09
5.66487e+09
6.31827e+09
7.21252e+09
8.53742e+09
1.05387e+10
1.21623e+10
1.49756e+10
1.81626e+10
2.20418e+10
2.61821e+10
2.92218e+10
3.13481e+10
3.23295e+10
3.39243e+10
3.65808e+10
3.9574e+10
4.25453e+10
4.41475e+10
4.3541e+10
3.89805e+10
2.94302e+10
1.41672e+10
1.97657e+09
-5.95578e+09
-1.26231e+10
-1.92321e+10
-2.41998e+10
-3.09269e+10
-3.92465e+10
-4.67266e+10
-5.30143e+10
-5.76681e+10
9.04906e+06
1.31054e+07
1.57286e+07
1.91469e+07
2.32443e+07
2.80026e+07
3.34197e+07
3.95451e+07
4.64396e+07
5.41883e+07
6.29053e+07
7.2712e+07
8.37764e+07
9.62481e+07
1.10368e+08
1.26336e+08
1.44475e+08
1.65012e+08
1.88368e+08
2.14803e+08
2.44797e+08
2.78577e+08
3.16836e+08
3.60132e+08
4.09662e+08
4.65868e+08
5.2974e+08
6.018e+08
6.83896e+08
7.77515e+08
8.84407e+08
1.00418e+09
1.138e+09
1.28684e+09
1.45646e+09
1.64728e+09
1.86009e+09
2.09342e+09
2.35154e+09
2.64082e+09
2.95796e+09
3.29597e+09
3.65794e+09
4.04356e+09
4.46062e+09
4.90587e+09
5.40276e+09
5.97776e+09
6.70449e+09
7.68623e+09
9.13166e+09
1.09429e+10
1.28817e+10
1.5708e+10
1.9037e+10
2.30621e+10
2.74558e+10
3.0561e+10
3.28869e+10
3.39794e+10
3.56707e+10
3.83578e+10
4.14974e+10
4.46913e+10
4.65068e+10
4.60946e+10
4.18323e+10
3.29391e+10
1.72248e+10
3.1561e+09
-5.78222e+09
-1.31758e+10
-2.04387e+10
-2.57847e+10
-3.34358e+10
-4.2175e+10
-5.02025e+10
-5.70294e+10
-6.21395e+10
9.51182e+06
1.36741e+07
1.63557e+07
1.98438e+07
2.40261e+07
2.88858e+07
3.44226e+07
4.06866e+07
4.77406e+07
5.56706e+07
6.4594e+07
7.46342e+07
8.59636e+07
9.87345e+07
1.13194e+08
1.29547e+08
1.48122e+08
1.69151e+08
1.93067e+08
2.20136e+08
2.50856e+08
2.85465e+08
3.2468e+08
3.69054e+08
4.19785e+08
4.77344e+08
5.42787e+08
6.16664e+08
7.00836e+08
7.96735e+08
9.06237e+08
1.02907e+09
1.16647e+09
1.31942e+09
1.49354e+09
1.68951e+09
1.90842e+09
2.14894e+09
2.41562e+09
2.71444e+09
3.04331e+09
3.3958e+09
3.7757e+09
4.1839e+09
4.62971e+09
5.11244e+09
5.6581e+09
6.29564e+09
7.09701e+09
8.16424e+09
9.69176e+09
1.13257e+10
1.37206e+10
1.64639e+10
1.99223e+10
2.40689e+10
2.87255e+10
3.19571e+10
3.44218e+10
3.56292e+10
3.74211e+10
4.01654e+10
4.34368e+10
4.68607e+10
4.89294e+10
4.86993e+10
4.46936e+10
3.64003e+10
2.07e+10
4.66901e+09
-5.46069e+09
-1.36791e+10
-2.16884e+10
-2.76056e+10
-3.61979e+10
-4.53338e+10
-5.39516e+10
-6.13803e+10
-6.69853e+10
9.98048e+06
1.42475e+07
1.69863e+07
2.05424e+07
2.48071e+07
2.97653e+07
3.54184e+07
4.18171e+07
4.90262e+07
5.71326e+07
6.62571e+07
7.65244e+07
8.81122e+07
1.01175e+08
1.15966e+08
1.32692e+08
1.51692e+08
1.73201e+08
1.97664e+08
2.2535e+08
2.56778e+08
2.92196e+08
3.32343e+08
3.77769e+08
4.29675e+08
4.88555e+08
5.55533e+08
6.31179e+08
7.17382e+08
8.15511e+08
9.27566e+08
1.05338e+09
1.19431e+09
1.35129e+09
1.52987e+09
1.7309e+09
1.95584e+09
2.20348e+09
2.47867e+09
2.78703e+09
3.12764e+09
3.49467e+09
3.89267e+09
4.32365e+09
4.79851e+09
5.31899e+09
5.91363e+09
6.61375e+09
7.49043e+09
8.63992e+09
1.02241e+10
1.17775e+10
1.46465e+10
1.72373e+10
2.08127e+10
2.50592e+10
2.99927e+10
3.34186e+10
3.59605e+10
3.72726e+10
3.91668e+10
4.19965e+10
4.53883e+10
4.90512e+10
5.14135e+10
5.13591e+10
4.75821e+10
3.97642e+10
2.44802e+10
6.59121e+09
-4.95643e+09
-1.41184e+10
-2.29884e+10
-2.966e+10
-3.92112e+10
-4.873e+10
-5.79896e+10
-6.60901e+10
-7.21882e+10
1.04485e+07
1.48197e+07
1.76159e+07
2.12397e+07
2.55859e+07
3.0641e+07
3.64085e+07
4.29396e+07
5.03014e+07
5.85816e+07
6.79042e+07
7.83959e+07
9.02388e+07
1.03589e+08
1.18708e+08
1.35805e+08
1.55226e+08
1.7721e+08
2.02214e+08
2.30514e+08
2.62644e+08
2.98866e+08
3.39939e+08
3.86412e+08
4.39491e+08
4.9969e+08
5.68195e+08
6.45606e+08
7.3383e+08
8.34194e+08
9.48798e+08
1.0776e+09
1.22204e+09
1.38309e+09
1.56614e+09
1.77227e+09
2.00327e+09
2.25812e+09
2.54192e+09
2.85998e+09
3.21252e+09
3.59438e+09
4.01088e+09
4.46515e+09
4.96965e+09
5.5285e+09
6.17268e+09
6.93576e+09
7.88812e+09
9.11694e+09
1.07569e+10
1.23545e+10
1.55853e+10
1.8035e+10
2.17113e+10
2.60413e+10
3.12609e+10
3.49209e+10
3.75124e+10
3.89154e+10
4.0913e+10
4.38547e+10
4.736e+10
5.12741e+10
5.39706e+10
5.40895e+10
5.05252e+10
4.30574e+10
2.84448e+10
8.96612e+09
-4.23225e+09
-1.44784e+10
-2.43437e+10
-3.19514e+10
-4.24843e+10
-5.23817e+10
-6.23471e+10
-7.1195e+10
-7.7897e+10
1.09221e+07
1.53957e+07
1.82479e+07
2.19374e+07
2.63627e+07
3.15117e+07
3.73901e+07
4.40498e+07
5.15598e+07
6.00088e+07
6.95242e+07
8.0234e+07
9.2325e+07
1.05956e+08
1.21394e+08
1.3885e+08
1.58682e+08
1.81128e+08
2.06659e+08
2.35555e+08
2.6837e+08
3.05374e+08
3.4735e+08
3.94844e+08
4.49068e+08
5.10554e+08
5.80551e+08
6.59679e+08
7.49877e+08
8.52425e+08
9.69523e+08
1.10123e+09
1.24913e+09
1.41416e+09
1.60163e+09
1.81278e+09
2.04977e+09
2.31176e+09
2.60409e+09
2.93183e+09
3.2963e+09
3.69298e+09
4.12808e+09
4.60573e+09
5.14e+09
5.73729e+09
6.43098e+09
7.25682e+09
8.28471e+09
9.59191e+09
1.12958e+10
1.30257e+10
1.64432e+10
1.88486e+10
2.26128e+10
2.70124e+10
3.2516e+10
3.63911e+10
3.90527e+10
4.05442e+10
4.26486e+10
4.5729e+10
4.93474e+10
5.35276e+10
5.65978e+10
5.68909e+10
5.35351e+10
4.63452e+10
3.25389e+10
1.18217e+10
-3.24995e+09
-1.47385e+10
-2.57504e+10
-3.44784e+10
-4.60145e+10
-5.62938e+10
-6.70418e+10
-7.67301e+10
-8.40768e+10
1.13944e+07
1.59699e+07
1.8878e+07
2.26328e+07
2.71361e+07
3.23776e+07
3.8365e+07
4.5151e+07
5.28067e+07
6.14219e+07
7.1127e+07
8.20518e+07
9.43877e+07
1.08295e+08
1.24048e+08
1.41861e+08
1.62098e+08
1.85002e+08
2.11055e+08
2.40543e+08
2.74037e+08
3.11817e+08
3.54689e+08
4.03197e+08
4.58562e+08
5.21333e+08
5.92814e+08
6.73653e+08
7.65816e+08
8.70547e+08
9.90134e+08
1.12475e+09
1.2761e+09
1.44512e+09
1.63704e+09
1.85325e+09
2.09625e+09
2.36543e+09
2.66637e+09
3.00395e+09
3.3805e+09
3.79226e+09
4.24626e+09
4.74768e+09
5.31216e+09
5.9483e+09
6.69179e+09
7.58051e+09
8.68394e+09
1.00721e+10
1.18501e+10
1.3763e+10
1.71397e+10
1.97059e+10
2.35261e+10
2.79842e+10
3.37653e+10
3.7808e+10
4.05808e+10
4.21666e+10
4.43771e+10
4.76205e+10
5.13588e+10
5.58236e+10
5.93066e+10
5.97762e+10
5.6633e+10
4.96974e+10
3.67724e+10
1.52097e+10
-1.96057e+09
-1.48755e+10
-2.72042e+10
-3.72462e+10
-4.98117e+10
-6.04847e+10
-7.2111e+10
-8.27478e+10
-9.07131e+10
1.18718e+07
1.65469e+07
1.95095e+07
2.33275e+07
2.79063e+07
3.32373e+07
3.93304e+07
4.62388e+07
5.40358e+07
6.28122e+07
7.27016e+07
8.38352e+07
9.6409e+07
1.10586e+08
1.26645e+08
1.44804e+08
1.65435e+08
1.88785e+08
2.15345e+08
2.45407e+08
2.79562e+08
3.18097e+08
3.61842e+08
4.11338e+08
4.67816e+08
5.31839e+08
6.0477e+08
6.87274e+08
7.81354e+08
8.88217e+08
1.01024e+09
1.14769e+09
1.30243e+09
1.47537e+09
1.67167e+09
1.89285e+09
2.14179e+09
2.41807e+09
2.72755e+09
3.07493e+09
3.46351e+09
3.89031e+09
4.36322e+09
4.88841e+09
5.48308e+09
6.15795e+09
6.95098e+09
7.90212e+09
9.08087e+09
1.05522e+10
1.24095e+10
1.45111e+10
1.76608e+10
2.06518e+10
2.44495e+10
2.89564e+10
3.50029e+10
3.91746e+10
4.20941e+10
4.3778e+10
4.60885e+10
4.95177e+10
5.33907e+10
5.81602e+10
6.20925e+10
6.27438e+10
5.98222e+10
5.31447e+10
4.11473e+10
1.9181e+10
-3.00872e+08
-1.48597e+10
-2.86933e+10
-4.02544e+10
-5.38715e+10
-6.49577e+10
-7.75758e+10
-8.92774e+10
-9.79849e+10
1.23475e+07
1.71216e+07
2.01383e+07
2.4019e+07
2.86723e+07
3.40914e+07
4.02882e+07
4.73169e+07
5.52528e+07
6.41876e+07
7.42582e+07
8.55976e+07
9.84058e+07
1.12848e+08
1.2921e+08
1.47711e+08
1.68731e+08
1.92521e+08
2.19584e+08
2.50216e+08
2.85025e+08
3.2431e+08
3.68919e+08
4.19396e+08
4.76982e+08
5.42255e+08
6.16626e+08
7.00789e+08
7.96775e+08
9.0577e+08
1.03022e+09
1.1705e+09
1.32862e+09
1.50547e+09
1.70618e+09
1.93238e+09
2.18728e+09
2.47071e+09
2.78878e+09
3.14609e+09
3.54685e+09
3.98887e+09
4.48093e+09
5.03018e+09
5.65531e+09
6.36913e+09
7.21175e+09
8.22516e+09
9.47909e+09
1.10351e+10
1.29749e+10
1.52241e+10
1.81581e+10
2.17895e+10
2.53868e+10
2.99315e+10
3.62238e+10
4.05058e+10
4.3617e+10
4.53887e+10
4.77862e+10
5.14228e+10
5.54532e+10
6.05472e+10
6.49649e+10
6.58054e+10
6.31167e+10
5.6718e+10
4.56738e+10
2.37939e+10
1.83151e+09
-1.46543e+10
-3.02065e+10
-4.35092e+10
-5.82025e+10
-6.97318e+10
-8.34812e+10
-9.63859e+10
-1.05864e+11
1.28277e+07
1.7698e+07
2.07673e+07
2.47086e+07
2.94339e+07
3.49381e+07
4.12352e+07
4.83802e+07
5.64505e+07
6.55389e+07
7.57853e+07
8.7324e+07
1.0036e+08
1.15059e+08
1.31715e+08
1.50548e+08
1.71946e+08
1.96164e+08
2.23714e+08
2.549e+08
2.90344e+08
3.30357e+08
3.75808e+08
4.27237e+08
4.85903e+08
5.52393e+08
6.2817e+08
7.13946e+08
8.11791e+08
9.22863e+08
1.04969e+09
1.19274e+09
1.35415e+09
1.53484e+09
1.73989e+09
1.97103e+09
2.2318e+09
2.52228e+09
2.84885e+09
3.21602e+09
3.62889e+09
4.08604e+09
4.59719e+09
5.17036e+09
5.82581e+09
6.57825e+09
7.46997e+09
8.5449e+09
9.87345e+09
1.15144e+10
1.3542e+10
1.59084e+10
1.87641e+10
2.30175e+10
2.63168e+10
3.089e+10
3.7405e+10
4.17891e+10
4.5151e+10
4.69914e+10
4.94577e+10
5.33256e+10
5.75468e+10
6.298e+10
6.79132e+10
6.89574e+10
6.65143e+10
6.04289e+10
5.03317e+10
2.90444e+10
4.58028e+09
-1.42095e+10
-3.1724e+10
-4.70084e+10
-6.27959e+10
-7.48088e+10
-8.9855e+10
-1.0412e+11
-1.14564e+11
1.33058e+07
1.82716e+07
2.13929e+07
2.5394e+07
3.01903e+07
3.57781e+07
4.21737e+07
4.94328e+07
5.76351e+07
6.68742e+07
7.72933e+07
8.90281e+07
1.02288e+08
1.17241e+08
1.34186e+08
1.53347e+08
1.75119e+08
1.99759e+08
2.27791e+08
2.59524e+08
2.95598e+08
3.36331e+08
3.82615e+08
4.3499e+08
4.94729e+08
5.62429e+08
6.39603e+08
7.26985e+08
8.26677e+08
9.39823e+08
1.06902e+09
1.21482e+09
1.37952e+09
1.56405e+09
1.77346e+09
2.00956e+09
2.27622e+09
2.57378e+09
2.90889e+09
3.28602e+09
3.7111e+09
4.18352e+09
4.7139e+09
5.31118e+09
5.99706e+09
6.78815e+09
7.72875e+09
8.86474e+09
1.02673e+10
1.19937e+10
1.41145e+10
1.65913e+10
1.95289e+10
2.42147e+10
2.72419e+10
3.18222e+10
3.85371e+10
4.30359e+10
4.67188e+10
4.85961e+10
5.11027e+10
5.52318e+10
5.96919e+10
6.54672e+10
7.09408e+10
7.22117e+10
7.00269e+10
6.43019e+10
5.51215e+10
3.48462e+10
8.08876e+09
-1.34574e+10
-3.32227e+10
-5.07574e+10
-6.7657e+10
-8.02096e+10
-9.67553e+10
-1.1257e+11
-1.24071e+11
1.37878e+07
1.88461e+07
2.20177e+07
2.60766e+07
3.09412e+07
3.66096e+07
4.31003e+07
5.04697e+07
5.87995e+07
6.81844e+07
7.87706e+07
9.06954e+07
1.04172e+08
1.19371e+08
1.36597e+08
1.56075e+08
1.78209e+08
2.03258e+08
2.31759e+08
2.64022e+08
3.00707e+08
3.4214e+08
3.89232e+08
4.42526e+08
5.03308e+08
5.72187e+08
6.50722e+08
7.39665e+08
8.41157e+08
9.56324e+08
1.08783e+09
1.23632e+09
1.40423e+09
1.59252e+09
1.80621e+09
2.04719e+09
2.31966e+09
2.6242e+09
2.96773e+09
3.35473e+09
3.79192e+09
4.27947e+09
4.82895e+09
5.45012e+09
6.16614e+09
6.99539e+09
7.98416e+09
9.18015e+09
1.06557e+10
1.2467e+10
1.46832e+10
1.72756e+10
2.04063e+10
2.5262e+10
2.81568e+10
3.27127e+10
3.96025e+10
4.42483e+10
4.83128e+10
5.0194e+10
5.27026e+10
5.7125e+10
6.18925e+10
6.80009e+10
7.40287e+10
7.55659e+10
7.36522e+10
6.83508e+10
6.0083e+10
4.10989e+10
1.24381e+10
-1.23261e+10
-3.46715e+10
-5.47522e+10
-7.27689e+10
-8.59371e+10
-1.0422e+11
-1.21788e+11
-1.34319e+11
1.42672e+07
1.94171e+07
2.26385e+07
2.67542e+07
3.1686e+07
3.74337e+07
4.40177e+07
5.14951e+07
5.99499e+07
6.94778e+07
8.02281e+07
9.23395e+07
1.06029e+08
1.21471e+08
1.38972e+08
1.58764e+08
1.81255e+08
2.06709e+08
2.35671e+08
2.68459e+08
3.05748e+08
3.47873e+08
3.95765e+08
4.49969e+08
5.11786e+08
5.81838e+08
6.61723e+08
7.52219e+08
8.55498e+08
9.72681e+08
1.1065e+09
1.25766e+09
1.42876e+09
1.6208e+09
1.83878e+09
2.08467e+09
2.36296e+09
2.6745e+09
3.02648e+09
3.42341e+09
3.87279e+09
4.37556e+09
4.9442e+09
5.58933e+09
6.33547e+09
7.20272e+09
8.2392e+09
9.49443e+09
1.10419e+10
1.29376e+10
1.5251e+10
1.79734e+10
2.13684e+10
2.60242e+10
2.90959e+10
3.35612e+10
4.05937e+10
4.54486e+10
4.99337e+10
5.17963e+10
5.42584e+10
5.89896e+10
6.41399e+10
7.05872e+10
7.7173e+10
7.90373e+10
7.7404e+10
7.26033e+10
6.53026e+10
4.77935e+10
1.77118e+10
-1.07293e+10
-3.6035e+10
-5.89942e+10
-7.81261e+10
-9.20156e+10
-1.12323e+11
-1.31868e+11
-1.4562e+11
1.47502e+07
1.99881e+07
2.32574e+07
2.74277e+07
3.24242e+07
3.82481e+07
4.4922e+07
5.25036e+07
6.10791e+07
7.0745e+07
8.16538e+07
9.39455e+07
1.07842e+08
1.23517e+08
1.41286e+08
1.6138e+08
1.84217e+08
2.10063e+08
2.39472e+08
2.72769e+08
3.10643e+08
3.53438e+08
4.02106e+08
4.57192e+08
5.20016e+08
5.91205e+08
6.72405e+08
7.64408e+08
8.69427e+08
9.88572e+08
1.12464e+09
1.27841e+09
1.45263e+09
1.64833e+09
1.87052e+09
2.12123e+09
2.40525e+09
2.72367e+09
3.08397e+09
3.49073e+09
3.95215e+09
4.46995e+09
5.05755e+09
5.72632e+09
6.50218e+09
7.40677e+09
8.49005e+09
9.80317e+09
1.1421e+10
1.33995e+10
1.581e+10
1.8667e+10
2.23181e+10
2.65398e+10
3.0149e+10
3.43621e+10
4.15038e+10
4.66527e+10
5.15247e+10
5.33921e+10
5.57764e+10
6.08166e+10
6.64081e+10
7.32276e+10
8.03455e+10
8.26307e+10
8.12807e+10
7.70718e+10
7.0837e+10
5.49372e+10
2.39879e+10
-8.56635e+09
-3.72674e+10
-6.34707e+10
-8.3696e+10
-9.8453e+10
-1.21116e+11
-1.42885e+11
-1.57916e+11
1.523e+07
2.05551e+07
2.38715e+07
2.80955e+07
3.31555e+07
3.90542e+07
4.58161e+07
5.34997e+07
6.21932e+07
7.19943e+07
8.30584e+07
9.5527e+07
1.09626e+08
1.25531e+08
1.43563e+08
1.63956e+08
1.87133e+08
2.13364e+08
2.43215e+08
2.77014e+08
3.15465e+08
3.58923e+08
4.08357e+08
4.64316e+08
5.28136e+08
6.00456e+08
6.82959e+08
7.76459e+08
8.83203e+08
1.0043e+09
1.14261e+09
1.29898e+09
1.4763e+09
1.67564e+09
1.90204e+09
2.15759e+09
2.44734e+09
2.77265e+09
3.14128e+09
3.55789e+09
4.03139e+09
4.56426e+09
5.17079e+09
5.86318e+09
6.66858e+09
7.61018e+09
8.73957e+09
1.01095e+10
1.1796e+10
1.38557e+10
1.63624e+10
1.93499e+10
2.31606e+10
2.70664e+10
3.1442e+10
3.511e+10
4.23257e+10
4.78874e+10
5.30002e+10
5.49724e+10
5.72775e+10
6.26301e+10
6.86961e+10
7.59425e+10
8.35438e+10
8.63768e+10
8.52966e+10
8.17817e+10
7.67353e+10
6.25457e+10
3.13573e+10
-5.69159e+09
-3.83106e+10
-6.81685e+10
-8.94548e+10
-1.05285e+11
-1.30699e+11
-1.54962e+11
-1.71154e+11
1.57129e+07
2.11213e+07
2.44829e+07
2.87582e+07
3.38792e+07
3.98497e+07
4.66962e+07
5.44779e+07
6.32851e+07
7.32164e+07
8.44304e+07
9.70696e+07
1.11364e+08
1.27492e+08
1.45778e+08
1.66459e+08
1.89965e+08
2.16569e+08
2.46848e+08
2.81131e+08
3.20142e+08
3.64241e+08
4.14417e+08
4.71221e+08
5.36007e+08
6.09423e+08
6.93192e+08
7.88144e+08
8.96566e+08
1.01956e+09
1.16005e+09
1.31896e+09
1.4993e+09
1.70219e+09
1.93271e+09
2.19301e+09
2.48841e+09
2.82048e+09
3.1973e+09
3.62362e+09
4.10904e+09
4.65674e+09
5.28194e+09
5.99754e+09
6.83197e+09
7.80978e+09
8.9842e+09
1.04093e+10
1.21625e+10
1.43009e+10
1.69007e+10
2.00114e+10
2.39452e+10
2.77894e+10
3.26215e+10
3.57624e+10
4.3036e+10
4.91686e+10
5.42154e+10
5.64846e+10
5.87503e+10
6.44373e+10
7.09808e+10
7.87248e+10
8.67584e+10
9.02872e+10
8.94467e+10
8.67434e+10
8.30219e+10
7.05955e+10
3.98709e+10
-1.89908e+09
-3.90873e+10
-7.3053e+10
-9.53517e+10
-1.12537e+11
-1.41141e+11
-1.68168e+11
-1.85677e+11
1.6192e+07
2.16829e+07
2.50887e+07
2.94144e+07
3.45952e+07
4.0636e+07
4.75654e+07
5.5443e+07
6.43612e+07
7.442e+07
8.57805e+07
9.85869e+07
1.13073e+08
1.29419e+08
1.47955e+08
1.68919e+08
1.92749e+08
2.19721e+08
2.50419e+08
2.85182e+08
3.24744e+08
3.69475e+08
4.20383e+08
4.78023e+08
5.43765e+08
6.18268e+08
7.03291e+08
7.99682e+08
9.09767e+08
1.03465e+09
1.17732e+09
1.33874e+09
1.52209e+09
1.72851e+09
1.96314e+09
2.22819e+09
2.52922e+09
2.86806e+09
3.25305e+09
3.6891e+09
4.18643e+09
4.74895e+09
5.39273e+09
6.13142e+09
6.99459e+09
8.00812e+09
9.22667e+09
1.07057e+10
1.25235e+10
1.47379e+10
1.74275e+10
2.06535e+10
2.4697e+10
2.87021e+10
3.35775e+10
3.63184e+10
4.36306e+10
5.04881e+10
5.51356e+10
5.78694e+10
6.01635e+10
6.62384e+10
7.32322e+10
8.15317e+10
8.99667e+10
9.43455e+10
9.37381e+10
9.19808e+10
8.97297e+10
7.90292e+10
4.9462e+10
3.09422e+09
-3.94878e+10
-7.80802e+10
-1.01351e+11
-1.20271e+11
-1.5257e+11
-1.82651e+11
-2.01445e+11
1.66739e+07
2.22427e+07
2.56908e+07
3.00646e+07
3.53024e+07
4.14107e+07
4.84195e+07
5.63892e+07
6.54141e+07
7.55953e+07
8.70969e+07
1.00064e+08
1.14735e+08
1.31291e+08
1.50068e+08
1.71305e+08
1.95448e+08
2.22774e+08
2.53879e+08
2.89104e+08
3.29199e+08
3.74541e+08
4.26157e+08
4.84604e+08
5.51272e+08
6.26826e+08
7.13065e+08
8.10852e+08
9.2255e+08
1.04927e+09
1.19405e+09
1.35793e+09
1.54419e+09
1.75405e+09
1.99271e+09
2.26241e+09
2.56898e+09
2.91445e+09
3.30747e+09
3.75307e+09
4.26212e+09
4.83918e+09
5.50121e+09
6.26251e+09
7.1538e+09
8.20215e+09
9.46359e+09
1.09947e+10
1.28749e+10
1.51621e+10
1.7937e+10
2.12691e+10
2.54183e+10
2.97132e+10
3.43342e+10
3.67949e+10
4.41265e+10
5.17484e+10
5.58803e+10
5.90746e+10
6.14667e+10
6.80172e+10
7.54476e+10
8.43094e+10
9.31392e+10
9.84882e+10
9.81532e+10
9.75022e+10
9.6879e+10
8.77739e+10
5.98259e+10
9.52663e+09
-3.93768e+10
-8.31708e+10
-1.07384e+11
-1.28543e+11
-1.65072e+11
-1.98492e+11
-2.18864e+11
1.71515e+07
2.27974e+07
2.62867e+07
3.07074e+07
3.60012e+07
4.21754e+07
4.92618e+07
5.73212e+07
6.64503e+07
7.67509e+07
8.83903e+07
1.01515e+08
1.16367e+08
1.33129e+08
1.52142e+08
1.73648e+08
1.98097e+08
2.25772e+08
2.57276e+08
2.92956e+08
3.33575e+08
3.7952e+08
4.31832e+08
4.91075e+08
5.58657e+08
6.35253e+08
7.22694e+08
8.21861e+08
9.35156e+08
1.0637e+09
1.21057e+09
1.37689e+09
1.56605e+09
1.77933e+09
2.02199e+09
2.29633e+09
2.60843e+09
2.96051e+09
3.36152e+09
3.81666e+09
4.33738e+09
4.92891e+09
5.60903e+09
6.39272e+09
7.31173e+09
8.39425e+09
9.69754e+09
1.12791e+10
1.32194e+10
1.55764e+10
1.84322e+10
2.18623e+10
2.61131e+10
3.07433e+10
3.49001e+10
3.72343e+10
4.45532e+10
5.28485e+10
5.65633e+10
6.01254e+10
6.26682e+10
6.97771e+10
7.76685e+10
8.7069e+10
9.63166e+10
1.027e+11
1.02686e+11
1.03328e+11
1.04508e+11
9.68826e+10
7.06641e+10
1.75773e+10
-3.85145e+10
-8.81581e+10
-1.1322e+11
-1.37423e+11
-1.78766e+11
-2.15843e+11
-2.37919e+11
1.76313e+07
2.33494e+07
2.68778e+07
3.13432e+07
3.66903e+07
4.29276e+07
5.00881e+07
5.82335e+07
6.74623e+07
7.78776e+07
8.96494e+07
1.02925e+08
1.17951e+08
1.34911e+08
1.54152e+08
1.75916e+08
2.00661e+08
2.28672e+08
2.60561e+08
2.96679e+08
3.37804e+08
3.8433e+08
4.37315e+08
4.97327e+08
5.65792e+08
6.43394e+08
7.31999e+08
8.32502e+08
9.47344e+08
1.07765e+09
1.22657e+09
1.39525e+09
1.58723e+09
1.80384e+09
2.0504e+09
2.32928e+09
2.64679e+09
3.00535e+09
3.4142e+09
3.87869e+09
4.41085e+09
5.01655e+09
5.71438e+09
6.51991e+09
7.46593e+09
8.58163e+09
9.9254e+09
1.15556e+10
1.35533e+10
1.59767e+10
1.89086e+10
2.24279e+10
2.67702e+10
3.17249e+10
3.52601e+10
3.77083e+10
4.49408e+10
5.375e+10
5.72056e+10
6.10253e+10
6.38002e+10
7.15033e+10
7.98888e+10
8.98084e+10
9.9524e+10
1.06952e+11
1.07311e+11
1.09463e+11
1.12639e+11
1.06443e+11
8.15946e+10
2.70205e+10
-3.64872e+10
-9.28941e+10
-1.1897e+11
-1.47095e+11
-1.93654e+11
-2.34699e+11
-2.58411e+11
1.81063e+07
2.38959e+07
2.74622e+07
3.19711e+07
3.73703e+07
4.36691e+07
5.09019e+07
5.9131e+07
6.84569e+07
7.89839e+07
9.08846e+07
1.04308e+08
1.19504e+08
1.36658e+08
1.56122e+08
1.78139e+08
2.03174e+08
2.31514e+08
2.63782e+08
3.00331e+08
3.41954e+08
3.8905e+08
4.42698e+08
5.03467e+08
5.72803e+08
6.51398e+08
7.41152e+08
8.42975e+08
9.59346e+08
1.0914e+09
1.24234e+09
1.41337e+09
1.60815e+09
1.82805e+09
2.07849e+09
2.36189e+09
2.68479e+09
3.0498e+09
3.46644e+09
3.94024e+09
4.48377e+09
5.10352e+09
5.81882e+09
6.6459e+09
7.61844e+09
8.76656e+09
1.01496e+10
1.18267e+10
1.38795e+10
1.6366e+10
1.93694e+10
2.297e+10
2.73874e+10
3.25285e+10
3.55326e+10
3.84299e+10
4.53169e+10
5.44354e+10
5.78548e+10
6.17905e+10
6.4946e+10
7.32044e+10
8.20895e+10
9.25224e+10
1.02791e+11
1.11238e+11
1.12014e+11
1.1592e+11
1.21303e+11
1.16561e+11
9.24432e+10
3.73358e+10
-3.291e+10
-9.77173e+10
-1.26607e+11
-1.58506e+11
-2.09853e+11
-2.55079e+11
-2.80944e+11
1.85832e+07
2.44388e+07
2.80408e+07
3.25909e+07
3.80396e+07
4.4397e+07
5.16989e+07
6.00079e+07
6.94265e+07
8.00603e+07
9.20847e+07
1.0565e+08
1.21009e+08
1.38349e+08
1.58027e+08
1.80287e+08
2.05601e+08
2.34259e+08
2.6689e+08
3.03854e+08
3.45955e+08
3.93602e+08
4.47887e+08
5.09385e+08
5.79562e+08
6.59116e+08
7.4998e+08
8.53077e+08
9.70926e+08
1.10467e+09
1.25758e+09
1.43088e+09
1.62837e+09
1.85148e+09
2.1057e+09
2.39351e+09
2.72167e+09
3.09298e+09
3.51725e+09
4.00015e+09
4.55481e+09
5.18826e+09
5.92062e+09
6.76864e+09
7.76692e+09
8.94639e+09
1.03674e+10
1.20893e+10
1.41945e+10
1.67407e+10
1.9811e+10
2.34847e+10
2.79584e+10
3.30827e+10
3.58468e+10
3.95033e+10
4.5692e+10
5.49709e+10
5.85664e+10
6.25023e+10
6.62394e+10
7.48955e+10
8.42552e+10
9.5193e+10
1.06122e+11
1.1552e+11
1.16761e+11
1.22692e+11
1.30499e+11
1.27316e+11
1.03517e+11
4.82805e+10
-2.7729e+10
-1.0353e+11
-1.39586e+11
-1.72565e+11
-2.27618e+11
-2.76981e+11
-3.05415e+11
1.90545e+07
2.49755e+07
2.8612e+07
3.3202e+07
3.86991e+07
4.51135e+07
5.24825e+07
6.0869e+07
7.03777e+07
8.11153e+07
9.32598e+07
1.06963e+08
1.22481e+08
1.40003e+08
1.5989e+08
1.82388e+08
2.07975e+08
2.36943e+08
2.69931e+08
3.07302e+08
3.49873e+08
3.9806e+08
4.52971e+08
5.15187e+08
5.86189e+08
6.66688e+08
7.58645e+08
8.63e+08
9.82306e+08
1.11773e+09
1.27257e+09
1.44813e+09
1.64831e+09
1.87458e+09
2.13255e+09
2.42474e+09
2.75813e+09
3.1357e+09
3.56752e+09
4.05945e+09
4.62513e+09
5.27212e+09
6.02126e+09
6.88983e+09
7.91327e+09
9.12323e+09
1.05808e+10
1.23459e+10
1.4501e+10
1.71037e+10
2.02364e+10
2.39766e+10
2.84939e+10
3.35619e+10
3.63507e+10
4.06676e+10
4.60671e+10
5.54169e+10
5.93445e+10
6.33122e+10
6.77563e+10
7.65948e+10
8.63898e+10
9.78127e+10
1.09527e+11
1.1978e+11
1.21535e+11
1.29781e+11
1.40228e+11
1.38786e+11
1.1543e+11
6.0047e+10
-2.09501e+10
-1.0978e+11
-1.54763e+11
-1.8957e+11
-2.47369e+11
-3.00594e+11
-3.31708e+11
1.95273e+07
2.55078e+07
2.91765e+07
3.38041e+07
3.9347e+07
4.58157e+07
5.32484e+07
6.17086e+07
7.13032e+07
8.21397e+07
9.43992e+07
1.08234e+08
1.23904e+08
1.41601e+08
1.61688e+08
1.84415e+08
2.10263e+08
2.3953e+08
2.72861e+08
3.10622e+08
3.53645e+08
4.0235e+08
4.57864e+08
5.20768e+08
5.92566e+08
6.73975e+08
7.66987e+08
8.72553e+08
9.93267e+08
1.1303e+09
1.28702e+09
1.46477e+09
1.66755e+09
1.8969e+09
2.15851e+09
2.45496e+09
2.79345e+09
3.17712e+09
3.61632e+09
4.11706e+09
4.69349e+09
5.35367e+09
6.11912e+09
7.00761e+09
8.05536e+09
9.29469e+09
1.07874e+10
1.25937e+10
1.47962e+10
1.7452e+10
2.0643e+10
2.44434e+10
2.89974e+10
3.40301e+10
3.70399e+10
4.17582e+10
4.64325e+10
5.58047e+10
6.01807e+10
6.43053e+10
6.94144e+10
7.82923e+10
8.84834e+10
1.00359e+11
1.12996e+11
1.23958e+11
1.26297e+11
1.37174e+11
1.50453e+11
1.50984e+11
1.28588e+11
7.30442e+10
-1.24447e+10
-1.15477e+11
-1.67611e+11
-2.08929e+11
-2.69235e+11
-3.26064e+11
-3.60542e+11
1.9994e+07
2.60334e+07
2.97329e+07
3.4397e+07
3.99844e+07
4.65058e+07
5.40002e+07
6.25319e+07
7.22095e+07
8.31421e+07
9.5513e+07
1.09476e+08
1.25295e+08
1.43161e+08
1.63444e+08
1.86393e+08
2.12498e+08
2.42056e+08
2.75722e+08
3.13866e+08
3.57331e+08
4.06545e+08
4.62648e+08
5.2623e+08
5.98809e+08
6.81112e+08
7.7516e+08
8.81919e+08
1.00402e+09
1.14265e+09
1.30122e+09
1.48113e+09
1.68647e+09
1.91886e+09
2.18408e+09
2.48476e+09
2.82829e+09
3.21801e+09
3.6645e+09
4.17397e+09
4.761e+09
5.43416e+09
6.21561e+09
7.12357e+09
8.19499e+09
9.46277e+09
1.09893e+10
1.28349e+10
1.50823e+10
1.77883e+10
2.10339e+10
2.48899e+10
2.94782e+10
3.45083e+10
3.78813e+10
4.27073e+10
4.67949e+10
5.61543e+10
6.10727e+10
6.54531e+10
7.11613e+10
7.99868e+10
9.05393e+10
1.02821e+11
1.16522e+11
1.28015e+11
1.31026e+11
1.44861e+11
1.61136e+11
1.63925e+11
1.43124e+11
8.76339e+10
-1.80449e+09
-1.1927e+11
-1.77819e+11
-2.30859e+11
-2.93285e+11
-3.53727e+11
-3.91991e+11
2.04616e+07
2.65536e+07
3.02816e+07
3.49799e+07
4.06094e+07
4.71806e+07
5.47336e+07
6.33329e+07
7.30894e+07
8.41131e+07
9.65903e+07
1.10676e+08
1.26636e+08
1.44665e+08
1.65134e+08
1.88297e+08
2.14647e+08
2.44484e+08
2.78472e+08
3.16982e+08
3.60871e+08
4.10573e+08
4.67242e+08
5.31472e+08
6.04802e+08
6.87964e+08
7.8301e+08
8.90916e+08
1.01435e+09
1.15451e+09
1.31488e+09
1.49688e+09
1.7047e+09
1.94003e+09
2.20874e+09
2.51352e+09
2.86197e+09
3.25757e+09
3.71117e+09
4.22912e+09
4.82647e+09
5.51223e+09
6.30919e+09
7.23596e+09
8.33018e+09
9.62524e+09
1.11841e+10
1.30671e+10
1.53571e+10
1.81102e+10
2.14069e+10
2.53142e+10
2.99365e+10
3.49948e+10
3.88389e+10
4.34547e+10
4.71639e+10
5.64773e+10
6.20072e+10
6.67039e+10
7.29386e+10
8.16593e+10
9.25451e+10
1.05169e+11
1.20079e+11
1.31875e+11
1.35688e+11
1.5281e+11
1.72207e+11
1.77589e+11
1.58997e+11
1.04002e+11
1.1515e+10
-1.1945e+11
-1.87753e+11
-2.56362e+11
-3.19789e+11
-3.83991e+11
-4.27002e+11
2.09226e+07
2.70666e+07
3.08216e+07
3.55528e+07
4.12232e+07
4.78427e+07
5.5452e+07
6.41166e+07
7.39492e+07
8.50611e+07
9.7641e+07
1.11845e+08
1.27943e+08
1.46129e+08
1.66781e+08
1.90151e+08
2.1674e+08
2.4685e+08
2.81151e+08
3.20019e+08
3.64323e+08
4.14501e+08
4.71724e+08
5.36589e+08
6.10654e+08
6.94659e+08
7.90683e+08
8.99715e+08
1.02446e+09
1.16613e+09
1.32826e+09
1.51231e+09
1.72258e+09
1.96081e+09
2.23297e+09
2.54181e+09
2.89511e+09
3.29652e+09
3.75712e+09
4.28345e+09
4.89095e+09
5.58907e+09
6.40117e+09
7.34626e+09
8.46257e+09
9.78393e+09
1.13738e+10
1.32923e+10
1.56226e+10
1.84202e+10
2.17648e+10
2.57203e+10
3.03773e+10
3.54846e+10
3.98515e+10
4.39569e+10
4.75953e+10
5.67875e+10
6.29747e+10
6.80216e+10
7.47154e+10
8.33036e+10
9.45017e+10
1.07389e+11
1.23641e+11
1.3549e+11
1.40278e+11
1.60993e+11
1.83606e+11
1.91957e+11
1.76102e+11
1.22265e+11
2.79693e+10
-1.15897e+11
-1.99886e+11
-2.85022e+11
-3.49151e+11
-4.17535e+11
-4.66006e+11
2.13839e+07
2.75733e+07
3.13529e+07
3.6115e+07
4.18238e+07
4.84887e+07
5.61512e+07
6.48772e+07
7.47818e+07
8.59772e+07
9.86548e+07
1.12972e+08
1.292e+08
1.47537e+08
1.68363e+08
1.91931e+08
2.18748e+08
2.49118e+08
2.83719e+08
3.2293e+08
3.6763e+08
4.18264e+08
4.76017e+08
5.4149e+08
6.16259e+08
7.01072e+08
7.98035e+08
9.08147e+08
1.03415e+09
1.17728e+09
1.34111e+09
1.52713e+09
1.73977e+09
1.98079e+09
2.25628e+09
2.56905e+09
2.92707e+09
3.33411e+09
3.80151e+09
4.33597e+09
4.95332e+09
5.6634e+09
6.49014e+09
7.45286e+09
8.59038e+09
9.93689e+09
1.15563e+10
1.35085e+10
1.58768e+10
1.87162e+10
2.21058e+10
2.61065e+10
3.07983e+10
3.59604e+10
4.07696e+10
4.42915e+10
4.82391e+10
5.7096e+10
6.39528e+10
6.9363e+10
7.64459e+10
8.48975e+10
9.63906e+10
1.09453e+11
1.27164e+11
1.3879e+11
1.44806e+11
1.69358e+11
1.95257e+11
2.06932e+11
1.94259e+11
1.42553e+11
4.7905e+10
-1.08672e+11
-2.14764e+11
-3.15215e+11
-3.81108e+11
-4.54776e+11
-5.09159e+11
2.1838e+07
2.80722e+07
3.18749e+07
3.66665e+07
4.24125e+07
4.91212e+07
5.68349e+07
6.562e+07
7.55937e+07
8.68695e+07
9.96414e+07
1.14067e+08
1.30423e+08
1.48906e+08
1.699e+08
1.93661e+08
2.207e+08
2.51323e+08
2.86216e+08
3.25761e+08
3.70848e+08
4.21926e+08
4.80196e+08
5.46263e+08
6.2172e+08
7.07324e+08
8.05206e+08
9.16376e+08
1.04361e+09
1.18816e+09
1.35366e+09
1.54164e+09
1.75659e+09
2.00036e+09
2.27913e+09
2.59578e+09
2.95843e+09
3.37102e+09
3.84512e+09
4.38756e+09
5.01458e+09
5.73636e+09
6.57733e+09
7.55715e+09
8.71514e+09
1.00858e+10
1.17333e+10
1.37176e+10
1.61217e+10
1.90005e+10
2.24325e+10
2.64759e+10
3.12023e+10
3.64136e+10
4.14243e+10
4.46251e+10
4.92548e+10
5.7414e+10
6.49189e+10
7.06987e+10
7.81091e+10
8.64344e+10
9.81988e+10
1.11351e+11
1.30584e+11
1.41745e+11
1.49363e+11
1.77853e+11
2.07105e+11
2.22375e+11
2.13258e+11
1.65082e+11
7.1761e+10
-9.71284e+10
-2.31145e+11
-3.45585e+11
-4.14945e+11
-4.96018e+11
-5.58462e+11
2.22921e+07
2.85639e+07
3.23873e+07
3.72064e+07
4.29873e+07
4.97369e+07
5.74985e+07
6.63389e+07
7.63777e+07
8.77294e+07
1.00591e+08
1.1512e+08
1.31596e+08
1.50217e+08
1.71372e+08
1.95317e+08
2.22567e+08
2.53431e+08
2.88603e+08
3.28465e+08
3.73921e+08
4.25423e+08
4.84188e+08
5.50821e+08
6.26936e+08
7.13295e+08
8.12057e+08
9.24239e+08
1.05266e+09
1.19857e+09
1.36567e+09
1.55552e+09
1.7727e+09
2.01912e+09
2.30106e+09
2.62145e+09
2.98859e+09
3.40655e+09
3.88714e+09
4.4373e+09
5.07367e+09
5.80673e+09
6.66141e+09
7.65763e+09
8.83522e+09
1.02289e+10
1.19032e+10
1.39177e+10
1.63556e+10
1.92715e+10
2.27434e+10
2.68271e+10
3.1587e+10
3.68398e+10
4.19366e+10
4.51139e+10
5.03534e+10
5.77351e+10
6.58394e+10
7.1991e+10
7.96709e+10
8.78985e+10
9.98922e+10
1.13063e+11
1.33779e+11
1.44569e+11
1.54135e+11
1.86407e+11
2.19096e+11
2.38052e+11
2.32719e+11
1.90093e+11
1.00267e+11
-8.0251e+10
-2.47873e+11
-3.75312e+11
-4.50003e+11
-5.41353e+11
-6.1257e+11
2.27385e+07
2.90472e+07
3.28896e+07
3.7735e+07
4.35495e+07
5.03384e+07
5.81457e+07
6.70389e+07
7.71401e+07
8.85646e+07
1.01512e+08
1.1614e+08
1.32733e+08
1.51488e+08
1.72799e+08
1.96921e+08
2.24377e+08
2.55475e+08
2.90917e+08
3.31088e+08
3.76903e+08
4.28817e+08
4.88062e+08
5.55246e+08
6.32003e+08
7.19098e+08
8.18719e+08
9.31888e+08
1.06146e+09
1.20871e+09
1.37738e+09
1.56906e+09
1.78843e+09
2.03744e+09
2.32249e+09
2.64654e+09
3.0181e+09
3.44133e+09
3.92827e+09
4.48601e+09
5.13151e+09
5.87556e+09
6.74354e+09
7.75559e+09
8.95199e+09
1.03676e+10
1.20674e+10
1.41105e+10
1.65802e+10
1.9531e+10
2.30405e+10
2.71623e+10
3.19545e+10
3.72446e+10
4.24121e+10
4.58284e+10
5.13539e+10
5.80516e+10
6.66917e+10
7.3216e+10
8.11127e+10
8.92999e+10
1.01477e+11
1.14608e+11
1.36743e+11
1.47664e+11
1.59266e+11
1.94952e+11
2.31206e+11
2.53683e+11
2.52067e+11
2.17868e+11
1.34578e+11
-5.666e+10
-2.64382e+11
-4.0374e+11
-4.85806e+11
-5.90762e+11
-6.69906e+11
2.31843e+07
2.95223e+07
3.33813e+07
3.8251e+07
4.40969e+07
5.09223e+07
5.87722e+07
6.77145e+07
7.7874e+07
8.93668e+07
1.02395e+08
1.17118e+08
1.3382e+08
1.52703e+08
1.74161e+08
1.98451e+08
2.26102e+08
2.57422e+08
2.93122e+08
3.33587e+08
3.79743e+08
4.32049e+08
4.91751e+08
5.5946e+08
6.36828e+08
7.24625e+08
8.25065e+08
9.39177e+08
1.06986e+09
1.21838e+09
1.38855e+09
1.58198e+09
1.80345e+09
2.05496e+09
2.34299e+09
2.67058e+09
3.04639e+09
3.4747e+09
3.96778e+09
4.53282e+09
5.18714e+09
5.94175e+09
6.8225e+09
7.84969e+09
9.06402e+09
1.05005e+10
1.22243e+10
1.42944e+10
1.67941e+10
1.97777e+10
2.33227e+10
2.74803e+10
3.23034e+10
3.76282e+10
4.28773e+10
4.67056e+10
5.21707e+10
5.83589e+10
6.74527e+10
7.43459e+10
8.23887e+10
9.06473e+10
1.02972e+11
1.16017e+11
1.39579e+11
1.51205e+11
1.64689e+11
2.03404e+11
2.43404e+11
2.68943e+11
2.7036e+11
2.48738e+11
1.76003e+11
-2.46067e+10
-2.80004e+11
-4.30029e+11
-5.22015e+11
-6.44161e+11
-7.29997e+11
2.36223e+07
2.99884e+07
3.38623e+07
3.87552e+07
4.46312e+07
5.14913e+07
5.93815e+07
6.83705e+07
7.85857e+07
9.01437e+07
1.0325e+08
1.18063e+08
1.34871e+08
1.53876e+08
1.75477e+08
1.9993e+08
2.2777e+08
2.59304e+08
2.95254e+08
3.36002e+08
3.82489e+08
4.35175e+08
4.95322e+08
5.6354e+08
6.41503e+08
7.29981e+08
8.31218e+08
9.46247e+08
1.078e+09
1.22777e+09
1.39941e+09
1.59455e+09
1.81807e+09
2.072e+09
2.36296e+09
2.694e+09
3.07398e+09
3.50726e+09
4.00633e+09
4.57851e+09
5.24141e+09
6.00628e+09
6.89936e+09
7.94111e+09
9.17259e+09
1.06289e+10
1.23755e+10
1.4471e+10
1.69987e+10
2.00133e+10
2.35916e+10
2.77829e+10
3.26355e+10
3.79941e+10
4.33366e+10
4.76676e+10
5.27656e+10
5.86916e+10
6.81115e+10
7.53594e+10
8.34459e+10
9.19763e+10
1.04401e+11
1.17333e+11
1.42337e+11
1.55076e+11
1.70362e+11
2.11699e+11
2.55661e+11
2.83599e+11
2.86225e+11
2.83283e+11
2.25951e+11
1.79057e+10
-2.9336e+11
-4.5324e+11
-5.58505e+11
-7.01768e+11
-7.93959e+11
2.406e+07
3.04454e+07
3.43318e+07
3.9246e+07
4.51499e+07
5.20419e+07
5.99692e+07
6.90013e+07
7.92681e+07
9.08872e+07
1.04066e+08
1.18964e+08
1.35873e+08
1.54993e+08
1.76729e+08
2.01336e+08
2.29354e+08
2.61092e+08
2.97277e+08
3.38295e+08
3.85096e+08
4.38142e+08
4.9871e+08
5.67411e+08
6.45937e+08
7.35063e+08
8.37058e+08
9.5296e+08
1.08574e+09
1.23669e+09
1.40973e+09
1.6065e+09
1.83198e+09
2.08824e+09
2.38199e+09
2.71635e+09
3.10033e+09
3.53839e+09
4.04323e+09
4.62226e+09
5.29341e+09
6.06812e+09
6.973e+09
8.02862e+09
9.27638e+09
1.07515e+10
1.25195e+10
1.46389e+10
1.71931e+10
2.02366e+10
2.38463e+10
2.80692e+10
3.29495e+10
3.83407e+10
4.37788e+10
4.85909e+10
5.31763e+10
5.91498e+10
6.86589e+10
7.62172e+10
8.4222e+10
9.3342e+10
1.05756e+11
1.18591e+11
1.4502e+11
1.59152e+11
1.76234e+11
2.19767e+11
2.67907e+11
2.97534e+11
2.99313e+11
3.22864e+11
2.85971e+11
7.31825e+10
-3.02231e+11
-4.72366e+11
-5.95661e+11
-7.64054e+11
-8.64418e+11
2.44906e+07
3.08927e+07
3.47898e+07
3.97242e+07
4.56548e+07
5.25766e+07
6.0539e+07
6.96116e+07
7.99275e+07
9.16044e+07
1.04853e+08
1.19832e+08
1.36837e+08
1.56068e+08
1.77934e+08
2.02689e+08
2.30879e+08
2.62813e+08
2.99226e+08
3.40504e+08
3.87608e+08
4.41001e+08
5.01977e+08
5.71144e+08
6.50216e+08
7.39969e+08
8.42699e+08
9.59445e+08
1.09322e+09
1.24532e+09
1.41971e+09
1.61808e+09
1.84546e+09
2.10398e+09
2.40046e+09
2.73805e+09
3.12592e+09
3.56863e+09
4.07909e+09
4.66479e+09
5.34394e+09
6.12815e+09
7.04439e+09
8.11328e+09
9.37655e+09
1.08694e+10
1.26577e+10
1.47994e+10
1.73783e+10
2.0449e+10
2.4088e+10
2.83404e+10
3.32469e+10
3.86693e+10
4.41953e+10
4.93233e+10
5.35288e+10
5.98663e+10
6.90911e+10
7.68452e+10
8.48597e+10
9.48881e+10
1.07029e+11
1.19851e+11
1.47619e+11
1.63351e+11
1.82295e+11
2.27569e+11
2.80044e+11
3.10859e+11
3.1243e+11
3.7095e+11
3.57763e+11
1.43946e+11
-3.02946e+11
-4.86463e+11
-6.35119e+11
-8.32116e+11
-9.45186e+11
2.49208e+07
3.13298e+07
3.52353e+07
4.01883e+07
4.61431e+07
5.30922e+07
6.10862e+07
7.0196e+07
8.05571e+07
9.2288e+07
1.05601e+08
1.20657e+08
1.37752e+08
1.57088e+08
1.79075e+08
2.03969e+08
2.32321e+08
2.64441e+08
3.01068e+08
3.42591e+08
3.89981e+08
4.43704e+08
5.05063e+08
5.74673e+08
6.5426e+08
7.44607e+08
8.48031e+08
9.65579e+08
1.10029e+09
1.25348e+09
1.42917e+09
1.62904e+09
1.85824e+09
2.11891e+09
2.41799e+09
2.75867e+09
3.15027e+09
3.59744e+09
4.11327e+09
4.70536e+09
5.39216e+09
6.18547e+09
7.11252e+09
8.19404e+09
9.47196e+09
1.09816e+10
1.27888e+10
1.49514e+10
1.75535e+10
2.06496e+10
2.43162e+10
2.85959e+10
3.35265e+10
3.89782e+10
4.45802e+10
4.98681e+10
5.39425e+10
6.07101e+10
6.94163e+10
7.72483e+10
8.55489e+10
9.6477e+10
1.08184e+11
1.21191e+11
1.50109e+11
1.67599e+11
1.88528e+11
2.35067e+11
2.91949e+11
3.2384e+11
3.29611e+11
4.30845e+11
4.43124e+11
2.33324e+11
-2.87798e+11
-4.93831e+11
-6.80419e+11
-9.07955e+11
-1.04088e+12
2.53425e+07
3.17564e+07
3.56686e+07
4.06391e+07
4.6617e+07
5.35912e+07
6.16147e+07
7.07591e+07
8.11629e+07
9.29447e+07
1.0632e+08
1.21448e+08
1.3863e+08
1.58065e+08
1.80169e+08
2.05197e+08
2.33705e+08
2.66001e+08
3.02836e+08
3.44594e+08
3.92259e+08
4.46297e+08
5.08027e+08
5.78061e+08
6.58146e+08
7.49065e+08
8.5316e+08
9.7148e+08
1.1071e+09
1.26135e+09
1.43828e+09
1.63962e+09
1.87057e+09
2.13333e+09
2.43492e+09
2.7786e+09
3.17381e+09
3.6253e+09
4.14635e+09
4.74462e+09
5.43882e+09
6.24088e+09
7.1783e+09
8.27185e+09
9.56365e+09
1.1089e+10
1.29139e+10
1.50961e+10
1.77197e+10
2.08396e+10
2.45317e+10
2.88368e+10
3.37896e+10
3.92684e+10
4.49366e+10
5.03347e+10
5.45042e+10
6.14983e+10
6.96566e+10
7.7533e+10
8.64013e+10
9.7734e+10
1.09177e+11
1.22775e+11
1.52475e+11
1.71857e+11
1.94946e+11
2.42273e+11
3.03538e+11
3.36904e+11
3.53487e+11
5.03804e+11
5.43922e+11
3.44771e+11
-2.40021e+11
-4.92467e+11
-7.37429e+11
-9.92399e+11
-1.15602e+12
2.57621e+07
3.21716e+07
3.60884e+07
4.1075e+07
4.70736e+07
5.40702e+07
6.21199e+07
7.12957e+07
8.17384e+07
9.35674e+07
1.07e+08
1.22196e+08
1.39458e+08
1.58986e+08
1.812e+08
2.06354e+08
2.35006e+08
2.67471e+08
3.04498e+08
3.46479e+08
3.944e+08
4.48737e+08
5.10813e+08
5.8125e+08
6.61799e+08
7.5326e+08
8.57983e+08
9.77037e+08
1.11351e+09
1.26876e+09
1.44686e+09
1.64959e+09
1.88219e+09
2.14695e+09
2.45092e+09
2.79745e+09
3.19609e+09
3.65172e+09
4.17772e+09
4.78191e+09
5.48314e+09
6.29355e+09
7.2408e+09
8.34575e+09
9.65061e+09
1.11907e+10
1.30322e+10
1.52326e+10
1.78763e+10
2.10182e+10
2.47341e+10
2.90624e+10
3.40354e+10
3.95391e+10
4.5266e+10
5.07623e+10
5.51587e+10
6.21812e+10
6.98302e+10
7.77486e+10
8.73475e+10
9.85762e+10
1.10109e+11
1.24916e+11
1.5469e+11
1.7608e+11
2.01529e+11
2.49205e+11
3.148e+11
3.50599e+11
3.84307e+11
5.90821e+11
6.6204e+11
4.8156e+11
-1.52531e+11
-4.80017e+11
-8.03752e+11
-1.08427e+12
-1.29111e+12
2.61716e+07
3.25753e+07
3.64953e+07
4.1497e+07
4.75147e+07
5.45315e+07
6.26054e+07
7.18101e+07
8.22892e+07
9.41625e+07
1.07649e+08
1.2291e+08
1.40248e+08
1.59865e+08
1.82183e+08
2.07457e+08
2.36248e+08
2.68872e+08
3.06084e+08
3.48277e+08
3.96445e+08
4.51067e+08
5.13474e+08
5.84295e+08
6.65292e+08
7.57271e+08
8.62599e+08
9.82354e+08
1.11965e+09
1.27586e+09
1.45509e+09
1.65916e+09
1.89335e+09
2.16002e+09
2.46628e+09
2.81557e+09
3.21752e+09
3.67713e+09
4.2079e+09
4.81779e+09
5.52579e+09
6.3442e+09
7.30083e+09
8.41661e+09
9.73378e+09
1.12877e+10
1.31446e+10
1.53619e+10
1.8024e+10
2.11863e+10
2.49241e+10
2.92735e+10
3.42647e+10
3.97912e+10
4.55715e+10
5.11651e+10
5.58479e+10
6.27554e+10
6.99627e+10
7.79256e+10
8.8223e+10
9.926e+10
1.11273e+11
1.27781e+11
1.56727e+11
1.8024e+11
2.08263e+11
2.55937e+11
3.25889e+11
3.65657e+11
4.22999e+11
6.92843e+11
7.99307e+11
6.46726e+11
-2.45393e+10
-4.5414e+11
-8.74608e+11
-1.18177e+12
-1.44251e+12
2.65779e+07
3.29666e+07
3.68878e+07
4.19033e+07
4.79376e+07
5.4972e+07
6.30666e+07
7.22974e+07
8.28091e+07
9.47235e+07
1.0826e+08
1.2358e+08
1.40988e+08
1.6069e+08
1.83103e+08
2.0849e+08
2.3741e+08
2.70184e+08
3.07566e+08
3.4996e+08
3.98355e+08
4.53247e+08
5.15961e+08
5.87145e+08
6.68556e+08
7.61026e+08
8.66914e+08
9.87334e+08
1.12539e+09
1.28251e+09
1.4628e+09
1.66813e+09
1.90382e+09
2.1723e+09
2.48072e+09
2.83263e+09
3.23769e+09
3.70109e+09
4.23637e+09
4.85169e+09
5.56608e+09
6.3921e+09
7.35757e+09
8.48359e+09
9.81228e+09
1.13792e+10
1.32503e+10
1.54832e+10
1.81624e+10
2.13436e+10
2.51014e+10
2.947e+10
3.44772e+10
4.00241e+10
4.58532e+10
5.15435e+10
5.652e+10
6.32222e+10
7.00684e+10
7.80811e+10
8.89647e+10
1.00045e+11
1.12833e+11
1.30981e+11
1.58535e+11
1.8429e+11
2.15061e+11
2.62532e+11
3.3708e+11
3.82977e+11
4.71192e+11
8.10841e+11
9.57312e+11
8.42645e+11
1.50689e+11
-4.0877e+11
-9.48073e+11
-1.28362e+12
-1.61302e+12
2.69729e+07
3.33453e+07
3.72668e+07
4.22951e+07
4.83442e+07
5.5394e+07
6.35073e+07
7.27617e+07
8.33039e+07
9.52563e+07
1.0884e+08
1.24216e+08
1.41691e+08
1.61471e+08
1.83976e+08
2.09469e+08
2.38511e+08
2.71428e+08
3.08973e+08
3.51556e+08
4.00169e+08
4.55316e+08
5.18324e+08
5.89852e+08
6.71659e+08
7.64595e+08
8.7102e+08
9.92071e+08
1.13086e+09
1.28884e+09
1.47014e+09
1.67668e+09
1.9138e+09
2.18401e+09
2.4945e+09
2.84891e+09
3.25697e+09
3.724e+09
4.26361e+09
4.88412e+09
5.60463e+09
6.4379e+09
7.41178e+09
8.54747e+09
9.88698e+09
1.1466e+10
1.33502e+10
1.55975e+10
1.82922e+10
2.14906e+10
2.52666e+10
2.96523e+10
3.46734e+10
4.02384e+10
4.61124e+10
5.18963e+10
5.71384e+10
6.35865e+10
7.01589e+10
7.82646e+10
8.96727e+10
1.01061e+11
1.14665e+11
1.34137e+11
1.60077e+11
1.8819e+11
2.21778e+11
2.69093e+11
3.48728e+11
4.03591e+11
5.30979e+11
9.45934e+11
1.13735e+12
1.06994e+12
3.79569e+11
-3.34462e+11
-1.0221e+12
-1.38962e+12
-1.80602e+12
2.73636e+07
3.37103e+07
3.76306e+07
4.26704e+07
4.87317e+07
5.57942e+07
6.3923e+07
7.31985e+07
8.37674e+07
9.5755e+07
1.0938e+08
1.2481e+08
1.42345e+08
1.62199e+08
1.84788e+08
2.10381e+08
2.39534e+08
2.72585e+08
3.10278e+08
3.5304e+08
4.01851e+08
4.57239e+08
5.20516e+08
5.92369e+08
6.74538e+08
7.67914e+08
8.74831e+08
9.9648e+08
1.13594e+09
1.29474e+09
1.47697e+09
1.68466e+09
1.92309e+09
2.19495e+09
2.50735e+09
2.86414e+09
3.27499e+09
3.74546e+09
4.28912e+09
4.91456e+09
5.64081e+09
6.48097e+09
7.46271e+09
8.60754e+09
9.9571e+09
1.15473e+10
1.34437e+10
1.57042e+10
1.84132e+10
2.16273e+10
2.54196e+10
2.98205e+10
3.48534e+10
4.04341e+10
4.63486e+10
5.22189e+10
5.76746e+10
6.38468e+10
7.02469e+10
7.85445e+10
9.03716e+10
1.02239e+11
1.16702e+11
1.36894e+11
1.61353e+11
1.91873e+11
2.28127e+11
2.7572e+11
3.61119e+11
4.28954e+11
6.04799e+11
1.09941e+12
1.34043e+12
1.32921e+12
6.63124e+11
-2.16594e+11
-1.09227e+12
-1.50184e+12
-2.02519e+12
2.77416e+07
3.40617e+07
3.79802e+07
4.30304e+07
4.91018e+07
5.61747e+07
6.43172e+07
7.36113e+07
8.4205e+07
9.62249e+07
1.0989e+08
1.25368e+08
1.42961e+08
1.62884e+08
1.85551e+08
2.11238e+08
2.40497e+08
2.73673e+08
3.11508e+08
3.54437e+08
4.03437e+08
4.5905e+08
5.22582e+08
5.9474e+08
6.77255e+08
7.71044e+08
8.7843e+08
1.00064e+09
1.14074e+09
1.30031e+09
1.48343e+09
1.6922e+09
1.93189e+09
2.2053e+09
2.51953e+09
2.87858e+09
3.29208e+09
3.76583e+09
4.31335e+09
4.94347e+09
5.67518e+09
6.52185e+09
7.51105e+09
8.66445e+09
1.00234e+10
1.16241e+10
1.35315e+10
1.58041e+10
1.85258e+10
2.1754e+10
2.55608e+10
2.9975e+10
3.50174e+10
4.06112e+10
4.6562e+10
5.25089e+10
5.81163e+10
6.40394e+10
7.03567e+10
7.89197e+10
9.10875e+10
1.03549e+11
1.19014e+11
1.3901e+11
1.62462e+11
1.95257e+11
2.33654e+11
2.82632e+11
3.7454e+11
4.60639e+11
6.94478e+11
1.27275e+12
1.56732e+12
1.62464e+12
1.0011e+12
-2.58333e+10
-1.14087e+12
-1.61994e+12
-2.27683e+12
2.81138e+07
3.43983e+07
3.83141e+07
4.33731e+07
4.94517e+07
5.65326e+07
6.46856e+07
7.39962e+07
8.46113e+07
9.66608e+07
1.10361e+08
1.25884e+08
1.43529e+08
1.63516e+08
1.86254e+08
2.12029e+08
2.41383e+08
2.74677e+08
3.12639e+08
3.55725e+08
4.04895e+08
4.6072e+08
5.24483e+08
5.96928e+08
6.79754e+08
7.73933e+08
8.81743e+08
1.00448e+09
1.14516e+09
1.30546e+09
1.48939e+09
1.69917e+09
1.94002e+09
2.21489e+09
2.5308e+09
2.89196e+09
3.30793e+09
3.78476e+09
4.33586e+09
4.97041e+09
5.70719e+09
6.56002e+09
7.55614e+09
8.71763e+09
1.00853e+10
1.16957e+10
1.36132e+10
1.58969e+10
1.863e+10
2.18709e+10
2.56905e+10
3.01161e+10
3.51659e+10
4.07702e+10
4.67524e+10
5.27644e+10
5.84625e+10
6.42019e+10
7.05061e+10
7.93465e+10
9.18299e+10
1.04929e+11
1.21565e+11
1.40416e+11
1.63576e+11
1.98209e+11
2.37639e+11
2.9033e+11
3.891e+11
4.98946e+11
8.01098e+11
1.46741e+12
1.81796e+12
1.9609e+12
1.39558e+12
2.91831e+11
-1.14709e+12
-1.7272e+12
-2.56423e+12
2.84715e+07
3.47205e+07
3.86335e+07
4.36998e+07
4.97834e+07
5.687e+07
6.50319e+07
7.43567e+07
8.49914e+07
9.70677e+07
1.10801e+08
1.26366e+08
1.44059e+08
1.64105e+08
1.86911e+08
2.12766e+08
2.42211e+08
2.75613e+08
3.13695e+08
3.56926e+08
4.06258e+08
4.62279e+08
5.2626e+08
5.98971e+08
6.82093e+08
7.76633e+08
8.84846e+08
1.00808e+09
1.1493e+09
1.31028e+09
1.49497e+09
1.7057e+09
1.94764e+09
2.22388e+09
2.54138e+09
2.90454e+09
3.32283e+09
3.80256e+09
4.35705e+09
4.99576e+09
5.73736e+09
6.59597e+09
7.59862e+09
8.76766e+09
1.01435e+10
1.17628e+10
1.36896e+10
1.59831e+10
1.87265e+10
2.19785e+10
2.58091e+10
3.0244e+10
3.52991e+10
4.0911e+10
4.69198e+10
5.2986e+10
5.87313e+10
6.43534e+10
7.06919e+10
7.98024e+10
9.25979e+10
1.06316e+11
1.23867e+11
1.41475e+11
1.65066e+11
2.00462e+11
2.40368e+11
3.00461e+11
4.04881e+11
5.43209e+11
9.24607e+11
1.68307e+12
2.09089e+12
2.33964e+12
1.84579e+12
7.04731e+11
-1.08305e+12
-1.77582e+12
-2.89365e+12
2.88216e+07
3.50267e+07
3.89365e+07
4.40082e+07
5.00938e+07
5.71839e+07
6.53521e+07
7.46891e+07
8.53402e+07
9.74409e+07
1.11203e+08
1.26806e+08
1.44542e+08
1.64643e+08
1.87508e+08
2.13439e+08
2.42963e+08
2.76466e+08
3.14656e+08
3.58023e+08
4.07497e+08
4.63702e+08
5.27877e+08
6.00836e+08
6.84222e+08
7.791e+08
8.87672e+08
1.01136e+09
1.15308e+09
1.31469e+09
1.50007e+09
1.71169e+09
1.95461e+09
2.23212e+09
2.55107e+09
2.91609e+09
3.3365e+09
3.81894e+09
4.37654e+09
5.01916e+09
5.76518e+09
6.62922e+09
7.6379e+09
8.81403e+09
1.01973e+10
1.1825e+10
1.37601e+10
1.60627e+10
1.8815e+10
2.20769e+10
2.59169e+10
3.03597e+10
3.54179e+10
4.10346e+10
4.70647e+10
5.3175e+10
5.89411e+10
6.44977e+10
7.09024e+10
8.02701e+10
9.33784e+10
1.07657e+11
1.25609e+11
1.42543e+11
1.66835e+11
2.0204e+11
2.43101e+11
3.13946e+11
4.21889e+11
5.9186e+11
1.06312e+12
1.91407e+12
2.38295e+12
2.76001e+12
2.35464e+12
1.11912e+12
-9.52504e+11
-1.73965e+12
-3.26872e+12
2.9155e+07
3.53176e+07
3.92248e+07
4.42996e+07
5.03849e+07
5.74764e+07
6.56493e+07
7.49965e+07
8.56625e+07
9.7785e+07
1.11574e+08
1.27212e+08
1.44987e+08
1.65139e+08
1.88059e+08
2.14058e+08
2.43658e+08
2.77253e+08
3.15543e+08
3.59033e+08
4.08642e+08
4.65014e+08
5.29372e+08
6.02558e+08
6.86192e+08
7.81379e+08
8.90289e+08
1.0144e+09
1.15658e+09
1.31877e+09
1.5048e+09
1.71723e+09
1.96107e+09
2.23976e+09
2.56007e+09
2.9268e+09
3.3492e+09
3.83417e+09
4.39469e+09
5.04093e+09
5.79111e+09
6.66021e+09
7.67453e+09
8.85724e+09
1.02475e+10
1.18828e+10
1.38255e+10
1.61362e+10
1.88964e+10
2.21666e+10
2.60143e+10
3.04632e+10
3.55226e+10
4.11409e+10
4.71874e+10
5.33332e+10
5.91052e+10
6.46357e+10
7.11301e+10
8.07387e+10
9.41597e+10
1.08925e+11
1.26997e+11
1.43905e+11
1.68719e+11
2.03607e+11
2.47024e+11
3.24836e+11
4.40582e+11
6.42696e+11
1.21281e+12
2.15095e+12
2.68895e+12
3.21964e+12
2.94325e+12
1.55213e+12
-7.50644e+11
-1.61257e+12
-3.69374e+12
2.94781e+07
3.55915e+07
3.94965e+07
4.45718e+07
5.06537e+07
5.77447e+07
6.59201e+07
7.52759e+07
8.59541e+07
9.8096e+07
1.11907e+08
1.27578e+08
1.45387e+08
1.65585e+08
1.88554e+08
2.14616e+08
2.44281e+08
2.77961e+08
3.16339e+08
3.59943e+08
4.0967e+08
4.66196e+08
5.30714e+08
6.0411e+08
6.87961e+08
7.83433e+08
8.92641e+08
1.01714e+09
1.15973e+09
1.32246e+09
1.50905e+09
1.72223e+09
1.9669e+09
2.24667e+09
2.56819e+09
2.93651e+09
3.36071e+09
3.848e+09
4.41116e+09
5.06078e+09
5.81474e+09
6.68853e+09
7.70802e+09
8.89686e+09
1.02934e+10
1.19358e+10
1.38854e+10
1.62034e+10
1.89704e+10
2.22478e+10
2.61019e+10
3.05555e+10
3.56141e+10
4.12313e+10
4.72888e+10
5.34624e+10
5.92321e+10
6.47674e+10
7.13678e+10
8.11966e+10
9.49244e+10
1.10108e+11
1.28236e+11
1.45579e+11
1.70642e+11
2.05409e+11
2.51946e+11
3.32684e+11
4.64436e+11
6.93168e+11
1.37122e+12
2.38447e+12
3.00177e+12
3.71402e+12
3.62575e+12
2.13423e+12
-4.65412e+11
-1.42762e+12
-4.19293e+12
2.97811e+07
3.58493e+07
3.97531e+07
4.48258e+07
5.09023e+07
5.79911e+07
6.61679e+07
7.55304e+07
8.62194e+07
9.83784e+07
1.12211e+08
1.27909e+08
1.45751e+08
1.65989e+08
1.89003e+08
2.15122e+08
2.44848e+08
2.78604e+08
3.17063e+08
3.6077e+08
4.10605e+08
4.67271e+08
5.31937e+08
6.05522e+08
6.89575e+08
7.85305e+08
8.94789e+08
1.01964e+09
1.16261e+09
1.32582e+09
1.51294e+09
1.7268e+09
1.97222e+09
2.25299e+09
2.57562e+09
2.94539e+09
3.37125e+09
3.86067e+09
4.42627e+09
5.07897e+09
5.83645e+09
6.71456e+09
7.73885e+09
8.93333e+09
1.03358e+10
1.19847e+10
1.39404e+10
1.62649e+10
1.90377e+10
2.2321e+10
2.618e+10
3.06368e+10
3.56931e+10
4.13061e+10
4.7369e+10
5.3563e+10
5.93289e+10
6.48953e+10
7.16129e+10
8.16362e+10
9.56581e+10
1.11197e+11
1.29391e+11
1.47374e+11
1.72631e+11
2.07523e+11
2.5687e+11
3.40728e+11
4.97129e+11
7.42867e+11
1.53691e+12
2.60227e+12
3.31334e+12
4.23568e+12
4.39411e+12
3.02324e+12
7.28896e+09
-1.23888e+12
-4.81089e+12
3.00691e+07
3.60894e+07
3.9993e+07
4.50595e+07
5.11281e+07
5.82131e+07
6.63897e+07
7.57575e+07
8.6455e+07
9.8629e+07
1.12479e+08
1.28203e+08
1.46072e+08
1.66347e+08
1.89399e+08
2.15569e+08
2.45347e+08
2.79173e+08
3.17701e+08
3.61501e+08
4.1143e+08
4.68222e+08
5.33016e+08
6.06773e+08
6.90999e+08
7.86963e+08
8.96686e+08
1.02186e+09
1.16515e+09
1.3288e+09
1.51638e+09
1.73086e+09
1.97694e+09
2.2586e+09
2.58222e+09
2.9533e+09
3.38062e+09
3.87198e+09
4.43976e+09
5.09527e+09
5.8559e+09
6.73797e+09
7.76659e+09
8.96627e+09
1.03741e+10
1.20289e+10
1.39903e+10
1.63205e+10
1.90983e+10
2.23865e+10
2.6249e+10
3.0708e+10
3.57607e+10
4.13667e+10
4.74292e+10
5.36349e+10
5.94002e+10
6.50211e+10
7.18636e+10
8.20471e+10
9.63403e+10
1.12181e+11
1.30476e+11
1.49176e+11
1.74702e+11
2.09901e+11
2.62174e+11
3.5318e+11
5.32157e+11
7.91647e+11
1.7047e+12
2.78931e+12
3.61537e+12
4.77396e+12
5.23879e+12
4.22711e+12
8.44416e+11
-1.04897e+12
-5.60969e+12
3.03305e+07
3.63123e+07
4.02175e+07
4.52737e+07
5.13328e+07
5.84129e+07
6.65884e+07
7.59601e+07
8.6665e+07
9.88516e+07
1.12718e+08
1.28463e+08
1.46357e+08
1.66665e+08
1.89752e+08
2.15966e+08
2.45792e+08
2.79678e+08
3.18271e+08
3.62152e+08
4.12167e+08
4.69069e+08
5.3398e+08
6.07887e+08
6.92273e+08
7.88442e+08
8.98383e+08
1.02383e+09
1.16743e+09
1.33146e+09
1.51946e+09
1.73448e+09
1.98117e+09
2.26361e+09
2.58812e+09
2.96037e+09
3.38902e+09
3.8821e+09
4.45186e+09
5.10989e+09
5.87339e+09
6.75903e+09
7.79161e+09
8.99601e+09
1.04088e+10
1.2069e+10
1.40354e+10
1.63706e+10
1.91525e+10
2.24445e+10
2.63094e+10
3.07693e+10
3.58174e+10
4.14138e+10
4.74699e+10
5.36743e+10
5.94488e+10
6.51508e+10
7.21241e+10
8.24218e+10
9.69514e+10
1.13048e+11
1.31485e+11
1.50927e+11
1.76829e+11
2.12367e+11
2.68333e+11
3.70842e+11
5.64539e+11
8.38199e+11
1.86527e+12
2.93249e+12
3.90174e+12
5.31722e+12
6.15391e+12
5.71366e+12
2.49109e+12
-5.71237e+11
-6.60758e+12
3.05637e+07
3.65172e+07
4.04248e+07
4.54663e+07
5.15142e+07
5.85884e+07
6.67617e+07
7.61362e+07
8.68466e+07
9.90442e+07
1.12923e+08
1.28688e+08
1.46602e+08
1.66939e+08
1.90055e+08
2.16309e+08
2.46174e+08
2.80114e+08
3.1876e+08
3.62713e+08
4.128e+08
4.698e+08
5.34809e+08
6.0885e+08
6.93369e+08
7.89722e+08
8.99847e+08
1.02555e+09
1.16939e+09
1.33377e+09
1.52212e+09
1.73762e+09
1.98481e+09
2.26796e+09
2.59323e+09
2.96651e+09
3.3963e+09
3.89092e+09
4.46238e+09
5.12267e+09
5.88868e+09
6.77753e+09
7.81361e+09
9.02229e+09
1.04395e+10
1.21047e+10
1.40755e+10
1.64153e+10
1.92006e+10
2.24955e+10
2.63616e+10
3.08218e+10
3.58647e+10
4.14496e+10
4.74931e+10
5.3677e+10
5.94786e+10
6.5295e+10
7.2399e+10
8.27515e+10
9.74675e+10
1.13784e+11
1.32404e+11
1.52591e+11
1.789e+11
2.14915e+11
2.75666e+11
3.92229e+11
5.91981e+11
8.81563e+11
2.00034e+12
3.01981e+12
4.17504e+12
5.85572e+12
7.139e+12
7.48526e+12
5.26276e+12
6.52235e+11
-7.45695e+12
3.07716e+07
3.67069e+07
4.0615e+07
4.5638e+07
5.1674e+07
5.87416e+07
6.69123e+07
7.62885e+07
8.70035e+07
9.921e+07
1.131e+08
1.28881e+08
1.46814e+08
1.67174e+08
1.90317e+08
2.16604e+08
2.46505e+08
2.80491e+08
3.19184e+08
3.63199e+08
4.13349e+08
4.70433e+08
5.35529e+08
6.09684e+08
6.94323e+08
7.90831e+08
9.01119e+08
1.02703e+09
1.1711e+09
1.33577e+09
1.52443e+09
1.74034e+09
1.98798e+09
2.27173e+09
2.59767e+09
2.97184e+09
3.40263e+09
3.89857e+09
4.47154e+09
5.13378e+09
5.90202e+09
6.79367e+09
7.83288e+09
9.04535e+09
1.04666e+10
1.21362e+10
1.41111e+10
1.64547e+10
1.92428e+10
2.25397e+10
2.6406e+10
3.08656e+10
3.59032e+10
4.14751e+10
4.75006e+10
5.3648e+10
5.94952e+10
6.54624e+10
7.26878e+10
8.30306e+10
9.78661e+10
1.14378e+11
1.33217e+11
1.54163e+11
1.80899e+11
2.17845e+11
2.83908e+11
4.15484e+11
6.12692e+11
9.22265e+11
2.06564e+12
3.08559e+12
4.47303e+12
6.38532e+12
8.19139e+12
9.53423e+12
9.14311e+12
3.43209e+12
-7.61887e+12
3.09866e+07
3.68795e+07
4.0784e+07
4.5787e+07
5.18105e+07
5.88712e+07
6.70387e+07
7.64159e+07
8.7134e+07
9.93479e+07
1.13247e+08
1.29042e+08
1.46989e+08
1.6737e+08
1.90533e+08
2.1685e+08
2.46778e+08
2.80804e+08
3.19535e+08
3.63602e+08
4.13804e+08
4.7096e+08
5.36126e+08
6.10379e+08
6.95114e+08
7.91757e+08
9.02177e+08
1.02827e+09
1.17252e+09
1.33744e+09
1.52636e+09
1.74262e+09
1.99062e+09
2.27488e+09
2.60137e+09
2.9763e+09
3.40792e+09
3.90498e+09
4.47921e+09
5.14312e+09
5.91323e+09
6.80731e+09
7.8492e+09
9.06501e+09
1.04897e+10
1.21634e+10
1.41419e+10
1.64889e+10
1.92792e+10
2.25775e+10
2.64431e+10
3.09015e+10
3.59342e+10
4.14929e+10
4.74967e+10
5.36034e+10
5.95048e+10
6.56506e+10
7.29824e+10
8.32551e+10
9.81242e+10
1.14819e+11
1.3391e+11
1.55638e+11
1.82847e+11
2.21291e+11
2.92077e+11
4.35667e+11
6.26199e+11
9.66439e+11
2.08735e+12
3.15864e+12
4.77133e+12
6.87706e+12
9.28482e+12
1.18068e+13
1.40685e+13
8.45007e+12
-6.48277e+12
3.12075e+07
3.70317e+07
4.09301e+07
4.59135e+07
5.19246e+07
5.89783e+07
6.71426e+07
7.65201e+07
8.72407e+07
9.94603e+07
1.13367e+08
1.29172e+08
1.47132e+08
1.6753e+08
1.90711e+08
2.17051e+08
2.47004e+08
2.81061e+08
3.19825e+08
3.63935e+08
4.1418e+08
4.71394e+08
5.36621e+08
6.10954e+08
6.9577e+08
7.92524e+08
9.03056e+08
1.0293e+09
1.1737e+09
1.33883e+09
1.52796e+09
1.7445e+09
1.99281e+09
2.27748e+09
2.60443e+09
2.97998e+09
3.4123e+09
3.91029e+09
4.48557e+09
5.15086e+09
5.92254e+09
6.81866e+09
7.86282e+09
9.08146e+09
1.05092e+10
1.21864e+10
1.41681e+10
1.6518e+10
1.93102e+10
2.26092e+10
2.64735e+10
3.09299e+10
3.59585e+10
4.1505e+10
4.74852e+10
5.35547e+10
5.95141e+10
6.58561e+10
7.32763e+10
8.34272e+10
9.82223e+10
1.15104e+11
1.34467e+11
1.57003e+11
1.84656e+11
2.24979e+11
2.98998e+11
4.44435e+11
6.37985e+11
1.0319e+12
2.10848e+12
3.2565e+12
5.02701e+12
7.26875e+12
1.03148e+13
1.41759e+13
1.97563e+13
1.65145e+13
-2.72954e+12
3.14199e+07
3.71592e+07
4.10508e+07
4.60165e+07
5.20156e+07
5.90629e+07
6.72239e+07
7.66013e+07
8.73234e+07
9.95474e+07
1.13459e+08
1.29274e+08
1.47243e+08
1.67654e+08
1.90848e+08
2.17207e+08
2.47178e+08
2.81261e+08
3.20049e+08
3.64195e+08
4.14472e+08
4.71734e+08
5.37006e+08
6.11405e+08
6.96282e+08
7.93125e+08
9.03742e+08
1.03011e+09
1.17462e+09
1.33992e+09
1.5292e+09
1.74598e+09
1.99452e+09
2.27953e+09
2.60682e+09
2.98287e+09
3.41571e+09
3.91446e+09
4.49054e+09
5.15694e+09
5.92984e+09
6.82761e+09
7.87357e+09
9.09456e+09
1.05248e+10
1.22051e+10
1.41894e+10
1.65418e+10
1.93354e+10
2.26348e+10
2.64973e+10
3.09512e+10
3.59766e+10
4.15133e+10
4.74707e+10
5.35113e+10
5.95305e+10
6.60721e+10
7.356e+10
8.35559e+10
9.81495e+10
1.15227e+11
1.34873e+11
1.58211e+11
1.86135e+11
2.28446e+11
3.0486e+11
4.5199e+11
6.57757e+11
1.10361e+12
2.13397e+12
3.36133e+12
5.22144e+12
7.56811e+12
1.11671e+13
1.63646e+13
2.51679e+13
2.79599e+13
6.79486e+12
3.15842e+07
3.72594e+07
4.1145e+07
4.60953e+07
5.2084e+07
5.91255e+07
6.72838e+07
7.66607e+07
8.73838e+07
9.96109e+07
1.13527e+08
1.29347e+08
1.47323e+08
1.67745e+08
1.90949e+08
2.17322e+08
2.47306e+08
2.81408e+08
3.20215e+08
3.64386e+08
4.14688e+08
4.71985e+08
5.37291e+08
6.11736e+08
6.96661e+08
7.93569e+08
9.04251e+08
1.0307e+09
1.17531e+09
1.34072e+09
1.53013e+09
1.74707e+09
1.99578e+09
2.28103e+09
2.60858e+09
2.98499e+09
3.41823e+09
3.91752e+09
4.49421e+09
5.16141e+09
5.93522e+09
6.83421e+09
7.88155e+09
9.1043e+09
1.05365e+10
1.22192e+10
1.42058e+10
1.65602e+10
1.93547e+10
2.26543e+10
2.65149e+10
3.0966e+10
3.59888e+10
4.1519e+10
4.74576e+10
5.34802e+10
5.95603e+10
6.62856e+10
7.38263e+10
8.36611e+10
9.79193e+10
1.15184e+11
1.35111e+11
1.59051e+11
1.87342e+11
2.31503e+11
3.10181e+11
4.59554e+11
6.81207e+11
1.16304e+12
2.15566e+12
3.4379e+12
5.35321e+12
7.81824e+12
1.17946e+13
1.81968e+13
2.93341e+13
3.89225e+13
2.87394e+13
3.17032e+07
3.73291e+07
4.121e+07
4.61489e+07
5.21295e+07
5.91665e+07
6.73227e+07
7.66992e+07
8.7423e+07
9.96519e+07
1.1357e+08
1.29395e+08
1.47376e+08
1.67804e+08
1.91015e+08
2.17397e+08
2.47391e+08
2.81505e+08
3.20325e+08
3.64512e+08
4.14832e+08
4.72151e+08
5.3748e+08
6.11957e+08
6.96915e+08
7.93865e+08
9.04592e+08
1.0311e+09
1.17576e+09
1.34126e+09
1.53075e+09
1.7478e+09
1.99662e+09
2.28203e+09
2.60976e+09
2.9864e+09
3.41991e+09
3.91955e+09
4.49665e+09
5.16438e+09
5.93881e+09
6.83861e+09
7.88689e+09
9.11085e+09
1.05445e+10
1.22288e+10
1.42171e+10
1.65728e+10
1.93679e+10
2.26674e+10
2.65265e+10
3.09747e+10
3.59951e+10
4.15218e+10
4.74482e+10
5.34668e+10
5.96069e+10
6.64761e+10
7.4065e+10
8.37516e+10
9.76239e+10
1.15004e+11
1.35158e+11
1.59394e+11
1.88306e+11
2.33316e+11
3.14112e+11
4.63804e+11
6.95743e+11
1.2029e+12
2.17122e+12
3.47773e+12
5.43369e+12
8.02134e+12
1.22224e+13
1.95285e+13
3.22461e+13
4.59813e+13
7.93214e+13
3.17942e+07
3.73645e+07
4.12426e+07
4.61755e+07
5.21515e+07
5.9186e+07
6.7341e+07
7.67171e+07
8.74413e+07
9.96711e+07
1.13591e+08
1.29418e+08
1.47401e+08
1.67832e+08
1.91048e+08
2.17434e+08
2.47434e+08
2.81554e+08
3.20381e+08
3.64577e+08
4.14907e+08
4.72238e+08
5.37581e+08
6.12074e+08
6.9705e+08
7.94023e+08
9.04775e+08
1.03132e+09
1.17601e+09
1.34155e+09
1.53108e+09
1.74819e+09
1.99708e+09
2.28256e+09
2.61039e+09
2.98715e+09
3.4208e+09
3.92063e+09
4.49795e+09
5.16595e+09
5.94071e+09
6.84093e+09
7.88971e+09
9.11431e+09
1.05487e+10
1.2234e+10
1.42232e+10
1.65797e+10
1.9375e+10
2.26742e+10
2.65321e+10
3.09781e+10
3.59961e+10
4.15205e+10
4.74405e+10
5.34661e+10
5.96564e+10
6.66085e+10
7.42024e+10
8.37758e+10
9.73709e+10
1.14753e+11
1.35019e+11
1.59318e+11
1.88525e+11
2.33907e+11
3.16086e+11
4.66343e+11
7.05652e+11
1.22599e+12
2.17979e+12
3.48854e+12
5.46961e+12
8.14083e+12
1.24291e+13
2.01163e+13
3.41224e+13
5.23287e+13
2.01015e+14
)
;

boundaryField
{
    inletFace
    {
        type            zeroGradient;
    }
    inlet
    {
        type            zeroGradient;
    }
    inletWalls
    {
        type            zeroGradient;
    }
    outletInlet
    {
        type            cyclicAMI;
        value           nonuniform List<scalar> 
15
(
-1.00515e+12
-9.47388e+11
-9.06475e+11
-8.851e+11
-8.60927e+11
-8.4558e+11
-8.28008e+11
-8.12863e+11
-7.975e+11
-7.82972e+11
-7.7e+11
-7.53307e+11
-7.40995e+11
-7.12461e+11
-6.79387e+11
)
;
    }
    fineSymmetryWall
    {
        type            symmetryPlane;
    }
    fineWalls
    {
        type            zeroGradient;
    }
    fineCyclicBoundary
    {
        type            fixedValue;
        value           uniform 0;
    }
    fineplug
    {
        type            cyclicAMI;
        value           nonuniform List<scalar> 
80
(
-1.0582e+12
-1.04297e+12
-1.02991e+12
-9.54839e+11
-9.72769e+11
-9.63967e+11
-9.56311e+11
-9.49644e+11
-9.43655e+11
-9.38295e+11
-9.33121e+11
-9.28074e+11
-8.94536e+11
-9.0581e+11
-9.01826e+11
-8.98121e+11
-8.93135e+11
-8.89929e+11
-8.86949e+11
-8.84175e+11
-8.81599e+11
-8.61235e+11
-8.65751e+11
-8.63112e+11
-8.60579e+11
-8.58143e+11
-8.55169e+11
-8.51647e+11
-8.49482e+11
-8.47395e+11
-8.45381e+11
-8.35224e+11
-8.32392e+11
-8.30372e+11
-8.28368e+11
-8.26377e+11
-8.24394e+11
-8.21005e+11
-8.18325e+11
-8.16357e+11
-8.11511e+11
-8.06316e+11
-8.0392e+11
-8.00776e+11
-7.99015e+11
-7.97212e+11
-7.95364e+11
-7.93466e+11
-7.89463e+11
-7.893e+11
-7.8014e+11
-7.78727e+11
-7.77227e+11
-7.74364e+11
-7.7203e+11
-7.70207e+11
-7.68264e+11
-7.66189e+11
-7.70143e+11
-7.55006e+11
-7.53635e+11
-7.52079e+11
-7.50334e+11
-7.48384e+11
-7.44854e+11
-7.42445e+11
-7.39776e+11
-7.36828e+11
-7.45724e+11
-7.20881e+11
-7.17885e+11
-7.14789e+11
-7.11233e+11
-7.0716e+11
-7.02361e+11
-6.96699e+11
-6.9051e+11
-7.03573e+11
-6.49303e+11
-6.39957e+11
)
;
    }
    faceFine
    {
        type            zeroGradient;
    }
}


// ************************************************************************* //
