/*--------------------------------*- C++ -*----------------------------------*\
| =========                 |                                                 |
| \\      /  F ield         | OpenFOAM: The Open Source CFD Toolbox           |
|  \\    /   O peration     | Version:  4.1                                   |
|   \\  /    A nd           | Web:      www.OpenFOAM.org                      |
|    \\/     M anipulation  |                                                 |
\*---------------------------------------------------------------------------*/
FoamFile
{
    version     2.0;
    format      ascii;
    class       vectorField;
    location    "constant/polyMesh";
    object      points;
}
// * * * * * * * * * * * * * * * * * * * * * * * * * * * * * * * * * * * * * //


512
(
(20 455 0)
(0 455 0)
(20 520 0)
(0 520 0)
(20 166 500)
(0 166 500)
(20 231 500)
(0 231 500)
(20 515.667 0)
(20 511.333 0)
(20 507 0)
(20 502.667 0)
(20 498.333 0)
(20 494 0)
(20 489.667 0)
(20 485.333 0)
(20 481 0)
(20 476.667 0)
(20 472.333 0)
(20 468 0)
(20 463.667 0)
(20 459.333 0)
(20 185.267 466.667)
(20 204.533 433.333)
(20 223.8 400)
(20 243.067 366.667)
(20 262.333 333.333)
(20 281.6 300)
(20 300.867 266.667)
(20 320.133 233.333)
(20 339.4 200)
(20 358.667 166.667)
(20 377.933 133.333)
(20 397.2 100)
(20 416.467 66.6667)
(20 435.733 33.3333)
(20 250.267 466.667)
(20 269.533 433.333)
(20 288.8 400)
(20 308.067 366.667)
(20 327.333 333.333)
(20 346.6 300)
(20 365.867 266.667)
(20 385.133 233.333)
(20 404.4 200)
(20 423.667 166.667)
(20 442.933 133.333)
(20 462.2 100)
(20 481.467 66.6667)
(20 500.733 33.3333)
(20 170.333 500)
(20 174.667 500)
(20 179 500)
(20 183.333 500)
(20 187.667 500)
(20 192 500)
(20 196.333 500)
(20 200.667 500)
(20 205 500)
(20 209.333 500)
(20 213.667 500)
(20 218 500)
(20 222.333 500)
(20 226.667 500)
(20 496.4 33.3333)
(20 492.067 33.3333)
(20 487.733 33.3333)
(20 483.4 33.3333)
(20 479.067 33.3333)
(20 474.733 33.3333)
(20 470.4 33.3333)
(20 466.067 33.3333)
(20 461.733 33.3333)
(20 457.4 33.3333)
(20 453.067 33.3333)
(20 448.733 33.3333)
(20 444.4 33.3333)
(20 440.067 33.3333)
(20 477.133 66.6667)
(20 472.8 66.6667)
(20 468.467 66.6667)
(20 464.133 66.6667)
(20 459.8 66.6667)
(20 455.467 66.6667)
(20 451.133 66.6667)
(20 446.8 66.6667)
(20 442.467 66.6667)
(20 438.133 66.6667)
(20 433.8 66.6667)
(20 429.467 66.6667)
(20 425.133 66.6667)
(20 420.8 66.6667)
(20 457.867 100)
(20 453.533 100)
(20 449.2 100)
(20 444.867 100)
(20 440.533 100)
(20 436.2 100)
(20 431.867 100)
(20 427.533 100)
(20 423.2 100)
(20 418.867 100)
(20 414.533 100)
(20 410.2 100)
(20 405.867 100)
(20 401.533 100)
(20 438.6 133.333)
(20 434.267 133.333)
(20 429.933 133.333)
(20 425.6 133.333)
(20 421.267 133.333)
(20 416.933 133.333)
(20 412.6 133.333)
(20 408.267 133.333)
(20 403.933 133.333)
(20 399.6 133.333)
(20 395.267 133.333)
(20 390.933 133.333)
(20 386.6 133.333)
(20 382.267 133.333)
(20 419.333 166.667)
(20 415 166.667)
(20 410.667 166.667)
(20 406.333 166.667)
(20 402 166.667)
(20 397.667 166.667)
(20 393.333 166.667)
(20 389 166.667)
(20 384.667 166.667)
(20 380.333 166.667)
(20 376 166.667)
(20 371.667 166.667)
(20 367.333 166.667)
(20 363 166.667)
(20 400.067 200)
(20 395.733 200)
(20 391.4 200)
(20 387.067 200)
(20 382.733 200)
(20 378.4 200)
(20 374.067 200)
(20 369.733 200)
(20 365.4 200)
(20 361.067 200)
(20 356.733 200)
(20 352.4 200)
(20 348.067 200)
(20 343.733 200)
(20 380.8 233.333)
(20 376.467 233.333)
(20 372.133 233.333)
(20 367.8 233.333)
(20 363.467 233.333)
(20 359.133 233.333)
(20 354.8 233.333)
(20 350.467 233.333)
(20 346.133 233.333)
(20 341.8 233.333)
(20 337.467 233.333)
(20 333.133 233.333)
(20 328.8 233.333)
(20 324.467 233.333)
(20 361.533 266.667)
(20 357.2 266.667)
(20 352.867 266.667)
(20 348.533 266.667)
(20 344.2 266.667)
(20 339.867 266.667)
(20 335.533 266.667)
(20 331.2 266.667)
(20 326.867 266.667)
(20 322.533 266.667)
(20 318.2 266.667)
(20 313.867 266.667)
(20 309.533 266.667)
(20 305.2 266.667)
(20 342.267 300)
(20 337.933 300)
(20 333.6 300)
(20 329.267 300)
(20 324.933 300)
(20 320.6 300)
(20 316.267 300)
(20 311.933 300)
(20 307.6 300)
(20 303.267 300)
(20 298.933 300)
(20 294.6 300)
(20 290.267 300)
(20 285.933 300)
(20 323 333.333)
(20 318.667 333.333)
(20 314.333 333.333)
(20 310 333.333)
(20 305.667 333.333)
(20 301.333 333.333)
(20 297 333.333)
(20 292.667 333.333)
(20 288.333 333.333)
(20 284 333.333)
(20 279.667 333.333)
(20 275.333 333.333)
(20 271 333.333)
(20 266.667 333.333)
(20 303.733 366.667)
(20 299.4 366.667)
(20 295.067 366.667)
(20 290.733 366.667)
(20 286.4 366.667)
(20 282.067 366.667)
(20 277.733 366.667)
(20 273.4 366.667)
(20 269.067 366.667)
(20 264.733 366.667)
(20 260.4 366.667)
(20 256.067 366.667)
(20 251.733 366.667)
(20 247.4 366.667)
(20 284.467 400)
(20 280.133 400)
(20 275.8 400)
(20 271.467 400)
(20 267.133 400)
(20 262.8 400)
(20 258.467 400)
(20 254.133 400)
(20 249.8 400)
(20 245.467 400)
(20 241.133 400)
(20 236.8 400)
(20 232.467 400)
(20 228.133 400)
(20 265.2 433.333)
(20 260.867 433.333)
(20 256.533 433.333)
(20 252.2 433.333)
(20 247.867 433.333)
(20 243.533 433.333)
(20 239.2 433.333)
(20 234.867 433.333)
(20 230.533 433.333)
(20 226.2 433.333)
(20 221.867 433.333)
(20 217.533 433.333)
(20 213.2 433.333)
(20 208.867 433.333)
(20 245.933 466.667)
(20 241.6 466.667)
(20 237.267 466.667)
(20 232.933 466.667)
(20 228.6 466.667)
(20 224.267 466.667)
(20 219.933 466.667)
(20 215.6 466.667)
(20 211.267 466.667)
(20 206.933 466.667)
(20 202.6 466.667)
(20 198.267 466.667)
(20 193.933 466.667)
(20 189.6 466.667)
(0 515.667 0)
(0 511.333 0)
(0 507 0)
(0 502.667 0)
(0 498.333 0)
(0 494 0)
(0 489.667 0)
(0 485.333 0)
(0 481 0)
(0 476.667 0)
(0 472.333 0)
(0 468 0)
(0 463.667 0)
(0 459.333 0)
(0 435.733 33.3333)
(0 416.467 66.6667)
(0 397.2 100)
(0 377.933 133.333)
(0 358.667 166.667)
(0 339.4 200)
(0 320.133 233.333)
(0 300.867 266.667)
(0 281.6 300)
(0 262.333 333.333)
(0 243.067 366.667)
(0 223.8 400)
(0 204.533 433.333)
(0 185.267 466.667)
(0 250.267 466.667)
(0 269.533 433.333)
(0 288.8 400)
(0 308.067 366.667)
(0 327.333 333.333)
(0 346.6 300)
(0 365.867 266.667)
(0 385.133 233.333)
(0 404.4 200)
(0 423.667 166.667)
(0 442.933 133.333)
(0 462.2 100)
(0 481.467 66.6667)
(0 500.733 33.3333)
(0 226.667 500)
(0 222.333 500)
(0 218 500)
(0 213.667 500)
(0 209.333 500)
(0 205 500)
(0 200.667 500)
(0 196.333 500)
(0 192 500)
(0 187.667 500)
(0 183.333 500)
(0 179 500)
(0 174.667 500)
(0 170.333 500)
(0 496.4 33.3333)
(0 492.067 33.3333)
(0 487.733 33.3333)
(0 483.4 33.3333)
(0 479.067 33.3333)
(0 474.733 33.3333)
(0 470.4 33.3333)
(0 466.067 33.3333)
(0 461.733 33.3333)
(0 457.4 33.3333)
(0 453.067 33.3333)
(0 448.733 33.3333)
(0 444.4 33.3333)
(0 440.067 33.3333)
(0 477.133 66.6667)
(0 472.8 66.6667)
(0 468.467 66.6667)
(0 464.133 66.6667)
(0 459.8 66.6667)
(0 455.467 66.6667)
(0 451.133 66.6667)
(0 446.8 66.6667)
(0 442.467 66.6667)
(0 438.133 66.6667)
(0 433.8 66.6667)
(0 429.467 66.6667)
(0 425.133 66.6667)
(0 420.8 66.6667)
(0 457.867 100)
(0 453.533 100)
(0 449.2 100)
(0 444.867 100)
(0 440.533 100)
(0 436.2 100)
(0 431.867 100)
(0 427.533 100)
(0 423.2 100)
(0 418.867 100)
(0 414.533 100)
(0 410.2 100)
(0 405.867 100)
(0 401.533 100)
(0 438.6 133.333)
(0 434.267 133.333)
(0 429.933 133.333)
(0 425.6 133.333)
(0 421.267 133.333)
(0 416.933 133.333)
(0 412.6 133.333)
(0 408.267 133.333)
(0 403.933 133.333)
(0 399.6 133.333)
(0 395.267 133.333)
(0 390.933 133.333)
(0 386.6 133.333)
(0 382.267 133.333)
(0 419.333 166.667)
(0 415 166.667)
(0 410.667 166.667)
(0 406.333 166.667)
(0 402 166.667)
(0 397.667 166.667)
(0 393.333 166.667)
(0 389 166.667)
(0 384.667 166.667)
(0 380.333 166.667)
(0 376 166.667)
(0 371.667 166.667)
(0 367.333 166.667)
(0 363 166.667)
(0 400.067 200)
(0 395.733 200)
(0 391.4 200)
(0 387.067 200)
(0 382.733 200)
(0 378.4 200)
(0 374.067 200)
(0 369.733 200)
(0 365.4 200)
(0 361.067 200)
(0 356.733 200)
(0 352.4 200)
(0 348.067 200)
(0 343.733 200)
(0 380.8 233.333)
(0 376.467 233.333)
(0 372.133 233.333)
(0 367.8 233.333)
(0 363.467 233.333)
(0 359.133 233.333)
(0 354.8 233.333)
(0 350.467 233.333)
(0 346.133 233.333)
(0 341.8 233.333)
(0 337.467 233.333)
(0 333.133 233.333)
(0 328.8 233.333)
(0 324.467 233.333)
(0 361.533 266.667)
(0 357.2 266.667)
(0 352.867 266.667)
(0 348.533 266.667)
(0 344.2 266.667)
(0 339.867 266.667)
(0 335.533 266.667)
(0 331.2 266.667)
(0 326.867 266.667)
(0 322.533 266.667)
(0 318.2 266.667)
(0 313.867 266.667)
(0 309.533 266.667)
(0 305.2 266.667)
(0 342.267 300)
(0 337.933 300)
(0 333.6 300)
(0 329.267 300)
(0 324.933 300)
(0 320.6 300)
(0 316.267 300)
(0 311.933 300)
(0 307.6 300)
(0 303.267 300)
(0 298.933 300)
(0 294.6 300)
(0 290.267 300)
(0 285.933 300)
(0 323 333.333)
(0 318.667 333.333)
(0 314.333 333.333)
(0 310 333.333)
(0 305.667 333.333)
(0 301.333 333.333)
(0 297 333.333)
(0 292.667 333.333)
(0 288.333 333.333)
(0 284 333.333)
(0 279.667 333.333)
(0 275.333 333.333)
(0 271 333.333)
(0 266.667 333.333)
(0 303.733 366.667)
(0 299.4 366.667)
(0 295.067 366.667)
(0 290.733 366.667)
(0 286.4 366.667)
(0 282.067 366.667)
(0 277.733 366.667)
(0 273.4 366.667)
(0 269.067 366.667)
(0 264.733 366.667)
(0 260.4 366.667)
(0 256.067 366.667)
(0 251.733 366.667)
(0 247.4 366.667)
(0 284.467 400)
(0 280.133 400)
(0 275.8 400)
(0 271.467 400)
(0 267.133 400)
(0 262.8 400)
(0 258.467 400)
(0 254.133 400)
(0 249.8 400)
(0 245.467 400)
(0 241.133 400)
(0 236.8 400)
(0 232.467 400)
(0 228.133 400)
(0 265.2 433.333)
(0 260.867 433.333)
(0 256.533 433.333)
(0 252.2 433.333)
(0 247.867 433.333)
(0 243.533 433.333)
(0 239.2 433.333)
(0 234.867 433.333)
(0 230.533 433.333)
(0 226.2 433.333)
(0 221.867 433.333)
(0 217.533 433.333)
(0 213.2 433.333)
(0 208.867 433.333)
(0 245.933 466.667)
(0 241.6 466.667)
(0 237.267 466.667)
(0 232.933 466.667)
(0 228.6 466.667)
(0 224.267 466.667)
(0 219.933 466.667)
(0 215.6 466.667)
(0 211.267 466.667)
(0 206.933 466.667)
(0 202.6 466.667)
(0 198.267 466.667)
(0 193.933 466.667)
(0 189.6 466.667)
)


// ************************************************************************* //
