/*--------------------------------*- C++ -*----------------------------------*\
| =========                 |                                                 |
| \\      /  F ield         | OpenFOAM: The Open Source CFD Toolbox           |
|  \\    /   O peration     | Version:  4.1                                   |
|   \\  /    A nd           | Web:      www.OpenFOAM.org                      |
|    \\/     M anipulation  |                                                 |
\*---------------------------------------------------------------------------*/
FoamFile
{
    version     2.0;
    format      ascii;
    class       volScalarField;
    location    "9";
    object      p;
}
// * * * * * * * * * * * * * * * * * * * * * * * * * * * * * * * * * * * * * //

dimensions      [0 2 -2 0 0 0 0];

internalField   nonuniform List<scalar> 
6785
(
601.247
523.448
476.873
423.912
377.512
332.759
291.005
251.394
213.866
178.322
144.107
110.914
82.5701
53.3876
11.9162
1.36572
-16.5643
-6.48952
-13.6036
-12.757
-15.0793
-15.5098
-15.8308
-15.1462
-13.551
-10.9276
-7.23735
-1.74592
3.95165
5.95313
8.2614
2.63384
10.6892
4.88124
7.41928
4.95438
4.43019
2.63697
1.0579
-0.878584
-2.75566
-3.83542
-4.22629
-4.96333
-5.06535
2.57443
-1.3513
0.492095
-5.45926
-5.04676
-9.3062
-10.9401
-13.8727
-16.0953
-18.3973
-20.1586
-21.0375
-20.6271
-20.3849
-19.1425
-4.65784
-6.41486
-3.32815
-6.00802
-2.72318
-3.93784
-2.11936
-1.70949
-0.523112
0.488271
1.78123
2.99982
4.88723
6.27488
9.064
19.0337
19.3536
22.6724
21.6759
25.1756
25.1683
27.4701
28.6285
30.3012
31.8245
33.4872
35.0209
36.8062
38.082
39.9875
39.8884
40.7782
43.287
42.5466
45.1711
45.086
46.7394
47.488
48.5997
49.6013
50.625
51.5697
52.6889
53.5158
54.7529
56.1266
57.2407
58.9717
58.6535
60.6763
60.6503
61.9913
62.1287
62.4583
62.3046
62.1784
62.3957
63.0185
63.6301
64.2567
65.6331
65.751
66.6358
65.7485
66.7581
65.8951
66.1441
65.4036
65.0208
64.4346
64.0064
63.6382
63.1414
63.1149
62.3033
64.8335
62.0041
62.2655
60.0656
60.0371
58.2308
57.524
55.6614
53.833
51.2049
48.3661
45.6647
44.2298
43.5985
40.2846
25.2705
19.7452
17.859
13.7124
11.1112
7.10059
4.18824
0.952716
-1.28759
-3.13113
-4.05267
-4.1274
-3.91743
-4.6373
-6.43754
-11.3724
-14.7933
-16.0791
-18.8081
-20.0687
-22.2562
-23.3646
-24.4793
-24.8699
-25.1091
-25.1421
-25.1508
-25.244
-25.3458
-23.8622
-1.77207
-1.62896
-1.54516
-2.29015
-2.19468
-2.81563
-3.01813
-3.36552
-3.53156
-3.6731
-3.59125
-3.39848
-2.44915
-1.31528
1.13873
11.6993
14.4695
15.5582
16.0205
16.6868
17.3656
18.5359
19.6791
20.8709
21.954
23.0376
24.0162
25.1631
26.1092
27.2126
54.329
53.8197
51.1136
45.3827
39.8095
36.7508
34.9527
33.8541
33.0217
32.531
31.5324
30.4342
29.295
28.5825
27.1011
24.9391
25.0021
25.0131
25.0146
25.0186
25.0359
25.0732
25.0598
25.0562
25.0488
25.0825
25.0456
25.0346
25.0576
24.995
24.9834
24.9815
25.0016
24.889
24.918
24.9378
24.8102
24.7943
24.843
24.8641
24.7125
24.6946
24.7538
24.817
24.6209
24.6925
24.7796
24.6103
24.574
24.6309
24.7159
24.5221
24.582
24.6277
24.4864
24.4314
24.521
24.428
24.2945
24.2453
24.3358
24.1791
23.9683
24.0889
23.9451
23.8122
23.745
23.8247
23.8137
23.7319
23.6764
23.7085
23.9111
23.8577
23.8308
24.1466
24.1299
24.0843
24.0234
24.2482
24.2982
24.79
24.4339
23.6116
24.3002
25.2164
21.166
18.9165
21.041
23.5619
8.03932
14.4651
19.3147
-12.0756
-3.09743
1.82006
0.446927
3.70608
-6.70248
0.625052
4.96611
5.63796
6.72827
7.61058
8.6004
10.2674
13.1814
6.6611
9.77769
11.8404
14.3925
17.0257
18.3561
19.9658
21.5062
23.889
19.0434
22.6557
25.6455
27.2665
29.6189
32.4246
34.4904
35.7724
37.2896
37.9052
40.3634
40.0345
42.5834
43.7324
44.8577
46.9763
49.7626
50.9285
48.9387
54.4228
52.9166
56.1167
56.7541
56.3265
55.7345
54.8895
56.9504
53.8013
63.3435
60.0073
56.1953
56.0487
55.6647
52.7053
50.4753
48.2057
41.1023
52.227
53.2963
46.6101
43.2625
38.563
34.4496
30.349
27.1735
23.6047
17.7588
16.1045
19.8262
14.1698
12.9488
10.8243
8.02243
0.958987
-1.46336
0.958246
-8.95992
3.5675
0.774891
-0.434452
6.63382
-1.18207
2.26107
0.269972
2.61169
6.49497
-0.243565
3.23939
5.9392
1.00613
2.76688
1.20336
2.62219
5.60968
0.700107
2.39994
0.710771
2.29649
5.01006
-0.578105
2.2561
4.4228
-0.0070234
1.56553
-0.000830789
1.40798
4.28802
-0.497887
1.14675
-0.449212
1.03773
4.10396
-1.68108
1.12729
3.75377
-0.977029
0.611091
-0.833003
0.491142
3.9324
-1.30723
0.490436
-1.10311
0.479913
3.94091
-2.2648
0.831544
3.63337
-1.24995
0.487473
-0.926
0.49414
3.873
-1.16805
0.683449
-0.798021
0.794803
3.80954
-1.58301
1.22408
3.39005
-0.523852
0.981316
-0.162329
1.04121
3.27017
-0.24183
1.10813
0.0621665
1.16098
2.75664
-0.450608
1.18528
2.05664
-0.0953286
0.67011
-0.116929
0.410411
1.90411
0.000202982
0.000379628
0.000640087
0.000846953
0.00109196
0.00132728
0.00158254
0.00184199
0.00211574
0.00239884
0.00269509
0.00300321
0.00332498
0.00366047
0.00401085
0.00437672
0.00475912
0.00515894
0.00557727
0.00601519
0.0064739
0.0069546
0.00745859
0.00798712
0.00854142
0.00912256
0.00973134
0.0103681
0.0110325
0.0117231
0.012437
0.0131697
0.0139139
0.0146598
0.0153943
0.0161014
0.0167629
0.0173599
0.017875
0.018296
0.0186191
0.0188515
0.019013
0.0191339
0.0192508
0.0194
0.0196109
0.0199021
0.020286
0.0207753
0.0213798
0.0220792
0.0227666
0.0231871
0.0229408
0.0215885
0.0187141
0.0138848
0.0068253
-0.00268554
-0.0143157
-0.0278815
-0.0415302
-0.0496357
-0.0650228
-0.0684497
-0.201212
-0.364068
-0.469542
-0.561688
-0.586034
-0.583523
-0.498525
-0.480317
-0.303423
-0.396641
-0.182198
-0.220896
-0.862131
0.000591674
0.0011055
0.00185351
0.00246335
0.00316881
0.00385095
0.00458364
0.00532872
0.00611115
0.00691931
0.00776265
0.0086385
0.00955136
0.0105017
0.0114927
0.012526
0.0136044
0.0147303
0.0159067
0.0171364
0.0184226
0.0197684
0.0211774
0.0226527
0.0241976
0.0258147
0.0275059
0.029272
0.0311114
0.03302
0.0349892
0.0370056
0.0390486
0.04109
0.0430931
0.045013
0.0467989
0.0483986
0.0497659
0.0508695
0.0517037
0.0522959
0.0527094
0.0530392
0.0533983
0.0538992
0.054635
0.0556694
0.05705
0.0588327
0.061074
0.0637573
0.0666331
0.0690435
0.069931
0.0681478
0.062607
0.0521211
0.0358401
0.0128534
-0.0165149
-0.0529236
-0.0925986
-0.122902
-0.173858
-0.170509
-0.400642
-0.700979
-0.907117
-1.08674
-1.156
-1.15719
-1.03815
-0.949739
-0.695194
-0.645022
-0.365979
-0.236704
-0.274675
0.000924725
0.00178467
0.00305393
0.00408119
0.0052723
0.00642177
0.00765721
0.00891287
0.0102319
0.0115942
0.013016
0.0144928
0.0160323
0.0176352
0.0193069
0.0210503
0.0228702
0.0247707
0.0267567
0.0288333
0.0310057
0.0332796
0.0356606
0.0381545
0.0407667
0.043502
0.0463636
0.0493528
0.0524674
0.0557004
0.059038
0.0624572
0.0659241
0.069391
0.0727961
0.0760636
0.0791076
0.0818393
0.0841796
0.0860741
0.087511
0.0885339
0.089247
0.0898073
0.0904028
0.0912202
0.0924128
0.094084
0.0963084
0.0991743
0.102771
0.107064
0.111618
0.1153
0.116284
0.112593
0.102331
0.0834427
0.0544465
0.0138087
-0.0379055
-0.101676
-0.170465
-0.224406
-0.303777
-0.268437
-0.541184
-0.890141
-1.13785
-1.35527
-1.43996
-1.43917
-1.29802
-1.17687
-0.876321
-0.770175
-0.434944
-0.292325
-0.0247172
0.0012465
0.00245095
0.00422517
0.00566766
0.0073342
0.008944
0.0106715
0.0124273
0.0142704
0.0161737
0.0181595
0.0202216
0.0223708
0.0246082
0.0269412
0.0293739
0.031913
0.0345643
0.0373346
0.0402308
0.0432604
0.0464312
0.049751
0.053228
0.0568695
0.0606822
0.0646708
0.068837
0.0731779
0.0776837
0.0823352
0.0871006
0.0919326
0.0967649
0.101511
0.106066
0.110309
0.114115
0.117375
0.120012
0.122009
0.123428
0.124415
0.125191
0.126021
0.127167
0.128846
0.131202
0.134339
0.138384
0.143473
0.149575
0.1561
0.161468
0.163117
0.158283
0.144294
0.118244
0.0779758
0.0212103
-0.0515598
-0.142181
-0.240821
-0.322474
-0.432088
-0.376071
-0.720724
-1.14184
-1.44031
-1.70395
-1.80528
-1.79963
-1.62288
-1.46586
-1.09348
-0.951648
-0.528435
-0.366395
-0.0502241
0.00153967
0.00309402
0.00537503
0.00723774
0.00938393
0.0114587
0.0136826
0.0159432
0.018315
0.020764
0.0233185
0.0259709
0.0287349
0.0316123
0.0346123
0.0377404
0.0410051
0.0444139
0.0479756
0.0516991
0.055594
0.0596703
0.0639382
0.0684081
0.0730896
0.0779913
0.0831194
0.0884762
0.0940581
0.0998528
0.105836
0.111967
0.118185
0.124406
0.130518
0.136386
0.141854
0.146762
0.150967
0.154367
0.156941
0.158767
0.160032
0.161022
0.16208
0.163545
0.165696
0.168716
0.172737
0.177923
0.184463
0.192339
0.200813
0.207848
0.210104
0.204008
0.186068
0.152477
0.100356
0.0266211
-0.0684196
-0.18762
-0.318116
-0.431718
-0.576777
-0.50385
-0.935792
-1.42605
-1.77799
-2.08995
-2.21
-2.19811
-1.98472
-1.78362
-1.33793
-1.14248
-0.635013
-0.450139
0.0789599
0.0018165
0.00372388
0.00650304
0.00878736
0.0114101
0.0139492
0.0166668
0.0194299
0.0223271
0.0253184
0.0284377
0.0316762
0.0350504
0.0385626
0.0422241
0.0460417
0.0500256
0.054185
0.0585308
0.0630736
0.0678254
0.0727981
0.0780045
0.083457
0.0891676
0.0951467
0.101402
0.107937
0.114746
0.121816
0.129117
0.1366
0.144191
0.151788
0.159254
0.166425
0.173108
0.179109
0.184248
0.188402
0.191541
0.19376
0.19529
0.196482
0.197759
0.199539
0.202164
0.205856
0.210772
0.217118
0.225147
0.234877
0.24544
0.25435
0.257467
0.250416
0.228868
0.188097
0.124451
0.0339536
-0.0834992
-0.232106
-0.396123
-0.546696
-0.733821
-0.657781
-1.17819
-1.72036
-2.11809
-2.47093
-2.6049
-2.58331
-2.3332
-2.08619
-1.5705
-1.32007
-0.73358
-0.514745
0.121103
0.00207479
0.00434049
0.00761187
0.0103205
0.0134192
0.0164238
0.0196352
0.0229013
0.0263238
0.0298574
0.0335412
0.0373654
0.0413492
0.0454955
0.0498177
0.0543237
0.0590258
0.0639348
0.0690633
0.0744242
0.0800314
0.0858991
0.0920423
0.0984758
0.105214
0.112269
0.11965
0.127361
0.135397
0.143742
0.152361
0.161198
0.170165
0.179141
0.187968
0.196448
0.204356
0.211456
0.217537
0.222449
0.226154
0.228762
0.230549
0.231931
0.233414
0.2355
0.238591
0.242949
0.248751
0.256248
0.265769
0.27739
0.290139
0.301071
0.305213
0.297381
0.27237
0.224507
0.149317
0.041852
-0.0986158
-0.277886
-0.477447
-0.670375
-0.904872
-0.843008
-1.45336
-2.04034
-2.47927
-2.86782
-3.0104
-2.97461
-2.68458
-2.38872
-1.80083
-1.49674
-0.831243
-0.592307
0.140231
0.00231855
0.00494743
0.00870269
0.0118373
0.0154097
0.01888
0.0225836
0.0263517
0.0302978
0.0343721
0.0386181
0.0430257
0.0476165
0.0523941
0.0573739
0.0625651
0.0679818
0.0736364
0.0795436
0.085718
0.0921758
0.0989334
0.106008
0.113417
0.121176
0.1293
0.137801
0.146682
0.155939
0.165552
0.175485
0.18567
0.196009
0.206364
0.21655
0.226341
0.235475
0.243678
0.250701
0.256369
0.260633
0.26362
0.265648
0.267205
0.26888
0.271258
0.274811
0.279832
0.286519
0.295165
0.306196
0.319773
0.334846
0.348016
0.353429
0.345094
0.316898
0.262195
0.17564
0.0512242
-0.112645
-0.323653
-0.560823
-0.80182
-1.08864
-1.05994
-1.76148
-2.39114
-2.8688
-3.28953
-3.43492
-3.37947
-3.04586
-2.69659
-2.03397
-1.67381
-0.92992
-0.680432
0.183809
0.00254861
0.00554618
0.0097772
0.0133398
0.0173836
0.0213199
0.0255146
0.0297841
0.0342526
0.0388662
0.043673
0.0486623
0.0538581
0.059265
0.0649
0.0707739
0.0769025
0.0832998
0.0899825
0.0969672
0.104272
0.111916
0.119918
0.128298
0.137074
0.146263
0.155878
0.165925
0.176398
0.187278
0.19852
0.210052
0.221764
0.233499
0.245049
0.256157
0.266523
0.275835
0.283806
0.29023
0.29505
0.298406
0.30066
0.302372
0.30422
0.306878
0.310883
0.316562
0.324124
0.33391
0.346458
0.362052
0.379596
0.395229
0.402166
0.393612
0.362499
0.301189
0.203416
0.0620264
-0.125691
-0.369553
-0.646566
-0.941547
-1.28526
-1.30979
-2.10126
-2.7728
-3.28688
-3.73684
-3.87788
-3.79564
-3.41427
-3.00661
-2.2672
-1.84797
-1.02779
-0.736078
0.176242
0.0027669
0.00613857
0.0108367
0.0148287
0.0193411
0.0237435
0.0284276
0.0331975
0.0381866
0.043338
0.0487035
0.0542723
0.0600707
0.0661042
0.0723917
0.0789452
0.0857823
0.0929189
0.100373
0.108164
0.116312
0.124837
0.133762
0.143107
0.152895
0.163144
0.173868
0.185075
0.19676
0.2089
0.221449
0.234327
0.247411
0.260527
0.273445
0.285874
0.29748
0.307907
0.316829
0.324011
0.32938
0.333091
0.335552
0.337397
0.339396
0.342317
0.346766
0.353096
0.361526
0.37244
0.386512
0.40419
0.424372
0.442732
0.451489
0.443047
0.409338
0.341713
0.232939
0.0746362
-0.137295
-0.41504
-0.734205
-1.08916
-1.49426
-1.59342
-2.47257
-3.18771
-3.73661
-4.21431
-4.34328
-4.22529
-3.7907
-3.319
-2.50018
-2.01901
-1.12497
-0.8086
0.153215
0.00297459
0.00672589
0.0118826
0.0163053
0.0212835
0.0261517
0.0313235
0.0365928
0.0421008
0.0477882
0.0537103
0.0598565
0.066255
0.0729126
0.0798496
0.0870797
0.0946222
0.102494
0.110717
0.11931
0.128296
0.137698
0.147541
0.157847
0.168642
0.179945
0.191773
0.204135
0.217026
0.230423
0.244276
0.258497
0.272954
0.287454
0.301744
0.315503
0.328357
0.339908
0.349788
0.357728
0.36364
0.367692
0.370339
0.37229
0.374416
0.377581
0.382462
0.389437
0.398721
0.410745
0.426343
0.446172
0.469177
0.490553
0.50145
0.493485
0.457526
0.383905
0.264382
0.0892654
-0.147205
-0.459783
-0.823493
-1.24435
-1.71539
-1.91173
-2.87495
-3.6383
-4.22113
-4.72719
-4.83645
-4.67216
-4.17734
-3.63485
-2.73343
-2.18716
-1.22074
-0.896158
0.174275
0.00317293
0.00730931
0.0129159
0.0177706
0.0232114
0.028545
0.0342024
0.0399699
0.0459948
0.0522164
0.0586928
0.065414
0.07241
0.0796888
0.0872723
0.0951757
0.10342
0.112024
0.121011
0.130402
0.140222
0.150496
0.161251
0.172514
0.184309
0.196661
0.209587
0.223099
0.237192
0.251841
0.266994
0.282558
0.298388
0.314276
0.329945
0.345041
0.359153
0.371838
0.382682
0.391381
0.397829
0.402206
0.405013
0.407043
0.409266
0.412654
0.417954
0.425565
0.43569
0.4488
0.465917
0.487969
0.513998
0.538713
0.552106
0.545018
0.507193
0.427941
0.297973
0.10621
-0.155043
-0.503281
-0.913973
-1.40649
-1.94815
-2.26561
-3.30725
-4.12644
-4.7426
-5.27977
-5.3621
-5.13962
-4.57588
-3.95458
-2.96689
-2.35121
-1.31445
-0.933012
0.166431
0.00336294
0.00788976
0.0139379
0.0192255
0.0251254
0.030924
0.0370649
0.043329
0.0498687
0.0566225
0.0636509
0.0709445
0.0785353
0.0864323
0.0946592
0.103233
0.112175
0.121507
0.131254
0.141438
0.152088
0.163229
0.174892
0.187104
0.199895
0.21329
0.227309
0.241965
0.257254
0.273152
0.289603
0.306508
0.323712
0.340993
0.358047
0.374491
0.389872
0.403701
0.415519
0.424978
0.431955
0.436639
0.439579
0.441653
0.443942
0.447527
0.453233
0.461473
0.472421
0.486586
0.505207
0.529549
0.558823
0.58723
0.603505
0.597735
0.55846
0.47398
0.333918
0.125741
-0.160446
-0.54502
-1.00515
-1.57469
-2.19198
-2.65641
-3.76807
-4.65442
-5.30306
-5.8762
-5.92505
-5.63151
-4.98847
-4.27871
-3.20044
-2.51085
-1.40663
-1.00824
0.126084
0.00354554
0.00846803
0.0149495
0.0206708
0.0270263
0.0332891
0.0399112
0.0466704
0.0537226
0.0610063
0.0685841
0.0764476
0.0846302
0.0931423
0.102009
0.111249
0.120886
0.130942
0.141444
0.152418
0.163892
0.175896
0.18846
0.201617
0.215397
0.229829
0.244935
0.260729
0.27721
0.294352
0.312098
0.330343
0.348924
0.367601
0.386048
0.403851
0.420515
0.435502
0.448301
0.458523
0.466021
0.470992
0.474034
0.476115
0.478433
0.482188
0.488287
0.497146
0.508897
0.524076
0.544176
0.570873
0.603633
0.636119
0.655696
0.651722
0.611445
0.522182
0.372435
0.148151
-0.163008
-0.584411
-1.09636
-1.74761
-2.44603
-3.086
-4.25578
-5.22542
-5.90475
-6.52059
-6.53027
-6.15207
-5.41786
-4.60806
-3.43409
-2.66543
-1.49562
-1.05076
0.14424
0.00372151
0.00904477
0.0159516
0.0221073
0.0289148
0.0356407
0.0427415
0.0499941
0.0575563
0.0653677
0.0734922
0.0819227
0.090694
0.0998181
0.109322
0.119224
0.129551
0.140328
0.151581
0.163339
0.175632
0.188493
0.201954
0.216049
0.230813
0.246275
0.262462
0.279389
0.297055
0.315438
0.334476
0.354061
0.37402
0.394099
0.41395
0.433124
0.451084
0.467243
0.481035
0.492023
0.500033
0.505269
0.508379
0.510425
0.512732
0.516627
0.523103
0.532574
0.545105
0.561248
0.582785
0.611899
0.648404
0.685389
0.708722
0.707061
0.666266
0.572706
0.413733
0.17373
-0.1623
-0.620814
-1.18677
-1.92332
-2.70896
-3.55522
-4.76567
-5.84244
-6.55018
-7.21707
-7.18262
-6.70569
-5.86725
-4.94371
-3.66784
-2.81406
-1.58091
-1.10543
0.0689405
0.00389157
0.00962052
0.0169451
0.0235356
0.0307913
0.0379794
0.0455562
0.0533002
0.0613699
0.0697065
0.0783748
0.0873694
0.0967263
0.106459
0.116595
0.127157
0.13817
0.149662
0.161662
0.174199
0.187307
0.201019
0.21537
0.230399
0.246139
0.262626
0.279887
0.29794
0.316788
0.336406
0.356733
0.377658
0.398998
0.420485
0.441749
0.462308
0.481581
0.498929
0.513725
0.525483
0.533996
0.539473
0.542614
0.544579
0.546828
0.550831
0.557669
0.567745
0.581031
0.598075
0.620991
0.652574
0.693105
0.735047
0.762624
0.763833
0.723032
0.625703
0.458022
0.202775
-0.157865
-0.653513
-1.27525
-2.09904
-2.97839
-4.0587
-5.28399
-6.50472
-7.24174
-7.96996
-7.88681
-7.29685
-6.3401
-5.28704
-3.90157
-2.95696
-1.65967
-1.1715
0.0848445
0.00405631
0.0101958
0.0179306
0.0249562
0.0326565
0.0403055
0.0483554
0.0565888
0.0651633
0.0740223
0.0832315
0.0927871
0.102726
0.113064
0.123829
0.135045
0.146741
0.158944
0.171686
0.184997
0.198914
0.213471
0.228708
0.244662
0.261373
0.278878
0.297206
0.31638
0.336403
0.357252
0.378866
0.40113
0.423854
0.446756
0.469444
0.491403
0.512008
0.530562
0.546377
0.55891
0.567916
0.573609
0.576739
0.578571
0.580713
0.584787
0.591972
0.602647
0.61666
0.63453
0.658745
0.69284
0.7377
0.785091
0.817439
0.822115
0.781852
0.681323
0.505506
0.235586
-0.149211
-0.681703
-1.36031
-2.27103
-3.24986
-4.57761
-5.78512
-7.20415
-7.98083
-8.784
-8.64746
-7.93007
-6.84006
-5.63974
-4.13505
-3.0947
-1.72959
-1.18291
0.113038
0.00421626
0.0107708
0.018909
0.0263699
0.0345107
0.0426191
0.0511394
0.0598599
0.0689363
0.0783151
0.088062
0.0981752
0.108693
0.119632
0.131023
0.14289
0.155263
0.168173
0.181651
0.195732
0.210451
0.225849
0.241964
0.258838
0.276513
0.295028
0.314418
0.334705
0.355897
0.377973
0.400871
0.424474
0.448585
0.47291
0.497034
0.52041
0.542366
0.562146
0.578996
0.592309
0.6018
0.607679
0.610753
0.612397
0.614375
0.618481
0.625998
0.63727
0.65198
0.670586
0.695995
0.732628
0.782147
0.835519
0.8732
0.881978
0.842827
0.739708
0.556381
0.27246
-0.135817
-0.704472
-1.4401
-2.43471
-3.51626
-5.07833
-6.25085
-7.93048
-8.76783
-9.66445
-9.46925
-8.6098
-7.37087
-6.00372
-4.3682
-3.22759
-1.79139
-1.21459
0.03512
0.00437187
0.0113461
0.0198807
0.0277769
0.0363545
0.0449208
0.0539083
0.0631135
0.0726887
0.0825843
0.0928657
0.103533
0.114626
0.126163
0.138174
0.150688
0.163735
0.177346
0.191556
0.2064
0.221918
0.238148
0.255135
0.272923
0.291555
0.311074
0.331517
0.352912
0.375267
0.398564
0.422743
0.447685
0.473186
0.498942
0.524515
0.549326
0.572656
0.593684
0.611587
0.625688
0.635653
0.64169
0.644657
0.646049
0.647803
0.651898
0.659734
0.671604
0.68698
0.706213
0.732679
0.771861
0.826394
0.886317
0.929938
0.943494
0.906054
0.800988
0.610828
0.313688
-0.117136
-0.720816
-1.51261
-2.58599
-3.77002
-5.52857
-6.6959
-8.67928
-9.60283
-10.6172
-10.357
-9.34039
-7.93631
-6.38086
-4.60126
-3.35465
-1.84321
-1.25864
0.0593866
0.00452354
0.0119218
0.0208464
0.0291778
0.0381881
0.0472105
0.0566622
0.0663496
0.0764205
0.0868298
0.0976422
0.108861
0.120525
0.132655
0.145284
0.158439
0.172154
0.186462
0.201399
0.217001
0.23331
0.250368
0.268221
0.286914
0.306496
0.327011
0.348501
0.370996
0.394508
0.419022
0.444479
0.470759
0.497655
0.524849
0.551886
0.578152
0.602878
0.62518
0.644156
0.659052
0.669482
0.675644
0.678452
0.679524
0.680985
0.685021
0.693164
0.70564
0.721651
0.741383
0.768733
0.810451
0.870384
0.93747
0.987679
1.00673
0.971621
0.865281
0.669
0.359521
-0.0926375
-0.729697
-1.5757
-2.72171
-4.00673
-5.91752
-7.1379
-9.42762
-10.4836
-11.6484
-11.316
-10.1261
-8.54014
-6.77293
-4.83468
-3.47398
-1.88321
-1.22847
0.125609
0.00467158
0.0124982
0.0218064
0.0305728
0.040012
0.0494886
0.0594012
0.069568
0.0801314
0.0910512
0.102391
0.114157
0.126388
0.139107
0.152349
0.166142
0.180521
0.19552
0.211178
0.227532
0.244627
0.262506
0.281217
0.30081
0.321334
0.342838
0.365367
0.388954
0.413617
0.439342
0.466074
0.493692
0.521986
0.550628
0.579144
0.606886
0.633035
0.656637
0.676708
0.69241
0.703295
0.709548
0.712137
0.712814
0.713906
0.717834
0.726274
0.739369
0.755986
0.776068
0.804083
0.848295
0.914051
0.988953
1.04645
1.07174
1.03961
0.932667
0.730978
0.410117
-0.0618945
-0.730179
-1.62731
-2.83993
-4.22875
-6.24439
-7.58276
-10.1315
-11.4048
-12.7645
-12.3521
-10.9711
-9.18599
-7.18162
-5.06897
-3.58492
-1.91305
-1.23764
0.0446215
0.00481628
0.0130755
0.0227613
0.0319623
0.0418264
0.0517552
0.0621253
0.0727687
0.083821
0.0952479
0.107112
0.11942
0.132215
0.14552
0.159369
0.173795
0.188833
0.204518
0.220891
0.237992
0.255866
0.27456
0.294122
0.314606
0.336065
0.35855
0.38211
0.406782
0.432588
0.459519
0.487522
0.516478
0.546174
0.576274
0.606284
0.635525
0.663125
0.688058
0.709249
0.725769
0.7371
0.743406
0.745714
0.745912
0.746553
0.750316
0.759048
0.772786
0.78998
0.810238
0.838649
0.885279
0.95732
1.04074
1.10627
1.13857
1.11005
1.00315
0.796698
0.465425
-0.0247408
-0.721651
-1.6659
-2.93949
-4.4352
-6.51709
-8.05545
-10.774
-12.3687
-13.9714
-13.471
-11.8798
-9.87731
-7.60855
-5.30452
-3.68665
-1.92907
-1.20031
0.14994
0.00495785
0.0136539
0.0237113
0.0333466
0.0436316
0.0540103
0.0648344
0.0759515
0.0874893
0.0994197
0.111803
0.124652
0.138006
0.151891
0.166344
0.181397
0.197089
0.213455
0.230538
0.248379
0.267026
0.286526
0.306933
0.328301
0.350686
0.374144
0.398727
0.424476
0.451419
0.47955
0.50882
0.539113
0.570215
0.601782
0.633304
0.664067
0.693148
0.719445
0.741785
0.759138
0.770905
0.777226
0.779182
0.778811
0.778908
0.782448
0.791468
0.805886
0.823635
0.843869
0.87234
0.921273
1.00011
1.09278
1.16715
1.20727
1.18293
1.07656
0.865822
0.525013
0.0185049
-0.704101
-1.69085
-3.02049
-4.62068
-6.75836
-8.6153
-11.3473
-13.3807
-15.2736
-14.6784
-12.8569
-10.6174
-8.0553
-5.54148
-3.77821
-1.93121
-1.16974
0.106443
0.00509648
0.0142334
0.0246569
0.0347258
0.0454277
0.0562541
0.0675286
0.0791162
0.0911357
0.103566
0.116466
0.129849
0.143758
0.158219
0.173271
0.188948
0.205287
0.222329
0.240115
0.25869
0.278103
0.298404
0.319648
0.341892
0.365195
0.389617
0.415214
0.442033
0.470103
0.499428
0.529961
0.56159
0.594102
0.627147
0.660198
0.69251
0.723106
0.750801
0.774322
0.792523
0.804718
0.811014
0.812545
0.811504
0.810956
0.814205
0.823517
0.838665
0.856954
0.876935
0.905058
0.956128
1.04233
1.14504
1.22912
1.27778
1.25804
1.15243
0.937545
0.587851
0.0668187
-0.678353
-1.7027
-3.08418
-4.78461
-6.99749
-9.25062
-11.8038
-14.4322
-16.6799
-15.9797
-13.907
-11.4092
-8.52343
-5.77979
-3.85892
-1.91748
-1.14023
0.1839
0.0052323
0.0148143
0.0255982
0.0361001
0.0472149
0.0584865
0.0702078
0.0822625
0.09476
0.107687
0.121098
0.135012
0.149471
0.164505
0.18015
0.196444
0.213427
0.231138
0.249621
0.268924
0.289096
0.31019
0.332263
0.355375
0.379588
0.404966
0.431568
0.459447
0.488638
0.519149
0.550941
0.583905
0.617831
0.652363
0.686962
0.72085
0.752995
0.782129
0.806865
0.825935
0.83855
0.844777
0.845802
0.843983
0.842676
0.845563
0.855174
0.871123
0.889951
0.909415
0.936694
0.989677
1.08387
1.19745
1.29211
1.34995
1.33489
1.22977
1.01037
0.652131
0.118369
-0.646117
-1.7032
-3.13291
-4.92977
-7.24883
-9.81639
-12.1918
-15.5548
-18.1963
-17.3791
-15.0347
-12.2556
-9.01436
-6.01908
-3.92761
-1.88546
-1.03705
0.315201
0.00536542
0.0153966
0.0265355
0.0374697
0.0489933
0.0607075
0.0728718
0.0853902
0.0983618
0.11178
0.125699
0.140141
0.155145
0.170745
0.18698
0.203886
0.221505
0.23988
0.259055
0.279079
0.300003
0.321882
0.344776
0.368747
0.393862
0.420186
0.447784
0.476714
0.507017
0.538708
0.571754
0.606052
0.641394
0.677425
0.71359
0.749084
0.782816
0.813431
0.839421
0.859383
0.872412
0.878524
0.878957
0.876239
0.874047
0.876492
0.886419
0.903262
0.922642
0.941293
0.967127
1.02173
1.12463
1.24993
1.35601
1.42329
1.41244
1.30682
1.08197
0.715264
0.170639
-0.609798
-1.69494
-3.17008
-5.06157
-7.51416
-10.2857
-12.6132
-16.7439
-19.8224
-18.8805
-16.2441
-13.1592
-9.52928
-6.25875
-3.98333
-1.83646
-0.952281
0.321298
0.00549591
0.0159805
0.027469
0.0388347
0.050763
0.062917
0.0755204
0.088499
0.101941
0.115847
0.13027
0.145233
0.160778
0.17694
0.193758
0.211271
0.229522
0.248554
0.268414
0.289152
0.310821
0.333478
0.357185
0.382007
0.408013
0.435274
0.463858
0.49383
0.525236
0.558099
0.592393
0.628022
0.664785
0.702325
0.740076
0.777206
0.812567
0.84471
0.871997
0.892877
0.906314
0.912265
0.912012
0.908263
0.905045
0.90696
0.917227
0.935087
0.955057
0.97256
0.996222
1.05208
1.16448
1.30231
1.42043
1.49683
1.48883
1.38089
1.14917
0.774146
0.2208
-0.572072
-1.68089
-3.19967
-5.18741
-7.7986
-10.7458
-13.2184
-18.0028
-21.5926
-20.4869
-17.5381
-14.122
-10.0691
-6.49786
-4.02479
-1.76768
-0.87079
0.448946
0.00562379
0.0165661
0.0283988
0.0401951
0.0525239
0.065115
0.0781535
0.0915886
0.105496
0.119886
0.134807
0.150288
0.16637
0.183088
0.200484
0.218599
0.237475
0.257158
0.277697
0.299141
0.321548
0.344975
0.369486
0.39515
0.422038
0.450226
0.479787
0.51079
0.54329
0.577316
0.612852
0.64981
0.687996
0.727055
0.766414
0.805211
0.842244
0.875965
0.904598
0.926426
0.940268
0.946009
0.944971
0.940045
0.935646
0.936932
0.947573
0.966607
0.987233
1.00322
1.02383
1.08049
1.20325
1.35424
1.48454
1.56877
1.56118
1.44838
1.20842
0.825696
0.26624
-0.535329
-1.6637
-3.2254
-5.3148
-8.10836
-11.2558
-14.1128
-19.4051
-23.5628
-22.2021
-18.9177
-15.1449
-10.634
-6.73517
-4.04917
-1.67563
-0.702842
0.639763
0.00574908
0.0171534
0.0293251
0.0415509
0.0542762
0.0673013
0.0807708
0.0946584
0.109027
0.123897
0.139312
0.155306
0.171918
0.189188
0.207157
0.225867
0.245363
0.265691
0.286901
0.309045
0.332181
0.35637
0.381677
0.408173
0.435935
0.465039
0.495566
0.52759
0.561174
0.596354
0.633125
0.671409
0.71102
0.751609
0.792595
0.833094
0.871845
0.9072
0.937232
0.960044
0.97429
0.979769
0.977838
0.971577
0.96582
0.966365
0.977426
0.997834
1.01923
1.03327
1.0498
1.10665
1.24065
1.40503
1.54682
1.63625
1.62549
1.50526
1.25647
0.867475
0.305118
-0.501117
-1.64513
-3.25002
-5.44991
-8.44801
-11.8571
-15.3743
-20.9685
-25.7758
-24.0324
-20.3816
-16.2272
-11.224
-6.9693
-4.05378
-1.56268
-0.566605
0.671965
0.00587176
0.0177426
0.0302478
0.0429022
0.0560196
0.0694756
0.083372
0.0977082
0.112534
0.127879
0.143783
0.160284
0.177423
0.195238
0.213774
0.233074
0.253183
0.274149
0.296024
0.318861
0.342719
0.367661
0.393755
0.421074
0.449698
0.479709
0.511191
0.544225
0.578881
0.615206
0.653205
0.692811
0.733849
0.775977
0.818612
0.860847
0.901366
0.938414
0.969904
0.99374
1.00839
1.01356
1.01062
1.00285
0.995537
0.995214
1.00675
1.02878
1.0511
1.06276
1.07392
1.13023
1.27619
1.45345
1.60469
1.69507
1.67716
1.54799
1.2911
0.898208
0.336798
-0.469744
-1.62562
-3.27468
-5.59629
-8.8202
-12.572
-16.9947
-22.661
-28.2637
-25.9893
-21.9277
-17.3667
-11.8383
-7.1985
-4.03579
-1.42331
-0.377272
0.908992
0.00599177
0.0183337
0.0311671
0.0442488
0.0577541
0.0716378
0.0859568
0.100737
0.116016
0.131831
0.14822
0.165223
0.182882
0.201238
0.220335
0.240219
0.260934
0.282532
0.305064
0.328586
0.353158
0.378845
0.405716
0.433849
0.463326
0.494232
0.526657
0.56069
0.596408
0.633867
0.673084
0.714008
0.756474
0.80015
0.844455
0.888463
0.930802
0.969609
1.00262
1.02753
1.04259
1.04739
1.04332
1.03385
1.02476
1.02343
1.03551
1.05948
1.08296
1.09171
1.09599
1.1507
1.309
1.49749
1.65424
1.74004
1.7121
1.57449
1.31164
0.918064
0.362054
-0.440165
-1.60428
-3.2988
-5.75424
-9.22608
-13.4092
-18.8839
-24.4815
-31.0863
-28.0912
-23.5537
-18.5594
-12.4751
-7.42047
-3.99178
-1.25619
-0.188355
1.02163
0.00610904
0.0189267
0.0320829
0.0455908
0.0594796
0.0737876
0.0885247
0.103745
0.119472
0.135752
0.15262
0.170121
0.188295
0.207186
0.226839
0.247299
0.268615
0.290838
0.31402
0.338219
0.363497
0.389919
0.417559
0.446495
0.476813
0.508603
0.54196
0.576979
0.613746
0.652329
0.692756
0.734991
0.778884
0.824118
0.870115
0.915933
0.960148
1.00078
1.03539
1.06142
1.0769
1.08128
1.07595
1.06456
1.05345
1.05094
1.06366
1.08994
1.1149
1.12021
1.11571
1.16735
1.33776
1.53404
1.69004
1.76615
1.72801
1.58463
1.31906
0.928656
0.382938
-0.410233
-1.57911
-3.32026
-5.92094
-9.66305
-14.3665
-20.9396
-26.5266
-34.3476
-30.36
-25.2578
-19.7988
-13.1317
-7.63237
-3.91856
-1.05797
0.0101486
1.26468
0.00622346
0.0195218
0.0329952
0.0469281
0.0611959
0.0759246
0.0910755
0.106732
0.122901
0.139642
0.156984
0.174977
0.19366
0.213081
0.233282
0.254314
0.276223
0.299063
0.322888
0.347757
0.373731
0.400881
0.429279
0.459008
0.490156
0.522819
0.557096
0.593088
0.630892
0.670586
0.712213
0.755751
0.801071
0.84787
0.89558
0.943247
0.989396
1.03194
1.06822
1.09543
1.11134
1.11524
1.10851
1.09498
1.08157
1.07768
1.09113
1.12022
1.14707
1.14832
1.13265
1.17918
1.36072
1.55839
1.70602
1.77035
1.72509
1.58013
1.31575
0.932707
0.402312
-0.377233
-1.54746
-3.33578
-6.09103
-10.1237
-15.435
-23.1269
-28.9605
-38.1666
-32.8206
-27.0392
-21.0758
-13.8041
-7.83069
-3.81245
-0.823749
0.289545
1.55164
0.00633492
0.0201191
0.033904
0.0482604
0.0629027
0.0780485
0.0936084
0.109696
0.126303
0.143499
0.161311
0.17979
0.198977
0.21892
0.239665
0.26126
0.283757
0.307208
0.331668
0.357197
0.38386
0.411727
0.440874
0.471386
0.503353
0.536875
0.572059
0.609011
0.647839
0.688631
0.731446
0.776281
0.823024
0.871395
0.920838
0.970394
1.01854
1.06306
1.10111
1.12957
1.14593
1.1493
1.14103
1.1251
1.10906
1.10358
1.11788
1.15033
1.17964
1.17606
1.14616
1.18526
1.37526
1.56401
1.69766
1.75279
1.70581
1.56418
1.30506
0.933447
0.423184
-0.338477
-1.50647
-3.34127
-6.25722
-10.5972
-16.6022
-25.4557
-31.9483
-42.6198
-35.4989
-28.8981
-22.3793
-14.4872
-8.01134
-3.67004
-0.553541
0.5568
1.7519
0.00644327
0.0207185
0.0348092
0.0495877
0.0645999
0.080159
0.0961232
0.112637
0.129677
0.147324
0.165598
0.184559
0.204243
0.224703
0.245985
0.268138
0.291214
0.315268
0.340355
0.366538
0.39388
0.422455
0.452341
0.483623
0.516398
0.550768
0.586844
0.624743
0.66458
0.706456
0.750447
0.796568
0.844732
0.89468
0.945876
0.997361
1.04757
1.09417
1.13407
1.16385
1.18069
1.18348
1.17351
1.15491
1.13588
1.12854
1.14383
1.18033
1.21276
1.20325
1.15554
1.18514
1.37664
1.54428
1.66429
1.71654
1.67411
1.5407
1.29056
0.933926
0.448122
-0.291673
-1.45328
-3.33206
-6.41069
-11.0698
-17.8498
-27.9202
-35.5555
-47.7332
-38.419
-30.835
-23.6973
-15.1743
-8.16959
-3.48804
-0.243129
0.829669
2.08251
0.00654834
0.0213201
0.0357106
0.0509097
0.066287
0.0822555
0.0986192
0.115555
0.133023
0.151114
0.169846
0.189281
0.209458
0.230428
0.25224
0.274944
0.298593
0.323242
0.348949
0.375776
0.403789
0.433062
0.463675
0.495718
0.529287
0.564492
0.601447
0.640278
0.681109
0.724055
0.769208
0.816604
0.866183
0.917712
0.970679
1.02413
1.07647
1.12524
1.1671
1.1983
1.21564
1.2178
1.20597
1.18439
1.16197
1.15245
1.16888
1.21022
1.24645
1.22921
1.16098
1.17781
1.35768
1.49597
1.60942
1.6663
1.63457
1.5137
1.27545
0.936496
0.478988
-0.234935
-1.3849
-3.3028
-6.54101
-11.5244
-19.1496
-30.4878
-39.7682
-53.4859
-41.5967
-32.8477
-25.0176
-15.8566
-8.29995
-3.26213
0.112955
1.19707
2.43123
0.00664994
0.0219241
0.0366082
0.0522262
0.0679637
0.0843376
0.101096
0.118448
0.136338
0.154868
0.174053
0.193957
0.214619
0.236094
0.258429
0.281677
0.305892
0.331128
0.357446
0.384908
0.413583
0.443545
0.474875
0.507666
0.542018
0.578043
0.615864
0.655611
0.697419
0.741419
0.787719
0.836378
0.887364
0.940476
0.995233
1.0507
1.10524
1.15627
1.20022
1.23292
1.2508
1.25228
1.23843
1.21355
1.18727
1.1752
1.19292
1.23998
1.28022
1.25291
1.16399
1.15871
1.31167
1.42114
1.5389
1.60718
1.59164
1.48662
1.26208
0.942667
0.517068
-0.166497
-1.29799
-3.24745
-6.63621
-11.94
-20.4608
-33.109
-44.5519
-59.8043
-45.0356
-34.9317
-26.329
-16.5231
-8.39631
-2.98867
0.513128
1.54107
2.72382
0.00674784
0.0225304
0.0375017
0.053537
0.0696298
0.0864048
0.103552
0.121316
0.139623
0.158587
0.178217
0.198585
0.219726
0.241699
0.26455
0.288335
0.313107
0.338924
0.365845
0.393934
0.42326
0.453899
0.485936
0.519463
0.554585
0.591417
0.630087
0.670735
0.713504
0.758541
0.805971
0.855879
0.908262
0.962957
1.01952
1.07703
1.13385
1.18726
1.23342
1.26774
1.2862
1.28697
1.27092
1.24238
1.2117
1.19664
1.21579
1.26927
1.31255
1.27424
1.16569
1.12074
1.23833
1.32568
1.45899
1.5439
1.54911
1.46205
1.25195
0.953315
0.563436
-0.0843795
-1.18878
-3.1594
-6.68341
-12.2938
-21.7382
-35.7311
-49.866
-66.5631
-48.7163
-37.0783
-27.6219
-17.1615
-8.45157
-2.66415
0.963288
1.94808
3.13089
0.00684182
0.0231392
0.038391
0.0548417
0.0712847
0.0884564
0.105988
0.124157
0.142876
0.162268
0.182338
0.203162
0.224777
0.24724
0.270601
0.294916
0.320238
0.346627
0.374142
0.402848
0.432816
0.464124
0.496855
0.531107
0.566984
0.604609
0.644113
0.685644
0.729358
0.775412
0.823955
0.875096
0.928865
0.985139
1.04352
1.10313
1.16229
1.2182
1.2667
1.30276
1.32187
1.32188
1.30347
1.27087
1.2352
1.21659
1.23721
1.29698
1.34108
1.29436
1.16167
1.04673
1.14117
1.21785
1.37447
1.4803
1.50982
1.44169
1.24591
0.969058
0.619287
0.0137526
-1.05321
-3.03212
-6.67011
-12.5663
-22.9608
-38.2961
-55.6633
-73.5654
-52.5907
-39.2737
-28.8872
-17.7597
-8.45765
-2.28492
1.4643
2.36594
3.48121
0.00693161
0.0237504
0.0392758
0.0561401
0.0729279
0.0904919
0.108402
0.126972
0.146096
0.16591
0.186415
0.207689
0.229769
0.252717
0.276581
0.301417
0.327282
0.354234
0.382335
0.411649
0.44225
0.474214
0.507629
0.542592
0.579212
0.617614
0.657936
0.700333
0.744971
0.792025
0.84166
0.894015
0.949156
1.00701
1.06722
1.12895
1.19054
1.24907
1.30008
1.338
1.35783
1.35706
1.33611
1.29904
1.25768
1.23483
1.25655
1.32062
1.36393
1.30961
1.13268
0.929562
1.02888
1.10005
1.2897
1.41884
1.47578
1.42677
1.24458
0.990561
0.686069
0.130456
-0.887521
-2.86019
-6.58631
-12.7452
-24.1184
-40.7374
-61.8466
-80.6138
-56.6021
-41.4938
-30.1145
-18.3077
-8.40524
-1.84922
2.01888
2.80368
3.94053
0.00701693
0.0243641
0.0401558
0.0574318
0.0745591
0.0925106
0.110794
0.129759
0.149283
0.169512
0.190444
0.212162
0.234702
0.258127
0.282486
0.307837
0.334236
0.361744
0.390421
0.420334
0.451557
0.484167
0.518253
0.553915
0.591264
0.630428
0.671551
0.714795
0.760339
0.80837
0.859077
0.912626
0.969122
1.02854
1.09058
1.15448
1.21859
1.27987
1.33354
1.37349
1.39411
1.39254
1.36888
1.32688
1.27901
1.25103
1.27218
1.33675
1.38141
1.31964
1.06211
0.79234
0.908819
0.977073
1.20783
1.36186
1.44859
1.41828
1.24855
1.01865
0.765389
0.268076
-0.689249
-2.641
-6.42739
-12.8282
-25.1882
-42.9835
-68.2392
-87.2482
-60.6099
-43.7009
-31.2908
-18.7974
-8.28503
-1.35522
2.62977
3.33946
4.40443
0.00709747
0.0249803
0.0410309
0.0587163
0.0761775
0.0945117
0.113163
0.132517
0.152434
0.173073
0.194426
0.216581
0.239574
0.263469
0.288315
0.314173
0.341099
0.369153
0.398397
0.4289
0.460734
0.493979
0.528725
0.565071
0.603135
0.643045
0.684952
0.729025
0.775453
0.82444
0.876195
0.930915
0.988746
1.04971
1.1136
1.1797
1.2464
1.31057
1.36709
1.40922
1.43073
1.42837
1.40185
1.3544
1.29908
1.26447
1.28123
1.3437
1.39495
1.30589
0.963133
0.64825
0.783457
0.855443
1.13099
1.31119
1.42976
1.41729
1.25844
1.05424
0.858719
0.428029
-0.458565
-2.3767
-6.19746
-12.8251
-26.1483
-44.9814
-74.768
-93.1647
-64.5189
-45.8399
-32.3994
-19.2212
-8.087
-0.805165
3.29521
3.87444
4.83867
0.0071729
0.0255991
0.0419006
0.0599933
0.0777827
0.0964945
0.115508
0.135245
0.15555
0.176591
0.198359
0.220944
0.244383
0.26874
0.294067
0.320423
0.347867
0.376458
0.406261
0.437343
0.469778
0.503647
0.539039
0.576058
0.61482
0.65546
0.698133
0.743014
0.790305
0.840224
0.893004
0.94887
1.00801
1.07052
1.13624
1.20457
1.27394
1.34115
1.40072
1.44523
1.46773
1.4646
1.43504
1.38158
1.31764
1.27352
1.28116
1.34604
1.40433
1.24972
0.859158
0.49444
0.650191
0.737198
1.0605
1.26851
1.42069
1.42498
1.27494
1.09819
0.966941
0.609753
-0.199751
-2.07634
-5.91157
-12.7545
-26.9677
-46.7295
-81.5421
-97.9849
-68.1774
-47.8272
-33.4231
-19.5677
-7.80486
-0.195257
4.01742
4.42233
5.37776
0.00724286
0.0262205
0.0427647
0.0612623
0.0793739
0.0984582
0.117827
0.137941
0.158627
0.180065
0.202241
0.22525
0.249126
0.273939
0.299738
0.326585
0.354538
0.383658
0.41401
0.445661
0.478686
0.513166
0.549193
0.58687
0.626316
0.667669
0.711088
0.756758
0.804888
0.855715
0.909491
0.966476
1.0269
1.09092
1.15848
1.22907
1.30119
1.3716
1.43444
1.48152
1.50515
1.50127
1.46849
1.40836
1.33414
1.27599
1.27407
1.35455
1.38529
1.17943
0.751373
0.335765
0.509211
0.62539
0.997315
1.23537
1.42303
1.44274
1.2986
1.151
1.08967
0.809476
0.0775003
-1.75805
-5.59477
-12.6361
-27.6121
-48.2523
-88.229
-101.115
-71.4519
-49.5919
-34.3413
-19.8286
-7.43053
0.481588
4.79525
5.08911
5.90262
0.00730697
0.0268445
0.0436228
0.0625228
0.0809505
0.100402
0.120121
0.140606
0.161666
0.183493
0.206071
0.229495
0.253803
0.279062
0.305326
0.332656
0.36111
0.39075
0.42164
0.453851
0.487455
0.522534
0.559182
0.597503
0.637617
0.679666
0.723812
0.770249
0.819195
0.870903
0.925647
0.98372
1.0454
1.11091
1.18029
1.25315
1.32811
1.40188
1.46822
1.5181
1.543
1.53841
1.50221
1.43458
1.34743
1.2713
1.26732
1.36884
1.33203
1.1133
0.637465
0.178978
0.360556
0.521719
0.942412
1.2137
1.43871
1.47205
1.32969
1.21253
1.22424
1.01927
0.356776
-1.44933
-5.27656
-12.4844
-28.0526
-49.5511
-94.0367
-102.786
-74.2279
-51.0306
-35.1371
-19.9799
-6.95955
1.21811
5.62198
5.72377
6.42091
0.00736483
0.0274712
0.0444745
0.0637742
0.0825118
0.102325
0.122387
0.143236
0.164665
0.186875
0.209846
0.233679
0.25841
0.284109
0.31083
0.338633
0.367579
0.397729
0.429149
0.461908
0.496079
0.531747
0.569002
0.607952
0.648718
0.691445
0.736299
0.78348
0.833217
0.885778
0.94146
1.00059
1.06349
1.13046
1.20164
1.27679
1.35466
1.43196
1.50206
1.555
1.58131
1.57601
1.53608
1.45975
1.35652
1.26354
1.27114
1.3639
1.27681
1.04558
0.521714
0.0304292
0.207254
0.429009
0.897023
1.20579
1.46988
1.51435
1.36803
1.28138
1.36464
1.22678
0.613522
-1.18338
-4.98336
-12.3064
-28.2672
-50.6022
-98.522
-103.365
-76.4053
-52.0849
-35.7848
-19.9929
-6.39327
2.00551
6.49503
6.44505
6.99328
0.007416
0.0281005
0.0453193
0.0650159
0.0840569
0.104225
0.124625
0.145832
0.167622
0.190207
0.213565
0.2378
0.262946
0.289077
0.316245
0.344514
0.373943
0.404594
0.436533
0.469829
0.504557
0.540799
0.578649
0.618213
0.659615
0.703001
0.748543
0.796444
0.846947
0.900331
0.956918
1.01706
1.08115
1.14954
1.22249
1.29993
1.38079
1.46181
1.53596
1.59222
1.62006
1.61399
1.5698
1.48308
1.36221
1.26106
1.29155
1.33126
1.23123
0.973103
0.408704
-0.104343
0.0517529
0.350174
0.862896
1.2141
1.5188
1.57105
1.41283
1.35395
1.50122
1.41494
0.815266
-0.990615
-4.73278
-12.1013
-28.2432
-51.3779
-101.548
-102.842
-77.9372
-52.7688
-36.2272
-19.8563
-5.73135
2.8371
7.40768
7.17082
7.51475
0.00746001
0.0287324
0.0461568
0.0662474
0.085585
0.106103
0.126833
0.148391
0.170535
0.193489
0.217226
0.241854
0.267409
0.293963
0.321571
0.350296
0.380199
0.411341
0.443789
0.477612
0.512884
0.549689
0.588119
0.628282
0.670303
0.714329
0.760536
0.809135
0.860375
0.914553
0.97201
1.03314
1.09836
1.16812
1.24282
1.32254
1.40646
1.49138
1.56989
1.62973
1.65917
1.65207
1.60272
1.50398
1.36784
1.26887
1.31468
1.2979
1.18825
0.898622
0.300843
-0.218282
-0.100219
0.287942
0.841742
1.24121
1.58787
1.64346
1.46223
1.42322
1.622
1.56007
0.927147
-0.889685
-4.53228
-11.864
-27.9758
-51.8297
-102.988
-101.188
-78.7401
-53.0771
-36.422
-19.5597
-4.97637
3.70052
8.34935
7.90426
8.12143
0.0074964
0.029367
0.0469865
0.0674678
0.0870952
0.107957
0.129011
0.150913
0.173404
0.196719
0.220828
0.245841
0.271796
0.298765
0.326804
0.355977
0.386343
0.417967
0.450913
0.485251
0.521056
0.55841
0.597406
0.638153
0.680775
0.725422
0.772274
0.821545
0.873495
0.928433
0.986723
1.04879
1.1151
1.18619
1.26257
1.34457
1.4316
1.52063
1.60382
1.6675
1.69844
1.68969
1.63392
1.52301
1.37868
1.29082
1.32361
1.2769
1.14478
0.824721
0.199273
-0.305419
-0.242547
0.245458
0.835525
1.2897
1.67964
1.73281
1.51203
1.47891
1.71388
1.63053
0.923258
-0.883315
-4.38138
-11.5878
-27.4657
-51.8978
-102.809
-98.5057
-78.7465
-52.9858
-36.3545
-19.0921
-4.1367
4.58279
9.31552
8.79489
8.67505
0.00752463
0.0300041
0.0478079
0.0686765
0.0885866
0.109786
0.131156
0.153395
0.176226
0.199894
0.224367
0.249759
0.276104
0.303481
0.331942
0.361553
0.392373
0.424468
0.457902
0.492744
0.529069
0.566959
0.606507
0.647821
0.691027
0.736276
0.783749
0.833666
0.886297
0.941962
1.00105
1.064
1.13136
1.20371
1.28173
1.36596
1.45616
1.5495
1.63769
1.70536
1.73739
1.72589
1.66254
1.54179
1.39776
1.32575
1.32492
1.26292
1.10249
0.752269
0.104588
-0.362597
-0.370925
0.224415
0.846281
1.36215
1.79694
1.83976
1.55402
1.51103
1.75972
1.59201
0.797442
-0.960907
-4.2748
-11.2663
-26.7175
-51.5253
-101.113
-94.9705
-77.9688
-52.5064
-36.01
-18.4446
-3.22695
5.46223
10.2606
9.60033
9.02152
0.00754418
0.0306437
0.0486203
0.0698727
0.0900581
0.111588
0.133268
0.155836
0.178999
0.203013
0.227842
0.253603
0.280332
0.308107
0.336981
0.36702
0.398286
0.430842
0.464752
0.500087
0.536919
0.575332
0.615417
0.657282
0.701053
0.746883
0.794954
0.845492
0.898773
0.95513
1.01497
1.07877
1.1471
1.22066
1.30024
1.38666
1.48007
1.57792
1.6714
1.74298
1.7752
1.75945
1.68823
1.5618
1.42393
1.36442
1.33211
1.25159
1.06314
0.68165
0.0169624
-0.388076
-0.476674
0.225645
0.876077
1.46117
1.9429
1.96306
1.57563
1.51456
1.73208
1.42187
0.565448
-1.10453
-4.20438
-10.8941
-25.7367
-50.6644
-98.0562
-90.8009
-76.4656
-51.6558
-35.3697
-17.6131
-2.26915
6.32144
11.2186
10.525
9.48328
0.00755447
0.0312858
0.0494233
0.0710555
0.0915087
0.113362
0.135345
0.158234
0.181722
0.206074
0.231251
0.257374
0.284477
0.312641
0.341918
0.372377
0.404078
0.437084
0.47146
0.507275
0.544602
0.583523
0.62413
0.666529
0.710848
0.757238
0.805884
0.857015
0.910914
0.967926
1.02847
1.09307
1.16232
1.237
1.31806
1.40661
1.50325
1.60578
1.7047
1.77972
1.81067
1.78915
1.71099
1.58374
1.45504
1.3985
1.34558
1.24241
1.02725
0.613456
-0.0641997
-0.386069
-0.553528
0.2492
0.927129
1.58937
2.12085
2.09675
1.56528
1.48685
1.5944
1.12346
0.257188
-1.29373
-4.15931
-10.4659
-24.5298
-49.2912
-93.8456
-86.2005
-74.2911
-50.4238
-34.4153
-16.6018
-1.29114
7.12423
12.0148
11.5883
7.51078
0.00755491
0.0319303
0.0502161
0.072224
0.0929373
0.115107
0.137385
0.160589
0.184394
0.209075
0.234592
0.261067
0.288536
0.31708
0.346752
0.37762
0.409745
0.44319
0.47802
0.514303
0.552112
0.591528
0.632641
0.675558
0.720405
0.767334
0.816531
0.868227
0.922712
0.980342
1.04155
1.10689
1.177
1.25272
1.33516
1.42576
1.52561
1.63289
1.73714
1.81458
1.8424
1.81399
1.73074
1.60717
1.48949
1.42909
1.36172
1.23584
0.994874
0.548495
-0.139339
-0.36625
-0.59668
0.293638
1.00159
1.74945
2.33332
2.22704
1.52323
1.41409
1.31726
0.727801
-0.0942532
-1.50735
-4.12514
-9.97487
-23.1033
-47.4136
-88.8011
-81.3817
-71.5124
-48.7989
-33.1455
-15.4316
-0.319916
7.86471
12.7541
11.9152
5.72128
0.00754489
0.032577
0.0509981
0.0733773
0.0943426
0.116821
0.139387
0.162896
0.18701
0.212013
0.237861
0.264681
0.292507
0.32142
0.351478
0.382745
0.415284
0.449157
0.48443
0.521169
0.559446
0.599342
0.640946
0.684363
0.729719
0.777165
0.826888
0.879121
0.934158
0.992366
1.0542
1.12021
1.1911
1.26778
1.35149
1.44402
1.54701
1.65894
1.76796
1.84626
1.86905
1.8332
1.74727
1.6309
1.52514
1.45936
1.3788
1.23185
0.966028
0.487663
-0.207974
-0.34356
-0.600392
0.356886
1.10145
1.94414
2.57891
2.33476
1.46522
1.26033
0.899792
0.280541
-0.459533
-1.72311
-4.08215
-9.41059
-21.4644
-45.0615
-83.2724
-76.5092
-68.2555
-46.8132
-31.5949
-14.1396
0.605337
8.48678
13.5488
11.6125
3.29036
0.00752376
0.0332257
0.0517686
0.0745143
0.0957234
0.118503
0.141348
0.165156
0.189571
0.214887
0.241057
0.268212
0.296385
0.32566
0.356092
0.387749
0.420691
0.454981
0.490684
0.527866
0.566598
0.606959
0.649038
0.692938
0.738784
0.786724
0.836947
0.889688
0.945243
1.00399
1.06639
1.13302
1.20462
1.28215
1.36701
1.46131
1.56726
1.68342
1.79604
1.87333
1.88929
1.84592
1.7603
1.65396
1.5597
1.48959
1.39647
1.23014
0.940626
0.432105
-0.267297
-0.339571
-0.563518
0.436581
1.22824
2.17563
2.84669
2.40905
1.406
0.979864
0.376272
-0.175176
-0.814108
-1.91686
-4.00437
-8.75812
-19.6216
-42.2688
-77.502
-71.6496
-64.6823
-44.542
-29.825
-12.7762
1.44719
9.07037
13.61
12.8236
2.86777
0.00749087
0.0338764
0.0525267
0.0756339
0.0970784
0.120152
0.143269
0.167366
0.192073
0.217693
0.244178
0.271658
0.30017
0.329796
0.360592
0.392628
0.425962
0.460658
0.496779
0.534391
0.573564
0.614376
0.656913
0.701278
0.747592
0.796005
0.846702
0.89992
0.955958
1.0152
1.07812
1.14531
1.21754
1.29581
1.38167
1.47754
1.58605
1.70551
1.82006
1.89431
1.90204
1.85281
1.77092
1.67576
1.59189
1.51914
1.41475
1.23051
0.918385
0.383254
-0.310713
-0.380696
-0.488544
0.530154
1.38278
2.44379
3.11237
2.46424
1.33755
0.550765
-0.199632
-0.608288
-1.1363
-2.06258
-3.86065
-7.99909
-17.5871
-39.0653
-71.6141
-66.8056
-60.9275
-42.0613
-27.9002
-11.4025
2.15604
9.4861
13.1427
14.7237
3.32762
0.00744553
0.0345287
0.0532718
0.076735
0.0984062
0.121765
0.145145
0.169523
0.194515
0.220429
0.247219
0.275015
0.303856
0.333823
0.364975
0.397378
0.431093
0.466182
0.502709
0.540738
0.580338
0.621585
0.664563
0.709374
0.756138
0.805
0.856145
0.909809
0.966294
1.02599
1.08937
1.15706
1.22983
1.30874
1.39541
1.49253
1.6029
1.72423
1.83905
1.90873
1.90745
1.85389
1.77942
1.69648
1.62181
1.54764
1.43358
1.23282
0.898842
0.343164
-0.323035
-0.476241
-0.382639
0.635408
1.56508
2.7415
3.34298
2.52919
1.19848
-0.0192683
-0.772395
-0.999565
-1.40617
-2.13379
-3.61885
-7.11566
-15.3811
-35.4783
-65.7089
-61.9658
-57.0822
-39.4175
-25.875
-10.0922
2.72757
9.41818
12.9188
15.982
9.00441
0.00738706
0.0351825
0.054003
0.0778164
0.0997053
0.123341
0.146976
0.171627
0.196893
0.223094
0.250179
0.278282
0.307441
0.33774
0.369235
0.401995
0.436079
0.471551
0.508471
0.546903
0.586915
0.628581
0.671984
0.717223
0.764414
0.813701
0.865267
0.919346
0.97624
1.03634
1.10014
1.16826
1.24149
1.32089
1.40816
1.50606
1.61716
1.73855
1.85155
1.91382
1.90394
1.85266
1.78713
1.71609
1.64972
1.57525
1.45303
1.23695
0.881385
0.314178
-0.282371
-0.596867
-0.257049
0.751815
1.77358
3.04854
3.514
2.615
0.849823
-0.62195
-1.32656
-1.3314
-1.60584
-2.10695
-3.25282
-6.09705
-13.0379
-31.5435
-59.9626
-57.0725
-53.2221
-36.6467
-23.8264
-8.93481
3.18859
8.91067
13.0423
16.0049
15.6537
0.00731473
0.0358376
0.0547194
0.0788766
0.100974
0.124878
0.14876
0.173673
0.199206
0.225683
0.253054
0.281455
0.310923
0.341542
0.37337
0.406475
0.440917
0.476758
0.514058
0.552879
0.593289
0.635358
0.679168
0.724815
0.772413
0.822102
0.874062
0.928523
0.985789
1.04625
1.11041
1.17889
1.25249
1.33225
1.41983
1.5178
1.62802
1.74744
1.85716
1.91061
1.897
1.85118
1.79432
1.73481
1.67607
1.602
1.47291
1.24257
0.86498
0.29635
-0.182258
-0.683475
-0.121408
0.879469
2.00328
3.33065
3.64272
2.75596
0.19657
-1.16122
-1.83508
-1.58915
-1.71849
-1.96591
-2.74993
-4.94661
-10.6096
-27.3145
-54.5634
-52.0457
-49.5026
-33.8543
-21.8922
-7.9861
3.46436
8.43709
13.4631
16.5934
21.2149
0.00722782
0.0364935
0.0554201
0.0799145
0.102211
0.126374
0.150494
0.175661
0.20145
0.228195
0.255842
0.28453
0.314296
0.345225
0.377375
0.410814
0.445601
0.481799
0.519465
0.558662
0.599454
0.64191
0.68611
0.732145
0.780128
0.830194
0.882519
0.93733
0.994929
1.05571
1.12017
1.18894
1.26281
1.34276
1.43028
1.52733
1.635
1.75145
1.85794
1.90181
1.8912
1.85074
1.8017
1.7522
1.70056
1.62759
1.49292
1.24901
0.848344
0.287099
-0.0534192
-0.682076
0.0178027
1.01864
2.24244
3.54985
3.75208
2.8266
-0.589227
-1.65157
-2.27065
-1.76127
-1.73242
-1.70533
-2.11612
-3.68775
-8.16276
-22.8636
-49.423
-47.1324
-46.2017
-31.2627
-20.2177
-7.19076
3.55002
8.52293
14.3158
18.2569
25.0318
0.00712558
0.0371499
0.0561042
0.0809283
0.103415
0.127827
0.152176
0.177587
0.203624
0.230626
0.25854
0.287504
0.317558
0.348786
0.381246
0.415007
0.450128
0.486668
0.524687
0.564245
0.605403
0.64823
0.692801
0.739205
0.78755
0.837969
0.89063
0.945759
1.00365
1.0647
1.12941
1.1984
1.27243
1.35237
1.43936
1.53442
1.63875
1.75368
1.85303
1.89235
1.88621
1.8508
1.80908
1.76829
1.72312
1.65168
1.51249
1.25531
0.830754
0.285647
0.0364243
-0.578362
0.156247
1.16807
2.47022
3.6938
3.90597
2.61144
-1.31855
-2.10885
-2.61672
-1.84137
-1.64357
-1.33335
-1.37673
-2.36685
-5.77593
-18.2994
-44.0122
-43.1706
-43.3
-29.0419
-18.8141
-6.46003
3.79432
9.39174
15.8314
20.5031
24.9349
0.00700726
0.0378065
0.0567706
0.0819167
0.104583
0.129236
0.153803
0.17945
0.205725
0.232974
0.261144
0.290374
0.320704
0.35222
0.384979
0.41905
0.45449
0.491361
0.529719
0.569622
0.611131
0.654311
0.699234
0.745987
0.794673
0.845418
0.898387
0.953799
1.01194
1.07322
1.13811
1.20725
1.28131
1.36103
1.44694
1.53925
1.64052
1.75571
1.84384
1.88461
1.88206
1.85192
1.81656
1.78296
1.74343
1.67379
1.5309
1.26014
0.813699
0.30316
0.0309094
-0.403448
0.289481
1.32313
2.65744
3.77875
4.12524
2.11191
-1.97922
-2.5258
-2.85936
-1.83077
-1.45859
-0.871399
-0.573597
-1.05032
-3.54147
-13.8166
-37.7118
-40.23
-40.124
-27.133
-17.4135
-5.57299
4.64371
11.0238
17.8595
22.8259
23.1178
0.00687212
0.0384625
0.0574182
0.0828779
0.105715
0.130597
0.155375
0.181245
0.207749
0.235235
0.263651
0.293136
0.323732
0.355523
0.388569
0.422937
0.458685
0.495872
0.534554
0.574787
0.61663
0.660145
0.705403
0.752483
0.801486
0.852532
0.90578
0.96144
1.0198
1.08124
1.14627
1.21546
1.28944
1.36866
1.45304
1.54249
1.64188
1.75514
1.83497
1.87806
1.87886
1.854
1.82413
1.79635
1.76143
1.69347
1.54721
1.26207
0.802643
0.368334
-0.0370859
-0.211383
0.414398
1.47487
2.7739
3.82555
4.26652
1.5929
-2.59156
-2.91267
-2.99701
-1.73943
-1.19434
-0.351717
0.241354
0.186392
-1.55303
-9.6686
-30.4543
-36.3236
-35.8949
-25.0931
-15.5593
-4.05755
6.3396
13.2981
20.0433
24.5776
22.8374
0.00671944
0.0391175
0.0580458
0.08381
0.106807
0.131909
0.156887
0.182972
0.209693
0.237406
0.266056
0.295786
0.326636
0.358691
0.392011
0.426663
0.462705
0.500194
0.539185
0.579734
0.621894
0.665726
0.711297
0.758685
0.807981
0.859302
0.912798
0.968672
1.0272
1.08877
1.15386
1.22302
1.29676
1.37525
1.45788
1.54514
1.64444
1.75094
1.82818
1.87238
1.87682
1.85697
1.83185
1.80855
1.77704
1.71031
1.56033
1.25952
0.802605
0.476346
-0.0657499
-0.0380315
0.529503
1.60996
2.80872
3.90002
4.13542
1.18272
-3.12968
-3.27915
-3.03937
-1.58397
-0.873736
0.189019
1.01575
1.2744
0.117578
-6.05329
-22.9429
-30.2228
-30.218
-21.852
-12.6312
-1.40125
8.93604
15.9511
21.9264
25.0128
25.3917
0.00654855
0.0397704
0.0586522
0.0847111
0.107858
0.133168
0.158337
0.184626
0.211555
0.239484
0.268358
0.29832
0.329412
0.361719
0.395301
0.430223
0.466545
0.504322
0.543607
0.584454
0.626914
0.671045
0.71691
0.764582
0.814148
0.865717
0.919431
0.975484
1.03415
1.09578
1.16086
1.22989
1.30326
1.38083
1.46176
1.54768
1.64782
1.74593
1.82291
1.86771
1.87585
1.86072
1.83974
1.81973
1.79039
1.72405
1.56921
1.25195
0.814716
0.547767
0.0149639
0.115623
0.633784
1.71014
2.76797
4.03664
3.76178
0.85683
-3.54845
-3.61191
-3.00027
-1.38145
-0.51972
0.717495
1.70727
2.16652
1.43661
-3.06422
-15.9664
-22.8155
-23.2803
-16.9074
-8.23303
2.46578
12.207
18.6345
23.3546
24.3082
25.412
0.00635888
0.0404201
0.0592359
0.0855789
0.108865
0.134374
0.159723
0.186205
0.213331
0.241464
0.270551
0.300734
0.332056
0.364602
0.398432
0.433612
0.470199
0.508248
0.547812
0.58894
0.631683
0.676094
0.722232
0.770167
0.819978
0.871767
0.925669
0.981864
1.04061
1.10227
1.16727
1.23606
1.30892
1.38549
1.46508
1.5504
1.65001
1.74229
1.81864
1.86413
1.87583
1.86515
1.84778
1.83007
1.80169
1.73467
1.57361
1.24414
0.855224
0.54295
0.168547
0.256322
0.725393
1.75365
2.66096
4.13839
3.37434
0.584934
-3.81792
-3.87843
-2.89097
-1.14486
-0.151441
1.20834
2.28959
2.84588
2.4189
-0.696525
-9.9817
-15.3815
-15.8926
-10.9024
-2.81073
7.0335
15.6633
20.9712
24.2736
23.9579
24.5755
0.00615004
0.0410651
0.0597955
0.0864111
0.109826
0.135521
0.161042
0.187706
0.215017
0.243344
0.272632
0.303023
0.334563
0.367335
0.4014
0.436823
0.47366
0.511967
0.551793
0.593185
0.636192
0.680864
0.727254
0.775428
0.82546
0.877443
0.9315
0.987802
1.04659
1.10821
1.17305
1.24152
1.31376
1.38941
1.46819
1.55371
1.6504
1.7401
1.81526
1.8616
1.87664
1.87012
1.85596
1.83978
1.81128
1.74242
1.57419
1.24489
0.93907
0.519755
0.325627
0.385434
0.80032
1.72622
2.54711
4.04369
3.07618
0.367476
-3.93171
-4.04785
-2.71557
-0.883403
0.215572
1.64454
2.75251
3.32502
3.11978
1.12327
-5.14896
-8.80064
-8.97674
-4.78099
2.78955
11.5939
18.8067
22.7407
24.7151
24.099
24.2548
0.00592188
0.0417035
0.0603293
0.0872052
0.110739
0.136609
0.162289
0.189124
0.216611
0.245119
0.274595
0.305184
0.336927
0.369912
0.404198
0.43985
0.476923
0.515471
0.555542
0.597181
0.640433
0.685345
0.731966
0.780356
0.830583
0.882731
0.936912
0.993284
1.05207
1.11358
1.17819
1.24625
1.31786
1.39275
1.47119
1.55746
1.65028
1.7388
1.81274
1.85999
1.87814
1.8755
1.86424
1.84902
1.81954
1.74767
1.57217
1.25869
1.02556
0.56006
0.465959
0.503977
0.852986
1.62498
2.49789
3.72256
2.84466
0.213019
-3.90035
-4.10501
-2.47703
-0.604168
0.568176
2.01684
3.09917
3.63796
3.61305
2.49655
-1.43324
-3.47766
-3.12089
0.744554
7.88101
15.592
21.3259
23.9291
24.8467
24.3311
24.1884
0.00567463
0.0423331
0.0608355
0.0879583
0.111601
0.137634
0.163463
0.190457
0.218108
0.246785
0.276438
0.30721
0.339145
0.372329
0.406821
0.442686
0.47998
0.518752
0.559051
0.600919
0.644397
0.689529
0.736359
0.784941
0.835337
0.887622
0.941895
0.998298
1.05703
1.11839
1.1827
1.25029
1.32129
1.39563
1.47402
1.56071
1.65063
1.73805
1.81102
1.8592
1.88023
1.88119
1.87257
1.85797
1.82688
1.75106
1.57045
1.2895
1.0641
0.672768
0.597636
0.61401
0.875765
1.45155
2.51468
3.33559
2.64917
0.123917
-3.73759
-4.04136
-2.18035
-0.314689
0.895641
2.32356
3.34244
3.82881
3.96732
3.52029
1.30901
0.538533
1.47645
5.31262
12.0752
18.75
23.1362
24.6323
24.8243
24.5186
24.1748
0.005409
0.0429511
0.0613123
0.0886676
0.112409
0.138592
0.16456
0.191701
0.219503
0.248338
0.278155
0.309098
0.34121
0.374579
0.409263
0.445326
0.482823
0.521804
0.562313
0.604391
0.648075
0.693405
0.740422
0.789172
0.83971
0.892103
0.946436
1.00283
1.06147
1.12261
1.18658
1.25369
1.32418
1.39822
1.47678
1.563
1.65153
1.73774
1.80999
1.85911
1.88281
1.88709
1.88093
1.86676
1.8337
1.75344
1.57391
1.34725
1.06587
0.808702
0.725355
0.717207
0.863094
1.2309
2.52089
3.02928
2.48711
0.0967919
-3.46875
-3.87397
-1.83126
-0.0229625
1.19024
2.56915
3.50062
3.94091
4.23301
4.27431
3.2613
3.39225
4.88786
8.86269
15.2656
21.0414
24.3241
25.0123
24.7772
24.552
24.1332
0.00512637
0.0435538
0.0617578
0.08933
0.11316
0.13948
0.165575
0.192852
0.220794
0.249774
0.279742
0.310841
0.343117
0.376656
0.411516
0.447762
0.485446
0.524618
0.565319
0.607588
0.651458
0.696965
0.744144
0.793038
0.843693
0.896165
0.950525
1.00688
1.06538
1.12627
1.18986
1.25652
1.32663
1.40054
1.47949
1.56473
1.65269
1.7378
1.80958
1.85963
1.88577
1.89312
1.88928
1.87551
1.84025
1.75534
1.58491
1.42334
1.08348
0.937575
0.849799
0.813625
0.820416
1.0272
2.4231
2.8299
2.36773
0.125387
-3.124
-3.62975
-1.44222
0.26272
1.44725
2.76095
3.59353
4.00987
4.44121
4.82075
4.60631
5.32838
7.30456
11.4861
17.5454
22.5985
25.053
25.2119
24.7518
24.4656
24.0818
0.00482899
0.0441372
0.0621699
0.0899421
0.11385
0.140295
0.166507
0.193907
0.221976
0.251088
0.281193
0.312435
0.344861
0.378554
0.413575
0.449987
0.487841
0.527186
0.56806
0.6105
0.654536
0.700198
0.747517
0.796529
0.847273
0.899795
0.95415
1.01042
1.06875
1.12936
1.19258
1.25887
1.32874
1.40266
1.48202
1.56642
1.65398
1.73823
1.8097
1.86069
1.88906
1.89921
1.8976
1.88428
1.84665
1.75708
1.60131
1.4837
1.15049
1.06029
0.972244
0.90156
0.767191
0.899443
2.23136
2.70617
2.29601
0.199593
-2.7308
-3.32227
-1.02599
0.533339
1.66398
2.90577
3.63989
4.05997
4.6082
5.2103
5.51327
6.62102
8.96887
13.3391
19.1068
23.6137
25.4893
25.3281
24.749
24.4192
24.0627
0.00452025
0.0446961
0.0625466
0.0905004
0.114477
0.141034
0.16735
0.19486
0.223044
0.252275
0.282504
0.313875
0.346435
0.380268
0.415433
0.451994
0.490001
0.5295
0.570529
0.61312
0.6573
0.703094
0.75053
0.799635
0.850442
0.902985
0.957306
1.01347
1.0716
1.13193
1.19482
1.26081
1.33054
1.40452
1.48409
1.56816
1.65533
1.73894
1.81029
1.86219
1.89259
1.90531
1.90585
1.89309
1.85291
1.75954
1.62367
1.50864
1.25199
1.18124
1.09301
0.978992
0.730493
0.871945
2.04823
2.6352
2.27188
0.305721
-2.31912
-2.9786
-0.594202
0.778653
1.8392
3.00855
3.65582
4.10369
4.7412
5.48417
6.11846
7.48985
10.1192
14.6192
20.1546
24.2686
25.761
25.4161
24.7578
24.3953
24.0573
0.00420493
0.0452243
0.0628853
0.0910014
0.115038
0.141692
0.168101
0.195709
0.223995
0.25333
0.283669
0.315154
0.347833
0.381789
0.417082
0.453775
0.491916
0.531551
0.572715
0.615437
0.65974
0.705645
0.753173
0.802347
0.853191
0.90573
0.959993
1.01603
1.07396
1.13402
1.19663
1.26243
1.33213
1.40626
1.48582
1.56993
1.65677
1.73996
1.81131
1.86409
1.8963
1.91136
1.91402
1.90199
1.85908
1.76421
1.65618
1.51455
1.36119
1.30048
1.20905
1.04651
0.731158
0.930663
1.95431
2.61151
2.29334
0.428384
-1.91486
-2.62072
-0.157945
0.987616
1.97424
3.07306
3.65431
4.14481
4.84464
5.67516
6.5211
8.08613
10.9275
15.5012
20.8593
24.7018
25.9473
25.4966
24.7837
24.3972
24.0797
0.00388995
0.0457146
0.0631842
0.0914415
0.115529
0.142267
0.168757
0.196449
0.224823
0.254249
0.284684
0.316267
0.349049
0.383113
0.418517
0.455323
0.493581
0.533333
0.574612
0.617444
0.661849
0.707842
0.755439
0.804657
0.855512
0.908022
0.962207
1.01811
1.07584
1.13567
1.19807
1.26376
1.33347
1.40781
1.48732
1.57158
1.65822
1.74116
1.81264
1.86625
1.90009
1.91728
1.92205
1.91081
1.86471
1.77062
1.69311
1.53375
1.46712
1.41509
1.3145
1.10759
0.772057
1.0353
1.95658
2.63348
2.35619
0.550687
-1.53843
-2.25791
0.272229
1.15278
2.07417
3.10401
3.6455
4.18237
4.92227
5.80751
6.79113
8.5033
11.5034
16.1143
21.3448
25.0044
26.0913
25.5751
24.8243
24.4224
24.1278
0.00358388
0.0461573
0.06344
0.0918162
0.115946
0.142754
0.169312
0.197074
0.225523
0.255026
0.285541
0.317208
0.350076
0.38423
0.419728
0.45663
0.494985
0.534834
0.576209
0.619131
0.663617
0.709678
0.757323
0.806564
0.857412
0.909879
0.963978
1.01975
1.07731
1.13695
1.19921
1.26484
1.33462
1.40918
1.48878
1.57319
1.65976
1.74261
1.81429
1.86865
1.90389
1.92299
1.92986
1.91947
1.86958
1.77687
1.71741
1.58236
1.56884
1.52001
1.40321
1.16445
0.839469
1.14488
2.01667
2.69483
2.45477
0.659304
-1.2085
-1.89578
0.685001
1.27825
2.1458
3.11
3.63745
4.2154
4.97996
5.90108
6.97865
8.80028
11.9172
16.5501
21.6931
25.2313
26.2136
25.6514
24.8723
24.4632
24.2053
0.0032999
0.0465426
0.0636513
0.0921231
0.116287
0.14315
0.169764
0.197584
0.226093
0.255657
0.286238
0.317972
0.350911
0.385138
0.420711
0.45769
0.496123
0.53605
0.5775
0.620493
0.665039
0.711146
0.758817
0.808059
0.858878
0.911285
0.965291
1.02094
1.07837
1.1379
1.20008
1.26571
1.33555
1.41026
1.49003
1.5746
1.6612
1.7441
1.81604
1.87108
1.90752
1.92837
1.93735
1.9276
1.87333
1.78286
1.72344
1.64922
1.66365
1.60856
1.47106
1.21494
0.915232
1.24057
2.09685
2.78273
2.57861
0.736892
-0.94679
-1.5283
1.06091
1.37816
2.19459
3.10308
3.63321
4.24118
5.02042
5.96612
7.11091
9.01353
12.2149
16.865
21.9512
25.4105
26.3222
25.7219
24.9222
24.5121
24.3117
0.00305211
0.0468548
0.0638129
0.0923557
0.116545
0.14345
0.170106
0.197968
0.226523
0.256135
0.286764
0.31855
0.351542
0.385823
0.421453
0.458491
0.496983
0.536968
0.578474
0.621517
0.666107
0.712244
0.75993
0.809165
0.859955
0.912307
0.966239
1.0218
1.07914
1.13857
1.2007
1.26634
1.33629
1.41117
1.4912
1.57597
1.66269
1.74573
1.81794
1.87354
1.91092
1.93325
1.94424
1.93507
1.87713
1.79029
1.72506
1.71606
1.74402
1.67358
1.51561
1.25226
0.981201
1.31906
2.17746
2.8831
2.71864
0.785359
-0.762872
-1.17069
1.39323
1.45887
2.22562
3.09421
3.63315
4.26096
5.04943
6.01226
7.20547
9.16744
12.4291
17.0946
22.1471
25.5564
26.4197
25.7841
24.9673
24.5607
24.3975
0.00286358
0.0470817
0.0639254
0.0925146
0.116722
0.143654
0.170339
0.19823
0.226816
0.256459
0.287122
0.318942
0.35197
0.386289
0.421957
0.459034
0.497565
0.537588
0.57913
0.622206
0.66682
0.712971
0.760654
0.809868
0.860616
0.912906
0.966765
1.02226
1.07954
1.13897
1.20114
1.26684
1.33685
1.4118
1.49202
1.57698
1.66388
1.7471
1.81958
1.8756
1.91375
1.9374
1.95021
1.94074
1.87864
1.79351
1.73687
1.77218
1.80103
1.70972
1.53736
1.27694
1.03306
1.37895
2.24514
2.97888
2.85245
0.786373
-0.674808
-0.827647
1.69701
1.51373
2.24322
3.08824
3.63384
4.27268
5.06639
6.04008
7.26552
9.26785
12.57
17.2492
22.2846
25.6655
26.4988
25.8318
25.0005
24.6063
24.4543
0.00275587
0.0472005
0.0639805
0.092591
0.116808
0.143753
0.170453
0.198358
0.226959
0.256617
0.287296
0.319133
0.352179
0.386516
0.422203
0.459299
0.49785
0.537893
0.579454
0.622546
0.667174
0.713335
0.761021
0.81023
0.860962
0.913228
0.967053
1.02251
1.07975
1.13915
1.2013
1.26703
1.33716
1.41228
1.49267
1.57782
1.6649
1.7483
1.82098
1.87727
1.91587
1.94031
1.954
1.94395
1.88035
1.79483
1.75109
1.80372
1.8337
1.72825
1.54337
1.2827
1.05564
1.41349
2.29415
3.0519
2.95567
0.830283
-0.617144
-0.550268
1.90532
1.55234
2.25229
3.0857
3.63465
4.27913
5.0756
6.05514
7.29833
9.32349
12.6481
17.3378
22.3683
25.737
26.5517
25.8654
25.0245
24.6421
24.6499
)
;

boundaryField
{
    inletFace
    {
        type            zeroGradient;
    }
    inlet
    {
        type            zeroGradient;
    }
    inletWalls
    {
        type            zeroGradient;
    }
    outletInlet
    {
        type            cyclicAMI;
        value           nonuniform List<scalar> 
15
(
12.8169
16.3999
19.6077
24.6567
28.6019
34.8419
39.3063
43.5685
47.054
47.9346
45.134
44.4983
36.0281
29.4754
24.9033
)
;
    }
    fineSymmetryWall
    {
        type            symmetryPlane;
    }
    fineWalls
    {
        type            zeroGradient;
    }
    fineCyclicBoundary
    {
        type            fixedValue;
        value           uniform 0;
    }
    fineplug
    {
        type            cyclicAMI;
        value           nonuniform List<scalar> 
80
(
12.6549
11.8702
13.7326
13.1715
11.972
14.876
15.4716
16.0946
16.5988
17.1644
18.2186
20.0871
19.968
18.1421
19.3208
20.7792
22.7722
23.5324
24.4523
25.3325
26.6941
26.1707
26.4601
28.1686
29.0948
30.439
32.1849
33.6507
34.3833
35.2503
35.602
35.7586
37.029
38.4855
39.1421
39.7851
40.9957
42.8256
43.6107
42.4737
42.3298
44.7467
46.7324
47.4108
47.1664
46.8281
46.3453
47.5229
46.4939
47.7094
50.0402
47.8619
47.7782
48.4325
47.1783
45.9041
44.6072
40.5482
46.0188
49.9048
46.0841
44.1712
41.4857
39.1351
39.2482
37.4336
35.3943
32.0538
36.6872
34.0086
31.1631
30.4654
29.2514
27.6504
23.6866
22.4473
23.8311
28.2478
25.3221
23.7263
)
;
    }
    faceFine
    {
        type            zeroGradient;
    }
}


// ************************************************************************* //
