/*--------------------------------*- C++ -*----------------------------------*\
| =========                 |                                                 |
| \\      /  F ield         | OpenFOAM: The Open Source CFD Toolbox           |
|  \\    /   O peration     | Version:  4.1                                   |
|   \\  /    A nd           | Web:      www.OpenFOAM.org                      |
|    \\/     M anipulation  |                                                 |
\*---------------------------------------------------------------------------*/
FoamFile
{
    version     2.0;
    format      ascii;
    class       volScalarField;
    location    "10";
    object      p;
}
// * * * * * * * * * * * * * * * * * * * * * * * * * * * * * * * * * * * * * //

dimensions      [0 2 -2 0 0 0 0];

internalField   nonuniform List<scalar> 
6785
(
600.919
522.728
475.92
422.805
376.329
331.626
290.024
250.69
213.51
178.279
144.298
111.174
82.4025
52.719
12.2543
-8.15404
-25.3539
-15.2998
-22.0613
-21.2412
-23.4512
-23.9571
-24.3723
-23.898
-22.57
-20.1413
-17.0026
-12.7182
-6.62118
-2.63429
20.1609
17.1809
26.8243
23.0819
27.6381
27.3577
29.0409
29.6061
30.4378
31.0898
31.8421
32.4993
32.9389
33.3115
35.2169
55.3885
52.8111
55.8467
51.0285
52.7118
49.9453
49.7439
48.3061
47.5783
46.7514
46.1306
45.5488
45.0889
44.5255
43.4793
24.0292
19.7464
20.7404
16.4715
17.2755
14.2089
13.9348
12.0646
11.2355
10.038
9.25215
8.53721
7.56032
5.88725
4.34871
-6.02881
-9.57848
-8.40786
-11.6855
-10.8158
-13.6146
-13.835
-15.8374
-16.9082
-18.2954
-19.0945
-19.6151
-19.9752
-20.3403
-18.6181
-2.77588
-3.59036
-1.33756
-2.95655
-0.812487
-1.90781
-0.741797
-0.988585
-0.542976
-0.37398
0.152206
0.877152
2.4041
4.03555
7.03183
20.9824
21.9473
24.2829
24.0606
26.6115
26.9516
28.9035
30.0235
31.6303
33.1196
34.7658
36.3291
38.094
39.416
41.2546
38.3146
39.4742
41.1508
41.1241
43.015
43.2911
44.6507
45.3963
46.4143
47.3113
48.27
49.1343
50.1261
50.8126
51.7967
50.6671
51.902
53.2136
53.2837
54.7683
54.974
56.0448
56.6247
57.4303
58.1667
58.9303
59.6402
60.4962
61.0759
62.0866
65.9118
67.126
68.0108
68.3108
69.4891
69.7191
70.4998
70.5464
70.5734
70.2619
69.9581
70.0224
70.4553
70.9743
71.4003
73.2399
72.8213
72.838
72.2086
72.2287
71.294
70.8283
69.8973
69.1627
68.3827
67.7868
67.3787
66.9302
66.9916
66.1406
73.1271
70.281
68.6161
66.5101
65.19
63.49
62.3887
60.7918
59.1218
56.9927
54.7312
52.5631
51.1807
50.8045
48.2727
44.4213
41.9375
39.2357
35.5846
31.9041
27.8795
24.2462
20.8899
18.3768
16.5727
15.6071
15.2435
15.5166
15.6854
14.4145
49.926
46.9369
42.192
35.9494
27.9985
20.4274
16.3469
15.1614
15.188
16.6459
18.1503
19.1868
19.6313
19.4148
18.4582
30.1539
30.2116
30.2269
30.2283
30.234
30.2597
30.3258
30.3013
30.2881
30.2838
30.3207
30.2508
30.2509
30.2579
30.166
30.133
30.1456
30.1552
29.9894
30.0437
30.0403
29.8762
29.8374
29.9178
29.908
29.7133
29.6814
29.7793
29.8177
29.5428
29.7061
29.7398
29.5076
29.4839
29.6278
29.706
29.4161
29.589
29.6753
29.4594
29.4393
29.598
29.6659
29.4845
29.4795
29.6386
29.6881
29.4986
29.7662
29.648
29.4996
29.5444
29.7793
29.809
29.6923
29.7213
29.876
30.1756
30.1129
30.1354
30.6304
30.6147
30.5455
30.5725
30.7642
30.7828
31.0693
31.3053
30.7063
31.3632
32.1224
29.2488
27.3696
29.4375
31.8214
17.8379
24.0903
28.7441
-0.874137
6.26875
10.3398
9.50693
13.3275
7.49554
7.73756
12.441
12.6973
13.8937
14.3581
15.2232
17.6033
21.4
18.9967
15.2385
17.0803
20.6609
24.2818
25.0321
26.8375
28.4
30.973
33.4601
31.5587
35.2106
36.6092
39.6493
44.1456
46.9971
48.4259
50.7605
50.2908
61.2378
56.1253
58.423
59.1367
59.922
62.2275
65.8679
67.4246
62.473
71.1035
69.2795
72.3566
72.6505
71.0619
69.3653
67.688
69.6945
63.521
74.0376
71.3449
65.4076
63.9901
61.7655
57.672
54.5996
51.7781
41.7445
48.6638
53.3836
46.2584
43.0417
38.2791
31.6828
26.2919
24.0825
20.5464
15.215
15.3366
16.1976
11.9502
12.0756
11.2325
10.1532
5.23133
3.80906
6.10455
-2.22429
7.54682
5.24278
3.6445
9.79366
3.29168
5.97272
4.29605
6.18598
9.30042
3.71007
6.6147
8.71954
4.64381
6.12988
4.7256
6.02151
8.42025
4.27203
5.72814
4.22074
5.60196
7.92307
3.07478
5.43702
7.3675
3.46411
4.73474
3.40878
4.47628
7.13271
2.78921
4.17278
2.72534
4.00604
6.87619
1.38543
4.00182
6.43636
1.89523
3.37383
1.92408
3.15848
6.35597
1.33411
2.99327
1.39869
2.89001
6.09104
0.108634
3.04799
5.58133
0.888411
2.51917
1.05242
2.40757
5.4025
0.661746
2.34984
0.859068
2.32393
4.93883
-0.0409012
2.46891
4.30829
0.705866
2.01353
0.889131
1.93637
3.83207
0.606567
1.76549
0.739046
1.68709
3.03115
0.0648138
1.49201
2.2039
0.18123
0.829287
0.0525149
0.496514
1.78486
0.000293182
0.000531408
0.00089155
0.00116851
0.0014967
0.00180651
0.00214044
0.00247589
0.00282689
0.00318629
0.00355912
0.00394343
0.00434137
0.00475285
0.00517922
0.00562112
0.00607972
0.00655601
0.00705119
0.00756636
0.00810264
0.00866098
0.00924209
0.0098462
0.0104729
0.0111207
0.0117868
0.0124665
0.0131531
0.013837
0.014506
0.0151453
0.0157383
0.0162682
0.0167202
0.0170844
0.0173589
0.0175515
0.0176811
0.0177754
0.0178679
0.0179916
0.0181734
0.0184311
0.0187786
0.0192387
0.0198554
0.0206854
0.0217502
0.0229697
0.0241178
0.024847
0.024825
0.0236852
0.0210698
0.0166765
0.0101607
0.00127625
-0.0102845
-0.0243786
-0.039992
-0.0580201
-0.0697907
-0.069274
-0.22849
-0.354839
-0.460522
-0.56911
-0.644591
-0.668318
-0.617811
-0.557306
-0.407263
-0.355649
-0.157395
-0.21492
-0.042927
0.0344564
-0.608983
0.000852303
0.00153956
0.00256736
0.0033795
0.00431773
0.00520969
0.00616067
0.00711612
0.00811035
0.00912672
0.0101774
0.0112583
0.0123747
0.0135267
0.0147178
0.0159499
0.0172261
0.0185489
0.0199215
0.0213468
0.0228276
0.0243663
0.0259644
0.0276223
0.0293383
0.0311078
0.0329223
0.0347683
0.0366259
0.0384679
0.0402593
0.0419583
0.0435183
0.0448926
0.0460412
0.0469388
0.0475835
0.0480026
0.0482549
0.0484257
0.0486161
0.0489259
0.0494367
0.0502046
0.0512751
0.0527219
0.0546861
0.0573536
0.0608193
0.0648988
0.0690034
0.0722212
0.07372
0.0725835
0.0679243
0.0589833
0.0447865
0.0244738
-0.00331427
-0.0390753
-0.0816514
-0.135905
-0.177769
-0.201888
-0.454419
-0.689828
-0.893746
-1.09991
-1.24798
-1.29533
-1.22391
-1.10971
-0.86784
-0.705851
-0.40828
-0.306669
-0.0526802
0.126469
0.0962688
0.00133066
0.00248509
0.00423116
0.00560127
0.00718819
0.00869392
0.0103005
0.011914
0.0135936
0.0153106
0.0170862
0.0189131
0.0208005
0.0227486
0.0247635
0.0268482
0.029008
0.0312475
0.033572
0.0359866
0.038496
0.0411045
0.043815
0.0466279
0.0495408
0.0525462
0.0556301
0.0587699
0.0619322
0.0650716
0.0681292
0.0710345
0.0737088
0.0760729
0.0780582
0.0796211
0.0807564
0.0815087
0.0819746
0.0822964
0.0826424
0.083179
0.0840417
0.0853223
0.0870934
0.0894748
0.0927005
0.0970809
0.102772
0.109451
0.116104
0.121159
0.123173
0.120545
0.111724
0.0953637
0.0697762
0.0334764
-0.0157985
-0.0787198
-0.153361
-0.246881
-0.316659
-0.376112
-0.617207
-0.886062
-1.12833
-1.37677
-1.5554
-1.60803
-1.51979
-1.3767
-1.08439
-0.873086
-0.51893
-0.357173
-0.0376153
0.127463
0.400199
0.00179167
0.00340997
0.00584929
0.00777332
0.00999306
0.0121016
0.0143475
0.0166031
0.0189494
0.0213475
0.0238264
0.0263762
0.0290099
0.0317278
0.0345381
0.0374454
0.0404569
0.0435791
0.0468193
0.0501845
0.0536816
0.0573163
0.0610926
0.0650114
0.0690692
0.0732556
0.0775511
0.0819243
0.0863288
0.0907011
0.0949593
0.0990047
0.102727
0.106016
0.108775
0.110943
0.112513
0.113547
0.114181
0.114614
0.115085
0.115826
0.117027
0.118816
0.121292
0.124621
0.129133
0.135278
0.143289
0.152732
0.162184
0.169445
0.172512
0.169143
0.15718
0.134724
0.0993754
0.0489454
-0.0199376
-0.108469
-0.214926
-0.349198
-0.451494
-0.56099
-0.819406
-1.14051
-1.43108
-1.73197
-1.95048
-2.01051
-1.89745
-1.71637
-1.35214
-1.08549
-0.646777
-0.440811
-0.0320803
0.146909
0.468499
0.00221059
0.00430225
0.00743749
0.00992314
0.0127822
0.0155007
0.0183927
0.0212976
0.0243176
0.0274042
0.0305937
0.0338744
0.0372623
0.0407583
0.0443729
0.0481119
0.0519848
0.0559998
0.0601665
0.0644939
0.0689908
0.0736647
0.0785208
0.0835606
0.0887795
0.0941646
0.0996909
0.105318
0.110988
0.116618
0.122103
0.127316
0.132115
0.136357
0.139918
0.142715
0.14474
0.146072
0.146885
0.147438
0.148037
0.148984
0.150524
0.152818
0.155986
0.160239
0.166007
0.173885
0.184201
0.19641
0.208666
0.21811
0.222162
0.2179
0.202541
0.173598
0.127923
0.062571
-0.0270052
-0.142551
-0.282966
-0.460155
-0.598461
-0.771192
-1.04698
-1.42928
-1.76906
-2.12424
-2.38615
-2.45367
-2.31479
-2.09143
-1.65087
-1.31852
-0.792968
-0.524242
-0.0284756
0.162425
0.698337
0.00260506
0.00517491
0.00899301
0.0120422
0.0155359
0.0188631
0.0223973
0.0259482
0.0296373
0.0334074
0.0373021
0.0413075
0.045443
0.0497099
0.054121
0.0586835
0.0634088
0.0683072
0.0733902
0.0786689
0.0841541
0.0898551
0.0957784
0.101926
0.108292
0.114861
0.121604
0.128472
0.135392
0.142266
0.148964
0.155333
0.161197
0.16638
0.170728
0.174142
0.176607
0.17822
0.179195
0.179849
0.18056
0.181702
0.183572
0.186364
0.190218
0.195383
0.202394
0.212008
0.224672
0.239742
0.254946
0.266751
0.272013
0.267128
0.248701
0.213655
0.158081
0.0782145
-0.0318031
-0.174449
-0.349987
-0.571898
-0.751399
-1.00192
-1.28843
-1.73284
-2.1127
-2.51431
-2.81406
-2.88428
-2.71788
-2.45112
-1.93584
-1.53819
-0.930381
-0.598655
-0.0214281
0.190085
0.834077
0.00297197
0.00602849
0.0105206
0.0141374
0.0182649
0.0222031
0.0263797
0.0305775
0.0349359
0.0393898
0.0439894
0.0487193
0.0536019
0.0586392
0.063846
0.069231
0.0748078
0.0805883
0.0865864
0.0928151
0.0992873
0.106014
0.113003
0.120257
0.12777
0.135524
0.143484
0.151593
0.159767
0.167889
0.175807
0.183338
0.190274
0.196405
0.201548
0.205581
0.208486
0.210376
0.211505
0.212251
0.213064
0.214391
0.216585
0.219868
0.224395
0.230449
0.238673
0.250007
0.265041
0.28305
0.301315
0.315604
0.322213
0.316823
0.29544
0.254381
0.188956
0.0945211
-0.0362013
-0.206562
-0.418833
-0.687359
-0.91381
-1.25542
-1.54577
-2.06105
-2.47846
-2.9225
-3.25614
-3.32417
-3.12667
-2.81316
-2.22007
-1.75567
-1.06441
-0.671042
-0.0142442
0.208997
0.955577
0.00331715
0.00686786
0.0120216
0.0162088
0.0209666
0.025516
0.0303329
0.0351764
0.0402017
0.0453373
0.050639
0.0560903
0.0617166
0.0675204
0.0735189
0.079722
0.0861454
0.092803
0.0997107
0.106884
0.114337
0.122083
0.130132
0.138486
0.147139
0.156071
0.165243
0.174589
0.184012
0.19338
0.202516
0.211208
0.219217
0.226297
0.232232
0.236881
0.240218
0.242372
0.24364
0.244459
0.245358
0.246856
0.249365
0.253132
0.258317
0.265236
0.274643
0.287684
0.305124
0.32618
0.347665
0.364618
0.372782
0.367103
0.343001
0.296183
0.221169
0.112373
-0.0390195
-0.237426
-0.48782
-0.804756
-1.08467
-1.52766
-1.81623
-2.41597
-2.872
-3.35718
-3.72147
-3.78138
-3.54865
-3.18407
-2.50923
-1.97475
-1.19858
-0.740966
-0.00694018
0.221241
1.10036
0.00364181
0.00769525
0.0134985
0.018259
0.0236442
0.0288055
0.0342612
0.0397498
0.0454405
0.0512563
0.0572581
0.0634288
0.0697963
0.0763641
0.0831512
0.0901693
0.097436
0.104967
0.112781
0.120894
0.129324
0.138085
0.147189
0.156639
0.166428
0.176535
0.186916
0.197497
0.20817
0.218785
0.229142
0.239001
0.248088
0.256121
0.262852
0.268115
0.271878
0.274287
0.275677
0.276552
0.277518
0.279174
0.281987
0.286229
0.292057
0.29981
0.31036
0.325084
0.344967
0.369187
0.394063
0.413867
0.423799
0.418034
0.39143
0.339075
0.254694
0.131699
-0.0403714
-0.267207
-0.55714
-0.924241
-1.2644
-1.8135
-2.09435
-2.79512
-3.29249
-3.81906
-4.21047
-4.25424
-3.98111
-3.56066
-2.80026
-2.19253
-1.33089
-0.806005
0.00124691
0.262778
1.19062
0.00394878
0.00851327
0.0149533
0.0202895
0.026298
0.0320714
0.0381638
0.0442963
0.0506503
0.0571441
0.0638435
0.0707307
0.0778364
0.0851647
0.0927368
0.100566
0.108672
0.117071
0.125786
0.134834
0.144235
0.154007
0.16416
0.1747
0.185621
0.196898
0.208484
0.220298
0.23222
0.244083
0.255664
0.266693
0.276863
0.285853
0.293382
0.299258
0.30344
0.306089
0.307582
0.30849
0.309502
0.311297
0.314404
0.319111
0.325565
0.334117
0.345762
0.362143
0.38451
0.412031
0.440493
0.463367
0.475311
0.469698
0.44085
0.383231
0.289777
0.152838
-0.0397987
-0.295337
-0.62608
-1.04498
-1.45216
-2.10601
-2.37672
-3.19884
-3.74136
-4.31238
-4.72822
-4.74608
-4.42578
-3.94365
-3.09311
-2.40871
-1.46077
-0.865717
0.0101712
0.29126
1.27806
0.00423979
0.00932381
0.0163879
0.0223022
0.0289298
0.0353154
0.042042
0.0488173
0.0558322
0.0630021
0.0703964
0.0779975
0.0858382
0.0939238
0.102277
0.110913
0.119854
0.129118
0.138729
0.148707
0.159075
0.169851
0.181048
0.192674
0.204721
0.217165
0.229953
0.242998
0.256169
0.269282
0.282091
0.294297
0.305556
0.31551
0.32384
0.330327
0.33492
0.337794
0.33937
0.340286
0.341318
0.343235
0.346623
0.351786
0.358847
0.368157
0.38084
0.398841
0.423732
0.454707
0.486975
0.513158
0.527377
0.522166
0.491346
0.428753
0.326543
0.175955
-0.0370723
-0.321524
-0.694188
-1.16636
-1.64705
-2.40062
-2.66857
-3.63392
-4.22022
-4.8416
-5.28088
-5.26178
-4.88581
-4.33485
-3.38874
-2.62369
-1.58833
-0.91984
0.0207391
0.30793
1.40575
0.00451666
0.0101286
0.017804
0.0242983
0.0315405
0.038538
0.0458963
0.0533128
0.0609862
0.0688297
0.0769161
0.0852281
0.0938004
0.10264
0.111771
0.12121
0.130981
0.141105
0.151606
0.16251
0.173838
0.185613
0.197849
0.210555
0.223724
0.237329
0.251316
0.265591
0.280012
0.294377
0.308419
0.321808
0.334164
0.345089
0.354224
0.361321
0.366316
0.369399
0.371033
0.371929
0.372954
0.37497
0.378627
0.384236
0.391883
0.401906
0.415559
0.435132
0.462592
0.497192
0.533507
0.563263
0.580046
0.57551
0.543013
0.475764
0.365165
0.20129
-0.031847
-0.345301
-0.760727
-1.28733
-1.84756
-2.69694
-2.98345
-4.11179
-4.73056
-5.41004
-5.8739
-5.8058
-5.36396
-4.73536
-3.68743
-2.83725
-1.71328
-0.966917
0.0333539
0.370319
1.49837
0.0047809
0.010929
0.0192034
0.0262793
0.0341314
0.0417403
0.0497274
0.0577835
0.0661127
0.0746274
0.0834028
0.0924225
0.101723
0.111312
0.121216
0.131454
0.142051
0.153029
0.164417
0.17624
0.188524
0.201291
0.214561
0.228341
0.242627
0.25739
0.272573
0.288076
0.303747
0.319368
0.33465
0.34923
0.362692
0.374596
0.384542
0.392247
0.397636
0.400909
0.402574
0.403418
0.404405
0.406497
0.410409
0.416456
0.424668
0.435351
0.449894
0.47098
0.501051
0.539468
0.580095
0.613712
0.633371
0.629797
0.595936
0.524372
0.405786
0.229052
-0.0238067
-0.366206
-0.824856
-1.40655
-2.0513
-2.99333
-3.33449
-4.63225
-5.27382
-6.02064
-6.51286
-6.383
-5.86359
-5.14656
-3.98945
-3.04921
-1.835
-1.00687
0.0478401
0.399991
1.57916
0.00503385
0.0117261
0.0205873
0.0282466
0.0367035
0.0449231
0.0535359
0.0622296
0.0712118
0.0803949
0.0898562
0.0995802
0.109605
0.11994
0.130614
0.141645
0.153063
0.164891
0.17716
0.189896
0.203129
0.216884
0.231181
0.24603
0.261427
0.277344
0.29372
0.310451
0.327373
0.344254
0.360781
0.376563
0.391141
0.404034
0.414796
0.423109
0.428881
0.432324
0.433991
0.434747
0.435662
0.437803
0.441957
0.448434
0.45719
0.468474
0.483814
0.506338
0.53906
0.581507
0.626736
0.66453
0.687396
0.68509
0.650196
0.574682
0.448554
0.259462
-0.0125976
-0.383676
-0.885498
-1.52217
-2.25415
-3.28298
-3.72378
-5.18035
-5.85084
-6.67632
-7.20344
-6.99857
-6.38882
-5.57038
-4.2953
-3.25941
-1.95216
-1.03958
0.0651131
0.459625
1.70106
0.00527669
0.012521
0.0219573
0.0302011
0.0392578
0.0480871
0.0573223
0.0666516
0.0762836
0.0861323
0.096276
0.106701
0.117446
0.128523
0.139961
0.151782
0.164016
0.176688
0.189832
0.203476
0.217652
0.232388
0.247706
0.263619
0.280122
0.297188
0.314755
0.332712
0.350887
0.369033
0.386814
0.403807
0.419514
0.433406
0.444991
0.453912
0.460057
0.463649
0.465285
0.465914
0.466718
0.46888
0.473262
0.480163
0.489442
0.501261
0.517288
0.541157
0.576569
0.623282
0.673428
0.715739
0.742168
0.741449
0.705868
0.626788
0.493603
0.292732
0.00214522
-0.397076
-0.941371
-1.63201
-2.45101
-3.55685
-4.13955
-5.73327
-6.46037
-7.37995
-7.95132
-7.65777
-6.94416
-6.00918
-4.60559
-3.46853
-2.06328
-1.06612
0.0874679
0.509449
1.75
0.00551045
0.0133145
0.0233146
0.0321439
0.0417952
0.051233
0.0610873
0.0710497
0.0813282
0.0918394
0.102662
0.113784
0.125246
0.13706
0.149259
0.161864
0.174908
0.188419
0.202432
0.216978
0.232091
0.247802
0.264135
0.281104
0.298708
0.316919
0.335674
0.354856
0.374287
0.393703
0.412747
0.430962
0.447812
0.462716
0.475133
0.484662
0.491169
0.494884
0.496454
0.496913
0.497563
0.499715
0.504312
0.511634
0.521416
0.533698
0.550285
0.575381
0.61352
0.664758
0.720161
0.76736
0.797727
0.79893
0.763022
0.680774
0.541052
0.329063
0.0207997
-0.405686
-0.991015
-1.73415
-2.64016
-3.80644
-4.56944
-6.26254
-7.09844
-8.13438
-8.76232
-8.36588
-7.53436
-6.46577
-4.92106
-3.67744
-2.16746
-1.08799
0.119715
0.548924
1.8835
0.00573603
0.0141073
0.0246603
0.0340761
0.0443165
0.0543615
0.0648311
0.0754242
0.0863458
0.0975162
0.109014
0.120829
0.133003
0.145551
0.158504
0.171889
0.185738
0.200083
0.214958
0.2304
0.246444
0.263122
0.280463
0.298484
0.317183
0.336534
0.356473
0.376882
0.39757
0.418262
0.438578
0.458029
0.476036
0.491967
0.505225
0.515363
0.522221
0.526034
0.527498
0.527739
0.528188
0.530296
0.535096
0.54284
0.553106
0.565772
0.582769
0.608952
0.649845
0.7059
0.766926
0.819414
0.854113
0.857584
0.821715
0.736704
0.590987
0.368617
0.043717
-0.408764
-1.03292
-1.82666
-2.81908
-4.02742
-5.01518
-6.74847
-7.76359
-8.94279
-9.64261
-9.12814
-8.16441
-6.94329
-5.24271
-3.88618
-2.26426
-1.1036
0.162265
0.639443
2.01299
0.00595419
0.0149
0.0259954
0.0359983
0.0468227
0.0574731
0.0685543
0.0797753
0.0913364
0.103163
0.115331
0.127836
0.140717
0.153993
0.167697
0.181856
0.196505
0.211676
0.227409
0.24374
0.260707
0.278347
0.296689
0.315754
0.335543
0.35603
0.377151
0.398784
0.420733
0.442707
0.464306
0.485008
0.504188
0.521162
0.535272
0.546022
0.553217
0.557102
0.558418
0.558388
0.558584
0.560611
0.565602
0.573774
0.584508
0.59747
0.614707
0.641804
0.685473
0.746665
0.813708
0.871919
0.911364
0.917457
0.881992
0.794605
0.643429
0.411467
0.0711475
-0.40566
-1.06575
-1.90783
-2.98231
-4.22783
-5.50298
-7.18308
-8.45852
-9.80799
-10.5987
-9.94974
-8.83939
-7.445
-5.57185
-4.09474
-2.35323
-1.11191
0.213925
0.713763
2.06177
0.00616562
0.0156931
0.0273209
0.0379115
0.0493143
0.0605684
0.0722572
0.0841032
0.0962999
0.108778
0.121614
0.134803
0.148388
0.162388
0.176837
0.191764
0.207206
0.223199
0.239782
0.256995
0.274879
0.293473
0.31281
0.332912
0.353784
0.375403
0.397702
0.42056
0.443772
0.467036
0.489929
0.511898
0.53227
0.550304
0.56528
0.576642
0.584164
0.58809
0.589212
0.588854
0.58874
0.590646
0.595818
0.604429
0.615622
0.628785
0.646062
0.673862
0.720319
0.787007
0.860489
0.924893
0.969513
0.978586
0.94386
0.854426
0.698268
0.457504
0.10311
-0.39601
-1.08866
-1.97649
-3.12651
-4.42118
-6.0266
-7.5237
-9.16819
-10.7335
-11.6382
-10.8359
-9.56439
-7.97423
-5.91005
-4.3032
-2.43379
-1.11241
0.276655
0.776671
2.20269
0.00637087
0.016487
0.0286376
0.0398162
0.0517921
0.0636477
0.07594
0.088408
0.101236
0.114363
0.127861
0.141731
0.156014
0.170733
0.185921
0.201612
0.217841
0.234649
0.252075
0.270164
0.288958
0.308498
0.328822
0.349955
0.371904
0.394648
0.418124
0.442205
0.466684
0.491246
0.515446
0.538698
0.560283
0.579396
0.595252
0.607231
0.615067
0.619003
0.61988
0.619131
0.618644
0.620386
0.625731
0.634799
0.646446
0.659709
0.676797
0.705047
0.754293
0.826875
0.907249
0.978354
1.02859
1.04098
1.00725
0.915968
0.755156
0.506298
0.139221
-0.379958
-1.10154
-2.03229
-3.25133
-4.61437
-6.47423
-7.78435
-9.90725
-11.7255
-12.7689
-11.7919
-10.3444
-8.53425
-6.25896
-4.51172
-2.50532
-1.10362
0.352115
0.908928
2.36101
0.00657044
0.0172822
0.0299463
0.0417131
0.0542565
0.0667116
0.0796032
0.0926897
0.106146
0.119916
0.134073
0.148619
0.163596
0.179027
0.19495
0.211397
0.228408
0.246024
0.264287
0.283244
0.302939
0.323419
0.344723
0.366879
0.389899
0.413764
0.438411
0.463716
0.489465
0.515333
0.540853
0.565407
0.588226
0.608442
0.625194
0.637795
0.645932
0.649844
0.650424
0.649214
0.648283
0.649813
0.655325
0.664879
0.676986
0.690238
0.706875
0.735268
0.787291
0.866213
0.953962
1.03232
1.0886
1.10458
1.07195
0.978766
0.813371
0.556946
0.178541
-0.358306
-1.1052
-2.07595
-3.35881
-4.80643
-6.80171
-8.0399
-10.6663
-12.7815
-13.9997
-12.8231
-11.1843
-9.12825
-6.62019
-4.72061
-2.56721
-1.08474
0.438496
1.00301
2.40776
0.00676472
0.018079
0.0312477
0.0436027
0.0567083
0.0697603
0.0832468
0.0969483
0.111028
0.125438
0.140249
0.155465
0.17113
0.18727
0.203921
0.221119
0.238906
0.257322
0.276415
0.296232
0.316822
0.338233
0.360508
0.38368
0.407764
0.432744
0.458561
0.485088
0.512111
0.539293
0.566149
0.592025
0.616102
0.637445
0.655112
0.66834
0.676765
0.680619
0.680841
0.679095
0.677644
0.678911
0.684587
0.694666
0.707249
0.720374
0.736258
0.764427
0.819196
0.90496
1.0006
1.08679
1.1495
1.16919
1.13745
1.04194
0.871655
0.607944
0.219514
-0.332533
-1.10125
-2.1093
-3.45287
-4.99849
-7.07689
-8.37984
-11.39
-13.9124
-15.3398
-13.9347
-12.0886
-9.75925
-6.99524
-4.93041
-2.61879
-1.05478
0.538865
1.13976
2.59612
0.00695406
0.0188777
0.0325423
0.0454854
0.0591477
0.0727942
0.086871
0.101184
0.115882
0.130928
0.146387
0.16227
0.178618
0.19546
0.212834
0.230777
0.249332
0.268542
0.288458
0.309127
0.330604
0.352938
0.376176
0.400356
0.425496
0.451585
0.478567
0.506317
0.534617
0.563122
0.591328
0.618548
0.64391
0.666406
0.685009
0.698873
0.707573
0.711331
0.711134
0.708769
0.706712
0.707658
0.7135
0.724157
0.737246
0.750122
0.764907
0.792411
0.849882
0.943052
1.04713
1.14174
1.21113
1.23435
1.20285
1.10405
0.928119
0.657214
0.26009
-0.304614
-1.0919
-2.135
-3.53851
-5.19388
-7.34543
-8.87571
-12.1249
-15.1562
-16.7995
-15.1313
-13.0615
-10.4299
-7.38542
-5.14169
-2.65935
-1.01249
0.652871
1.26814
2.65224
0.00713869
0.0196786
0.0338307
0.0473617
0.0615752
0.0758133
0.090476
0.105396
0.120708
0.136386
0.152489
0.169032
0.186058
0.203596
0.221687
0.240368
0.259684
0.279682
0.300412
0.321927
0.344281
0.367529
0.391723
0.416902
0.443091
0.470283
0.498426
0.527397
0.556978
0.586816
0.616388
0.644975
0.67165
0.695329
0.714892
0.729401
0.738364
0.741986
0.741302
0.738228
0.735471
0.736032
0.742044
0.753349
0.766992
0.779494
0.792784
0.819099
0.879204
0.980417
1.09349
1.19706
1.27309
1.29916
1.26658
1.16295
0.980302
0.702316
0.298017
-0.276699
-1.07955
-2.15607
-3.62083
-5.39617
-7.65069
-9.60412
-12.8902
-16.5404
-18.3895
-16.4167
-14.1068
-11.1424
-7.7919
-5.35476
-2.68828
-0.956829
0.782143
1.39399
2.81563
0.00731884
0.0204818
0.0351133
0.049232
0.0639912
0.0788179
0.0940617
0.109585
0.125507
0.141811
0.158552
0.175751
0.193449
0.211678
0.230478
0.249891
0.269962
0.29074
0.312276
0.334627
0.357851
0.382005
0.407144
0.433315
0.460544
0.488833
0.518132
0.548324
0.579189
0.610369
0.641325
0.671303
0.699322
0.724216
0.744766
0.759931
0.769146
0.772591
0.771347
0.767464
0.763902
0.764009
0.7702
0.782241
0.796511
0.808511
0.819853
0.844354
0.907005
1.01697
1.13957
1.25244
1.33456
1.36209
1.32638
1.21589
1.02548
0.740859
0.331232
-0.250709
-1.06635
-2.17531
-3.7044
-5.60965
-8.02049
-10.5397
-13.6524
-18.074
-20.1194
-17.7934
-15.2276
-11.8982
-8.21571
-5.56956
-2.70503
-0.886271
0.928752
1.58876
3.02287
0.00749465
0.0212878
0.0363905
0.0510964
0.0663958
0.0818081
0.0976281
0.113751
0.130277
0.147202
0.164577
0.182426
0.20079
0.219703
0.239207
0.259345
0.280163
0.301713
0.324048
0.347227
0.371311
0.396362
0.422438
0.44959
0.477852
0.50723
0.53768
0.569091
0.601244
0.633776
0.666133
0.69753
0.726925
0.75307
0.774636
0.790471
0.799926
0.803152
0.801271
0.796471
0.791987
0.791561
0.797943
0.810833
0.825831
0.837201
0.846079
0.868023
0.933103
1.05258
1.1851
1.30721
1.3941
1.42079
1.37925
1.25992
1.06118
0.770943
0.358249
-0.227964
-1.05379
-2.1948
-3.79273
-5.83879
-8.46071
-11.5432
-14.4463
-19.8235
-22.0029
-19.263
-16.4263
-12.6981
-8.65769
-5.78574
-2.70908
-0.799672
1.0911
1.76225
3.11167
0.0076662
0.0220966
0.0376626
0.0529552
0.0687893
0.0847839
0.101175
0.117893
0.135018
0.152559
0.170562
0.189056
0.20808
0.227671
0.247872
0.268728
0.290286
0.312599
0.335725
0.359723
0.384658
0.410596
0.437599
0.465723
0.495009
0.525468
0.557065
0.589693
0.623136
0.65703
0.690808
0.72365
0.754458
0.781893
0.804508
0.82103
0.830714
0.833675
0.831074
0.825239
0.819704
0.818657
0.825249
0.839125
0.854986
0.865606
0.87143
0.889935
0.957287
1.08706
1.22955
1.36012
1.44942
1.47206
1.4219
1.29244
1.08569
0.791521
0.378442
-0.208916
-1.04244
-2.21551
-3.8877
-6.08674
-8.96858
-12.5556
-15.3795
-21.8735
-24.0653
-20.827
-17.7041
-13.5419
-9.1183
-6.00273
-2.69983
-0.696114
1.27161
1.9305
3.32177
0.00783354
0.0229085
0.03893
0.0548087
0.0711719
0.0877453
0.104703
0.12201
0.139729
0.157882
0.176507
0.195639
0.215317
0.23558
0.256472
0.278037
0.300328
0.323397
0.347304
0.372113
0.39789
0.424704
0.452624
0.481711
0.512011
0.543544
0.576281
0.610122
0.644859
0.680126
0.715343
0.74966
0.781919
0.810686
0.834388
0.851616
0.86152
0.86417
0.860761
0.853761
0.847028
0.84526
0.852085
0.867119
0.884022
0.893781
0.89588
0.909894
0.979284
1.11998
1.27189
1.40913
1.49725
1.51219
1.45149
1.31193
1.09841
0.802584
0.392175
-0.193065
-1.03191
-2.23729
-3.98931
-6.35432
-9.54241
-13.6145
-16.5957
-24.2418
-26.3453
-22.4861
-19.0605
-14.4279
-9.59738
-6.21988
-2.67639
-0.573943
1.47327
2.17902
3.58271
0.00799666
0.0237237
0.0401929
0.056657
0.0735436
0.0906923
0.10821
0.126103
0.144411
0.163169
0.182411
0.202176
0.222501
0.243429
0.265003
0.287272
0.310287
0.334104
0.358784
0.384393
0.411002
0.438683
0.46751
0.497549
0.528853
0.56145
0.595321
0.630374
0.666406
0.703055
0.739731
0.775554
0.809306
0.839451
0.864281
0.882238
0.892353
0.894646
0.890333
0.882028
0.873936
0.871331
0.878418
0.894817
0.912993
0.921801
0.919407
0.927665
0.998701
1.15062
1.31049
1.45121
1.53346
1.53782
1.46645
1.31817
1.09987
0.805149
0.40073
-0.17909
-1.02097
-2.25888
-4.09581
-6.63975
-10.1797
-14.7409
-18.1704
-26.9557
-28.8841
-24.2419
-20.4925
-15.3532
-10.0941
-6.43653
-2.63759
-0.431828
1.69278
2.39356
3.69443
0.00815552
0.0245424
0.0414513
0.0585
0.0759044
0.0936246
0.111698
0.130172
0.149062
0.16842
0.188272
0.208664
0.22963
0.251216
0.273466
0.296431
0.320162
0.344717
0.370161
0.396561
0.423992
0.452529
0.482251
0.513231
0.54553
0.579182
0.614179
0.650439
0.687769
0.72581
0.763965
0.801327
0.836616
0.86819
0.894193
0.912906
0.923226
0.925112
0.919796
0.910032
0.900398
0.896825
0.904207
0.922219
0.941965
0.949762
0.94199
0.942948
1.01493
1.1778
1.34288
1.48213
1.55393
1.54706
1.46692
1.3123
1.09163
0.80105
0.406031
-0.165145
-1.00785
-2.2782
-4.20401
-6.93923
-10.8754
-15.942
-20.1349
-30.0252
-31.7209
-26.0987
-21.9963
-16.3132
-10.6067
-6.65194
-2.58194
-0.268569
1.93431
2.65463
3.98601
0.00831003
0.0253646
0.0427055
0.060338
0.0782544
0.096542
0.115166
0.134214
0.153682
0.173635
0.194091
0.215102
0.236703
0.25894
0.281859
0.305511
0.329949
0.355235
0.381433
0.408615
0.436856
0.466239
0.496845
0.528755
0.562036
0.596733
0.632848
0.670311
0.70894
0.748382
0.788037
0.826972
0.863845
0.896903
0.924131
0.943629
0.954151
0.95558
0.949155
0.937763
0.926383
0.92169
0.929405
0.94933
0.971018
0.977783
0.9636
0.955315
1.02705
1.19992
1.36536
1.49699
1.55597
1.54014
1.45453
1.29641
1.07593
0.792573
0.410256
-0.149228
-0.990506
-2.2926
-4.30961
-7.24736
-11.6214
-17.2135
-22.4964
-33.4461
-34.8992
-28.0634
-23.5678
-17.3021
-11.1325
-6.86512
-2.50755
-0.0822186
2.19728
2.9097
4.1615
0.00846006
0.0261907
0.0439554
0.0621708
0.0805934
0.0994444
0.118613
0.138231
0.158271
0.178811
0.199865
0.22149
0.243718
0.266599
0.290179
0.31451
0.339648
0.365655
0.392598
0.42055
0.449592
0.479809
0.511287
0.544114
0.578366
0.614097
0.651321
0.689982
0.72991
0.770762
0.811938
0.852481
0.890989
0.92559
0.954099
0.974418
0.985139
0.986062
0.978417
0.965214
0.951858
0.945868
0.953957
0.976149
1.00025
1.00601
0.984161
0.964123
1.03405
1.21473
1.37283
1.49187
1.53954
1.51919
1.43194
1.27316
1.05525
0.782035
0.415446
-0.12946
-0.966837
-2.29896
-4.40744
-7.55723
-12.4042
-18.5407
-25.2563
-37.2045
-38.4676
-30.1438
-25.2036
-18.3123
-11.6677
-7.07466
-2.4121
0.129181
2.48318
3.17014
4.44217
0.00860544
0.0270208
0.0452012
0.0639985
0.0829213
0.102331
0.122039
0.142221
0.162826
0.183948
0.205594
0.227825
0.250674
0.274191
0.298424
0.323427
0.349256
0.375974
0.403652
0.432364
0.462195
0.493234
0.525573
0.559304
0.594514
0.631268
0.669592
0.709444
0.75067
0.79294
0.835658
0.877847
0.918042
0.954252
0.984103
1.00528
1.01621
1.01657
1.00759
0.992376
0.976786
0.969293
0.977798
1.00268
1.02975
1.03458
1.00343
0.968631
1.03511
1.21844
1.35978
1.46577
1.50708
1.48743
1.40226
1.24532
1.03189
0.771419
0.423283
-0.104171
-0.934661
-2.29375
-4.49152
-7.86017
-13.2036
-19.902
-28.418
-41.2615
-42.4729
-32.3471
-26.9018
-19.3354
-12.2074
-7.2785
-2.2925
0.368212
2.79457
3.50067
4.75548
0.00874597
0.027855
0.0464428
0.0658209
0.0852379
0.105203
0.125443
0.146184
0.167348
0.189046
0.211277
0.234107
0.257569
0.281716
0.306594
0.332259
0.358769
0.38619
0.414592
0.444054
0.474663
0.506511
0.539697
0.57432
0.610476
0.648239
0.687651
0.728686
0.771209
0.814905
0.859185
0.903058
0.944999
0.982887
1.01415
1.03624
1.04736
1.04713
1.03668
1.01924
1.00113
0.991891
1.00085
1.02892
1.05964
1.06357
1.02082
0.968709
1.02911
1.20534
1.32307
1.4212
1.46246
1.44848
1.36853
1.21533
1.00768
0.762215
0.435075
-0.0717995
-0.891619
-2.27299
-4.55504
-8.14546
-13.9924
-21.2733
-31.9738
-45.5118
-46.9345
-34.6799
-28.6609
-20.3624
-12.7452
-7.47385
-2.14488
0.637637
3.1294
3.81321
4.97249
0.0088814
0.0286935
0.0476802
0.0676379
0.0875429
0.108058
0.128825
0.150118
0.171836
0.194102
0.216911
0.240335
0.264402
0.28917
0.314685
0.341004
0.368187
0.3963
0.425416
0.455617
0.486991
0.519636
0.553656
0.589157
0.626243
0.665003
0.705491
0.747701
0.791518
0.836646
0.882509
0.928104
0.971851
1.01149
1.04424
1.06729
1.07863
1.07774
1.06571
1.04581
1.02484
1.01358
1.02304
1.05484
1.08998
1.09267
1.03555
0.965333
1.01227
1.16987
1.26399
1.36287
1.40981
1.40573
1.33343
1.18509
0.983881
0.755463
0.451924
-0.0307052
-0.835083
-2.2323
-4.59066
-8.40054
-14.7377
-22.6279
-35.8898
-49.7596
-51.8197
-37.1471
-30.4795
-21.3849
-13.274
-7.65711
-1.96535
0.940105
3.49057
4.12621
5.31652
0.00901147
0.0295366
0.0489132
0.0694492
0.089836
0.110896
0.132184
0.154024
0.176288
0.199117
0.222497
0.246505
0.271171
0.296552
0.322695
0.34966
0.377506
0.406302
0.436121
0.467049
0.499176
0.532605
0.567444
0.603809
0.641811
0.681552
0.723104
0.766479
0.811584
0.858149
0.905615
0.952974
0.998589
1.04007
1.07439
1.09845
1.11002
1.10843
1.09469
1.07207
1.04788
1.03425
1.04424
1.08041
1.1206
1.12084
1.04778
0.959139
0.977184
1.11036
1.18769
1.29575
1.35281
1.36207
1.29901
1.15593
0.961238
0.751961
0.474944
0.020957
-0.7622
-2.16718
-4.59112
-8.61236
-15.4054
-23.9389
-40.0843
-53.7989
-57.047
-39.7466
-32.3545
-22.3956
-13.7858
-7.82393
-1.75029
1.27893
3.88224
4.51494
5.68722
0.00913584
0.0303842
0.0501417
0.0712548
0.0921168
0.113717
0.135519
0.1579
0.180703
0.204088
0.228032
0.252618
0.277874
0.30386
0.330624
0.358225
0.386724
0.416192
0.446704
0.478346
0.511214
0.545413
0.581058
0.61827
0.657173
0.697881
0.740481
0.785008
0.831396
0.879402
0.928489
0.977652
1.0252
1.06861
1.10459
1.12973
1.14155
1.13922
1.12363
1.09802
1.07019
1.05381
1.06432
1.10548
1.15068
1.1465
1.05962
0.949202
0.918682
1.03026
1.09943
1.22414
1.29456
1.31972
1.26675
1.12871
0.940224
0.752473
0.505397
0.0852123
-0.670166
-2.07368
-4.55045
-8.76958
-15.97
-25.2081
-44.3814
-57.5987
-62.5353
-42.4691
-34.2807
-23.3882
-14.2719
-7.9693
-1.49615
1.65745
4.30109
4.8752
5.96942
0.00925418
0.0312366
0.0513655
0.0730542
0.0943848
0.11652
0.13883
0.161745
0.185081
0.209014
0.233514
0.258671
0.284509
0.311092
0.338467
0.366695
0.395838
0.425967
0.45716
0.489505
0.5231
0.558056
0.594491
0.632535
0.672322
0.713979
0.757613
0.803279
0.850941
0.900389
0.951115
1.00212
1.05168
1.09711
1.13485
1.16115
1.17323
1.17013
1.15256
1.12367
1.09174
1.07212
1.08309
1.12955
1.17814
1.1688
1.07077
0.920862
0.824018
0.935993
1.00558
1.15074
1.23725
1.28031
1.23775
1.10404
0.921211
0.757853
0.544685
0.164048
-0.556788
-1.9494
-4.46566
-8.86551
-16.4204
-26.4587
-48.5045
-61.3932
-68.221
-45.2928
-36.2488
-24.3568
-14.7239
-8.08758
-1.19924
2.07852
4.75226
5.27815
6.37119
0.00936609
0.0320939
0.0525845
0.0748471
0.0966396
0.119305
0.142116
0.165558
0.18942
0.213894
0.238943
0.264663
0.291075
0.318246
0.346223
0.375069
0.404845
0.435625
0.467488
0.500523
0.534832
0.570529
0.607739
0.646599
0.687252
0.729841
0.77449
0.821281
0.870207
0.921095
0.973477
1.02637
1.07801
1.12557
1.16518
1.19271
1.20509
1.20119
1.18151
1.14902
1.11244
1.08902
1.10025
1.15126
1.20006
1.18739
1.07806
0.858011
0.708202
0.827008
0.907509
1.07804
1.18235
1.24504
1.21291
1.08244
0.904563
0.769046
0.59421
0.258988
-0.421355
-1.79487
-4.33881
-8.90056
-16.7589
-27.7016
-52.295
-65.4061
-74.1232
-48.1897
-38.2435
-25.295
-15.1339
-8.17254
-0.855908
2.54573
5.23537
5.67435
6.71146
0.00947116
0.0329564
0.0537982
0.0766333
0.0988806
0.12207
0.145375
0.169338
0.193719
0.218726
0.244317
0.270591
0.297569
0.32532
0.35389
0.383344
0.413743
0.445163
0.477683
0.511395
0.546405
0.582828
0.620796
0.660454
0.701956
0.745457
0.791103
0.839001
0.889178
0.941504
0.995555
1.05038
1.10418
1.15397
1.19557
1.22442
1.23714
1.23242
1.2105
1.17408
1.13225
1.1043
1.1151
1.16795
1.21437
1.20067
1.06742
0.765625
0.589423
0.709978
0.809715
1.00737
1.13136
1.21503
1.19313
1.06443
0.890637
0.786993
0.655094
0.370416
-0.26577
-1.61511
-4.17888
-8.88297
-16.9979
-28.9382
-55.7756
-69.6689
-80.1699
-51.1229
-40.2393
-26.1949
-15.4955
-8.2173
-0.462901
3.06238
5.75153
6.07332
7.14106
0.00956891
0.033824
0.0550064
0.0784122
0.101107
0.124815
0.148608
0.173084
0.197976
0.223509
0.249634
0.276454
0.30399
0.332311
0.361465
0.391516
0.422528
0.454576
0.487742
0.522119
0.557814
0.594948
0.633658
0.674096
0.716426
0.76082
0.807442
0.856427
0.907841
0.961599
1.01733
1.07412
1.13016
1.1823
1.22603
1.2563
1.26941
1.26385
1.23958
1.19886
1.15106
1.11765
1.12599
1.17691
1.22401
1.20988
1.01749
0.665596
0.466271
0.585313
0.714567
0.939928
1.0856
1.1914
1.17938
1.05053
0.879714
0.812469
0.72774
0.496637
-0.0957139
-1.42113
-4.00242
-8.82717
-17.1554
-30.1585
-58.879
-74.0815
-86.0732
-54.0333
-42.1992
-27.0474
-15.804
-8.21442
-0.0173961
3.63199
6.30251
6.54069
7.56051
0.00965887
0.0346969
0.0562088
0.0801833
0.103319
0.127538
0.151812
0.176794
0.20219
0.228242
0.254891
0.282249
0.310334
0.339217
0.368945
0.399584
0.431198
0.463863
0.497661
0.532689
0.569055
0.606884
0.646318
0.687517
0.730656
0.77592
0.823496
0.873548
0.926179
0.981359
1.03878
1.09758
1.15594
1.21057
1.25656
1.28836
1.3019
1.29551
1.26877
1.22336
1.16877
1.12837
1.13047
1.17884
1.23596
1.19527
0.948141
0.562246
0.341061
0.455333
0.623299
0.876738
1.0464
1.17536
1.17277
1.04121
0.871902
0.84584
0.811149
0.632853
0.07832
-1.23101
-3.83157
-8.74991
-17.2504
-31.3331
-61.498
-78.7117
-91.508
-56.8662
-44.0758
-27.8424
-16.0564
-8.15616
0.483108
4.2579
6.88408
6.98847
7.95752
0.00974049
0.0355754
0.057405
0.0819461
0.105514
0.13024
0.154986
0.180467
0.206359
0.232921
0.260088
0.287975
0.3166
0.346035
0.376327
0.407544
0.439749
0.473018
0.507437
0.543101
0.580124
0.618631
0.658772
0.700711
0.744637
0.79075
0.839256
0.890349
0.944177
1.00077
1.05988
1.12073
1.1815
1.23874
1.28715
1.3206
1.33464
1.32743
1.29811
1.24755
1.18515
1.13504
1.12711
1.17863
1.24725
1.14786
0.879658
0.452575
0.219984
0.323881
0.537805
0.818671
1.01509
1.16827
1.17449
1.0368
0.867026
0.886673
0.901981
0.770454
0.240073
-1.0689
-3.68925
-8.66627
-17.2978
-32.4224
-63.6068
-83.6391
-96.0685
-59.5481
-45.8097
-28.5693
-16.2501
-8.03458
1.04332
4.94266
7.49637
7.43375
8.44049
0.00981319
0.0364594
0.0585945
0.0837001
0.107693
0.132918
0.15813
0.184102
0.210482
0.237546
0.265222
0.293629
0.322785
0.352763
0.38361
0.415393
0.448177
0.48204
0.517065
0.553353
0.591015
0.630184
0.671012
0.713673
0.758363
0.805299
0.854709
0.906819
0.961818
1.0198
1.0806
1.14353
1.20679
1.2668
1.3178
1.35304
1.36765
1.35965
1.32761
1.27138
1.19968
1.13615
1.11925
1.18674
1.23344
1.09501
0.808181
0.338545
0.105912
0.193102
0.459465
0.766861
0.99329
1.17169
1.18587
1.03745
0.864481
0.93304
0.993748
0.896689
0.367049
-0.960666
-3.59359
-8.58715
-17.3058
-33.3841
-65.2564
-88.6875
-99.4498
-62.0361
-47.342
-29.2152
-16.3824
-7.84128
1.6683
5.68812
8.13781
7.96396
8.88624
0.00987636
0.0373491
0.0597768
0.0854445
0.109854
0.135572
0.161242
0.187697
0.214557
0.242114
0.27029
0.299209
0.328887
0.359398
0.390789
0.423128
0.45648
0.490923
0.526543
0.563438
0.601725
0.641538
0.683034
0.726394
0.771825
0.819558
0.869845
0.922942
0.979085
1.03843
1.10092
1.16596
1.23181
1.29474
1.34852
1.38568
1.40094
1.39215
1.35724
1.29464
1.21147
1.13195
1.11354
1.20253
1.19255
1.04818
0.730562
0.22373
0.00116943
0.0661613
0.389833
0.72266
0.982768
1.18734
1.20827
1.04309
0.862901
0.980526
1.07684
0.993968
0.432545
-0.926783
-3.55463
-8.51884
-17.2775
-34.1743
-66.4353
-93.3991
-101.76
-64.2379
-48.6052
-29.7638
-16.4467
-7.57195
2.35938
6.49479
8.80084
8.46014
9.34107
0.00992936
0.0382446
0.0609514
0.0871786
0.111996
0.1382
0.16432
0.19125
0.218582
0.246624
0.275291
0.304713
0.334902
0.365936
0.397861
0.430746
0.464654
0.499665
0.535865
0.573354
0.612249
0.652688
0.694831
0.738868
0.785015
0.83352
0.884653
0.938704
0.995958
1.05665
1.12081
1.18798
1.25651
1.32253
1.37929
1.41852
1.43449
1.4249
1.38683
1.31687
1.22
1.12658
1.118
1.20489
1.15283
1.00116
0.649587
0.109779
-0.0922481
-0.053485
0.330571
0.687639
0.985411
1.21707
1.24313
1.05331
0.859419
1.0217
1.13921
1.03889
0.412225
-0.976452
-3.57431
-8.46378
-17.2113
-34.7515
-67.1014
-97.2593
-103.118
-66.0244
-49.5531
-30.2024
-16.4304
-7.22376
3.11686
7.36082
9.48193
9.01072
9.80404
0.00997147
0.039146
0.0621178
0.0889017
0.114119
0.140802
0.167363
0.194759
0.222554
0.251073
0.280222
0.310137
0.340829
0.372376
0.404825
0.438243
0.472696
0.508262
0.545027
0.583094
0.622581
0.663627
0.706398
0.751089
0.797927
0.847173
0.899121
0.954092
1.01242
1.07441
1.14023
1.20956
1.28085
1.35014
1.4101
1.45156
1.46828
1.45775
1.41606
1.33743
1.22635
1.12695
1.13781
1.18587
1.123
0.95158
0.568149
-0.00251255
-0.173834
-0.163739
0.283091
0.663504
1.00316
1.26292
1.29205
1.06707
0.848511
1.04741
1.1654
1.00439
0.29323
-1.10647
-3.64854
-8.42168
-17.1026
-35.0769
-67.2389
-100.076
-103.474
-67.3741
-50.174
-30.5197
-16.3215
-6.79041
3.93992
8.28346
10.1734
9.56584
10.2492
0.010002
0.0400534
0.0632752
0.0906129
0.116221
0.143375
0.170369
0.198223
0.226473
0.255458
0.285081
0.31548
0.346664
0.378714
0.411675
0.445615
0.4806
0.516708
0.554025
0.592655
0.632715
0.67435
0.717727
0.763048
0.81055
0.860508
0.913237
0.96909
1.02845
1.09171
1.15916
1.23065
1.3048
1.37755
1.44095
1.48478
1.50217
1.4904
1.44427
1.35595
1.23331
1.13639
1.16314
1.16591
1.09679
0.901865
0.487666
-0.111686
-0.243016
-0.260658
0.248388
0.651999
1.03802
1.32718
1.35677
1.08187
0.821655
1.04945
1.13325
0.868438
0.0795596
-1.30462
-3.76944
-8.3899
-16.9434
-35.1172
-66.8495
-101.813
-102.806
-68.2645
-50.4603
-30.7078
-16.1138
-6.26743
4.82518
9.25695
10.8669
10.1043
10.6948
0.0100201
0.0409667
0.0644231
0.0923112
0.118301
0.145918
0.173337
0.20164
0.230336
0.259779
0.289866
0.320738
0.352405
0.384947
0.418409
0.45286
0.488364
0.525001
0.562855
0.602031
0.642648
0.684852
0.728813
0.77474
0.822877
0.873515
0.926989
0.983684
1.04403
1.10851
1.17754
1.2512
1.3283
1.40472
1.47181
1.51807
1.53591
1.52225
1.47067
1.37301
1.24485
1.15698
1.17997
1.15613
1.07128
0.854213
0.409257
-0.216256
-0.301944
-0.341359
0.227387
0.654963
1.09207
1.4125
1.43906
1.09191
0.770462
1.01933
1.01414
0.62594
-0.210338
-1.55427
-3.9263
-8.36281
-16.7221
-34.8461
-65.9438
-102.396
-101.141
-68.6528
-50.3904
-30.7605
-15.8055
-5.65185
5.76676
10.2739
11.5516
10.7756
11.177
0.010025
0.041886
0.0655608
0.0939956
0.120357
0.148429
0.176264
0.205008
0.23414
0.264031
0.294572
0.325908
0.358048
0.391071
0.425023
0.459973
0.495984
0.533135
0.571512
0.611217
0.652373
0.695125
0.739649
0.786155
0.8349
0.886185
0.940366
0.997858
1.05914
1.12478
1.19536
1.27118
1.3513
1.4316
1.50261
1.55126
1.56899
1.55241
1.4946
1.38987
1.26305
1.188
1.19024
1.15293
1.04741
0.809446
0.334408
-0.314247
-0.354831
-0.403323
0.220299
0.674281
1.16752
1.52199
1.53968
1.08677
0.69338
0.939921
0.784108
0.293651
-0.551212
-1.83714
-4.10537
-8.33022
-16.4225
-34.2449
-64.5502
-101.817
-98.5639
-68.5185
-49.965
-30.6708
-15.3917
-4.94171
6.7558
11.3239
12.2075
11.3238
11.3464
0.0100158
0.0428113
0.0666873
0.0956651
0.122389
0.150908
0.179149
0.208324
0.237883
0.268213
0.299198
0.330988
0.363589
0.397083
0.431513
0.46695
0.503454
0.541106
0.57999
0.620209
0.661885
0.705165
0.750227
0.797288
0.846609
0.898507
0.953354
1.0116
1.07376
1.1405
1.21256
1.29052
1.37375
1.45813
1.53321
1.58397
1.60062
1.57986
1.51577
1.40749
1.28688
1.2238
1.20316
1.15228
1.02628
0.767933
0.26472
-0.403101
-0.408043
-0.44308
0.227105
0.711857
1.2667
1.65924
1.65563
1.0551
0.596907
0.779483
0.44087
-0.0967037
-0.917775
-2.13391
-4.28872
-8.27537
-16.0233
-33.3035
-62.7117
-100.177
-95.2207
-67.8748
-49.206
-30.4267
-14.8655
-4.13732
7.78239
12.3981
12.832
12.0226
11.9295
0.00999171
0.0437426
0.067802
0.0973184
0.124395
0.153351
0.18199
0.211586
0.241563
0.272321
0.303741
0.335974
0.369026
0.402979
0.437876
0.473786
0.510772
0.548909
0.588285
0.629001
0.671178
0.714965
0.760542
0.808129
0.857996
0.910471
0.965943
1.02489
1.08787
1.15564
1.2291
1.30916
1.39556
1.4842
1.56335
1.61555
1.62975
1.60362
1.53415
1.4261
1.31413
1.25778
1.22048
1.1533
1.00806
0.730001
0.201759
-0.479387
-0.471844
-0.459239
0.247593
0.769575
1.39211
1.82754
1.77575
0.996501
0.479596
0.503158
0.0110426
-0.511367
-1.28722
-2.42376
-4.45304
-8.17378
-15.4984
-32.0197
-60.4746
-97.617
-91.2632
-66.754
-48.1411
-30.0111
-14.2209
-3.24228
8.83166
13.4766
13.3567
12.6594
9.03948
0.00995169
0.0446799
0.0689039
0.0989544
0.126372
0.155757
0.184784
0.214792
0.245176
0.276353
0.308197
0.340863
0.374354
0.408755
0.444107
0.480479
0.517931
0.55654
0.596391
0.637586
0.680246
0.724519
0.770586
0.818672
0.869053
0.922066
0.978119
1.03771
1.10145
1.17016
1.24495
1.32705
1.41665
1.5096
1.59254
1.64507
1.65522
1.62294
1.54969
1.44532
1.34302
1.28832
1.23971
1.15606
0.992611
0.695832
0.147095
-0.537386
-0.55858
-0.450695
0.281403
0.849134
1.54647
2.02739
1.8805
0.933735
0.314173
0.0983729
-0.460858
-0.923181
-1.63876
-2.68377
-4.5695
-7.99383
-14.8188
-30.3989
-57.8771
-94.2512
-86.8116
-65.2025
-46.8025
-29.4086
-13.4527
-2.26489
9.89029
14.5611
13.8137
12.8661
5.95224
0.00989478
0.045623
0.0699921
0.100572
0.128321
0.158125
0.18753
0.217938
0.248721
0.280306
0.312563
0.34565
0.379571
0.414408
0.450202
0.487022
0.524927
0.563993
0.604304
0.64596
0.689083
0.733818
0.780351
0.828907
0.879769
0.933283
0.989871
1.05005
1.11448
1.18405
1.26005
1.34411
1.43685
1.534
1.62003
1.67144
1.67602
1.63728
1.56241
1.46459
1.3724
1.31705
1.25918
1.16043
0.979826
0.665458
0.102585
-0.566063
-0.667689
-0.418776
0.328431
0.952054
1.73238
2.2503
1.95241
0.901669
0.0546325
-0.409524
-0.93441
-1.31188
-1.95259
-2.88924
-4.60571
-7.70009
-13.9568
-28.454
-54.9428
-90.1417
-81.9681
-63.2725
-45.2206
-28.6036
-12.5551
-1.21996
10.9294
15.5842
14.3986
12.233
3.28645
0.00981999
0.0465718
0.0710657
0.102169
0.130238
0.160451
0.190225
0.221024
0.252194
0.284176
0.316836
0.350334
0.384672
0.419933
0.456157
0.493412
0.531756
0.571264
0.612017
0.654117
0.697681
0.742858
0.78983
0.838828
0.890137
0.944111
1.00119
1.0619
1.12693
1.19726
1.27435
1.36023
1.45594
1.55683
1.64482
1.69356
1.69129
1.64636
1.57241
1.48334
1.40129
1.34482
1.27847
1.16611
0.96965
0.638724
0.0698807
-0.551365
-0.777907
-0.365264
0.38884
1.07957
1.95092
2.47229
1.99103
0.888063
-0.413178
-0.973575
-1.3754
-1.66354
-2.20937
-3.01531
-4.53
-7.25947
-12.892
-26.2073
-51.6892
-85.3433
-76.8472
-61.0004
-43.409
-27.5747
-11.5221
-0.12632
11.9318
16.594
14.6233
12.2641
3.23324
0.00972625
0.0475264
0.0721235
0.103744
0.132122
0.162734
0.192866
0.224045
0.255592
0.287961
0.321012
0.354909
0.389653
0.425325
0.461967
0.499643
0.538411
0.578345
0.619525
0.662049
0.706036
0.751631
0.799016
0.848425
0.900145
0.954539
1.01205
1.07323
1.1388
1.20977
1.2878
1.37528
1.47356
1.57729
1.66573
1.71008
1.69996
1.65065
1.58068
1.50134
1.42878
1.37147
1.29755
1.17294
0.961995
0.615254
0.0488273
-0.488722
-0.862582
-0.292341
0.463629
1.23247
2.19736
2.65642
2.02616
0.846006
-1.079
-1.57147
-1.77392
-1.96284
-2.39157
-3.03992
-4.31731
-6.6491
-11.619
-23.694
-48.1421
-79.9959
-71.6022
-58.4123
-41.3671
-26.3009
-10.3531
0.975404
12.8441
17.6312
14.5939
13.296
4.67034
0.00961246
0.0484864
0.0731646
0.105296
0.133971
0.164971
0.195451
0.226999
0.258912
0.291656
0.325088
0.359372
0.394509
0.430581
0.467627
0.50571
0.544888
0.585232
0.626821
0.669752
0.714139
0.760128
0.807901
0.857689
0.909786
0.964557
1.02246
1.08404
1.15005
1.22155
1.30033
1.38906
1.48917
1.59446
1.68203
1.72111
1.70339
1.65127
1.5875
1.51836
1.45463
1.39691
1.31645
1.1808
0.956697
0.59455
0.037516
-0.389169
-0.896339
-0.204655
0.553763
1.41064
2.45487
2.77702
2.10201
0.589876
-1.72623
-2.1687
-2.11031
-2.19709
-2.48326
-2.948
-3.95533
-5.8644
-10.1545
-20.9664
-44.3354
-74.3186
-66.3984
-55.5542
-39.1063
-24.7821
-9.06757
2.02601
13.6963
18.0856
15.4444
14.6423
11.0365
0.0094775
0.0494517
0.0741878
0.106823
0.135783
0.16716
0.197976
0.229882
0.26215
0.295258
0.329059
0.363719
0.399237
0.435696
0.473132
0.511609
0.551181
0.591919
0.6339
0.677217
0.721984
0.768343
0.816476
0.866612
0.919048
0.974153
1.03239
1.09432
1.16068
1.23256
1.31183
1.40128
1.50209
1.60751
1.69235
1.72375
1.69967
1.65021
1.59419
1.5347
1.47883
1.42129
1.33529
1.18967
0.953511
0.576295
0.0337862
-0.2843
-0.859031
-0.106919
0.659945
1.61126
2.69235
2.85335
2.26807
-0.0118146
-2.25395
-2.74303
-2.3695
-2.35524
-2.47394
-2.73495
-3.44925
-4.92532
-8.54397
-18.0982
-40.2996
-68.5202
-61.3381
-52.5017
-36.6646
-23.0525
-7.71587
2.9545
14.3837
18.003
17.242
15.4544
20.275
0.00932019
0.050422
0.0751917
0.108323
0.137556
0.169299
0.20044
0.232692
0.265304
0.298764
0.332922
0.367945
0.403832
0.440663
0.478477
0.517332
0.557284
0.5984
0.640753
0.684437
0.729562
0.776268
0.824732
0.875185
0.927922
0.983318
1.04183
1.10404
1.17065
1.24275
1.32218
1.41154
1.5116
1.61553
1.69619
1.71928
1.69383
1.64876
1.60025
1.5503
1.5015
1.44479
1.35408
1.19945
0.952087
0.560878
0.0388378
-0.224343
-0.751686
-0.00388613
0.781465
1.82541
2.87329
2.91267
2.39255
-0.757084
-2.68295
-3.25658
-2.54422
-2.43005
-2.36219
-2.40983
-2.8238
-3.8781
-6.86234
-15.1856
-36.0606
-62.7911
-56.4279
-49.34
-34.0892
-21.1717
-6.37074
3.73145
14.6399
18.0025
19.0652
16.8479
28.3419
0.00913933
0.0513969
0.0761752
0.109794
0.139287
0.171383
0.202839
0.235425
0.268369
0.302169
0.336672
0.372045
0.408288
0.44548
0.483656
0.522875
0.56319
0.604666
0.647375
0.691406
0.736867
0.783893
0.832661
0.883398
0.936398
0.992039
1.05078
1.11319
1.17996
1.25207
1.33119
1.41941
1.51727
1.61902
1.69467
1.71159
1.68915
1.6484
1.60654
1.56519
1.52267
1.46731
1.37271
1.21
0.951966
0.550343
0.0645767
-0.2448
-0.597411
0.100273
0.91542
2.03557
2.98594
3.02563
2.23724
-1.44069
-3.02299
-3.67184
-2.6339
-2.42263
-2.15806
-1.99532
-2.12054
-2.7898
-5.20589
-12.3441
-31.6539
-57.3586
-51.5731
-46.1505
-31.4341
-19.2248
-5.11289
4.37631
14.4912
18.2438
20.5459
19.1178
31.0961
0.00893369
0.0523759
0.0771367
0.111234
0.140974
0.173411
0.20517
0.238078
0.271342
0.305469
0.340305
0.376016
0.412601
0.450139
0.488663
0.528231
0.568894
0.610713
0.653758
0.698116
0.743889
0.791212
0.840254
0.891241
0.944466
1.0003
1.05922
1.12176
1.18855
1.26045
1.33869
1.42475
1.51994
1.62057
1.68778
1.70429
1.68501
1.64851
1.61282
1.57913
1.54243
1.48869
1.39099
1.22098
0.952491
0.548799
0.13441
-0.313741
-0.431521
0.202717
1.05594
2.21563
3.05019
3.22754
1.78139
-2.06576
-3.27735
-3.96872
-2.64736
-2.3424
-1.881
-1.52318
-1.3894
-1.73498
-3.67337
-9.69419
-27.1347
-52.3483
-46.6695
-43.1047
-28.8033
-17.3309
-4.01319
4.90143
14.1618
18.6137
21.7807
21.6737
30.0472
0.00870207
0.0533584
0.0780747
0.11264
0.142614
0.17538
0.207429
0.240646
0.274218
0.30866
0.343815
0.379851
0.416765
0.454635
0.493493
0.533394
0.574387
0.616532
0.659895
0.704557
0.750621
0.798214
0.847501
0.898704
0.952113
1.0081
1.06713
1.12972
1.19641
1.26781
1.34459
1.42797
1.52118
1.61986
1.67909
1.69817
1.68183
1.64973
1.61935
1.59211
1.56061
1.50868
1.40856
1.2317
0.952358
0.558701
0.241654
-0.342993
-0.279042
0.302391
1.19332
2.33798
3.08675
3.38413
1.29119
-2.67165
-3.47367
-4.14379
-2.59929
-2.20335
-1.55375
-1.02625
-0.677774
-0.779196
-2.34164
-7.33255
-22.5813
-47.4953
-42.0708
-40.445
-26.378
-15.6429
-3.09866
5.3233
13.9667
19.1684
22.9543
24.1856
28.3594
0.00844329
0.0543433
0.0789876
0.11401
0.144204
0.177285
0.209613
0.243126
0.276993
0.311737
0.347199
0.383545
0.420775
0.458962
0.498138
0.538357
0.579664
0.622116
0.665776
0.710723
0.757054
0.804889
0.854392
0.905776
0.95933
1.01542
1.0745
1.13705
1.20349
1.27411
1.34905
1.43008
1.52299
1.61529
1.67177
1.69278
1.67966
1.65183
1.62601
1.60412
1.5771
1.52698
1.42489
1.241
0.950231
0.578479
0.309288
-0.269585
-0.142913
0.398328
1.31321
2.39527
3.15616
3.29728
0.898507
-3.25049
-3.66361
-4.20808
-2.50501
-2.01847
-1.19664
-0.532276
-0.0227407
0.0329097
-1.24788
-5.30507
-18.1141
-42.1611
-38.66
-37.9332
-24.2946
-14.2289
-2.27704
5.84244
14.3125
20.1858
24.2771
26.2347
28.6794
0.00815628
0.0553294
0.0798734
0.115341
0.145742
0.179123
0.211717
0.245513
0.279663
0.314696
0.35045
0.387094
0.424624
0.463113
0.502593
0.543113
0.584716
0.627456
0.671394
0.716604
0.763177
0.81123
0.860917
0.912448
0.966105
1.02225
1.08131
1.14372
1.20976
1.27937
1.35244
1.43185
1.52533
1.60914
1.6659
1.68821
1.67866
1.65487
1.63293
1.61523
1.5918
1.54327
1.4393
1.2477
0.948871
0.621135
0.29602
-0.125444
-0.0190341
0.487941
1.39639
2.40015
3.28556
2.98515
0.574339
-3.76829
-3.89935
-4.18322
-2.37645
-1.79752
-0.825996
-0.062307
0.550886
0.681155
-0.38758
-3.60539
-13.9126
-35.8229
-36.0411
-34.8604
-22.5428
-12.8259
-1.27988
6.90302
15.5601
21.8581
25.5337
26.9661
31.0216
0.00784012
0.0563151
0.0807302
0.116629
0.147224
0.180892
0.213738
0.247804
0.282223
0.31753
0.353564
0.39049
0.428306
0.467083
0.506849
0.547653
0.589535
0.632545
0.67674
0.722191
0.768982
0.817224
0.867065
0.918707
0.972424
1.02857
1.08754
1.14971
1.21522
1.28372
1.35523
1.4339
1.52617
1.60417
1.66095
1.68463
1.67867
1.65873
1.64009
1.6255
1.6047
1.55725
1.45095
1.25078
0.956118
0.69677
0.266268
0.0195069
0.0940301
0.566054
1.42181
2.3699
3.37674
2.66922
0.285613
-4.18403
-4.18852
-4.09107
-2.2209
-1.54796
-0.455599
0.368516
1.02918
1.16726
0.273423
-2.19184
-10.1523
-28.6804
-32.0007
-30.763
-20.5967
-10.9604
0.36711
8.97717
17.841
24.0286
26.624
26.7564
30.1038
0.00749413
0.0572984
0.0815559
0.117872
0.148646
0.182585
0.215672
0.249993
0.284668
0.320235
0.356534
0.393728
0.431815
0.470864
0.510901
0.551972
0.594114
0.637374
0.681806
0.727474
0.774458
0.822863
0.872827
0.924542
0.978274
1.03436
1.09317
1.15501
1.21988
1.28736
1.35793
1.43683
1.52506
1.60072
1.65684
1.68207
1.67958
1.66331
1.64747
1.63505
1.61583
1.56866
1.45888
1.24998
0.976418
0.749194
0.310167
0.143947
0.196474
0.625251
1.38054
2.35663
3.28175
2.44169
0.0364789
-4.46151
-4.49369
-3.94334
-2.04221
-1.27679
-0.0979489
0.75035
1.40732
1.51
0.781493
-1.01658
-6.93072
-21.596
-26.0171
-25.4044
-17.2982
-7.98132
3.22816
12.2299
20.8695
26.2186
27.3623
27.1378
29.0362
0.00711797
0.0582769
0.0823481
0.119065
0.150005
0.1842
0.217514
0.252075
0.286992
0.322806
0.359354
0.396802
0.435144
0.474449
0.51474
0.55606
0.598443
0.641934
0.68658
0.732443
0.779596
0.828135
0.87819
0.929942
0.983643
1.03961
1.09819
1.15962
1.22382
1.29048
1.36065
1.44027
1.52367
1.59828
1.65362
1.68042
1.68126
1.66845
1.65502
1.64395
1.62531
1.5774
1.46282
1.24999
1.01976
0.749295
0.419845
0.258235
0.288149
0.655152
1.27839
2.39366
3.00954
2.26809
-0.157607
-4.57473
-4.74821
-3.74175
-1.84274
-0.991634
0.235716
1.07816
1.68807
1.73919
1.1811
-0.0440135
-4.274
-15.2708
-19.2697
-19.0382
-12.4395
-3.56516
7.34093
16.2974
24.1064
28.0589
27.6617
28.0034
28.6039
0.00671179
0.0592474
0.0831046
0.120205
0.151297
0.185733
0.21926
0.254046
0.289191
0.325236
0.362019
0.399705
0.438286
0.47783
0.518357
0.559909
0.602515
0.646216
0.691055
0.737089
0.784385
0.83303
0.883143
0.934893
0.988515
1.04431
1.10259
1.16355
1.22715
1.29326
1.3634
1.44304
1.52306
1.5965
1.65126
1.67959
1.68356
1.67402
1.66268
1.65232
1.63332
1.58353
1.46354
1.25929
1.0797
0.749446
0.533724
0.3686
0.368616
0.644239
1.12956
2.42671
2.73317
2.11266
-0.291329
-4.5223
-4.89583
-3.48196
-1.62439
-0.701696
0.535994
1.35014
1.88034
1.88886
1.50649
0.750453
-2.15966
-10.0246
-12.906
-12.5481
-6.85864
1.6749
12.0798
20.5329
27.0594
29.3682
27.6565
28.7673
28.3368
0.00627636
0.0602061
0.0838228
0.121288
0.152518
0.187177
0.220904
0.255901
0.291258
0.327519
0.364522
0.402429
0.441234
0.481
0.521746
0.56351
0.60632
0.650209
0.69522
0.741401
0.788814
0.837536
0.887675
0.939384
0.992882
1.04845
1.10637
1.16686
1.22996
1.29583
1.36631
1.44477
1.52316
1.5953
1.64967
1.67946
1.68635
1.67986
1.67037
1.66023
1.64008
1.5873
1.4631
1.28229
1.1132
0.80621
0.636407
0.47522
0.436501
0.590645
0.984436
2.35415
2.5415
1.97304
-0.368803
-4.32636
-4.91799
-3.16433
-1.38986
-0.41833
0.795642
1.56546
1.99787
1.99042
1.77901
1.38594
-0.531768
-5.90239
-7.5368
-6.73674
-1.45823
6.88353
16.7054
24.3851
29.4478
30.1922
27.5672
28.4251
28.0762
0.00581329
0.0611487
0.0845
0.122308
0.153664
0.18853
0.222441
0.257634
0.293188
0.329649
0.366856
0.404969
0.44398
0.48395
0.524898
0.566856
0.609848
0.653906
0.699065
0.745369
0.792873
0.841643
0.891775
0.943405
0.996734
1.05202
1.10957
1.16962
1.23239
1.29824
1.36931
1.44611
1.52367
1.59461
1.64876
1.67994
1.68952
1.68586
1.67805
1.6678
1.64589
1.58941
1.46629
1.3244
1.11663
0.89915
0.736663
0.578271
0.489562
0.509079
0.900468
2.15703
2.4161
1.8604
-0.397455
-4.01343
-4.80855
-2.79267
-1.14431
-0.15498
1.01011
1.72333
2.05803
2.06756
2.00875
1.88042
0.685068
-2.79498
-3.33381
-1.97882
3.22894
11.4987
20.733
27.5522
31.1942
30.6346
27.6284
28.0459
27.9854
0.00532528
0.0620696
0.0851334
0.123263
0.15473
0.189785
0.223867
0.259239
0.294975
0.33162
0.369015
0.407316
0.446516
0.486673
0.527803
0.569936
0.613091
0.657296
0.70258
0.748983
0.796551
0.845341
0.895434
0.94695
1.00007
1.05506
1.11223
1.17192
1.23448
1.30042
1.37193
1.44754
1.52438
1.59436
1.64843
1.68091
1.69296
1.69192
1.68565
1.67511
1.65094
1.59066
1.47681
1.37374
1.13163
0.992068
0.837868
0.678049
0.526131
0.423122
0.895021
1.94587
2.32912
1.78359
-0.386024
-3.62143
-4.58881
-2.37255
-0.895312
0.0745675
1.1786
1.82425
2.07994
2.1337
2.19848
2.25273
1.57227
-0.525093
-0.21336
1.69216
7.02286
15.274
23.9657
29.964
32.3745
30.839
27.8001
27.9119
28.0029
0.00481638
0.0629622
0.0857201
0.124146
0.155712
0.190938
0.225176
0.26071
0.296612
0.333425
0.37099
0.409463
0.448834
0.48916
0.530454
0.572742
0.616039
0.660369
0.705756
0.752233
0.799839
0.848622
0.898646
0.950019
1.00291
1.05759
1.11442
1.17385
1.23633
1.30247
1.37401
1.44913
1.52526
1.59452
1.64861
1.68232
1.6966
1.69797
1.69316
1.68222
1.65539
1.59207
1.49495
1.40317
1.18562
1.0804
0.939021
0.773196
0.549163
0.357268
0.936634
1.81632
2.27572
1.74745
-0.343701
-3.18421
-4.27967
-1.91604
-0.653607
0.260999
1.30443
1.8727
2.08179
2.19325
2.34885
2.52367
2.20756
1.09577
2.0119
4.41928
9.96459
18.1892
26.4134
31.7029
33.1362
30.9378
27.989
27.8719
28.0938
0.00429251
0.0638185
0.0862571
0.124952
0.156605
0.191984
0.226362
0.262042
0.298094
0.335057
0.372776
0.411402
0.450927
0.491403
0.532842
0.575264
0.618683
0.663116
0.708583
0.75511
0.802729
0.851478
0.901408
0.952616
1.00527
1.05966
1.1162
1.17545
1.23794
1.30439
1.37572
1.45073
1.52627
1.59501
1.64922
1.68406
1.70036
1.70394
1.70055
1.68916
1.65932
1.59525
1.5219
1.41106
1.26145
1.16805
1.03845
0.86101
0.56909
0.33279
0.979795
1.77616
2.26117
1.75434
-0.281246
-2.73009
-3.88858
-1.43266
-0.432256
0.405366
1.39273
1.87915
2.07791
2.24561
2.46259
2.71551
2.65697
2.23119
3.55114
6.38943
12.1781
20.3512
28.1971
32.9172
33.623
31.0053
28.1781
27.883
28.2102
0.00376166
0.0646289
0.0867408
0.125676
0.157404
0.192917
0.227419
0.263229
0.299413
0.336509
0.374364
0.413125
0.452785
0.493392
0.534956
0.577494
0.621014
0.665529
0.711053
0.757607
0.805217
0.85391
0.90373
0.954763
1.00719
1.06132
1.11765
1.17682
1.23938
1.30615
1.37735
1.45232
1.52743
1.59583
1.65022
1.6861
1.70419
1.7098
1.7078
1.69594
1.66281
1.60117
1.55267
1.42198
1.33867
1.25527
1.1331
0.939004
0.598103
0.356409
1.01106
1.79174
2.28764
1.80511
-0.209502
-2.29286
-3.4442
-0.9354
-0.243105
0.519739
1.44733
1.85968
2.07675
2.28922
2.54536
2.84962
2.97378
3.01832
4.60743
7.78725
13.7979
21.9176
29.473
33.7606
33.9491
31.0741
28.3488
27.9283
28.3673
0.00323529
0.0653819
0.0871684
0.126312
0.158104
0.193733
0.228343
0.264264
0.300563
0.337775
0.375747
0.414625
0.454401
0.495121
0.53679
0.579424
0.623024
0.667598
0.713157
0.759716
0.807295
0.855914
0.905612
0.956475
1.00869
1.06262
1.11882
1.17795
1.2406
1.3076
1.37886
1.45381
1.52866
1.59687
1.65151
1.68833
1.70801
1.71549
1.71487
1.70232
1.66555
1.60852
1.57271
1.45644
1.41252
1.33881
1.21794
1.00577
0.640937
0.419154
1.04795
1.83628
2.35089
1.89722
-0.141785
-1.90329
-2.9553
-0.442655
-0.0887159
0.617702
1.47189
1.83164
2.08022
2.32295
2.6035
2.94278
3.1966
3.56057
5.33782
8.78091
14.9651
23.0418
30.3851
34.3583
34.1907
31.167
28.4725
28.0179
28.5591
0.00272736
0.0660624
0.087535
0.126855
0.158699
0.194423
0.229126
0.26514
0.301536
0.338845
0.376916
0.415892
0.455765
0.496578
0.538334
0.581043
0.624704
0.66932
0.714897
0.761444
0.808979
0.857518
0.907099
0.95781
1.00986
1.06363
1.11974
1.1789
1.2417
1.30885
1.38032
1.4553
1.53002
1.59816
1.65308
1.69071
1.71175
1.72095
1.72174
1.70833
1.66814
1.61756
1.57788
1.50814
1.48344
1.41396
1.28761
1.06021
0.692615
0.502643
1.10132
1.89833
2.44347
2.02641
-0.088217
-1.58862
-2.42561
0.025993
0.0426941
0.702536
1.47421
1.80783
2.08667
2.34786
2.64429
3.00861
3.35409
3.93369
5.84954
9.49459
15.8045
23.8498
31.0468
34.7995
34.3932
31.3021
28.578
28.131
28.7678
0.00225905
0.066655
0.0878386
0.127299
0.159186
0.194987
0.229764
0.265854
0.302328
0.339716
0.377866
0.416922
0.456871
0.497758
0.539581
0.582346
0.626049
0.670687
0.716261
0.762779
0.810254
0.858707
0.908177
0.958766
1.0107
1.06439
1.12048
1.17967
1.24261
1.30988
1.38157
1.45664
1.53134
1.59953
1.65475
1.69308
1.71533
1.72613
1.72823
1.71343
1.6705
1.62698
1.5813
1.5622
1.54819
1.47539
1.33855
1.10138
0.745037
0.589709
1.16693
1.97117
2.55572
2.18353
-0.0629857
-1.37835
-1.87689
0.446399
0.164234
0.768934
1.46593
1.79218
2.09236
2.36408
2.67095
3.05287
3.4615
4.18465
6.20647
10.005
16.4025
24.4299
31.5339
35.1383
34.5754
31.4639
28.6925
28.2575
29.0065
0.00185311
0.0671355
0.0880712
0.127636
0.159556
0.195413
0.230247
0.266393
0.302928
0.340374
0.378584
0.417699
0.457707
0.498648
0.54052
0.583327
0.627058
0.671707
0.717273
0.76376
0.811183
0.859564
0.908951
0.95945
1.0113
1.06492
1.12099
1.18024
1.24336
1.31081
1.38274
1.45795
1.53274
1.60105
1.65653
1.69541
1.71861
1.73083
1.73413
1.71778
1.67299
1.63177
1.59579
1.61102
1.6012
1.51874
1.37003
1.12749
0.786774
0.662869
1.23173
2.04758
2.6769
2.36148
-0.0553133
-1.27947
-1.34729
0.812534
0.269406
0.814461
1.45667
1.78368
2.09704
2.37531
2.68971
3.08412
3.53532
4.35285
6.45288
10.3642
16.823
24.8443
31.8962
35.4054
34.749
31.6199
28.8201
28.3934
29.2101
0.00154595
0.0674843
0.0882335
0.127866
0.159809
0.195703
0.230576
0.26676
0.303335
0.340821
0.379072
0.418226
0.458273
0.499249
0.541152
0.583981
0.627725
0.672372
0.717918
0.764366
0.81173
0.860041
0.909357
0.9598
1.01162
1.06528
1.1214
1.18071
1.2439
1.31147
1.38358
1.45896
1.53389
1.60235
1.65807
1.6974
1.72145
1.73496
1.73892
1.72011
1.6735
1.6315
1.61807
1.65001
1.63614
1.54076
1.38293
1.14083
0.818526
0.720484
1.28616
2.11584
2.79224
2.53403
-0.0673891
-1.25137
-0.847986
1.13393
0.341547
0.842864
1.4509
1.77868
2.09894
2.38075
2.69961
3.10147
3.5788
4.4549
6.60696
10.5931
17.0939
25.1154
32.1467
35.6031
34.9017
31.7479
28.9295
28.5274
29.3494
0.00137184
0.0676668
0.0883134
0.127977
0.159932
0.195844
0.230736
0.266939
0.303534
0.34104
0.379311
0.418485
0.458551
0.499545
0.541465
0.584308
0.62806
0.67271
0.71825
0.764683
0.812024
0.860303
0.909583
0.959989
1.01178
1.0654
1.12153
1.18092
1.24425
1.31199
1.38426
1.45981
1.53489
1.6035
1.65939
1.69898
1.72351
1.73764
1.7416
1.72154
1.67468
1.63264
1.63325
1.67222
1.65611
1.55158
1.38627
1.14316
0.829456
0.747434
1.32068
2.16725
2.87864
2.66671
0.0121446
-1.19785
-0.488232
1.34965
0.387846
0.855931
1.44816
1.77639
2.10022
2.38403
2.70532
3.11098
3.60124
4.50694
6.68729
10.7134
17.2383
25.2648
32.3002
35.7233
35.0055
31.8446
29.0063
28.6402
29.702
)
;

boundaryField
{
    inletFace
    {
        type            zeroGradient;
    }
    inlet
    {
        type            zeroGradient;
    }
    inletWalls
    {
        type            zeroGradient;
    }
    outletInlet
    {
        type            cyclicAMI;
        value           nonuniform List<scalar> 
15
(
13.8742
16.4852
19.0856
23.826
28.1622
34.9929
40.5581
43.2912
47.1393
45.3967
41.2932
39.8341
30.3887
26.5123
25.5459
)
;
    }
    fineSymmetryWall
    {
        type            symmetryPlane;
    }
    fineWalls
    {
        type            zeroGradient;
    }
    fineCyclicBoundary
    {
        type            fixedValue;
        value           uniform 0;
    }
    fineplug
    {
        type            cyclicAMI;
        value           nonuniform List<scalar> 
80
(
13.8191
13.3432
15.5264
13.9408
12.3321
15.2932
15.5763
16.2599
16.5253
17.0196
18.4106
20.642
19.3698
17.1211
18.1736
20.2197
22.0982
22.527
23.5586
24.4514
25.9217
24.6623
25.8121
27.8989
28.6981
30.4352
32.7897
33.9897
34.8061
36.1402
35.8718
35.0215
38.5806
39.8936
40.3014
40.7502
42.0676
44.1399
45.0255
42.1961
38.2132
46.0854
48.0134
48.5208
47.613
46.6435
45.685
46.8316
45.0522
42.5196
49.523
46.1303
45.3203
46.212
44.9544
43.1988
41.5866
35.8532
38.0725
45.912
41.8403
40.0022
37.2807
33.5113
33.1062
31.8438
29.8231
26.7766
31.1256
28.694
26.9449
27.0166
26.5348
25.9181
23.5324
23.5731
24.8849
28.435
25.709
24.3924
)
;
    }
    faceFine
    {
        type            zeroGradient;
    }
}


// ************************************************************************* //
