/*--------------------------------*- C++ -*----------------------------------*\
| =========                 |                                                 |
| \\      /  F ield         | OpenFOAM: The Open Source CFD Toolbox           |
|  \\    /   O peration     | Version:  4.1                                   |
|   \\  /    A nd           | Web:      www.OpenFOAM.org                      |
|    \\/     M anipulation  |                                                 |
\*---------------------------------------------------------------------------*/
FoamFile
{
    version     2.0;
    format      ascii;
    class       volScalarField;
    location    "16";
    object      p;
}
// * * * * * * * * * * * * * * * * * * * * * * * * * * * * * * * * * * * * * //

dimensions      [0 2 -2 0 0 0 0];

internalField   nonuniform List<scalar> 
6785
(
585.984
511.843
463.508
411.803
365.313
321.051
279.568
240.322
203.201
167.989
133.814
101.122
73.2694
42.6489
3.13888
2.40731
-15.7096
-7.51053
-13.61
-14.1097
-16.4444
-17.5614
-18.2577
-18.0422
-16.8346
-14.7265
-11.4865
-6.10222
-0.908216
0.540745
-7.54319
-13.603
-4.82761
-9.46619
-6.80052
-7.96099
-7.88506
-8.64696
-9.40975
-10.4841
-11.6776
-12.4517
-12.7604
-13.2375
-13.0127
1.31515
-2.46097
0.161781
-5.53431
-5.13059
-8.80483
-10.551
-13.1225
-15.2874
-17.425
-19.1735
-20.1124
-19.4526
-18.7371
-17.1485
-3.11644
-5.03431
-1.66451
-4.48662
-1.35801
-2.19458
-0.700784
0.0211182
1.16903
2.36287
3.75314
5.10928
6.98966
8.35691
10.7877
17.5543
17.6057
21.2024
20.0341
23.4481
23.6746
25.6865
27.0097
28.5171
29.9932
31.4989
32.8981
34.4804
35.6761
37.305
38.4586
39.0812
41.7016
40.7212
43.2113
43.0364
44.3788
44.8863
45.5867
46.2245
46.9425
47.7424
48.7078
49.4419
50.4497
50.0589
50.6887
52.3275
51.6732
53.5824
53.453
54.6718
55.0023
55.542
55.6478
55.5218
55.2692
55.0882
55.2897
55.4299
58.8946
57.8368
58.9344
57.4108
58.3449
57.0955
57.1054
55.8886
54.7871
53.0805
51.3282
49.7255
48.7405
48.4787
47.0086
41.5454
37.8544
37.6337
34.7314
34.2074
31.9228
31.0271
29.4119
28.4696
27.1948
26.0649
25.1265
24.6832
23.7051
20.8573
7.06134
2.71221
1.84482
-1.13652
-2.576
-5.39957
-7.33329
-9.82691
-11.8668
-13.9921
-15.7041
-16.8108
-17.8906
-18.948
-18.6887
-12.3194
-13.9809
-14.1362
-15.9338
-16.3396
-17.8761
-18.6927
-19.8383
-20.4693
-20.8007
-20.5693
-19.8177
-18.5495
-17.3822
-15.2947
6.06911
6.67526
7.26491
6.8498
7.41304
7.25563
7.51127
7.69315
8.08967
8.65682
9.48922
10.4377
11.7602
12.8387
14.8027
19.4753
22.085
22.6591
22.474
22.9025
23.2555
24.0562
24.8298
25.6894
26.52
27.33
28.0093
28.6995
29.131
29.6526
66.6193
65.7474
61.9451
55.3111
49.7487
45.4099
41.0875
37.3608
34.2735
31.5704
29.2237
27.314
25.6139
24.4006
22.2852
34.0591
34.6836
35.1183
35.1054
35.3771
36.1793
36.7857
36.6744
36.6102
36.558
37.1741
36.808
36.6119
36.9717
36.3867
36.2257
36.3453
36.5086
35.4961
35.82
36.0257
35.0774
34.9344
35.6889
35.7101
34.7083
34.635
35.4988
35.7987
34.6283
35.4365
35.9246
35.1055
35.0695
35.885
36.3513
35.5043
36.0777
36.6864
36.1556
36.133
36.6762
37.0379
36.6026
36.5724
36.9646
37.0375
36.5714
36.8139
36.9993
36.7275
36.6952
36.9086
37.3223
37.1743
37.1328
37.2369
37.9768
37.8654
37.9813
38.0404
37.9561
37.976
38.2242
38.8022
39.0744
40.2142
38.6387
37.1758
38.7133
40.7658
31.993
28.5748
32.3562
34.8782
11.1128
21.536
26.4456
-18.5217
-5.02128
1.49002
-0.586462
3.33937
-4.19291
-0.668247
3.97105
4.22071
4.94606
5.50864
6.15702
7.19252
10.4064
11.3501
6.94025
8.62253
10.5912
12.726
13.2282
14.0692
14.3326
16.2301
20.4902
16.703
18.3224
18.3113
19.4686
21.5487
22.6944
22.8763
22.9968
22.6324
28.0178
26.5371
27.3119
27.3019
27.0684
28.0849
29.856
29.7154
26.9577
29.8368
33.0598
34.7491
35.2095
34.4491
33.7767
33.1964
34.4815
31.8224
35.0662
41.1486
38.5603
39.2295
39.2542
37.4731
36.1076
34.1283
28.6245
35.2768
40.9818
35.5162
32.8788
29.1235
25.9867
23.0427
20.8133
18.2152
14.1337
10.216
18.8602
14.239
13.5256
12.1793
9.67987
3.27544
1.40586
4.03966
-7.30156
7.54448
4.83762
3.63734
10.2689
4.43235
7.47935
6.48228
8.91745
11.8447
7.73644
10.4969
12.2922
9.83288
10.987
10.4655
11.483
12.849
11.0776
11.8167
11.4044
12.0376
12.7435
11.4114
12.1022
12.4252
11.639
11.836
11.6105
11.7254
11.8823
11.3091
11.3483
11.1521
11.126
11.0873
10.628
10.6117
10.4742
10.1122
9.98892
9.81047
9.75104
9.71018
9.20017
9.03179
8.9486
8.60271
8.4682
8.18333
7.95856
7.84561
7.54448
7.31093
7.10404
6.89606
6.68763
6.49364
6.26382
6.02747
5.87439
5.65675
5.52756
5.28109
5.01158
4.95829
4.69584
4.42804
4.29466
4.04876
3.96883
3.61707
3.30989
3.13557
2.84427
2.75356
2.30278
1.87708
1.82774
1.2216
0.775212
0.418709
0.00753924
0.00254742
0.00606245
0.00795015
0.010421
0.0122363
0.0143694
0.0163261
0.018492
0.0206853
0.023045
0.0255242
0.0281763
0.0309958
0.0339925
0.0371384
0.040386
0.0436583
0.0468749
0.0499858
0.0530158
0.0560756
0.0593013
0.0627164
0.0660919
0.068922
0.0705524
0.0703413
0.0677482
0.0624562
0.0545416
0.04454
0.033284
0.0215358
0.00968445
-0.00230302
-0.0147475
-0.028019
-0.0422519
-0.0578568
-0.0792672
-0.131611
-0.177975
-0.127721
-0.700133
-0.561342
-0.634464
-0.788767
-0.92814
-1.0598
-1.16198
-1.21952
-1.21988
-1.16959
-1.07702
-0.935793
-0.75984
-0.551679
-0.33939
-0.0708195
0.184255
0.399905
0.58637
0.697763
0.761383
0.783955
0.770223
0.72933
0.658939
0.575052
0.462331
0.359781
0.192652
0.0862976
0.106607
0.161273
0.130706
0.21801
0.113848
0.477259
0.00619715
0.0152508
0.0203439
0.0270219
0.0316685
0.0372755
0.0423043
0.0479226
0.0535722
0.0596587
0.0660364
0.0728527
0.0800839
0.0877407
0.0957017
0.103726
0.111354
0.11787
0.122295
0.123503
0.120509
0.112896
0.101204
0.0870214
0.0726047
0.0601882
0.0512343
0.0459705
0.0435658
0.0426627
0.0417999
0.0396482
0.0350256
0.0268658
0.0142305
-0.00370081
-0.0276651
-0.0587216
-0.0993704
-0.151402
-0.239284
-0.310534
-0.093104
-1.06008
-0.848648
-0.99835
-1.26357
-1.50289
-1.72515
-1.89069
-1.96831
-1.9378
-1.80978
-1.59438
-1.29466
-0.936832
-0.537787
-0.126552
0.309878
0.695843
1.01813
1.27125
1.43155
1.52046
1.54584
1.51404
1.4346
1.30157
1.13861
0.923763
0.727179
0.439882
0.264332
0.32063
0.415271
0.377672
0.56156
0.375196
1.41473
0.00991195
0.0254989
0.0343726
0.0458339
0.0539126
0.0635695
0.0722728
0.081957
0.0917045
0.10219
0.113178
0.124916
0.137372
0.150574
0.164342
0.17832
0.191837
0.203882
0.213118
0.218085
0.217589
0.211216
0.199721
0.184981
0.169422
0.15518
0.143301
0.133375
0.124048
0.113874
0.101731
0.0867986
0.0682216
0.0448743
0.0154025
-0.021646
-0.0676646
-0.124221
-0.194458
-0.281052
-0.417532
-0.538698
-0.0793407
-1.1267
-0.891251
-1.07753
-1.39183
-1.67282
-1.93129
-2.12089
-2.20387
-2.15719
-1.99384
-1.72523
-1.35846
-0.925432
-0.447774
0.0424176
0.53973
0.969627
1.3282
1.59949
1.77205
1.86721
1.89164
1.85144
1.75662
1.59865
1.40534
1.14888
0.922078
0.610862
0.450611
0.528762
0.703136
0.637109
0.94488
0.636959
1.7786
0.0130486
0.0348374
0.0472215
0.063269
0.0745223
0.0879923
0.100115
0.113599
0.127163
0.141745
0.157016
0.173322
0.19062
0.208947
0.228044
0.247397
0.266032
0.282477
0.294795
0.300885
0.299053
0.288743
0.271055
0.248666
0.225035
0.203251
0.184981
0.170007
0.156896
0.143947
0.129518
0.111981
0.0895098
0.0600168
0.0213401
-0.0286053
-0.0917197
-0.170112
-0.267554
-0.384018
-0.542917
-0.697242
-0.177914
-1.38643
-1.07404
-1.25315
-1.63494
-1.97769
-2.28845
-2.51615
-2.61392
-2.55407
-2.35306
-2.02521
-1.57978
-1.0555
-0.478366
0.111775
0.705422
1.21693
1.6451
1.96628
2.16992
2.28262
2.31159
2.26347
2.15056
1.96183
1.7313
1.42386
1.15622
0.799698
0.638962
0.734664
0.968936
0.894878
1.29761
0.913904
2.06624
0.0158865
0.0441745
0.0600594
0.0808248
0.0953203
0.112695
0.128323
0.145696
0.163166
0.181933
0.201579
0.222547
0.244781
0.268324
0.292826
0.317593
0.341322
0.362075
0.377378
0.384679
0.38212
0.369395
0.348229
0.322045
0.294823
0.269763
0.248273
0.229697
0.212286
0.194234
0.173814
0.149195
0.118167
0.0781244
0.0263192
-0.0399145
-0.123001
-0.225466
-0.351116
-0.49713
-0.678096
-0.890027
-0.439775
-1.6701
-1.29531
-1.45045
-1.91381
-2.33062
-2.70311
-2.97698
-3.09311
-3.01867
-2.77427
-2.37703
-1.83947
-1.208
-0.514891
0.193203
0.898442
1.50384
2.01135
2.38853
2.62852
2.76132
2.79546
2.73831
2.6044
2.37995
2.10542
1.73895
1.41979
1.00202
0.827287
0.937322
1.23651
1.15713
1.65136
1.20602
2.39762
0.0183242
0.0532181
0.0724065
0.0978889
0.115531
0.136757
0.155823
0.17702
0.198325
0.221196
0.245127
0.270652
0.297703
0.326309
0.356008
0.385877
0.414221
0.438584
0.455954
0.46341
0.459077
0.443043
0.417704
0.387122
0.355627
0.326459
0.300916
0.278235
0.256714
0.234623
0.21005
0.180635
0.143406
0.0949388
0.0317661
-0.0493555
-0.151286
-0.276855
-0.429518
-0.602744
-0.802123
-1.08973
-0.841723
-1.86709
-1.50144
-1.62243
-2.16779
-2.65757
-3.0885
-3.40611
-3.53781
-3.44659
-3.15832
-2.69254
-2.06536
-1.33052
-0.526737
0.293545
1.10261
1.79416
2.37407
2.80084
3.07328
3.22354
3.26169
3.19566
3.0419
2.7839
2.46794
2.04609
1.67787
1.20416
1.0192
1.13949
1.49744
1.4222
1.99546
1.51405
2.74622
0.0204175
0.0621818
0.0844875
0.11475
0.135487
0.160568
0.183061
0.208077
0.233209
0.26017
0.288365
0.318414
0.350227
0.383801
0.418519
0.453172
0.48562
0.51289
0.531536
0.538498
0.532181
0.513315
0.485
0.451725
0.417802
0.386163
0.357779
0.331712
0.306339
0.280066
0.250846
0.215866
0.171487
0.113577
0.0380487
-0.0588294
-0.180264
-0.329248
-0.508503
-0.707981
-0.928
-1.29984
-1.32337
-1.92785
-1.7183
-1.79312
-2.42091
-2.98682
-3.47534
-3.83701
-3.98358
-3.87423
-3.5414
-3.00704
-2.29081
-1.45366
-0.54073
0.389725
1.30148
2.07875
2.73073
3.20717
3.5121
3.67973
3.72212
3.6478
3.47521
3.18513
2.82938
2.35435
1.93794
1.41012
1.21486
1.34112
1.75644
1.69133
2.33626
1.83463
3.07849
0.0221435
0.0710544
0.0962231
0.13131
0.155047
0.183956
0.209833
0.238634
0.267553
0.298557
0.330954
0.365445
0.4019
0.440246
0.479657
0.518567
0.55436
0.583595
0.602571
0.608357
0.599899
0.578641
0.54821
0.513174
0.477505
0.443691
0.412455
0.38289
0.353678
0.323488
0.290122
0.250193
0.199257
0.132394
0.044886
-0.067412
-0.20793
-0.379669
-0.584371
-0.80894
-1.05098
-1.49243
-1.76844
-1.82662
-1.95451
-1.96923
-2.6803
-3.32949
-3.87642
-4.28444
-4.44661
-4.31803
-3.93906
-3.33411
-2.52658
-1.5847
-0.560353
0.482434
1.49942
2.36498
3.0911
3.61896
3.95779
4.14345
4.19063
4.10849
3.91751
3.59576
3.2003
2.67236
2.20623
1.62306
1.41373
1.54295
2.01301
1.96454
2.67293
2.17227
3.43228
0.0235062
0.0799183
0.107664
0.147635
0.174271
0.206989
0.236213
0.268773
0.301446
0.33645
0.37299
0.41183
0.452771
0.495617
0.539259
0.581722
0.619925
0.650104
0.668566
0.672834
0.662596
0.639951
0.608752
0.573289
0.536945
0.501676
0.468015
0.435197
0.402332
0.368401
0.331019
0.286164
0.228558
0.152519
0.0527907
-0.0750665
-0.234559
-0.42854
-0.657666
-0.906643
-1.17162
-1.65139
-2.0862
-1.66537
-2.22017
-2.15147
-2.94095
-3.68193
-4.28708
-4.74257
-4.92037
-4.77091
-4.34383
-3.66617
-2.76528
-1.71673
-0.579481
0.576889
1.70007
2.65491
3.45561
4.03487
4.40802
4.61173
4.66385
4.57431
4.3655
4.01282
3.57804
2.99789
2.48101
1.84365
1.61662
1.74684
2.2686
2.2421
3.00712
2.52352
3.78075
0.0244876
0.088813
0.118803
0.163721
0.193133
0.22963
0.262154
0.298438
0.334824
0.373771
0.414369
0.457417
0.502602
0.549531
0.596741
0.641828
0.681341
0.711425
0.728734
0.731533
0.720289
0.697491
0.666827
0.632001
0.595656
0.559233
0.523202
0.487111
0.450654
0.413187
0.372087
0.322596
0.258524
0.173423
0.0615677
-0.0816429
-0.259642
-0.474993
-0.727316
-1.00011
-1.28835
-1.77732
-2.27969
-1.63481
-2.4924
-2.34306
-3.20107
-4.0453
-4.70887
-5.21203
-5.40481
-5.23251
-4.7551
-4.0025
-3.00617
-1.84916
-0.597789
0.67303
1.90301
2.94786
3.82329
4.45343
4.86103
5.08267
5.13984
5.04341
4.81748
4.43484
3.96142
3.33007
2.76185
2.07325
1.82481
1.95523
2.52379
2.52401
3.33941
2.88532
4.1167
0.0250693
0.0977969
0.129656
0.179592
0.211642
0.251886
0.287659
0.327629
0.367682
0.410502
0.455044
0.502095
0.551165
0.60158
0.651478
0.69807
0.737732
0.76684
0.782759
0.784654
0.77359
0.75205
0.723203
0.689974
0.654214
0.616912
0.578606
0.53929
0.499366
0.458595
0.414037
0.360092
0.289596
0.195379
0.0713672
-0.0870509
-0.28309
-0.518919
-0.793311
-1.08966
-1.40257
-1.8901
-2.42986
-1.85653
-2.64515
-2.54523
-3.46105
-4.42219
-5.14602
-5.69679
-5.90337
-5.70598
-5.17576
-4.34562
-3.25127
-1.98351
-0.616295
0.770332
2.10815
3.24417
4.19471
4.87523
5.31768
5.55717
5.61953
5.51676
5.27448
4.8629
4.35145
3.66976
3.04967
2.31455
2.03917
2.17049
2.77938
2.8102
3.67081
3.2592
4.45369
0.0252211
0.106922
0.140229
0.195258
0.229791
0.273742
0.312709
0.356321
0.399982
0.446578
0.494894
0.545644
0.598072
0.651156
0.702643
0.749506
0.788233
0.815829
0.830642
0.83267
0.823201
0.8043
0.778361
0.747452
0.712642
0.674561
0.633942
0.591361
0.548059
0.50422
0.456493
0.3983
0.32145
0.218105
0.0819848
-0.0913813
-0.304874
-0.560226
-0.85563
-1.17542
-1.51493
-2.00328
-2.57255
-2.25538
-2.55971
-2.7726
-3.72422
-4.81363
-5.6015
-6.19993
-6.41827
-6.19288
-5.60701
-4.69639
-3.501
-2.11977
-0.634689
0.869416
2.31628
3.54468
4.57069
5.30127
5.77842
6.03561
6.10326
5.99473
5.73691
5.29744
4.74855
4.01728
3.34483
2.56851
2.26083
2.39335
3.03581
3.10043
4.00192
3.64107
4.78978
0.0249044
0.116248
0.15053
0.210733
0.247579
0.29519
0.337289
0.384489
0.431682
0.481919
0.533758
0.587754
0.642805
0.697515
0.749339
0.79525
0.832238
0.858305
0.872848
0.876387
0.869982
0.854955
0.832806
0.80475
0.771123
0.732283
0.689278
0.643389
0.596822
0.550182
0.499563
0.437267
0.354032
0.241462
0.093242
-0.0948093
-0.325172
-0.599168
-0.914715
-1.25786
-1.6254
-2.11979
-2.69602
-2.61092
-2.33759
-3.06273
-4.00032
-5.2193
-6.07762
-6.72456
-6.95187
-6.69458
-6.04962
-5.0553
-3.75547
-2.25775
-0.652536
0.970904
2.52808
3.85005
4.95184
5.73232
6.24317
6.51788
6.5908
6.47712
6.20463
5.73845
5.15274
4.37257
3.6473
2.8332
2.49083
2.62269
3.2933
3.39439
4.33353
4.03026
5.14155
0.0240686
0.125838
0.160563
0.22603
0.264998
0.316215
0.361378
0.412099
0.462717
0.51639
0.571376
0.627973
0.684685
0.739793
0.790654
0.834589
0.869516
0.894637
0.910185
0.916742
0.914754
0.904615
0.886914
0.86207
0.82973
0.790054
0.744524
0.695248
0.645536
0.596373
0.543116
0.476778
0.387023
0.265062
0.104748
-0.0976895
-0.344334
-0.636201
-0.971228
-1.33763
-1.73389
-2.23928
-2.8042
-2.84472
-2.26734
-3.37844
-4.29597
-5.63781
-6.57638
-7.27418
-7.50734
-7.21312
-6.50482
-5.42325
-4.01515
-2.39757
-0.669684
1.0752
2.74408
4.16087
5.33871
6.169
6.71234
7.00397
7.08204
6.96386
6.67763
6.18598
5.56414
4.73563
3.95695
3.10717
2.72894
2.85756
3.55185
3.69164
4.66592
4.42353
5.53746
0.0226498
0.135761
0.170333
0.241159
0.282042
0.336798
0.384947
0.439097
0.492984
0.549788
0.607371
0.665701
0.722907
0.777093
0.825811
0.867169
0.900337
0.925628
0.943677
0.954693
0.958268
0.953799
0.941018
0.919615
0.888569
0.847916
0.799672
0.746921
0.694212
0.642824
0.58712
0.516646
0.420066
0.288444
0.116029
-0.100473
-0.362833
-0.671944
-1.02605
-1.41571
-1.84108
-2.36291
-2.9224
-3.05891
-2.52385
-3.52567
-4.62225
-6.06951
-7.09939
-7.85206
-8.0882
-7.75103
-6.97404
-5.80119
-4.28058
-2.53936
-0.685967
1.18277
2.96489
4.4778
5.73192
6.61215
7.18653
7.49376
7.57688
7.45485
7.1559
6.64012
5.98285
5.10641
4.27356
3.3893
2.97461
3.09724
3.81133
3.99167
4.99908
4.81792
5.92549
0.0205679
0.146095
0.179846
0.256127
0.2987
0.356916
0.407957
0.465403
0.522321
0.581799
0.64122
0.700199
0.756603
0.808597
0.854336
0.893128
0.925452
0.95235
0.974387
0.991111
1.00115
1.00293
0.995399
0.97757
0.947749
0.905904
0.854708
0.798384
0.742863
0.689546
0.631456
0.556523
0.45261
0.310984
0.126498
-0.103681
-0.381192
-0.707055
-1.08009
-1.49322
-1.94807
-2.49125
-3.06063
-3.29238
-2.97168
-3.40414
-5.01558
-6.52193
-7.64789
-8.46105
-8.698
-8.31128
-7.45894
-6.19007
-4.5522
-2.68322
-0.701163
1.29411
3.19118
4.80157
6.13215
7.06236
7.66632
7.98752
8.07514
7.9499
7.63934
7.10085
6.40889
5.48478
4.59677
3.67859
3.22716
3.34111
4.0715
4.29389
5.3333
5.21309
6.30576
0.0177237
0.15693
0.189103
0.27094
0.314957
0.376531
0.430344
0.490889
0.550477
0.611978
0.672255
0.730645
0.784943
0.833727
0.876221
0.913135
0.945954
0.975955
1.0033
1.02673
1.04393
1.05239
1.05032
1.03613
1.0074
0.964089
0.909648
0.849661
0.791567
0.736581
0.675942
0.595913
0.483963
0.331987
0.135568
-0.107805
-0.399888
-0.742111
-1.13414
-1.5712
-2.05609
-2.62437
-3.21504
-3.52318
-3.34545
-3.24306
-5.52587
-7.00971
-8.22211
-9.10315
-9.33971
-8.89695
-7.96159
-6.59102
-4.8305
-2.82927
-0.715056
1.40975
3.42366
5.13292
6.54007
7.52009
8.15245
8.48565
8.57644
8.44876
8.12775
7.56808
6.84226
5.87054
4.92615
3.97408
3.48578
3.58852
4.33201
4.59763
5.66867
5.60514
6.70904
0.0139945
0.168366
0.198107
0.285598
0.33079
0.39559
0.452009
0.515355
0.577079
0.639731
0.699706
0.756213
0.807266
0.852322
0.892013
0.928265
0.963064
0.997519
1.03123
1.06216
1.08704
1.10249
1.10605
1.09553
1.06769
1.02255
0.964523
0.900807
0.840436
0.783923
0.720208
0.634092
0.513302
0.350761
0.142737
-0.113216
-0.419263
-0.777521
-1.18876
-1.65047
-2.16642
-2.76328
-3.38338
-3.75987
-3.67157
-3.36612
-6.09434
-7.54558
-8.82122
-9.78019
-10.0161
-9.51112
-8.4844
-7.00544
-5.11602
-2.97763
-0.727439
1.53024
3.66303
5.47265
6.95644
7.98589
8.64528
8.98837
9.08069
8.95111
8.62092
8.04169
7.28287
6.26339
5.26112
4.27474
3.74954
3.83881
4.59247
4.90218
6.00524
5.99349
7.12261
0.00922931
0.18052
0.20686
0.300093
0.346164
0.414011
0.472797
0.538494
0.601613
0.664349
0.722773
0.776189
0.823261
0.864774
0.902734
0.939784
0.977937
1.01795
1.05885
1.09787
1.13086
1.15355
1.16288
1.15601
1.1288
1.08139
1.01937
0.951918
0.88961
0.83144
0.763619
0.670134
0.539798
0.366758
0.147704
-0.120079
-0.439448
-0.813464
-1.24424
-1.73157
-2.28012
-2.90961
-3.56717
-4.02312
-4.08249
-3.91633
-6.55144
-8.13739
-9.44686
-10.4941
-10.7296
-10.1567
-9.03004
-7.43505
-5.40939
-3.12846
-0.738103
1.65613
3.91007
5.82158
7.38201
8.46033
9.14508
9.49611
9.58812
9.45652
9.11854
8.52148
7.73065
6.663
5.60106
4.57952
4.01744
4.09121
4.85243
5.20678
6.3428
6.38034
7.57124
0.00324226
0.193523
0.215361
0.314408
0.361022
0.431668
0.492462
0.559866
0.623434
0.685066
0.740713
0.790125
0.833138
0.872011
0.909669
0.948919
0.991549
1.03795
1.08667
1.13428
1.17574
1.2059
1.22111
1.21786
1.19093
1.1407
1.07424
1.00313
0.939188
0.878728
0.805205
0.703018
0.562785
0.379699
0.150447
-0.128298
-0.460325
-0.849869
-1.30062
-1.81471
-2.39791
-3.06474
-3.76791
-4.31721
-4.57807
-4.72523
-6.78168
-8.79718
-10.1024
-11.2458
-11.4808
-10.8356
-9.6012
-7.88194
-5.71144
-3.28193
-0.746829
1.78801
4.16558
6.18058
7.81761
8.944
9.6521
10.009
10.0985
9.96442
9.62024
9.0072
8.18543
7.06896
5.94522
4.88726
4.28839
4.3449
5.11137
5.51061
6.68075
6.76538
8.0255
-0.00419566
0.207529
0.223606
0.328507
0.375275
0.448361
0.510643
0.578898
0.641823
0.701139
0.752968
0.798031
0.837682
0.875304
0.914105
0.956713
1.00466
1.05807
1.11513
1.17176
1.22205
1.25991
1.2811
1.28141
1.25428
1.20052
1.12913
1.0546
0.989106
0.924948
0.843729
0.73185
0.581933
0.389665
0.151261
-0.137491
-0.481509
-0.886412
-1.35769
-1.89989
-2.52012
-3.22941
-3.98646
-4.63933
-5.11021
-5.53162
-6.83166
-9.56397
-10.8028
-12.041
-12.2737
-11.5485
-10.2
-8.34844
-6.02326
-3.43831
-0.753397
1.92648
4.43041
6.55058
8.2641
9.43752
10.1666
10.527
10.6119
10.4746
10.1256
9.49857
8.64706
7.48079
6.29279
5.19673
4.5612
4.59902
5.36879
5.81285
7.01909
7.14628
8.42608
-0.0133675
0.222709
0.231583
0.342328
0.388781
0.463792
0.526844
0.594922
0.656058
0.711936
0.759347
0.800507
0.838116
0.87599
0.917149
0.963968
1.01784
1.07874
1.14458
1.21068
1.27018
1.31598
1.34326
1.347
1.31901
1.26082
1.18405
1.10648
1.0389
0.968747
0.87793
0.756123
0.597365
0.397118
0.150759
-0.146999
-0.502371
-0.922555
-1.41503
-1.98688
-2.64679
-3.40378
-4.22281
-4.98537
-5.64187
-6.20483
-6.9204
-10.4854
-11.5707
-12.8856
-13.1168
-12.2985
-10.8279
-8.83682
-6.34626
-3.59798
-0.757594
2.07217
4.70543
6.93257
8.7224
9.94153
10.6888
11.0499
11.1283
10.9872
10.6341
9.99526
9.11533
7.89797
6.64284
5.50662
4.83462
4.85263
5.62413
6.11271
7.35766
7.52447
8.89804
-0.0246246
0.239256
0.239269
0.355763
0.401312
0.477536
0.540463
0.607254
0.665476
0.717086
0.760219
0.798678
0.835812
0.875242
0.919652
0.971273
1.0315
1.10031
1.17537
1.25142
1.32056
1.37456
1.40802
1.41496
1.38518
1.32141
1.23901
1.15874
1.08744
1.00842
0.906913
0.7759
0.609666
0.402868
0.149833
-0.155937
-0.522097
-0.957602
-1.47211
-2.07529
-2.77766
-3.58751
-4.47627
-5.35259
-6.16853
-6.80016
-7.28232
-11.5713
-12.422
-13.7771
-14.0151
-13.0903
-11.4867
-9.34896
-6.682
-3.76159
-0.759239
2.22572
4.99161
7.3276
9.19351
10.4567
11.219
11.5775
11.6474
11.5015
11.1452
10.4969
9.59005
8.31993
6.99439
5.81551
5.10732
5.1048
5.87688
6.40943
7.69554
7.90013
9.31314
-0.0384051
0.257378
0.246613
0.368641
0.412536
0.489054
0.550862
0.61524
0.669567
0.716698
0.756553
0.793928
0.832014
0.873964
0.922222
0.979047
1.04598
1.1231
1.20788
1.29442
1.37368
1.43617
1.47586
1.48556
1.45263
1.38194
1.294
1.21084
1.13278
1.0424
0.930489
0.791839
0.619819
0.408006
0.149579
-0.16327
-0.53977
-0.99079
-1.5283
-2.1646
-2.91223
-3.77983
-4.74542
-5.73924
-6.70506
-7.46128
-8.07731
-12.7386
-13.3648
-14.7102
-14.9696
-13.9277
-12.1788
-9.88647
-7.03193
-3.93002
-0.758233
2.38782
5.28992
7.7368
9.67847
10.9838
11.7574
12.1094
12.1687
12.0171
11.6584
11.003
10.071
8.74604
7.34635
6.1219
5.37789
5.35459
6.12651
6.70235
8.03276
8.26909
9.75294
-0.0552572
0.277292
0.253524
0.380693
0.421998
0.497754
0.55743
0.618302
0.668183
0.711516
0.749709
0.787579
0.827688
0.872793
0.925284
0.987609
1.06158
1.14744
1.2425
1.34017
1.43009
1.50133
1.54719
1.55889
1.52083
1.44194
1.34895
1.26124
1.17256
1.06987
0.949297
0.805079
0.629089
0.413803
0.151205
-0.167913
-0.554473
-1.02138
-1.58298
-2.25424
-3.04984
-3.97965
-5.02825
-6.14282
-7.26125
-8.24158
-9.3323
-13.8581
-14.3914
-15.6816
-15.98
-14.8127
-12.9069
-10.4506
-7.39726
-4.10427
-0.754598
2.55914
5.60144
8.1614
10.1784
11.5236
12.3042
12.6453
12.6916
12.5337
12.1735
11.5132
10.558
9.17566
7.69755
6.4242
5.64484
5.60106
6.37252
6.99086
8.36819
8.63429
10.2704
-0.0758643
0.299199
0.259838
0.391534
0.429165
0.503075
0.559596
0.616074
0.661769
0.702812
0.741084
0.780677
0.823511
0.872158
0.929139
0.997226
1.07859
1.17368
1.27967
1.38919
1.49038
1.57061
1.62238
1.63465
1.5888
1.50097
1.40317
1.30723
1.2048
1.09119
0.964633
0.817058
0.638896
0.421597
0.15591
-0.168856
-0.565399
-1.04873
-1.63561
-2.34362
-3.18974
-4.1857
-5.32245
-6.56043
-7.83948
-9.12293
-10.8888
-14.8272
-15.4999
-16.6944
-17.0453
-15.7463
-13.6731
-11.0426
-7.7788
-4.28521
-0.748459
2.7404
5.9273
8.60271
10.6946
12.0768
12.8596
13.1848
13.2155
13.0511
12.6903
12.0271
11.0508
9.60811
8.04676
6.72075
5.90661
5.8433
6.61446
7.27443
8.70011
8.99706
10.7308
-0.101063
0.323247
0.265292
0.400674
0.433508
0.504491
0.556858
0.60866
0.651408
0.692037
0.73183
0.773952
0.819922
0.872351
0.934031
1.00815
1.09731
1.20221
1.31988
1.44207
1.55517
1.64451
1.70147
1.7119
1.65522
1.55866
1.45469
1.34553
1.22896
1.10779
0.978159
0.82934
0.650682
0.432665
0.164757
-0.165271
-0.57194
-1.07237
-1.68573
-2.43219
-3.33112
-4.3967
-5.62574
-6.9892
-8.43747
-10.0635
-12.5237
-15.5339
-16.6601
-17.7544
-18.1658
-16.7288
-14.4783
-11.6638
-8.17686
-4.47344
-0.739973
2.93233
6.26877
9.06219
11.2285
12.6444
13.4238
13.7274
13.7396
13.5683
13.2083
12.5441
11.5492
10.0427
8.39264
7.0098
6.16155
6.08044
6.85193
7.55254
9.02684
9.35768
11.2259
-0.131828
0.349446
0.269506
0.407605
0.434587
0.501498
0.54899
0.596854
0.638583
0.680477
0.722752
0.767865
0.817209
0.873593
0.940182
1.02065
1.11807
1.23344
1.36362
1.49941
1.62508
1.72339
1.78401
1.7889
1.7188
1.61421
1.49988
1.3738
1.24626
1.12169
0.991624
0.843461
0.665773
0.44809
0.17856
-0.156605
-0.573731
-1.09202
-1.733
-2.51942
-3.47323
-4.61136
-5.93601
-7.42657
-9.0498
-11.0078
-13.9972
-15.9474
-17.8608
-18.8771
-19.3439
-17.7602
-15.3229
-12.3152
-8.59141
-4.66925
-0.729175
3.13571
6.62723
9.54144
11.7814
13.2274
13.997
14.2724
14.263
14.0846
13.7267
13.0638
12.0531
10.4787
8.7338
7.28951
6.40798
6.31171
7.08466
7.82482
9.34695
9.71908
11.697
-0.169168
0.37754
0.272017
0.411869
0.431954
0.493735
0.536395
0.58196
0.624664
0.669031
0.714349
0.7627
0.81557
0.876078
0.947815
1.035
1.14121
1.26779
1.41143
1.56181
1.70064
1.80726
1.86862
1.86318
1.77866
1.66528
1.53448
1.39199
1.25919
1.13497
1.00668
0.860783
0.685244
0.468643
0.197793
-0.142615
-0.570654
-1.10755
-1.77715
-2.60484
-3.61529
-4.82846
-6.25127
-7.86999
-9.66914
-11.9054
-15.1257
-16.1848
-19.1329
-20.0811
-20.5833
-18.8409
-16.2068
-12.9972
-9.02255
-4.87265
-0.715858
3.35136
7.00428
10.0422
12.355
13.8267
14.5794
14.8191
14.7848
14.5991
14.2449
13.586
12.5622
10.9154
9.06876
7.55799
6.64422
6.53649
7.31251
8.09093
9.65843
10.0773
12.2376
-0.213835
0.406836
0.272356
0.41299
0.424799
0.480904
0.52016
0.565587
0.610786
0.658268
0.706909
0.75864
0.815174
0.879995
0.95716
1.05146
1.16705
1.30565
1.46379
1.62983
1.78222
1.89546
1.95268
1.93232
1.83389
1.70741
1.55583
1.40262
1.27057
1.1495
1.02473
0.882361
0.709811
0.494711
0.222575
-0.123342
-0.562771
-1.1189
-1.81793
-2.68794
-3.75653
-5.04677
-6.56957
-8.31674
-10.2876
-12.728
-15.9052
-16.4855
-20.5176
-21.3861
-21.8872
-19.9716
-17.1299
-13.7095
-9.47023
-5.08337
-0.699525
3.58026
7.40169
10.5666
12.9512
14.4436
15.1711
15.3667
15.304
15.1106
14.7628
14.1109
13.0763
11.352
9.39593
7.81327
6.8686
6.75435
7.53551
8.35063
9.95891
10.4342
12.6827
-0.265724
0.436009
0.270135
0.410899
0.41349
0.463744
0.501593
0.54878
0.597469
0.64848
0.700612
0.755831
0.816187
0.88554
0.968439
1.07029
1.19589
1.34739
1.52115
1.70391
1.8698
1.98621
2.03249
1.99479
1.88205
1.73539
1.56476
1.40959
1.28276
1.16674
1.0468
0.908836
0.739762
0.526287
0.252714
-0.0990205
-0.550223
-1.12603
-1.85505
-2.7682
-3.89613
-5.26499
-6.88882
-8.76348
-10.8974
-13.4779
-16.502
-17.0701
-22.0357
-22.8118
-23.2572
-21.153
-18.0927
-14.4512
-9.93413
-5.3009
-0.679455
3.82349
7.82145
11.117
13.5722
15.0793
15.7724
15.9143
15.8194
15.6181
15.2798
14.6387
13.5953
11.7876
9.71363
8.05327
7.07951
6.96506
7.75384
8.60367
10.2462
10.7876
13.136
-0.32295
0.46294
0.264616
0.404051
0.395133
0.442915
0.482003
0.532646
0.585232
0.639837
0.695575
0.754417
0.818777
0.892897
0.98185
1.09171
1.22798
1.39333
1.58387
1.78433
1.96266
2.07609
2.10428
2.04978
1.91808
1.74641
1.56557
1.41649
1.29743
1.18771
1.07346
0.940392
0.774971
0.563046
0.287833
-0.0699394
-0.533107
-1.12878
-1.88809
-2.84494
-4.03314
-5.48165
-7.2066
-9.20614
-11.4918
-14.1754
-17.1117
-18.0639
-23.5833
-24.3642
-24.6923
-22.3844
-19.0966
-15.2216
-10.4136
-5.52458
-0.65486
4.08224
8.26574
11.6961
14.2203
15.7354
16.3833
16.4607
16.3299
16.1204
15.795
15.1693
14.1188
12.2212
10.02
8.27577
7.27539
7.16863
7.96784
8.8498
10.5171
11.1264
13.5286
-0.380917
0.484629
0.254853
0.391773
0.372285
0.421735
0.461823
0.517384
0.574195
0.632497
0.691957
0.754557
0.823107
0.902228
0.99755
1.11588
1.2635
1.44366
1.65219
1.87098
2.05883
2.16017
2.16584
2.0952
1.93588
1.74257
1.56374
1.42572
1.31558
1.21287
1.10477
0.97679
0.815002
0.604503
0.327536
-0.0363038
-0.511374
-1.12684
-1.91649
-2.91738
-4.16646
-5.69506
-7.52002
-9.63978
-12.0641
-14.8377
-17.8232
-19.5361
-24.9921
-26.0255
-26.1917
-23.6639
-20.1433
-16.0203
-10.908
-5.75359
-0.624866
4.35784
8.73688
12.3071
14.8985
16.4136
17.0041
17.0048
16.8341
16.6162
16.3076
15.7027
14.6466
12.6516
10.3129
8.47821
7.45513
7.36546
8.17791
9.08874
10.7686
11.4542
13.808
-0.432243
0.498014
0.240082
0.374142
0.348969
0.401881
0.442461
0.503735
0.564519
0.626585
0.689893
0.7564
0.82932
0.913656
1.01564
1.14288
1.30253
1.49848
1.72612
1.9631
2.15449
2.23336
2.21677
2.12576
1.93241
1.73026
1.56354
1.43839
1.33757
1.24217
1.1404
1.01752
0.8593
0.650192
0.371553
0.00187508
-0.484764
-1.1197
-1.93953
-2.98456
-4.29481
-5.90319
-7.82567
-10.0588
-12.6083
-15.4747
-18.6292
-21.3091
-26.0848
-27.7801
-27.7594
-24.9885
-21.2342
-16.847
-11.4163
-5.98705
-0.588508
4.65165
9.23734
12.9535
15.6103
17.116
17.635
17.5453
17.3305
17.1042
16.8163
16.2388
15.1778
13.0773
10.59
8.657
7.61729
7.55547
8.38489
9.32005
10.9969
11.7629
14.0554
-0.468389
0.501727
0.218835
0.353629
0.326773
0.382582
0.423965
0.491572
0.556256
0.622283
0.689543
0.760088
0.837528
0.927262
1.03618
1.17273
1.34506
1.55776
1.80538
2.05873
2.24388
2.29272
2.25585
2.13442
1.91093
1.71668
1.56687
1.45471
1.36321
1.27519
1.17978
1.06198
0.907375
0.699826
0.419853
0.0448343
-0.452791
-1.10665
-1.9563
-3.04539
-4.41669
-6.10371
-8.11957
-10.4573
-13.12
-16.0913
-19.4837
-23.0794
-26.7556
-29.6331
-29.4051
-26.3544
-22.37
-17.7017
-11.9379
-6.22409
-0.544603
4.96512
9.76962
13.6393
16.3596
17.845
18.2762
18.0805
17.8175
17.5831
17.3203
16.778
15.7115
13.4962
10.8484
8.80873
7.75978
7.73914
8.59092
9.54299
11.1966
12.0334
14.1909
-0.4832
0.492367
0.194403
0.332111
0.305638
0.364186
0.407388
0.481256
0.549647
0.619759
0.691045
0.765741
0.847813
0.943079
1.05912
1.20534
1.39094
1.62125
1.88913
2.15404
2.32071
2.33844
2.27739
2.11688
1.87982
1.70666
1.57397
1.47441
1.392
1.31134
1.22234
1.10971
0.958961
0.753389
0.472681
0.0930602
-0.414761
-1.08682
-1.96579
-3.09863
-4.53043
-6.29392
-8.39734
-10.8304
-13.5977
-16.6883
-20.3211
-24.5278
-27.0997
-31.6334
-31.1561
-27.7595
-23.5498
-18.5839
-12.4721
-6.46388
-0.491772
5.29988
10.3363
14.3687
17.1515
18.6038
18.9281
18.6087
18.2934
18.0514
17.8184
17.3208
16.2466
13.9057
11.084
8.9301
7.88068
7.91856
8.79836
9.75566
11.3624
12.2639
14.156
-0.473729
0.465098
0.172264
0.309849
0.285609
0.346147
0.393078
0.472767
0.544854
0.619184
0.694542
0.773458
0.860218
0.961082
1.08438
1.24054
1.43993
1.68847
1.97549
2.24296
2.3813
2.37145
2.27344
2.07727
1.84787
1.70115
1.58422
1.49691
1.42332
1.3501
1.26768
1.1605
1.01409
0.811157
0.530541
0.14725
-0.369816
-1.05923
-1.96686
-3.14294
-4.63421
-6.47076
-8.65456
-11.1745
-14.0421
-17.2643
-21.094
-25.517
-27.4933
-33.8965
-33.0569
-29.2025
-24.7718
-19.4926
-13.0183
-6.70565
-0.428586
5.65768
10.94
15.1462
17.9915
19.3963
19.5912
19.1281
18.7564
18.5077
18.3095
17.8682
16.7821
14.3022
11.2914
9.01545
7.97613
8.09294
9.00644
9.95445
11.489
12.4264
14.0616
-0.443395
0.425136
0.153699
0.28732
0.267384
0.328202
0.381585
0.46634
0.542119
0.620716
0.700149
0.783305
0.874742
0.981191
1.11178
1.27805
1.4916
1.75852
2.06092
2.31835
2.4264
2.38857
2.23708
2.02441
1.82164
1.70023
1.59701
1.52161
1.45672
1.39117
1.31566
1.21445
1.07308
0.873668
0.594145
0.208255
-0.316987
-1.0228
-1.95835
-3.17699
-4.72608
-6.63094
-8.88744
-11.4882
-14.4561
-17.8192
-21.8053
-26.236
-28.3662
-36.51
-35.1517
-30.6831
-26.0337
-20.4262
-13.5754
-6.9487
-0.353671
6.04042
11.5836
15.9765
18.8861
20.2275
20.2663
19.6366
19.2043
18.9507
18.7921
18.4214
17.3162
14.6805
11.4635
9.05437
8.04145
8.2596
9.21191
10.1358
11.5741
12.5164
13.8008
-0.401085
0.382287
0.137593
0.265445
0.251535
0.310686
0.373083
0.462055
0.541631
0.624492
0.707961
0.795314
0.891335
1.00326
1.14108
1.3175
1.54538
1.82973
2.1397
2.37522
2.45842
2.37867
2.16936
1.9703
1.80167
1.70172
1.61156
1.54812
1.49201
1.43454
1.36647
1.27195
1.13653
0.941657
0.664342
0.277018
-0.255253
-0.976443
-1.93913
-3.19952
-4.804
-6.77119
-9.09364
-11.7727
-14.844
-18.3554
-22.4925
-27.0418
-30.0586
-39.2336
-37.4616
-32.2002
-27.3329
-21.3833
-14.1427
-7.19232
-0.265826
6.45004
12.2699
16.8644
19.8425
21.1035
20.9543
20.1318
19.6349
19.3788
19.2651
18.9818
17.8449
15.0343
11.5886
9.02521
8.06752
8.41602
9.41065
10.2971
11.6221
12.5242
13.4751
-0.355141
0.339997
0.123475
0.245155
0.23836
0.294902
0.367747
0.460039
0.543582
0.630607
0.71803
0.809465
0.909894
1.02709
1.17194
1.35842
1.60039
1.89916
2.20487
2.41448
2.47992
2.32934
2.09757
1.91771
1.78607
1.70522
1.62768
1.57633
1.52928
1.4805
1.42059
1.33365
1.2052
1.01598
0.742054
0.354518
-0.183594
-0.919152
-1.90827
-3.20942
-4.8658
-6.88884
-9.27299
-12.0311
-15.21
-18.8748
-23.1802
-28.0533
-32.6248
-41.7334
-39.9492
-33.7514
-28.6672
-22.3628
-14.7191
-7.43581
-0.164098
6.88841
13.0019
17.8148
20.8687
22.0317
21.657
20.6113
20.0457
19.7909
19.7269
19.5507
18.3645
15.3378
11.6364
8.90505
8.04413
8.55358
9.59338
10.4368
11.6445
12.4468
13.1132
-0.3094
0.298094
0.11156
0.227061
0.227467
0.282724
0.365482
0.460454
0.548092
0.639122
0.730369
0.825695
0.930267
1.05242
1.20399
1.40022
1.65529
1.9621
2.25123
2.44314
2.48951
2.24044
2.04491
1.86909
1.77432
1.70987
1.64537
1.60649
1.56894
1.52962
1.47872
1.40035
1.27995
1.09754
0.828214
0.441705
-0.101074
-0.850105
-1.86515
-3.20576
-4.90939
-6.98271
-9.42754
-12.2675
-15.5579
-19.3783
-23.878
-29.2438
-35.6859
-43.6525
-42.5215
-35.3321
-30.0326
-23.3644
-15.3041
-7.67852
-0.0477921
7.35718
13.7828
18.8325
21.9731
23.0211
22.3763
21.0725
20.434
20.1856
20.1763
20.129
18.8763
15.5969
11.564
8.68676
7.9649
8.66022
9.74802
10.5544
11.6581
12.3137
12.7298
-0.264375
0.256513
0.102031
0.21142
0.217028
0.275623
0.366073
0.463456
0.555222
0.650052
0.744943
0.843897
0.95226
1.07895
1.23678
1.44217
1.70791
2.01267
2.27947
2.46872
2.4644
2.14887
2.00193
1.82451
1.76653
1.71587
1.66518
1.63908
1.61168
1.58269
1.54172
1.47294
1.36169
1.18723
0.923709
0.539436
-0.00694374
-0.768858
-1.80964
-3.18766
-4.93328
-7.05372
-9.56084
-12.4859
-15.8904
-19.8664
-24.5851
-30.5238
-38.6854
-44.8483
-45.1679
-36.9598
-31.4224
-24.3867
-15.8969
-7.9198
0.0835693
7.85777
14.6156
19.9222
23.1643
24.0824
23.1155
21.5125
20.7968
20.5616
20.6121
20.7155
19.3397
15.8212
11.3498
8.37121
7.82998
8.72801
9.86563
10.6476
11.6774
12.1589
12.4534
-0.21992
0.215702
0.0950371
0.198623
0.205609
0.273809
0.369365
0.469161
0.56498
0.66337
0.761675
0.863922
0.975638
1.10633
1.2698
1.48325
1.75481
2.04637
2.29896
2.49722
2.39173
2.07847
1.9596
1.78606
1.76207
1.72369
1.68776
1.67485
1.65835
1.6406
1.61048
1.55231
1.45128
1.28588
1.02932
0.648392
0.0992079
-0.675557
-1.74202
-3.15431
-4.93739
-7.10479
-9.67684
-12.6895
-16.2091
-20.339
-25.2926
-31.7796
-41.1039
-45.4897
-47.8858
-38.6337
-32.8241
-25.4258
-16.4959
-8.15889
0.230346
8.39133
15.5032
21.089
24.4512
25.2276
23.8782
21.9286
21.1307
20.918
21.0332
21.3189
19.6627
15.9742
11.0014
7.97331
7.65033
8.75901
9.94573
10.7154
11.7051
12.0096
12.3124
-0.175944
0.176103
0.0908344
0.189137
0.195042
0.276564
0.375179
0.477642
0.577308
0.679012
0.780448
0.885588
1.00014
1.13418
1.30247
1.52198
1.79159
2.06312
2.3182
2.50487
2.30851
2.02339
1.9157
1.75453
1.7611
1.73436
1.71405
1.71473
1.70991
1.70428
1.68592
1.63931
1.5495
1.39421
1.14565
0.768961
0.217239
-0.571085
-1.66277
-3.10538
-4.92365
-7.13983
-9.77895
-12.8807
-16.5147
-20.7957
-25.9882
-32.92
-42.7385
-46.1375
-50.6947
-40.3854
-34.2184
-26.4725
-17.0985
-8.39457
0.392872
8.95878
16.4485
22.3376
25.8422
26.4697
24.6692
22.3176
21.432
21.2541
21.4371
22.0102
19.8975
16.006
10.5513
7.51443
7.43828
8.7619
9.99634
10.7621
11.7418
11.894
12.2309
-0.132127
0.137999
0.0894435
0.181874
0.189181
0.282949
0.383492
0.488887
0.592122
0.696877
0.801113
0.908685
1.02547
1.16211
1.33407
1.55614
1.81502
2.07171
2.348
2.46627
2.24575
1.97404
1.87047
1.72978
1.76434
1.74885
1.74508
1.75971
1.76735
1.77467
1.76886
1.73471
1.65702
1.51276
1.27305
0.901074
0.346212
-0.456973
-1.57235
-3.04182
-4.89569
-7.16241
-9.86964
-13.061
-16.8073
-21.2355
-26.6613
-33.9192
-43.788
-47.2926
-53.4832
-42.2138
-35.5812
-27.5142
-17.7001
-8.62478
0.571614
9.56086
17.4545
23.6733
27.3459
27.8226
25.4938
22.6764
21.6962
21.569
21.8079
22.8411
20.1325
15.9058
10.0342
7.00733
7.20013
8.74411
10.027
10.7952
11.7892
11.8015
12.2523
-0.0877533
0.101658
0.090341
0.173501
0.190478
0.292019
0.39439
0.502791
0.609304
0.716829
0.823489
0.93298
1.05132
1.18966
1.36364
1.58288
1.82547
2.08267
2.37669
2.40766
2.20303
1.92949
1.82506
1.71171
1.77298
1.76832
1.78197
1.81078
1.83161
1.85258
1.86004
1.83911
1.77431
1.64182
1.41151
1.04399
0.48425
-0.334972
-1.47148
-2.96646
-4.8575
-7.17499
-9.95043
-13.2309
-17.0865
-21.6576
-27.3049
-34.803
-44.6758
-49.1257
-56.1891
-44.1043
-36.8836
-28.5309
-18.2939
-8.84617
0.767116
10.198
18.5238
25.1014
28.971
29.3004
26.3576
23.0014
21.9182
21.8631
22.1115
23.6026
20.3985
15.7173
9.45896
6.4478
6.92997
8.70526
10.0407
10.8233
11.8495
11.7266
12.2959
-0.0418321
0.0676704
0.0930881
0.162678
0.198479
0.303143
0.40792
0.519201
0.628709
0.738701
0.84737
0.95822
1.07738
1.21633
1.38979
1.59998
1.82957
2.10746
2.37469
2.36583
2.17131
1.89437
1.7829
1.70179
1.78803
1.79399
1.82572
1.86886
1.90353
1.93871
1.96003
1.95294
1.90165
1.78142
1.56048
1.19601
0.628712
-0.206611
-1.36198
-2.88341
-4.81192
-7.1788
-10.0221
-13.3906
-17.352
-22.0603
-27.9121
-35.5972
-45.6492
-51.7397
-58.6816
-46.0254
-38.111
-29.51
-18.8736
-9.05377
0.98003
10.8703
19.6591
26.6277
30.7264
30.917
27.266
23.2886
22.0913
22.1398
22.3229
24.0857
20.6298
15.4405
8.81056
5.81344
6.61218
8.64295
10.0316
10.8521
11.9272
11.6637
12.3499
0.006616
0.0368744
0.0965588
0.153418
0.210906
0.316188
0.424013
0.537923
0.650166
0.762294
0.872527
0.984135
1.10328
1.24149
1.4108
1.60758
1.83597
2.1444
2.34543
2.34552
2.14688
1.87318
1.74656
1.70263
1.8101
1.82713
1.8773
1.93478
1.98378
2.03359
2.06919
2.07642
2.03902
1.93114
1.71866
1.35441
0.776832
-0.0733817
-1.24729
-2.79635
-4.76008
-7.17433
-10.0849
-13.5398
-17.6035
-22.4419
-28.4758
-36.3108
-46.6958
-54.7507
-60.7129
-47.9365
-39.2565
-30.4463
-19.4354
-9.24374
1.2106
11.577
20.8621
28.2576
32.6215
32.6852
28.2229
23.5328
22.2076
22.407
22.4477
24.2788
20.8099
15.0927
8.05592
5.06219
6.22294
8.55813
9.99533
10.8834
12.0306
11.6015
12.4626
0.05815
0.00978901
0.0983897
0.150565
0.225807
0.331275
0.442485
0.55875
0.673472
0.787384
0.898714
1.01044
1.12865
1.26429
1.42535
1.61014
1.8525
2.17047
2.3225
2.33818
2.13155
1.86757
1.71425
1.71643
1.84001
1.8688
1.93745
2.00917
2.07287
2.13754
2.18771
2.20951
2.18609
2.09
1.88369
1.51564
0.926355
0.0623465
-1.13166
-2.70706
-4.70183
-7.16162
-10.1388
-13.6784
-17.8406
-22.8003
-28.9899
-36.9471
-47.7722
-57.7844
-62.259
-49.7465
-40.2949
-31.3218
-19.9724
-9.41262
1.45923
12.3167
22.1331
29.9964
34.6662
34.6166
29.2296
23.7273
22.257
22.6804
22.5728
24.3154
20.904
14.6835
7.13162
4.12457
5.72834
8.45023
9.93348
10.9206
12.1619
11.5657
12.4987
0.112535
-0.0136283
0.0997334
0.15439
0.242265
0.34849
0.463076
0.581463
0.698395
0.813724
0.925666
1.03683
1.15303
1.28375
1.43392
1.61598
1.8852
2.17224
2.3197
2.33741
2.12822
1.87959
1.68792
1.74392
1.87858
1.91995
2.00667
2.09246
2.17105
2.25063
2.31548
2.3519
2.34207
2.25615
2.0521
1.67625
1.07537
0.196818
-1.01813
-2.61513
-4.63654
-7.14055
-10.1836
-13.8064
-18.0635
-23.1336
-29.4493
-37.5079
-48.8165
-60.4848
-63.2758
-51.3395
-41.2027
-32.1124
-20.4749
-9.5564
1.72684
13.0872
23.4709
31.848
36.8704
36.7207
30.2831
23.8621
22.2262
22.9734
22.8414
24.3227
20.9485
14.1835
5.93657
2.89533
5.07791
8.31638
9.84908
10.9717
12.315
11.5422
12.5398
0.167797
-0.036226
0.10641
0.162411
0.260205
0.367732
0.485509
0.605824
0.724679
0.841051
0.953101
1.06297
1.17585
1.29913
1.43946
1.63076
1.92495
2.16896
2.33162
2.3424
2.13859
1.91183
1.67645
1.78595
1.92599
1.98128
2.08525
2.18487
2.27836
2.37274
2.45217
2.50288
2.50553
2.42664
2.21967
1.83362
1.22126
0.326027
-0.907091
-2.51901
-4.56366
-7.11086
-10.2192
-13.924
-18.2722
-23.4397
-29.8503
-37.9918
-49.7544
-62.5778
-63.6927
-52.6559
-41.9634
-32.7956
-20.9327
-9.67073
2.01445
13.8858
24.8718
33.8144
39.244
39.004
31.3747
23.9228
22.0982
23.2814
23.2511
24.4072
21.0026
13.5215
4.32432
1.22841
4.20268
8.15231
9.74124
11.0422
12.4984
11.5099
12.2963
0.220264
-0.0613913
0.121113
0.172741
0.279831
0.388736
0.509521
0.631571
0.75205
0.869082
0.980707
1.08846
1.19649
1.31091
1.44751
1.65837
1.95406
2.17957
2.35084
2.35458
2.16209
1.96053
1.6836
1.84302
1.98264
2.05311
2.17323
2.28638
2.39458
2.50346
2.59713
2.66129
2.67412
2.59735
2.38256
1.98575
1.36029
0.447911
-0.796604
-2.41719
-4.48282
-7.07233
-10.2455
-14.0317
-18.4668
-23.717
-30.1903
-38.3932
-50.5142
-63.9673
-63.6625
-53.6347
-42.5632
-33.3513
-21.3338
-9.75041
2.32302
14.7091
26.3298
35.8953
41.7953
41.4687
32.4879
23.8874
21.8505
23.5888
23.6939
24.583
21.0812
12.5951
2.09395
-1.05791
3.02209
7.95403
9.60445
11.1297
12.7095
11.6523
12.0979
0.264817
-0.0853789
0.140165
0.184829
0.301063
0.411214
0.534844
0.658422
0.780216
0.897505
1.00813
1.11282
1.21457
1.32135
1.46347
1.69844
1.97224
2.20466
2.37443
2.37475
2.1973
2.01796
1.71228
1.9131
2.04895
2.13554
2.27039
2.39673
2.51928
2.64213
2.7493
2.82525
2.84429
2.7636
2.53812
2.13006
1.48905
0.563564
-0.683937
-2.30878
-4.3938
-7.02481
-10.2627
-14.1299
-18.6475
-23.9643
-30.4684
-38.7073
-51.0422
-64.6158
-63.2583
-54.2363
-42.9949
-33.763
-21.6639
-9.78874
2.65371
15.5532
27.8367
38.0868
44.5306
44.1104
33.5976
23.7249
21.4544
23.883
24.077
24.8088
21.1678
11.274
-1.00588
-4.15684
1.45996
7.71889
9.42693
11.2249
12.981
11.6527
11.5055
0.296198
-0.100161
0.159585
0.198894
0.323551
0.434911
0.561193
0.68608
0.808857
0.925967
1.03493
1.13555
1.23045
1.33389
1.48911
1.74137
1.9948
2.23779
2.40268
2.40282
2.24241
2.07168
1.76749
1.9944
2.12504
2.22823
2.37635
2.51546
2.65176
2.78779
2.90713
2.99191
3.01144
2.92145
2.68451
2.26313
1.6067
0.676322
-0.56703
-2.19345
-4.29656
-6.96827
-10.271
-14.2193
-18.8146
-24.1808
-30.6847
-38.9294
-51.3133
-64.5729
-62.5034
-54.4774
-43.2567
-34.0197
-21.9082
-9.77753
3.00838
16.4137
29.3824
40.3814
47.452
46.9138
34.6657
23.3864
20.8709
24.1572
24.375
25.0472
21.2479
9.40306
-5.23713
-8.21933
-0.530054
7.44437
9.18715
11.3151
13.2731
11.8183
13.2222
0.313207
-0.102902
0.178202
0.21504
0.346935
0.459587
0.588272
0.714227
0.837619
0.954053
1.06064
1.15637
1.24569
1.35221
1.52465
1.77773
2.02817
2.27482
2.43635
2.43878
2.29664
2.10759
1.84763
2.08455
2.21119
2.33059
2.49054
2.64187
2.79107
2.93908
3.06837
3.15728
3.17072
3.06856
2.81942
2.38247
1.7158
0.789705
-0.444972
-2.07131
-4.19114
-6.90274
-10.2707
-14.3004
-18.9685
-24.3665
-30.8404
-39.0552
-51.3245
-63.9722
-61.5049
-54.3928
-43.3505
-34.1175
-22.0523
-9.70746
3.38989
17.2855
30.9544
42.7669
50.5554
49.8494
35.6613
22.7947
20.0452
24.4183
24.6147
25.2657
21.2946
6.81109
-10.7721
-13.2525
-2.93174
7.12314
8.85205
11.3802
13.4543
12.4818
15.4557
0.318553
-0.0956872
0.196288
0.233064
0.370923
0.48499
0.615764
0.742513
0.86609
0.981276
1.08475
1.17552
1.26258
1.37817
1.56802
1.81126
2.06894
2.31474
2.47559
2.48353
2.36235
2.1252
1.94863
2.181
2.30719
2.44179
2.61223
2.77505
2.93599
3.09413
3.22976
3.31651
3.31852
3.20349
2.9401
2.48861
1.8207
0.905921
-0.317768
-1.9427
-4.07771
-6.82828
-10.2622
-14.3739
-19.1098
-24.5217
-30.9374
-39.0822
-51.0908
-62.9595
-60.3667
-54.0217
-43.2836
-34.0586
-22.0841
-9.56849
3.80247
18.1637
32.5381
45.2266
53.826
52.8522
36.5283
21.8042
18.8826
24.6519
24.8569
25.517
21.2809
3.35595
-17.5348
-18.9694
-5.61405
6.74188
8.39183
11.3626
13.3958
13.445
18.7296
0.315064
-0.0811499
0.213979
0.25266
0.395274
0.510835
0.643321
0.770535
0.893789
1.0071
1.10694
1.19385
1.28285
1.41026
1.61227
1.84941
2.11316
2.35782
2.52002
2.53802
2.44102
2.14103
2.06452
2.28275
2.41265
2.56077
2.74053
2.91382
3.08489
3.25033
3.38702
3.46497
3.45307
3.32444
3.0452
2.58534
1.92525
1.02562
-0.185956
-1.80809
-3.95645
-6.74503
-10.2457
-14.4403
-19.239
-24.6476
-30.9782
-39.0109
-50.6395
-61.652
-59.1257
-53.4169
-43.0664
-33.8495
-21.9946
-9.35039
4.25199
19.0439
34.1168
47.7368
57.2358
55.8249
37.2081
20.2505
17.2812
24.8397
25.0867
25.9864
21.2641
-0.989078
-25.0167
-24.7461
-8.24252
6.29252
7.81002
11.1779
13.0888
14.3944
22.2019
0.304255
-0.0608209
0.231146
0.27357
0.419723
0.536798
0.670553
0.797829
0.920176
1.031
1.12728
1.21268
1.30751
1.44709
1.65293
1.89236
2.15878
2.40395
2.56884
2.60122
2.52518
2.17796
2.18823
2.38939
2.52656
2.68644
2.87433
3.05673
3.23561
3.40413
3.53533
3.59972
3.5735
3.42954
3.13665
2.67757
2.03145
1.1484
-0.0503443
-1.66803
-3.82764
-6.65314
-10.2217
-14.5004
-19.3569
-24.7454
-30.966
-38.8455
-50.0045
-60.146
-57.7993
-52.6314
-42.7086
-33.499
-21.7777
-9.04314
4.74617
19.9233
35.672
50.2689
60.7411
58.5892
37.5435
17.8071
15.0934
25.0173
25.3224
26.9927
21.4401
-6.00722
-32.0712
-29.7902
-10.4065
5.78348
7.10386
10.7058
12.6647
14.8504
27.0972
0.287361
-0.0356981
0.24765
0.295507
0.443972
0.562516
0.697015
0.823875
0.94469
1.05265
1.14622
1.23293
1.33585
1.4867
1.69252
1.93765
2.20549
2.45255
2.62091
2.66884
2.59282
2.24853
2.31527
2.50116
2.64775
2.81752
3.01231
3.20191
3.38524
3.55112
3.67062
3.7197
3.6786
3.51877
3.21909
2.76899
2.13955
1.2733
0.088147
-1.52314
-3.6916
-6.55285
-10.1904
-14.5545
-19.4642
-24.8169
-30.905
-38.5931
-49.2219
-58.5247
-56.4252
-51.7056
-42.2192
-33.0161
-21.4296
-8.6375
5.29413
20.8018
37.1841
52.7821
64.2611
60.8923
37.4568
13.9697
11.9506
25.1492
25.9448
28.324
21.8606
-11.036
-36.8164
-32.7114
-11.5397
5.26813
6.43617
9.6854
12.5086
15.7277
34.1408
0.26557
-0.00664103
0.263435
0.318126
0.467683
0.587571
0.722218
0.848125
0.966844
1.07198
1.16433
1.25463
1.36607
1.52585
1.73324
1.98329
2.25316
2.50297
2.67588
2.73854
2.62999
2.34924
2.44233
2.61823
2.77469
2.95269
3.15281
3.34689
3.52997
3.68677
3.79078
3.82456
3.76754
3.59521
3.29742
2.86115
2.24879
1.39916
0.228569
-1.37409
-3.54885
-6.44446
-10.1519
-14.6029
-19.5613
-24.8638
-30.8001
-38.2642
-48.3264
-56.8474
-55.0332
-50.6682
-41.6069
-32.4089
-20.9486
-8.1258
5.90576
21.6833
38.6359
55.2472
67.7072
62.2671
36.1711
7.84709
7.81022
25.4552
28.126
30.0345
22.4455
-15.1561
-38.1938
-33.2887
-11.4932
4.77943
5.75942
8.36378
12.6221
17.7107
40.3266
0.239784
0.0255606
0.278394
0.341032
0.490487
0.611509
0.745648
0.870067
0.986336
1.08921
1.182
1.27726
1.39672
1.56275
1.77451
2.02859
2.30155
2.55465
2.7342
2.80943
2.65176
2.46788
2.56816
2.74037
2.90577
3.09037
3.2937
3.48847
3.66543
3.80781
3.8955
3.91379
3.84153
3.66384
3.37483
2.95389
2.35793
1.52478
0.369942
-1.22175
-3.40008
-6.3283
-10.1064
-14.6456
-19.6486
-24.8885
-30.6574
-37.8715
-47.349
-55.1481
-53.6242
-49.5406
-40.8793
-31.6848
-20.3355
-7.50243
6.59087
22.5787
40.0168
57.5793
71.2101
62.5596
33.2351
-2.2549
1.35641
26.1039
33.6438
35.5084
23.3505
-17.8857
-37.0507
-31.9934
-11.0805
4.46809
5.003
7.36646
13.2788
21.0146
40.5146
0.210704
0.0601652
0.292367
0.363793
0.511987
0.633857
0.766821
0.889312
1.00311
1.10461
1.19918
1.29991
1.42685
1.59793
1.81526
2.07334
2.35012
2.60671
2.79415
2.86976
2.68723
2.59218
2.69347
2.86643
3.03935
3.22867
3.43224
3.62271
3.78763
3.91306
3.98493
3.98755
3.90442
3.72912
3.45228
3.04618
2.46568
1.64901
0.511189
-1.06723
-3.24619
-6.20475
-10.0535
-14.682
-19.7261
-24.8932
-30.4841
-37.4291
-46.3185
-53.4515
-52.2024
-48.3398
-40.0441
-30.8508
-19.5932
-6.76407
7.36073
23.5065
41.281
59.6985
74.7504
62.2478
29.3301
-12.3347
-7.17146
27.2409
43.9863
47.0665
24.8025
-19.1127
-35.0072
-30.0448
-10.5706
4.20163
4.73322
7.47878
15.067
25.1536
36.3984
0.178912
0.0964724
0.305168
0.385958
0.531784
0.654162
0.785346
0.905682
1.01733
1.11838
1.21552
1.32173
1.45563
1.63189
1.85481
2.11735
2.39818
2.65819
2.852
2.90536
2.75
2.7142
2.81914
2.99484
3.17355
3.3652
3.565
3.74552
3.89427
4.00284
4.05922
4.04813
3.96103
3.79346
3.52927
3.13672
2.57079
1.77073
0.651046
-0.911909
-3.08833
-6.07416
-9.99275
-14.7112
-19.7933
-24.8807
-30.288
-36.9517
-45.2616
-51.7822
-50.7849
-47.0796
-39.1095
-29.914
-18.7262
-5.90828
8.2321
24.4925
42.4403
61.2761
75.311
62.0216
24.5485
-19.3635
-15.7311
29.0562
58.1867
62.8159
27.1095
-18.9474
-32.8781
-27.9
-9.80827
4.15563
5.72459
9.13785
17.716
28.986
35.182
0.144875
0.133784
0.316597
0.407067
0.549504
0.672048
0.801005
0.919224
1.02923
1.13057
1.23068
1.34225
1.48256
1.66451
1.89295
2.1603
2.445
2.70862
2.90351
2.92466
2.83222
2.8318
2.9451
3.12376
3.30627
3.49697
3.68811
3.85373
3.98506
4.07775
4.11954
4.09963
4.01502
3.85727
3.60466
3.22425
2.67214
1.88873
0.788003
-0.757512
-2.92789
-5.93688
-9.92315
-14.7316
-19.8495
-24.8542
-30.0772
-36.453
-44.2009
-50.1571
-49.3767
-45.7727
-38.085
-28.8826
-17.7406
-4.93086
9.22795
25.5651
43.5266
62.086
72.7492
60.9957
18.279
-22.935
-24.2688
30.746
73.1275
78.5529
30.504
-18.1553
-30.7914
-25.4704
-8.68285
4.79494
7.8298
11.8618
20.5739
31.3866
37.4491
0.108993
0.17139
0.32646
0.426676
0.564847
0.687284
0.813798
0.930159
1.03904
1.14118
1.2445
1.36132
1.50764
1.69554
1.9295
2.20167
2.48979
2.75636
2.94038
2.95224
2.92068
2.94634
3.07037
3.25118
3.43491
3.62044
3.79798
3.94602
4.06078
4.13866
4.1688
4.14629
4.06798
3.9198
3.6772
3.30764
2.76868
2.00169
0.92029
-0.606056
-2.76653
-5.79328
-9.84332
-14.741
-19.8935
-24.8171
-29.8594
-35.9454
-43.1544
-48.5882
-47.9776
-44.4337
-36.9832
-27.7662
-16.6428
-3.82377
10.3706
26.7222
44.4807
62.1427
69.0014
58.5452
14.2215
-24.3652
-32.1579
31.5872
85.6231
90.4603
34.3316
-17.3603
-28.7756
-22.8262
-7.08858
6.16876
10.5731
15.0238
23.1915
31.698
37.2206
0.0717079
0.20852
0.334589
0.444393
0.577642
0.699828
0.823921
0.938791
1.04699
1.15032
1.25699
1.37896
1.53101
1.72481
1.96425
2.24084
2.53186
2.79786
2.96171
2.99733
3.00825
3.05878
3.19332
3.37483
3.55631
3.73196
3.89233
4.02276
4.12249
4.18749
4.21097
4.19082
4.11986
3.9799
3.74576
3.38596
2.85934
2.10811
1.04591
-0.459861
-2.60622
-5.64379
-9.75143
-14.7363
-19.9242
-24.7729
-29.6422
-35.4396
-42.1367
-47.0852
-46.5935
-43.0789
-35.8181
-26.5746
-15.436
-2.57631
11.6744
27.9479
45.2301
61.3002
64.9366
55.4826
13.2751
-26.2225
-38.3801
31.4558
93.9895
97.3531
38.2704
-16.9746
-26.606
-20.1353
-5.02552
8.13652
13.66
18.2051
25.3238
31.4316
35.384
0.0336557
0.244283
0.34088
0.459927
0.587889
0.709834
0.831705
0.945449
1.05334
1.15816
1.26825
1.39515
1.55269
1.75215
1.9968
2.27715
2.57006
2.82782
2.98138
3.05162
3.09376
3.16867
3.312
3.49202
3.66702
3.82861
3.97068
4.08514
4.17168
4.22743
4.24942
4.23411
4.16978
4.03647
3.80944
3.45835
2.94302
2.2064
1.16269
-0.321522
-2.44933
-5.48908
-9.64524
-14.7141
-19.9396
-24.7248
-29.4325
-34.9453
-41.1589
-45.6548
-45.2326
-41.7226
-34.6026
-25.3145
-14.1198
-1.17965
13.1397
29.2258
45.7637
59.8083
60.8436
52.4112
13.1916
-30.2797
-42.8577
30.4605
98.1876
99.7142
42.2905
-16.4326
-23.8834
-17.5718
-2.50427
10.6986
17.0331
21.2321
26.9367
31.5057
34.0974
-0.00420381
0.277655
0.345332
0.473129
0.595768
0.717599
0.837519
0.95047
1.0584
1.16497
1.27842
1.40992
1.57264
1.77737
2.02674
2.3101
2.60176
2.84715
3.00984
3.1083
3.1778
3.27458
3.42421
3.59961
3.76386
3.90905
4.03398
4.13468
4.21082
4.26193
4.28597
4.27577
4.21671
4.08858
3.86751
3.52401
3.01856
2.29491
1.26839
-0.193877
-2.29873
-5.33024
-9.52227
-14.6699
-19.9378
-24.6757
-29.237
-34.4711
-40.2295
-44.3019
-43.9026
-40.3756
-33.3462
-23.9889
-12.6933
0.365718
14.7502
30.5397
46.1473
58.3129
57.0727
49.8434
13.3781
-35.1197
-45.6078
28.6972
99.4634
97.9972
45.8098
-13.8931
-20.1711
-14.678
0.692299
14.0822
20.7641
24.0002
28.0284
31.7118
33.3847
-0.0405196
0.307516
0.348073
0.484016
0.60161
0.723509
0.841764
0.95422
1.06248
1.17092
1.28758
1.42326
1.5907
1.80025
2.05389
2.33936
2.62494
2.86573
3.04469
3.16518
3.2599
3.37465
3.52736
3.69451
3.84483
3.97364
4.08385
4.17344
4.24299
4.29346
4.32092
4.31492
4.2597
4.13555
3.91936
3.58215
3.08484
2.37208
1.36083
-0.0799365
-2.15786
-5.16921
-9.38008
-14.5989
-19.9159
-24.6267
-29.0622
-34.0249
-39.3555
-43.03
-42.6111
-39.0459
-32.0564
-22.6015
-11.1625
2.04381
16.4752
31.8708
46.4642
57.3056
54.0461
48.0617
13.7842
-38.9357
-46.2721
26.4577
98.4727
93.4359
48.0961
-8.79605
-14.4171
-9.69674
5.35473
18.636
24.8228
26.4055
28.7341
31.3826
32.5669
-0.0736003
0.33278
0.34936
0.492741
0.605781
0.727906
0.84477
0.957017
1.06586
1.17623
1.29582
1.43514
1.60676
1.82065
2.07818
2.36367
2.64341
2.88927
3.08209
3.22198
3.3386
3.46678
3.6187
3.77434
3.90961
4.02392
4.12231
4.20409
4.27093
4.32305
4.35374
4.35068
4.29807
4.17688
3.96446
3.63203
3.14086
2.43654
1.43798
0.0172512
-2.03079
-5.00921
-9.21688
-14.4949
-19.8705
-24.5769
-28.9141
-33.6158
-38.5448
-41.8452
-41.3684
-37.7429
-30.7444
-21.1638
-9.54685
3.82254
18.2766
33.1971
46.7505
56.6603
51.992
46.9911
14.4548
-40.6727
-44.4575
24.4203
95.705
87.4385
48.3419
-2.45451
-6.10714
-1.50371
12.2851
24.3547
28.9019
28.3676
29.0999
30.2636
31.5943
-0.10162
0.352579
0.349567
0.499617
0.608757
0.731213
0.846911
0.959171
1.06879
1.18098
1.30303
1.44543
1.6207
1.83859
2.0991
2.38292
2.66332
2.91653
3.12083
3.27802
3.41199
3.54864
3.69586
3.8382
3.95941
4.06202
4.15182
4.22936
4.29628
4.35064
4.38363
4.38232
4.33134
4.21218
4.00235
3.67306
3.18585
2.48722
1.49817
0.09484
-1.92209
-4.85528
-9.03265
-14.3508
-19.797
-24.5218
-28.7957
-33.251
-37.8026
-40.7526
-40.1855
-36.4791
-29.4279
-19.6977
-7.87899
5.66024
20.1136
34.4982
47.002
55.7295
50.8565
46.3643
15.3882
-39.9191
-40.265
23.2642
92.0017
80.7526
46.1756
3.51915
3.42233
8.74791
20.743
30.4926
32.5279
29.8458
29.3201
29.502
30.7787
-0.122964
0.366426
0.34903
0.504848
0.610747
0.733604
0.848443
0.96098
1.0715
1.18521
1.30922
1.45417
1.6327
1.85435
2.11621
2.40083
2.68633
2.94597
3.16041
3.33174
3.47796
3.61805
3.75759
3.88682
3.99638
4.09044
4.17499
4.25124
4.31951
4.37567
4.40989
4.40939
4.35924
4.24119
4.03268
3.70483
3.21936
2.52352
1.54031
0.150541
-1.83637
-4.71444
-8.83089
-14.1587
-19.6886
-24.4545
-28.7065
-32.9428
-37.1398
-39.7636
-39.0791
-35.2726
-28.1333
-18.2353
-6.19897
7.51496
21.9464
35.766
47.2456
53.9715
50.3186
45.9115
16.5328
-36.9053
-34.2522
23.4356
88.1481
73.8984
41.9295
8.29519
12.5198
19.062
29.0743
36.0733
35.3996
30.9214
29.412
29.0092
30.1355
-0.136598
0.374478
0.348268
0.508969
0.6123
0.735579
0.849716
0.96266
1.07392
1.18876
1.31426
1.46129
1.64291
1.86777
2.13117
2.42063
2.71178
2.97703
3.19988
3.38127
3.5345
3.67364
3.80422
3.92218
4.0231
4.11176
4.19399
4.27067
4.34036
4.39749
4.43206
4.43166
4.38163
4.26375
4.0553
3.72725
3.24136
2.5454
1.56414
0.18316
-1.7774
-4.59514
-8.62076
-13.9124
-19.5331
-24.368
-28.6322
-32.697
-36.558
-38.8824
-38.0624
-34.1391
-26.8873
-16.8087
-4.54334
9.34992
23.7312
37.0037
47.5989
51.6856
49.9081
45.4388
17.8075
-32.2496
-27.0964
25.043
84.8324
67.5238
36.6598
11.7024
20.2605
28.0667
36.1191
40.5186
37.4829
31.6996
29.4615
28.7044
29.7592
-0.142443
0.37723
0.347296
0.511872
0.613263
0.737121
0.850825
0.964295
1.07612
1.19178
1.31837
1.46715
1.65165
1.87889
2.14665
2.44273
2.73912
3.00912
3.23767
3.42465
3.58007
3.71535
3.83751
3.94693
4.04225
4.12826
4.21014
4.28778
4.35836
4.41568
4.44997
4.44912
4.39858
4.28
4.07046
3.74072
3.25246
2.55369
1.57055
0.193135
-1.74698
-4.50551
-8.41808
-13.6148
-19.3074
-24.2572
-28.5516
-32.5233
-36.0769
-38.1171
-37.1543
-33.1
-25.7189
-15.4495
-2.94349
11.131
25.4133
38.1663
47.9208
49.6833
49.3634
44.8401
19.1147
-26.7356
-19.4694
27.9125
82.5642
62.3456
31.4928
13.8678
26.3556
35.1667
41.4471
43.726
38.9176
32.281
29.5254
28.5551
29.5411
-0.141263
0.376071
0.346786
0.514382
0.614357
0.738637
0.851986
0.96583
1.07796
1.19405
1.3213
1.47163
1.65862
1.88896
2.16379
2.46672
2.76781
3.04096
3.27193
3.46025
3.61422
3.74458
3.86007
3.96386
4.05619
4.14149
4.22386
4.30225
4.37307
4.43
4.46355
4.46181
4.41016
4.2901
4.07846
3.74578
3.25352
2.54969
1.56146
0.18282
-1.74371
-4.45003
-8.24197
-13.288
-18.9877
-24.1015
-28.4489
-32.3762
-35.6988
-37.4798
-36.3673
-32.1636
-24.644
-14.1758
-1.42127
12.8182
26.9208
39.1226
47.7954
48.4806
48.6842
44.0916
20.3808
-21.0241
-11.9723
31.6328
81.6072
58.8147
27.1972
15.0395
30.858
40.3097
45.1288
45.889
39.9056
32.7357
29.6009
28.5442
29.3551
-0.134787
0.371883
0.346128
0.515876
0.615043
0.739849
0.853148
0.967324
1.07964
1.19598
1.32369
1.47535
1.66417
1.89957
2.18246
2.49194
2.79674
3.07077
3.30092
3.48726
3.63785
3.76374
3.87478
3.97542
4.06666
4.15224
4.23519
4.31386
4.38443
4.44065
4.47325
4.47033
4.41719
4.29514
4.08082
3.74449
3.24727
2.53703
1.54159
0.158164
-1.76123
-4.42624
-8.10701
-12.9736
-18.5834
-23.8381
-28.321
-32.2579
-35.4336
-36.9813
-35.7154
-31.3532
-23.6838
-13.0107
-0.00604254
14.3616
28.1968
39.7635
47.0988
47.8725
47.9397
43.2579
21.599
-15.3586
-5.01441
35.7709
81.9668
57.0388
24.1255
15.5415
33.993
43.7516
47.4551
47.2661
40.5997
33.1235
29.6882
28.624
29.6053
-0.124815
0.366576
0.34629
0.517587
0.616153
0.741204
0.854362
0.968659
1.08087
1.19701
1.32484
1.47756
1.66882
1.91124
2.20219
2.51741
2.82412
3.0965
3.32323
3.50575
3.65273
3.77551
3.88414
3.98343
4.07457
4.16063
4.24385
4.32239
4.3924
4.44772
4.47918
4.47484
4.41988
4.29548
4.07808
3.73765
3.235
2.5178
1.51439
0.124551
-1.79208
-4.42701
-8.01792
-12.7164
-18.173
-23.4565
-28.0691
-32.0711
-35.1906
-36.5791
-35.1789
-30.6731
-22.8454
-11.9609
1.2753
15.6931
29.1784
40.0332
46.1714
47.4475
47.2181
42.4809
22.7619
-9.80548
1.1818
40.1142
83.3615
56.6972
22.1945
15.6841
36.1171
45.9621
48.8434
48.1493
41.1423
33.4556
29.8405
28.8201
30.341
-0.11345
0.360483
0.346025
0.518253
0.616752
0.742316
0.855534
0.96994
1.08206
1.19809
1.32608
1.47938
1.67376
1.92299
2.22108
2.54078
2.8477
3.11687
3.33911
3.51755
3.66157
3.78249
3.89007
3.98899
4.08037
4.16676
4.25
4.32823
4.39764
4.45213
4.48253
4.47689
4.42028
4.29382
4.07378
3.72992
3.22282
2.50003
1.49033
0.0953913
-1.81976
-4.43411
-7.96214
-12.5357
-17.8518
-23.0982
-27.7755
-31.8393
-34.965
-36.2873
-34.7807
-30.134
-22.1597
-11.0851
2.33693
16.7245
29.8349
39.9989
45.4639
47.0562
46.6272
41.8969
23.7513
-4.86122
6.35418
44.6047
85.5975
57.3942
20.9531
15.4615
37.5083
47.3585
49.5397
48.6846
41.5615
33.7344
30.014
29.0977
30.7439
-0.101947
0.355191
0.346531
0.519621
0.617759
0.743435
0.856592
0.970907
1.08253
1.19784
1.32542
1.47978
1.67917
1.9353
2.23859
2.55976
2.86458
3.12977
3.34804
3.5236
3.66603
3.78627
3.89361
3.99253
4.08408
4.17056
4.25363
4.33149
4.40035
4.45408
4.48354
4.47673
4.4187
4.29047
4.06823
3.72162
3.21111
2.48428
1.4703
0.0721297
-1.84208
-4.44452
-7.93696
-12.4385
-17.6653
-22.8653
-27.5433
-31.5985
-34.6794
-35.9604
-34.4422
-29.7195
-21.617
-10.3889
3.1231
17.3729
30.1303
39.8118
45.1042
46.7434
46.2407
41.5648
24.4296
-1.29641
10.0104
48.5295
88.0315
58.5182
20.4113
15.3851
38.3986
48.0983
49.846
49.0602
41.8776
33.9795
30.1715
29.5145
31.0014
-0.0918885
0.349024
0.346642
0.519681
0.618176
0.744127
0.857256
0.971427
1.08284
1.19823
1.32647
1.48203
1.68339
1.9421
2.24793
2.57031
2.87439
3.13742
3.35322
3.52689
3.66825
3.78809
3.89534
3.99429
4.08593
4.17245
4.25542
4.33308
4.40164
4.45499
4.48397
4.47659
4.41789
4.28889
4.06579
3.71822
3.20669
2.47891
1.46432
0.0665014
-1.8451
-4.44017
-7.91628
-12.3893
-17.5853
-22.778
-27.4719
-31.5426
-34.6146
-35.8408
-34.2478
-29.4548
-21.2919
-10.0156
3.48291
17.6199
30.2009
39.6965
44.9858
46.6131
46.119
41.4624
24.6343
0.102896
11.5945
50.9747
90.0622
60.2561
21.0322
16.0988
39.2377
48.3307
49.9454
49.2628
42.1305
34.1489
30.3271
29.9535
35.5276
)
;

boundaryField
{
    inletFace
    {
        type            zeroGradient;
    }
    inlet
    {
        type            zeroGradient;
    }
    inletWalls
    {
        type            zeroGradient;
    }
    outletInlet
    {
        type            cyclicAMI;
        value           nonuniform List<scalar> 
15
(
10.4823
13.4871
16.9917
20.1734
23.6
27.3766
30.3591
33.7031
37.1833
41.0873
41.6437
42.8881
38.2022
35.0759
32.2858
)
;
    }
    fineSymmetryWall
    {
        type            symmetryPlane;
    }
    fineWalls
    {
        type            zeroGradient;
    }
    fineCyclicBoundary
    {
        type            fixedValue;
        value           uniform 0;
    }
    fineplug
    {
        type            cyclicAMI;
        value           nonuniform List<scalar> 
80
(
10.4023
9.21575
11.4591
11.3743
9.16901
12.4245
12.8695
13.2839
13.6054
13.9759
14.7408
16.9238
19.736
14.9431
15.9044
17.0294
18.9781
19.265
19.7456
19.8961
20.9804
25.2505
22.0692
22.9945
22.9882
23.6494
25.1733
26.4983
26.6023
26.6711
26.4629
30.1064
29.8527
30.2955
30.2898
30.1563
30.7372
32.6313
32.9921
31.4163
34.2604
34.9031
36.4008
37.7286
37.2941
36.9099
36.5782
37.3126
37.6457
41.1474
42.9749
41.4959
41.8783
43.1321
42.7342
41.9539
40.8229
37.678
44.8751
47.1228
43.9996
42.4925
40.3466
38.5541
39.7152
38.4413
36.9567
34.6244
40.6289
38.412
36.3147
35.907
35.1377
33.7095
30.1741
29.354
30.8591
36.1567
32.8618
31.315
)
;
    }
    faceFine
    {
        type            zeroGradient;
    }
}


// ************************************************************************* //
