/*--------------------------------*- C++ -*----------------------------------*\
| =========                 |                                                 |
| \\      /  F ield         | OpenFOAM: The Open Source CFD Toolbox           |
|  \\    /   O peration     | Version:  4.1                                   |
|   \\  /    A nd           | Web:      www.OpenFOAM.org                      |
|    \\/     M anipulation  |                                                 |
\*---------------------------------------------------------------------------*/
FoamFile
{
    version     2.0;
    format      ascii;
    class       volScalarField;
    location    "18";
    object      p;
}
// * * * * * * * * * * * * * * * * * * * * * * * * * * * * * * * * * * * * * //

dimensions      [0 2 -2 0 0 0 0];

internalField   nonuniform List<scalar> 
6785
(
592.976
517.532
469.863
417.776
371.35
326.968
285.43
246.093
208.853
173.545
139.361
106.443
78.279
47.9838
7.76221
4.12667
-13.8455
-4.89402
-11.2971
-11.2657
-13.5283
-14.3591
-14.8773
-14.4717
-13.1023
-10.765
-7.35104
-1.96913
3.606
5.3632
1.91906
-3.94791
4.60399
-0.452763
2.21526
0.636145
0.547415
-0.50421
-1.47305
-2.7461
-4.03034
-4.68181
-4.90523
-5.52349
-5.63619
4.09569
0.14115
2.31093
-3.5738
-3.34698
-7.37961
-9.24076
-12.1212
-14.4966
-16.8956
-18.8375
-19.8609
-19.6453
-19.4675
-18.3407
-5.45549
-7.56747
-4.51856
-7.47663
-4.49302
-5.7522
-4.36231
-4.04961
-3.17688
-2.36369
-1.32712
-0.292071
1.37107
2.67402
5.23212
15.3889
15.4206
18.8627
17.7223
21.1455
21.2247
23.3402
24.5765
26.1469
27.6578
29.2694
30.787
32.5274
33.8206
35.6695
36.4274
37.1172
39.7511
38.8573
41.4342
41.356
42.8653
43.62
44.6414
45.6316
46.644
47.5974
48.6823
49.4923
50.6699
51.3247
52.29
54.1104
53.666
55.7392
55.7502
57.1053
57.4112
57.8456
57.8117
57.6893
57.7913
58.2389
58.7697
59.3348
61.0736
61.005
62.0174
60.9707
62.0221
61.089
61.3068
60.509
60.0064
59.2716
58.6848
58.193
57.7343
57.7431
56.9945
57.85
55.0988
55.4293
53.2347
53.3104
51.6039
51.0739
49.4965
48.0506
45.8732
43.495
41.2495
40.0787
39.345
36.3485
23.7014
18.741
17.2711
13.6424
11.5356
7.97913
5.42955
2.4154
0.227106
-1.71114
-2.79681
-3.03542
-3.11439
-3.98993
-5.47718
-8.52317
-11.6687
-12.7814
-15.4185
-16.6114
-18.8087
-20.0132
-21.2988
-21.837
-22.1328
-22.1277
-21.9955
-21.9344
-21.8317
-20.4357
0.884957
0.712019
0.508519
-0.591511
-0.686134
-1.49018
-1.84498
-2.28814
-2.48684
-2.57548
-2.43338
-2.17834
-1.3101
-0.289963
1.91994
12.2675
14.9658
15.9975
16.2344
16.8908
17.4941
18.5432
19.5542
20.6225
21.6398
22.6424
23.5259
24.498
25.2556
26.0793
61.1262
60.7154
58.1806
52.3187
46.7715
42.7354
38.6899
35.0504
32.1066
29.5495
27.2281
25.3827
23.7718
22.6912
20.7457
36.0265
36.4949
36.8862
36.8554
37.0359
37.6114
38.2386
38.0934
38.0159
37.9284
38.4838
38.0449
37.8228
38.1557
37.4978
37.3055
37.3659
37.542
36.4333
36.7476
36.9246
35.8846
35.7082
36.4203
36.4354
35.3643
35.2608
36.0923
36.3926
35.1456
36.0157
36.4282
35.5589
35.514
36.311
36.7463
35.8639
36.4808
37.0075
36.4554
36.4245
36.9583
37.2312
36.7773
36.7264
37.1026
37.0915
36.6024
36.8888
37.0221
36.7333
36.6901
36.8992
37.3046
37.1486
37.0942
37.1836
37.9405
37.814
37.9227
38.2237
38.1977
38.1837
38.1661
38.6107
38.8487
40.0775
38.41
36.7955
38.3138
40.3807
31.4621
27.7149
31.5826
35.1268
9.58425
20.2681
26.68
-20.4646
-7.10233
-0.714034
-3.08003
1.05207
-5.89099
-3.4245
1.54285
1.69171
2.46083
2.94694
3.65658
4.86448
8.24282
9.16521
4.3123
5.93075
8.22013
10.6265
10.9959
11.9929
12.2673
14.0951
18.2936
14.8537
16.6867
16.8408
18.1783
20.4695
21.7783
22.1689
22.677
22.1993
27.1739
26.7804
27.9797
28.3562
28.5131
29.8275
31.9516
32.3825
29.6134
33.0081
36.3346
38.2868
38.9572
38.4085
37.8916
37.3975
39.079
36.1032
40.1872
45.8384
43.0187
43.6711
43.6841
41.697
40.2045
38.3404
32.2772
39.8972
45.0606
39.1605
36.4066
32.4111
28.7997
25.4035
22.9902
20.0851
15.4648
12.601
19.4618
14.5654
13.8495
12.4056
9.9806
3.38711
1.32664
4.01537
-6.37561
7.28337
4.7986
4.0581
10.7421
4.68472
7.97876
6.89919
9.3634
12.4705
8.2384
11.0629
12.9191
10.4295
11.6585
11.1328
12.1099
13.4919
11.712
12.469
12.0292
12.6194
13.3033
11.98
12.6352
12.9176
12.1411
12.3317
12.0835
12.1828
12.3022
11.7412
11.7746
11.566
11.5314
11.4682
11.0224
10.9947
10.8443
10.49
10.372
10.1876
10.053
10.0354
9.48038
9.23559
9.13807
8.82377
8.6782
8.40035
8.15585
7.98027
7.69746
7.45387
7.20762
7.0106
6.76767
6.60127
6.33901
6.06361
5.92412
5.67268
5.58288
5.30587
4.97985
4.98459
4.68205
4.38019
4.26659
3.98825
3.97183
3.58392
3.25131
3.0973
2.77453
2.74848
2.27154
1.80385
1.84328
1.20705
0.740853
0.411939
-0.0284095
0.00250046
0.00634917
0.00810853
0.0107474
0.0124931
0.0147079
0.0166991
0.0190195
0.0213984
0.0240158
0.0267915
0.0297807
0.0329607
0.036332
0.0398417
0.0434215
0.0469855
0.0504991
0.0540507
0.0578908
0.0623252
0.0674365
0.0727891
0.0773988
0.0800732
0.0798546
0.0762516
0.0692834
0.059446
0.0476284
0.0348962
0.02212
0.00969271
-0.00249155
-0.0148654
-0.0279758
-0.0422544
-0.0579271
-0.0757143
-0.102287
-0.164791
-0.179391
-0.811182
-0.66707
-0.56833
-0.703307
-0.849767
-0.983608
-1.09991
-1.18521
-1.2194
-1.19532
-1.12659
-1.01565
-0.872639
-0.695275
-0.489479
-0.261708
-0.0278644
0.20484
0.429415
0.602353
0.722578
0.79307
0.821758
0.811869
0.772556
0.698083
0.60516
0.480009
0.3664
0.198103
0.0831944
0.108525
0.161896
0.132945
0.215084
0.116585
0.456832
0.00594922
0.0158666
0.020505
0.027613
0.0319705
0.0377432
0.0427891
0.0487715
0.0548631
0.0615851
0.0686919
0.0763348
0.0844448
0.093012
0.101844
0.110595
0.118601
0.124853
0.128018
0.126719
0.120054
0.108193
0.0926689
0.0760841
0.0612835
0.0503252
0.0437773
0.0408411
0.039982
0.0395428
0.0380916
0.0344176
0.0274526
0.0162238
-0.000187792
-0.022698
-0.0524787
-0.0918225
-0.141703
-0.196245
-0.309841
-0.398554
-1.28212
-1.02589
-0.874498
-1.11352
-1.36017
-1.58924
-1.78626
-1.9156
-1.94344
-1.86785
-1.70595
-1.46076
-1.15108
-0.787947
-0.393179
0.0146929
0.408767
0.772588
1.08706
1.32312
1.48733
1.58301
1.61919
1.59373
1.516
1.37596
1.1969
0.958663
0.741247
0.452641
0.25775
0.324634
0.411864
0.379331
0.560079
0.377053
1.3718
0.00951404
0.0266109
0.0347514
0.0469621
0.0545861
0.0645457
0.0733072
0.0836324
0.0941562
0.105747
0.118001
0.131175
0.145161
0.159955
0.175268
0.190597
0.205015
0.21717
0.225378
0.228015
0.224126
0.213999
0.199297
0.182551
0.166257
0.151909
0.139473
0.127851
0.115745
0.102178
0.0865127
0.0680166
0.0455809
0.0177276
-0.017243
-0.0611237
-0.11591
-0.184479
-0.267634
-0.363598
-0.587932
-0.799054
-1.35885
-1.11558
-0.946181
-1.23383
-1.52465
-1.79427
-2.02416
-2.17039
-2.1938
-2.09479
-1.89162
-1.58715
-1.20583
-0.764317
-0.291158
0.190525
0.648865
1.06411
1.41176
1.66959
1.84792
1.95103
1.98885
1.95689
1.86394
1.69613
1.48272
1.19697
0.943256
0.627093
0.44083
0.53332
0.700224
0.641698
0.941932
0.642203
1.71701
0.0124525
0.0363709
0.0477015
0.0647936
0.0753885
0.0892628
0.101448
0.115812
0.130444
0.146549
0.163567
0.181852
0.201257
0.221771
0.242979
0.264146
0.283903
0.300254
0.31072
0.312936
0.305533
0.288957
0.265672
0.239458
0.214123
0.192122
0.17381
0.158034
0.143162
0.127634
0.109972
0.0884327
0.0608998
0.0250234
-0.0216098
-0.0814048
-0.15699
-0.251857
-0.366146
-0.497711
-0.812772
-1.21
-1.41295
-1.34821
-1.11561
-1.45742
-1.81724
-2.14536
-2.42365
-2.59967
-2.62525
-2.50196
-2.25155
-1.87763
-1.41113
-0.873191
-0.298622
0.284611
0.837831
1.33794
1.75495
2.06371
2.27668
2.39968
2.44503
2.40715
2.29601
2.09325
1.83633
1.49088
1.18745
0.817928
0.625322
0.739452
0.965578
0.900979
1.29552
0.920237
1.99376
0.0150845
0.0461909
0.0606963
0.0828259
0.0964647
0.114354
0.13006
0.148566
0.167415
0.188145
0.210041
0.233555
0.258498
0.284843
0.312021
0.339016
0.363977
0.384288
0.39688
0.399082
0.389719
0.369916
0.342991
0.313296
0.284694
0.259271
0.236858
0.215997
0.195079
0.172693
0.147382
0.117146
0.079356
0.0309983
-0.0310476
-0.10987
-0.208688
-0.33109
-0.476313
-0.645433
-1.04423
-1.59805
-1.35612
-1.59305
-1.29659
-1.69896
-2.14107
-2.53646
-2.87137
-3.08236
-3.11016
-2.95921
-2.65473
-2.20129
-1.63647
-0.987474
-0.296644
0.402034
1.06233
1.65679
2.14865
2.51243
2.76306
2.90793
2.9617
2.91707
2.78514
2.54292
2.23571
1.8224
1.4588
1.0222
0.812655
0.943362
1.23443
1.16562
1.65068
1.21501
2.32423
0.0172778
0.05572
0.0731677
0.100338
0.116903
0.138738
0.157883
0.180456
0.203438
0.228701
0.25537
0.283988
0.314322
0.346295
0.379138
0.411461
0.44084
0.463997
0.477345
0.478097
0.465483
0.441402
0.409904
0.375705
0.342683
0.312787
0.285747
0.260192
0.234695
0.207832
0.177764
0.141766
0.0963402
0.037646
-0.0381377
-0.134653
-0.255511
-0.404138
-0.57871
-0.781933
-1.23157
-1.87115
-1.22859
-1.8247
-1.46157
-1.91589
-2.44142
-2.90098
-3.28968
-3.53309
-3.56034
-3.38079
-3.02275
-2.49182
-1.83202
-1.07679
-0.275546
0.53194
1.29231
1.97403
2.5337
2.94728
3.23191
3.39659
3.45821
3.40755
3.25654
2.97744
2.6229
2.1459
1.72506
1.22828
1.00477
1.14671
1.49689
1.43302
1.9971
1.52552
2.67706
0.0190925
0.065212
0.085383
0.117677
0.137102
0.16288
0.185446
0.212084
0.239198
0.268983
0.300409
0.334096
0.36975
0.407203
0.445402
0.482493
0.515424
0.540354
0.553455
0.552253
0.536786
0.509851
0.475979
0.439756
0.404568
0.371878
0.341148
0.311114
0.280651
0.248485
0.212562
0.16958
0.115296
0.0451262
-0.0453783
-0.160321
-0.303545
-0.47807
-0.681067
-0.915847
-1.38559
-2.03662
-1.16901
-2.08291
-1.64042
-2.1302
-2.74587
-3.27025
-3.71304
-3.98933
-4.01488
-3.80574
-3.39345
-2.78492
-2.03058
-1.1701
-0.259471
0.655913
1.51565
2.28436
2.91217
3.3764
3.69567
3.88079
3.95103
3.89538
3.72658
3.41201
3.01144
2.47259
1.99478
1.43961
1.20124
1.349
1.75816
1.70491
2.34086
1.84789
3.01768
0.0204913
0.0746473
0.0972412
0.13472
0.156886
0.186566
0.212499
0.243164
0.274368
0.308624
0.34474
0.383395
0.424201
0.466821
0.509819
0.550788
0.586078
0.611476
0.623282
0.619732
0.601838
0.573064
0.537947
0.500522
0.463521
0.428016
0.393442
0.358904
0.323753
0.286878
0.24589
0.196733
0.134282
0.0531711
-0.0516184
-0.184499
-0.34933
-0.548594
-0.778657
-1.04188
-1.51008
-2.14616
-1.30545
-2.31813
-1.83348
-2.34333
-3.06026
-3.6522
-4.15079
-4.46183
-4.48504
-4.24493
-3.77648
-3.08824
-2.23706
-1.26919
-0.247009
0.778411
1.73949
2.59702
3.29442
3.8109
4.16603
4.37256
4.45235
4.39258
4.20673
3.85712
3.41033
2.8096
2.27273
1.6578
1.40232
1.55157
2.01716
1.98108
2.68113
2.1876
3.37691
0.0214718
0.0841249
0.108803
0.15155
0.176331
0.209879
0.239131
0.273796
0.309061
0.347749
0.388488
0.431986
0.477703
0.525027
0.572034
0.615738
0.652029
0.676666
0.686543
0.680947
0.661812
0.632864
0.598181
0.560933
0.523093
0.485369
0.447255
0.408349
0.36857
0.327009
0.280918
0.225454
0.154614
0.0623034
-0.0569468
-0.207689
-0.39361
-0.616621
-0.872655
-1.16255
-1.62251
-2.25264
-1.66834
-2.41283
-2.0316
-2.55075
-3.38077
-4.04315
-4.59776
-4.94445
-4.96404
-4.6912
-4.16456
-3.39469
-2.4448
-1.36815
-0.233272
0.903062
1.96606
2.91267
3.67963
4.24833
4.63958
4.86792
4.95799
4.89501
4.69308
4.30928
3.81652
3.15443
2.55701
1.88304
1.60817
1.75611
2.27533
2.2619
3.01962
2.54007
3.72536
0.0220041
0.0936897
0.120055
0.168158
0.195401
0.232769
0.265281
0.30391
0.343195
0.386256
0.431514
0.47965
0.529878
0.581193
0.631114
0.676152
0.712016
0.734901
0.74275
0.73599
0.717109
0.689568
0.656599
0.620345
0.582044
0.54217
0.500441
0.457127
0.41284
0.366882
0.316058
0.254622
0.175628
0.0722878
-0.0611937
-0.229326
-0.435449
-0.680949
-0.961759
-1.27718
-1.73031
-2.35728
-2.11359
-2.28184
-2.24459
-2.75679
-3.70855
-4.44577
-5.05604
-5.43856
-5.4529
-5.14534
-4.55827
-3.70468
-2.65415
-1.46743
-0.218836
1.02913
2.19443
3.23021
4.06685
4.68735
5.11494
5.36548
5.46662
5.40151
5.18469
4.76777
4.22947
3.50665
2.84752
2.11758
1.81924
1.96514
2.53309
2.54737
3.35697
2.90165
4.06371
0.022058
0.103413
0.131018
0.184575
0.214111
0.255244
0.290951
0.333508
0.376769
0.424124
0.473745
0.526194
0.580324
0.634627
0.686092
0.730933
0.765108
0.785778
0.792207
0.785715
0.768794
0.744189
0.714077
0.679545
0.641165
0.599284
0.553955
0.506257
0.457581
0.407443
0.352111
0.284832
0.197698
0.0833154
-0.0642797
-0.249377
-0.474848
-0.741659
-1.04615
-1.38645
-1.83751
-2.44682
-2.46003
-2.04657
-2.50836
-2.97111
-4.04454
-4.86353
-5.52963
-5.94765
-5.95466
-5.61016
-4.96011
-4.02027
-2.86667
-1.56807
-0.20425
1.15651
2.42488
3.55024
4.45674
5.12863
5.59296
5.8662
5.97931
5.91327
5.68281
5.23384
4.65029
3.86713
3.1451
2.36446
2.03643
2.18168
2.79123
2.83747
3.69428
3.27558
4.40856
0.0215889
0.113357
0.141694
0.200815
0.23245
0.277284
0.316114
0.362554
0.409729
0.46126
0.514989
0.57124
0.62838
0.68437
0.735813
0.778982
0.810637
0.829347
0.835605
0.831083
0.817743
0.797331
0.770914
0.738554
0.700251
0.656325
0.607276
0.555143
0.502202
0.448165
0.388635
0.315723
0.22054
0.0951891
-0.066286
-0.267807
-0.511726
-0.798723
-1.12585
-1.49047
-1.94487
-2.5245
-2.67252
-1.97766
-2.78136
-3.19864
-4.38711
-5.29823
-6.02149
-6.47416
-6.47092
-6.08675
-5.37089
-4.34191
-3.08237
-1.66979
-0.18897
1.28593
2.65822
3.87353
4.85004
5.57291
6.07389
6.37022
6.49622
6.43053
6.18778
5.70793
5.07936
4.23604
3.44995
2.6239
2.26099
2.40633
3.05019
3.13202
4.03224
3.65775
4.76646
0.0205421
0.123595
0.152094
0.216896
0.250417
0.298875
0.340752
0.39102
0.442022
0.497537
0.554964
0.614249
0.673206
0.729347
0.779168
0.81952
0.848531
0.866287
0.874036
0.8732
0.864839
0.849609
0.827509
0.797634
0.759491
0.71345
0.66055
0.603942
0.546885
0.489247
0.425797
0.347371
0.244115
0.107789
-0.0673676
-0.284804
-0.54638
-0.852652
-1.20155
-1.59016
-2.05394
-2.61116
-2.84972
-2.22825
-2.87328
-3.44365
-4.7365
-5.75134
-6.53468
-7.02097
-7.00355
-6.57621
-5.79137
-4.67002
-3.30131
-1.77238
-0.172587
1.4179
2.895
4.20058
5.2473
6.02068
6.55747
6.8773
7.01716
6.95319
6.69963
6.19015
5.51676
4.61327
3.76195
2.89348
2.49378
2.63763
3.31019
3.43073
4.37159
4.05232
5.14542
0.0188477
0.134204
0.162223
0.232834
0.268008
0.319999
0.364834
0.418855
0.473543
0.532729
0.593219
0.654471
0.713788
0.768437
0.815248
0.852276
0.879342
0.897697
0.9087
0.913057
0.910775
0.90145
0.884096
0.856883
0.818883
0.770572
0.713623
0.652479
0.591482
0.530574
0.463461
0.379558
0.268113
0.120762
-0.067869
-0.300717
-0.579268
-0.904142
-1.27419
-1.68663
-2.16516
-2.715
-3.02372
-2.63639
-2.69632
-3.74191
-5.09999
-6.2242
-7.07223
-7.59152
-7.55525
-7.08012
-6.22264
-5.00535
-3.52386
-1.87591
-0.154873
1.55286
3.13572
4.53191
5.64892
6.47228
7.04393
7.38737
7.54205
7.48127
7.2185
6.68076
5.96269
4.99879
4.08091
3.17163
2.73434
2.87457
3.57123
3.73312
4.71256
4.45742
5.55927
0.0164192
0.145272
0.172089
0.248644
0.285216
0.34063
0.388323
0.445982
0.504125
0.566476
0.629108
0.690984
0.749045
0.800656
0.843602
0.877659
0.904169
0.92489
0.940742
0.9515
0.956112
0.953213
0.94091
0.916458
0.878525
0.827734
0.766501
0.70077
0.636063
0.572236
0.501628
0.412099
0.292178
0.13367
-0.0682349
-0.316011
-0.610986
-0.954048
-1.34496
-1.78123
-2.2784
-2.83327
-3.18652
-2.95444
-2.49901
-4.13645
-5.49249
-6.71708
-7.63655
-8.1892
-8.12909
-7.60041
-6.66586
-5.34864
-3.75035
-1.98037
-0.135537
1.69128
3.38098
4.86811
6.05537
6.92836
7.53379
7.90018
8.07076
8.01477
7.74451
7.17997
6.41732
5.39249
4.4065
3.45706
2.98202
3.11637
3.83316
4.03862
5.05509
4.86689
5.95607
0.0131502
0.156895
0.181699
0.264339
0.302033
0.360735
0.411159
0.472272
0.533484
0.598235
0.661802
0.722761
0.777954
0.82538
0.864446
0.896704
0.924388
0.949129
0.971123
0.989183
1.00128
1.00518
0.998156
0.976503
0.9385
0.88495
0.819152
0.748806
0.680684
0.614278
0.540167
0.444609
0.315749
0.14593
-0.0689919
-0.331191
-0.642121
-1.00317
-1.41498
-1.87542
-2.39428
-2.96319
-3.35291
-3.21364
-2.60225
-4.52899
-5.92531
-7.229
-8.22947
-8.81701
-8.72842
-8.13933
-7.12233
-5.70059
-3.98107
-2.08573
-0.114245
1.83371
3.6314
5.20981
6.46715
7.38933
8.02735
8.41571
8.60312
8.55358
8.27768
7.68795
6.88069
5.79417
4.73825
3.74856
3.236
3.36233
4.0957
4.34652
5.3995
5.28059
6.35212
0.00891006
0.169184
0.19106
0.279929
0.318443
0.380265
0.433242
0.497505
0.561176
0.627274
0.690349
0.748785
0.799747
0.842604
0.878699
0.910823
0.941377
0.971493
1.00059
1.02661
1.04662
1.05762
1.05606
1.0372
0.99894
0.942283
0.871603
0.796665
0.725501
0.65678
0.578854
0.476532
0.338146
0.156937
-0.0706209
-0.346687
-0.673155
-1.05213
-1.48518
-1.97064
-2.51422
-3.1049
-3.54201
-3.52935
-3.0983
-4.72225
-6.40803
-7.76203
-8.8528
-9.47759
-9.35656
-8.69958
-7.59366
-6.06197
-4.21633
-2.192
-0.0906686
1.98068
3.88761
5.55766
6.88478
7.85547
8.52512
8.93431
9.13876
9.09749
8.81796
8.20478
7.35284
6.20353
5.07556
4.04494
3.49535
3.61172
4.35851
4.65603
5.74571
5.69442
6.78631
0.0035389
0.182265
0.200179
0.295418
0.334424
0.399139
0.45441
0.521327
0.586571
0.652722
0.713764
0.768187
0.814182
0.853068
0.887766
0.921488
0.956318
0.992812
1.02971
1.06416
1.09243
1.1108
1.11487
1.09878
1.06
0.999809
0.9239
0.844478
0.770716
0.699721
0.617208
0.50709
0.358633
0.166174
-0.0734593
-0.362763
-0.704375
-1.10133
-1.55619
-2.06802
-2.63972
-3.25905
-3.75588
-3.89376
-3.72633
-4.66819
-6.97865
-8.32474
-9.50808
-10.1728
-10.0162
-9.28401
-8.08188
-6.43373
-4.45648
-2.29918
-0.0644709
2.13276
4.15031
5.91233
7.30879
8.32709
9.02736
9.45599
9.67731
9.64628
9.36525
8.73055
7.83373
6.62023
5.41772
4.34497
3.75902
3.86375
4.62113
4.96631
6.09346
6.10637
7.22938
-0.00315882
0.196284
0.209065
0.310802
0.349933
0.417232
0.474387
0.543206
0.60888
0.673654
0.731132
0.780494
0.821761
0.858117
0.89319
0.929979
0.970118
1.01369
1.05889
1.10216
1.139
1.16501
1.1749
1.16149
1.12188
1.05762
0.976124
0.89246
0.816541
0.742867
0.654444
0.535386
0.376598
0.173352
-0.0776003
-0.379449
-0.735826
-1.15089
-1.62835
-2.16828
-2.77195
-3.42666
-3.99141
-4.27234
-4.26205
-4.58413
-7.6888
-8.93248
-10.1969
-10.905
-10.7099
-9.8953
-8.58936
-6.81703
-4.7019
-2.40728
-0.0353028
2.29054
4.42022
6.27456
7.73977
8.8045
9.53407
9.98106
10.219
10.1997
9.91941
9.26529
8.32325
7.04382
5.76393
4.64733
4.02585
4.11757
4.88306
5.27645
6.44224
6.51811
7.69975
-0.0114231
0.211405
0.217724
0.326061
0.364893
0.434328
0.492744
0.562444
0.62725
0.68916
0.741785
0.785919
0.823702
0.859343
0.896352
0.937281
0.983427
1.03457
1.08847
1.14093
1.18666
1.22059
1.23649
1.22567
1.18479
1.11581
1.02838
0.940891
0.863073
0.785578
0.689485
0.560605
0.391718
0.178502
-0.0828447
-0.396498
-0.767292
-1.20069
-1.70171
-2.2718
-2.91161
-3.60872
-4.24731
-4.65754
-4.73367
-4.75534
-8.53475
-9.60121
-10.9185
-11.6755
-11.4396
-10.5359
-9.11864
-7.21336
-4.95307
-2.51631
-0.00280279
2.45466
4.69808
6.64511
8.1783
9.28802
10.0452
10.5097
10.7639
10.7571
10.4802
9.80897
8.82126
7.4738
6.11325
4.95065
4.29458
4.37224
5.14376
5.58551
6.79118
6.92681
8.18249
-0.0215505
0.227819
0.226159
0.341148
0.379168
0.450088
0.50888
0.578256
0.640824
0.698449
0.745615
0.785471
0.82161
0.858223
0.898312
0.944086
0.996698
1.05578
1.11876
1.1808
1.23578
1.27796
1.30007
1.29165
1.24893
1.1744
1.0808
0.990089
0.910053
0.826706
0.721193
0.582274
0.404091
0.182016
-0.0886905
-0.413399
-0.798313
-1.25037
-1.77612
-2.37867
-3.05896
-3.80571
-4.52418
-5.06084
-5.26972
-5.36634
-9.42563
-10.3389
-11.6714
-12.4855
-12.2056
-11.2073
-9.67227
-7.62448
-5.21066
-2.62631
0.0334038
2.62575
4.98471
7.0248
8.62502
9.77799
10.5608
11.0417
11.3115
11.3184
11.0473
10.3616
9.32752
7.90955
6.46461
5.25346
4.56383
4.62672
5.40261
5.89259
7.13974
7.32772
8.62452
-0.0339111
0.245738
0.234358
0.355973
0.392519
0.464006
0.522089
0.589868
0.648773
0.7011
0.743328
0.780717
0.817058
0.855906
0.899813
0.950864
1.01026
1.07763
1.1501
1.22213
1.28677
1.33757
1.36612
1.35982
1.31445
1.23335
1.13356
1.04023
0.956567
0.86472
0.748738
0.600447
0.414251
0.184615
-0.094366
-0.429409
-0.828233
-1.29941
-1.85123
-2.4887
-3.21382
-4.01718
-4.82151
-5.4902
-5.91675
-6.41871
-10.2494
-11.1435
-12.4577
-13.3421
-13.0116
-11.9101
-10.2523
-8.05235
-5.47557
-2.73737
0.0737062
2.80451
5.28096
7.4145
9.08062
10.2747
11.0807
11.5765
11.8622
11.8837
11.6204
10.923
9.84176
8.3504
6.81686
5.55418
4.83216
4.87996
5.65899
6.19678
7.48718
7.72021
9.13031
-0.0489734
0.265402
0.242288
0.370362
0.404562
0.475445
0.531673
0.596509
0.650432
0.697436
0.736367
0.77332
0.811297
0.853187
0.90134
0.957941
1.0244
1.10042
1.18283
1.26538
1.34014
1.39999
1.43517
1.4305
1.3813
1.29248
1.18693
1.09101
1.00089
0.89817
0.771948
0.615744
0.42311
0.187293
-0.0988951
-0.44363
-0.856286
-1.34722
-1.92659
-2.6015
-3.37561
-4.24195
-5.13766
-5.94712
-6.65733
-7.74154
-10.8861
-12.0067
-13.2815
-14.2516
-13.8651
-12.646
-10.86
-8.49883
-5.749
-2.84971
0.118498
2.99166
5.58774
7.81515
9.5458
10.7786
11.6049
12.1138
12.4156
12.4529
12.1991
11.4933
10.3636
8.79555
7.16869
5.85118
5.09801
5.13084
5.9122
6.49718
7.83228
8.10824
9.5915
-0.0673394
0.287063
0.249859
0.384017
0.414752
0.483763
0.536977
0.597411
0.645688
0.688651
0.726461
0.764658
0.805191
0.850577
0.903218
0.96558
1.0394
1.12448
1.2174
1.31106
1.39646
1.46582
1.50777
1.50391
1.44913
1.35152
1.24104
1.14109
1.04081
0.926307
0.791428
0.629243
0.431851
0.191218
-0.101191
-0.45511
-0.88168
-1.39315
-2.00164
-2.71651
-3.54345
-4.47837
-5.47051
-6.42934
-7.44794
-9.09531
-11.2787
-12.9357
-14.148
-15.2135
-14.7715
-13.4186
-11.4965
-8.96527
-6.03227
-2.96374
0.168158
3.18794
5.90603
8.22775
10.0214
11.2898
12.1331
12.653
12.9711
13.0253
12.7827
12.0722
10.8927
9.24415
7.51868
6.14271
5.35976
5.37825
6.16157
6.793
8.17475
8.49112
10.0855
-0.0897899
0.31097
0.256886
0.396473
0.422482
0.488423
0.537289
0.59206
0.635318
0.676471
0.715138
0.755687
0.799282
0.848402
0.905693
0.974034
1.05555
1.15022
1.2543
1.35975
1.4564
1.53575
1.5844
1.57989
1.51718
1.41031
1.29546
1.18792
1.07449
0.949476
0.80841
0.642308
0.441804
0.197621
-0.10017
-0.462951
-0.903703
-1.43662
-2.07586
-2.83305
-3.71632
-4.72464
-5.81778
-6.93221
-8.24016
-10.256
-11.4891
-13.953
-15.0716
-16.2266
-15.7331
-14.2315
-12.1635
-9.4525
-6.32659
-3.08005
0.223013
3.39415
6.23686
8.65339
10.5081
11.8089
12.6651
13.1936
13.5281
13.6009
13.3712
12.6597
11.4285
9.69523
7.8653
6.42696
5.61572
5.62108
6.40639
7.08349
8.51298
8.87112
10.6699
-0.117331
0.337318
0.263033
0.407129
0.427251
0.488916
0.531883
0.580732
0.620932
0.662599
0.703485
0.746993
0.793899
0.846892
0.908996
0.983581
1.07323
1.17809
1.29408
1.41212
1.52065
1.61044
1.66535
1.65769
1.58435
1.46876
1.34836
1.22838
1.10144
0.969026
0.824472
0.656421
0.454314
0.207673
-0.0948753
-0.466414
-0.921796
-1.47716
-2.14871
-2.95045
-3.89312
-4.979
-6.17737
-7.45058
-9.00022
-11.1304
-11.71
-15.0979
-16.075
-17.2922
-16.7503
-15.0866
-12.863
-9.96099
-6.63275
-3.1993
0.283327
3.61114
6.58137
9.09326
11.007
12.3362
13.2006
13.7348
14.0857
14.1797
13.9649
13.2555
11.9706
10.1477
8.20686
6.702
5.86415
5.85824
6.64601
7.36802
8.84532
9.24526
11.1135
-0.151212
0.366147
0.26778
0.415379
0.428609
0.484459
0.520275
0.564558
0.604353
0.648282
0.692151
0.738919
0.789262
0.846255
0.913372
0.994534
1.09281
1.20858
1.33738
1.46888
1.58996
1.69048
1.75036
1.73572
1.64961
1.52624
1.3962
1.26025
1.12283
0.98686
0.841276
0.673025
0.470608
0.222353
-0.0845838
-0.465001
-0.9356
-1.51444
-2.21976
-3.06801
-4.07279
-5.2398
-6.54725
-7.97984
-9.72163
-11.8046
-12.1465
-16.4017
-17.1768
-18.4122
-17.823
-15.9846
-13.5967
-10.4912
-6.95111
-3.32206
0.349305
3.83979
6.94077
9.54865
11.519
12.872
13.7394
14.276
14.643
14.7612
14.5638
13.8598
12.5181
10.6003
8.54154
6.96584
6.1033
6.08871
6.87981
7.64606
9.17088
9.6142
11.6047
-0.192826
0.397161
0.270511
0.420757
0.425924
0.474604
0.503573
0.545411
0.587036
0.634301
0.681506
0.731666
0.78555
0.84671
0.919101
1.00724
1.11475
1.24226
1.38486
1.53081
1.66506
1.77618
1.83825
1.81166
1.71233
1.58048
1.43484
1.28359
1.14101
1.00495
0.860378
0.693384
0.491658
0.242341
-0.0688812
-0.458482
-0.944948
-1.54822
-2.2886
-3.1851
-4.25432
-5.50555
-6.92535
-8.51612
-10.4155
-12.4533
-12.9327
-17.7936
-18.3919
-19.5889
-18.951
-16.9251
-14.3658
-11.0435
-7.28172
-3.44853
0.421167
4.08111
7.31644
10.021
12.0452
13.4168
14.281
14.8163
15.199
15.3447
15.167
14.4723
13.0704
11.0517
8.86733
7.21636
6.33144
6.31158
7.10727
7.91713
9.4885
9.98223
12.0844
-0.243355
0.429506
0.270693
0.423006
0.418498
0.457753
0.482208
0.525103
0.569974
0.620963
0.67173
0.725394
0.78296
0.848506
0.926487
1.02207
1.1395
1.27968
1.43724
1.59866
1.74651
1.86717
1.92651
1.8832
1.77177
1.627
1.4618
1.30083
1.15858
1.02505
0.883082
0.718452
0.518086
0.267954
-0.0476729
-0.44686
-0.949809
-1.57832
-2.35484
-3.30105
-4.43674
-5.77474
-7.30926
-9.05476
-11.0905
-13.1628
-14.1542
-19.1543
-19.7138
-20.8243
-20.1352
-17.908
-15.1704
-11.6181
-7.62442
-3.57852
0.499261
4.33616
7.70992
10.5119
12.5868
13.9711
14.8249
15.3546
15.7525
15.9295
15.7741
15.0925
13.6265
11.5003
9.18206
7.4513
6.54683
6.52603
7.32795
8.18071
9.79656
10.3451
12.6288
-0.302925
0.461576
0.267746
0.420755
0.403103
0.434051
0.459293
0.503851
0.553683
0.608533
0.662963
0.720265
0.781711
0.851906
0.935838
1.0394
1.16751
1.32142
1.49519
1.67314
1.83456
1.96188
2.0114
1.94899
1.82549
1.66068
1.47812
1.31562
1.17776
1.04853
0.910314
0.748776
0.550104
0.299152
-0.0211229
-0.430283
-0.950199
-1.60456
-2.41805
-3.41518
-4.619
-6.04576
-7.69604
-9.59013
-11.7488
-13.9431
-15.7156
-20.3582
-21.109
-22.1193
-21.3768
-18.9342
-16.0101
-12.2149
-7.97882
-3.71153
0.58415
4.60617
8.123
11.0232
13.1453
14.5353
15.3707
15.8899
16.3024
16.5148
16.385
15.721
14.1853
11.9442
9.48332
7.66826
6.7478
6.73143
7.5416
8.43636
10.0933
10.7054
13.0733
-0.369228
0.490898
0.261149
0.413846
0.379877
0.408645
0.436974
0.482774
0.538452
0.597098
0.655383
0.716489
0.782037
0.85717
0.947446
1.05956
1.1992
1.36803
1.55938
1.75479
1.92867
2.05699
2.0891
2.00835
1.86835
1.67903
1.48803
1.33125
1.2001
1.07629
0.94254
0.784464
0.587547
0.335629
0.0104682
-0.408922
-0.946076
-1.62665
-2.47771
-3.52671
-4.79997
-6.31671
-8.0821
-10.116
-12.3905
-14.7826
-17.4426
-21.2734
-22.5484
-23.4742
-22.676
-20.0055
-16.8848
-12.8335
-8.34439
-3.8469
0.67663
4.89252
8.55775
11.5569
13.7221
15.11
15.9176
16.4209
16.8473
17.0998
17
16.3584
14.7454
12.3812
9.76835
7.86459
6.93272
6.92733
7.74819
8.6837
10.3775
11.062
13.5373
-0.43618
0.514501
0.250976
0.400752
0.352927
0.383904
0.414873
0.462695
0.524451
0.586822
0.649171
0.714263
0.784158
0.864532
0.961569
1.08285
1.23494
1.41997
1.63036
1.84377
2.02696
2.14743
2.15746
2.05919
1.89444
1.68453
1.49668
1.3499
1.2265
1.10873
0.979762
0.825238
0.629989
0.376962
0.0468129
-0.382844
-0.937257
-1.64416
-2.53316
-3.63475
-4.97831
-6.58534
-8.46319
-10.6259
-13.0134
-15.6427
-19.0899
-21.8216
-24.0116
-24.8945
-24.0318
-21.1237
-17.7946
-13.4732
-8.72046
-3.98396
0.777669
5.19674
9.01653
12.1157
14.3192
15.6959
16.465
16.9465
17.3856
17.6835
17.6191
17.0054
15.3051
12.8085
10.034
8.03731
7.1
7.11353
7.94805
8.92257
10.6471
11.4039
13.9479
-0.494151
0.529712
0.234918
0.381935
0.326657
0.359164
0.392551
0.443863
0.511646
0.577879
0.644524
0.713781
0.788269
0.874186
0.978407
1.1095
1.27502
1.47763
1.7085
1.93957
2.12546
2.2279
2.21622
2.09615
1.90144
1.68351
1.50793
1.37257
1.25728
1.14572
1.0216
0.870582
0.676923
0.422784
0.0877696
-0.351933
-0.923378
-1.65652
-2.58361
-3.73821
-5.15244
-6.84892
-8.83436
-11.1138
-13.6136
-16.4715
-20.4066
-22.0634
-25.5241
-26.3993
-25.4428
-22.2903
-18.7405
-14.1332
-9.10625
-4.12182
0.888372
5.52048
9.50198
12.7024
14.9388
16.2937
17.0121
17.4649
17.9158
18.2649
18.2418
17.6617
15.8625
13.2226
10.2764
8.183
7.24809
7.29027
8.14209
9.15317
10.9008
11.7372
14.2558
-0.532585
0.535449
0.210784
0.360882
0.301093
0.334805
0.370016
0.426854
0.500314
0.570498
0.641616
0.715214
0.79453
0.886278
0.998098
1.13965
1.31963
1.54127
1.79388
2.04031
2.21795
2.29548
2.2643
2.1126
1.89334
1.68269
1.5235
1.39944
1.29218
1.18679
1.06748
0.919948
0.727944
0.472922
0.133425
-0.315851
-0.90388
-1.66297
-2.62811
-3.83587
-5.32051
-7.10423
-9.19023
-11.5745
-14.1871
-17.2288
-21.2782
-22.2743
-27.1775
-28.0225
-26.9079
-23.5051
-19.7234
-14.8127
-9.50099
-4.25936
1.00996
5.86545
10.0169
13.3205
15.5835
16.9044
17.5579
17.9748
18.436
18.8428
18.8678
18.3274
16.4146
13.6193
10.491
8.29755
7.37539
7.45824
8.33185
9.37578
11.1363
12.0555
14.5461
-0.54468
0.525352
0.185444
0.338821
0.275863
0.311472
0.346937
0.411719
0.490513
0.564872
0.640625
0.718719
0.80307
0.9009
1.0207
1.17334
1.36882
1.61095
1.88599
2.14196
2.29766
2.35076
2.29656
2.10591
1.87868
1.68615
1.54354
1.43014
1.33065
1.23134
1.11686
0.972937
0.782886
0.527466
0.184118
-0.274047
-0.878043
-1.66264
-2.66562
-3.92635
-5.4804
-7.34753
-9.52544
-12.0044
-14.731
-17.9124
-21.8578
-22.7997
-29.0366
-29.8062
-28.4263
-24.766
-20.7433
-15.5112
-9.90396
-4.39529
1.14381
6.23341
10.5644
13.9738
16.2565
17.529
18.1016
18.4743
18.9442
19.416
19.497
19.0022
16.9581
13.9929
10.6714
8.37568
7.48045
7.61868
8.51919
9.59028
11.3493
12.3413
14.7364
-0.528531
0.494554
0.164521
0.31548
0.251776
0.29003
0.324208
0.398989
0.4825
0.561243
0.641716
0.724429
0.813975
0.918082
1.04618
1.2105
1.42252
1.6865
1.9832
2.23784
2.36079
2.39456
2.30527
2.08107
1.86564
1.6948
1.56747
1.46399
1.37206
1.27886
1.16938
1.02943
0.841876
0.586778
0.240408
-0.225807
-0.845028
-1.65457
-2.69501
-4.00817
-5.62971
-7.57475
-9.83542
-12.4024
-15.2462
-18.5506
-22.4424
-23.9407
-30.9559
-31.7814
-29.9987
-26.07
-21.7997
-16.2279
-10.3146
-4.5283
1.29144
6.62619
11.1474
14.6668
16.9618
18.1691
18.642
18.9616
19.4383
19.9834
20.1291
19.6854
17.4881
14.3362
10.8097
8.41074
7.56113
7.77347
8.7063
9.79534
11.5343
12.5971
14.7759
-0.490172
0.452598
0.147341
0.291297
0.229563
0.270895
0.302752
0.388824
0.476438
0.559822
0.645046
0.732459
0.827291
0.93779
1.07443
1.25095
1.48047
1.76731
2.08187
2.32008
2.40857
2.42246
2.28605
2.04859
1.85846
1.70787
1.59447
1.50033
1.41594
1.32907
1.22501
1.08962
0.905322
0.651446
0.303017
-0.17031
-0.803935
-1.63778
-2.71515
-4.07981
-5.76577
-7.78184
-10.1174
-12.7698
-15.7349
-19.1689
-23.1701
-25.8027
-32.6886
-33.9479
-31.6288
-27.4148
-22.8909
-16.9617
-10.7321
-4.65723
1.45449
7.04579
11.7691
15.4041
17.7041
18.8265
19.1779
19.4345
19.9161
20.5434
20.7645
20.376
17.9983
14.6399
10.8936
8.3945
7.61574
7.92662
8.89529
9.98734
11.6834
12.7943
14.7808
-0.441004
0.410105
0.132282
0.267158
0.209706
0.254396
0.284259
0.381456
0.472612
0.560839
0.650759
0.742894
0.843013
0.959918
1.10523
1.29437
1.54225
1.85195
2.17566
2.38372
2.44443
2.42491
2.24336
2.01867
1.85714
1.72423
1.6238
1.53872
1.46215
1.38204
1.28402
1.15398
0.973859
0.722217
0.372768
-0.106685
-0.753854
-1.61132
-2.72501
-4.13974
-5.8857
-7.96555
-10.3709
-13.1095
-16.2002
-19.782
-24.0425
-28.085
-33.9533
-36.2804
-33.3245
-28.8002
-24.0156
-17.7113
-11.1559
-4.78107
1.63458
7.49438
12.4325
16.1909
18.489
19.5037
19.7083
19.8908
20.3751
21.0946
21.4035
21.0724
18.4797
14.8882
10.9052
8.31154
7.63613
8.07482
9.08314
10.1605
11.789
12.9315
14.6375
-0.39006
0.368878
0.119105
0.243751
0.192482
0.239824
0.270249
0.377035
0.471289
0.564469
0.658971
0.755774
0.86108
0.984286
1.13827
1.34033
1.60714
1.93737
2.25615
2.43047
2.46881
2.39744
2.18898
1.99623
1.86035
1.74307
1.65502
1.5791
1.51087
1.43816
1.34697
1.22319
1.04827
0.799925
0.450519
-0.0340639
-0.693933
-1.57438
-2.72374
-4.18636
-5.98672
-8.12439
-10.598
-13.426
-16.6458
-20.3954
-24.9905
-30.2729
-34.6242
-38.7854
-35.1028
-30.2264
-25.1734
-18.4752
-11.5849
-4.89897
1.83327
7.97429
13.141
17.0322
19.3229
20.2039
20.2319
20.3282
20.8125
21.6354
22.0469
21.772
18.924
15.075
10.8107
8.14196
7.61415
8.21256
9.2645
10.3091
11.8449
12.9934
14.4397
-0.340578
0.328197
0.108018
0.221626
0.178066
0.225042
0.261668
0.375565
0.472773
0.570858
0.66976
0.771089
0.881367
1.01064
1.17316
1.38825
1.67387
2.01806
2.31662
2.46543
2.46958
2.33677
2.13608
1.98196
1.86585
1.7638
1.68814
1.62181
1.56259
1.49805
1.41461
1.29809
1.1294
0.885429
0.537117
0.0483577
-0.623463
-1.52644
-2.71071
-4.21796
-6.06687
-8.25918
-10.8025
-13.7235
-17.0752
-21.0069
-25.9189
-31.8853
-35.0059
-41.5676
-36.9972
-31.6934
-26.364
-19.2523
-12.018
-5.01019
2.05189
8.48787
13.898
17.9335
20.213
20.9311
20.7476
20.744
21.2254
22.1643
22.6957
22.4708
19.2921
15.1895
10.5764
7.87149
7.54745
8.33662
9.43349
10.4298
11.8478
12.9628
14.1795
-0.292885
0.288201
0.0990138
0.2015
0.167023
0.208584
0.259012
0.37695
0.477283
0.580081
0.683153
0.788771
0.90369
1.03866
1.2094
1.4374
1.74007
2.08621
2.35689
2.4919
2.431
2.26918
2.08608
1.97243
1.87335
1.78668
1.72355
1.66744
1.61803
1.56253
1.4878
1.37954
1.21811
0.979563
0.633343
0.141254
-0.542008
-1.46738
-2.68544
-4.23296
-6.12595
-8.37276
-10.9884
-14.0057
-17.4909
-21.6111
-26.774
-32.857
-35.6946
-44.7719
-39.0509
-33.1948
-27.5856
-20.0417
-12.4544
-5.11404
2.29153
9.03739
14.707
18.9001
21.1673
21.6903
21.2544
21.1356
21.6108
22.6797
23.3497
23.1831
19.5904
15.1829
10.2103
7.49948
7.43248
8.43849
9.58108
10.524
11.8124
12.8547
13.8309
-0.247229
0.249384
0.0920154
0.184257
0.160102
0.192101
0.261663
0.381206
0.484989
0.592158
0.699121
0.808696
0.927812
1.06796
1.24644
1.48674
1.80159
2.13471
2.38585
2.51175
2.34478
2.21923
2.04262
1.96737
1.88276
1.81215
1.76195
1.7168
1.67805
1.63249
1.56743
1.46839
1.31523
1.08308
0.73985
0.245052
-0.4496
-1.39755
-2.64737
-4.23061
-6.16588
-8.46892
-11.1594
-14.2753
-17.8942
-22.2039
-27.5694
-33.645
-37.1774
-48.2749
-41.2934
-34.7179
-28.8323
-20.8427
-12.8933
-5.20998
2.55304
9.62497
15.5716
19.9374
22.1943
22.4872
21.7516
21.5
21.965
23.18
24.0014
23.862
19.8729
15.0198
9.72456
7.03943
7.27329
8.51207
9.70038
10.5934
11.7695
12.6871
13.5069
-0.203938
0.211914
0.0870265
0.170659
0.156902
0.180068
0.268585
0.388384
0.495924
0.60705
0.717585
0.830695
0.953454
1.09813
1.28366
1.53464
1.85219
2.16186
2.41173
2.501
2.2504
2.17478
2.00546
1.96637
1.89478
1.84112
1.80418
1.77081
1.74357
1.70882
1.65433
1.56544
1.42146
1.1966
0.857061
0.359746
-0.346936
-1.31758
-2.59607
-4.21189
-6.19008
-8.55122
-11.3184
-14.5338
-18.2851
-22.7811
-28.3321
-34.5733
-39.8381
-51.6974
-43.6986
-36.2458
-30.0933
-21.6534
-13.3339
-5.29756
2.83703
10.2525
16.4954
21.0508
23.3026
23.3285
22.2387
21.8341
22.2843
23.6643
24.645
24.3172
20.1582
14.7401
9.15502
6.52227
7.08122
8.55349
9.78861
10.6434
11.7437
12.4732
13.2423
-0.162883
0.175657
0.0841113
0.160894
0.153919
0.176655
0.278895
0.398636
0.510039
0.624682
0.738422
0.854557
0.9803
1.12871
1.32029
1.57832
1.88579
2.17707
2.44715
2.43461
2.18155
2.12439
1.97734
1.96941
1.91038
1.8745
1.85122
1.83045
1.81549
1.79235
1.74927
1.67135
1.53737
1.32052
0.98502
0.484634
-0.235424
-1.22806
-2.5319
-4.17964
-6.2021
-8.62229
-11.4672
-14.7817
-18.6625
-23.3372
-29.0725
-35.6964
-43.4197
-54.6597
-46.195
-37.749
-31.35
-22.4691
-13.7745
-5.37632
3.14396
10.9219
17.4821
22.2458
24.5012
24.2212
22.7153
22.1347
22.5646
24.1362
25.3448
24.5567
20.344
14.3713
8.53162
5.96783
6.86353
8.5613
9.85133
10.6813
11.7429
12.2608
12.9969
-0.123355
0.140436
0.083512
0.155007
0.147012
0.182938
0.291882
0.412094
0.52721
0.644941
0.761462
0.880035
1.00801
1.15922
1.35528
1.61357
1.90006
2.19079
2.47341
2.34819
2.13451
2.06912
1.9584
1.97666
1.93093
1.91332
1.90404
1.89662
1.89462
1.8838
1.85284
1.78658
1.66327
1.45488
1.12315
0.61808
-0.116861
-1.12962
-2.45691
-4.13753
-6.20451
-8.68381
-11.6066
-15.0189
-19.0246
-23.8672
-29.7956
-36.9999
-47.4561
-57.0314
-48.7078
-39.2111
-32.5819
-23.2831
-14.2124
-5.44544
3.47419
11.635
18.5354
23.5282
25.7986
25.1724
23.1811
22.398
22.8014
24.5948
26.2741
24.7127
20.3963
13.9525
7.86159
5.37277
6.61889
8.53841
9.89204
10.7148
11.7671
12.0577
12.8441
-0.0842374
0.106185
0.0857409
0.153069
0.138036
0.196577
0.307309
0.428815
0.547271
0.667672
0.78649
0.906854
1.03622
1.18913
1.38702
1.63609
1.90275
2.22041
2.45238
2.2874
2.09966
2.01556
1.94904
1.98922
1.95757
1.95855
1.96358
1.97014
1.98163
1.9837
1.96542
1.91139
1.79919
1.59921
1.26994
0.757542
0.00707249
-1.02363
-2.37462
-4.08849
-6.19861
-8.73664
-11.737
-15.2448
-19.3696
-24.3671
-30.5
-38.4173
-51.434
-58.706
-51.1401
-40.6095
-33.7608
-24.0841
-14.6433
-5.50358
3.82792
12.3933
19.6594
24.9042
27.2037
26.1888
23.6358
22.6196
22.9891
25.0108
27.3628
24.9352
20.3984
13.5065
7.1317
4.71721
6.3409
8.48956
9.90865
10.7492
11.8134
11.8835
12.7013
-0.0441627
0.0729469
0.0908828
0.152287
0.134979
0.214236
0.325284
0.448642
0.570008
0.692666
0.813258
0.934718
1.06457
1.21779
1.41302
1.64399
1.90524
2.26318
2.39578
2.25535
2.07584
1.96637
1.95006
2.00809
1.9915
2.0111
2.03062
2.05164
2.07698
2.09236
2.08719
2.04572
1.94468
1.75225
1.42276
0.90012
0.134867
-0.912976
-2.28858
-4.03373
-6.1848
-8.78108
-11.8582
-15.4589
-19.696
-24.8338
-31.1794
-39.8464
-54.883
-59.7171
-53.4464
-41.9402
-34.8744
-24.8653
-15.0615
-5.54861
4.20515
13.1985
20.8581
26.3805
28.7253
27.2755
24.0786
22.7939
23.1237
25.3412
28.3495
25.2168
20.3573
13.0128
6.308
3.96723
6.01975
8.41609
9.90131
10.7874
11.8798
11.7335
12.5725
-0.00160009
0.0410822
0.0982415
0.146911
0.143674
0.233802
0.346037
0.471317
0.59518
0.719669
0.841485
0.963316
1.09267
1.2443
1.43063
1.64183
1.91975
2.285
2.35193
2.23929
2.0684
1.92584
1.96308
2.03404
2.03379
2.07165
2.10577
2.14154
2.18092
2.20985
2.21799
2.18913
2.09871
1.91168
1.57803
1.04331
0.264415
-0.801468
-2.20064
-3.97311
-6.16306
-8.81705
-11.9699
-15.6609
-20.0024
-25.2654
-31.8228
-41.186
-57.5179
-60.1906
-55.5088
-43.2067
-35.9165
-25.6251
-15.4625
-5.57889
4.60569
14.0513
22.1355
27.9644
30.3728
28.436
24.5073
22.9133
23.2021
25.5631
29.0511
25.475
20.2617
12.4373
5.33562
3.06841
5.63878
8.31601
9.87181
10.8313
11.9665
11.5975
12.5135
0.0449993
0.0116126
0.106717
0.136811
0.161909
0.254844
0.36954
0.496525
0.622522
0.748397
0.870876
0.992333
1.1201
1.26732
1.43894
1.64125
1.95713
2.26853
2.33647
2.23269
2.07961
1.89832
1.98897
2.06809
2.08523
2.14071
2.18943
2.24001
2.29345
2.33599
2.35738
2.34071
2.25934
2.07395
1.73205
1.18508
0.392421
-0.692011
-2.11052
-3.90588
-6.13315
-8.84427
-12.0721
-15.8507
-20.2882
-25.6603
-32.4177
-42.3501
-59.2146
-60.3123
-57.2397
-44.3875
-36.8651
-26.3528
-15.8415
-5.5924
5.02924
14.9515
23.4949
29.6635
32.1562
29.6712
24.918
22.9685
23.2226
25.6785
29.4347
25.6898
20.114
11.7287
4.12444
1.93533
5.16901
8.18546
9.82118
10.8835
12.0769
11.5237
12.3979
0.0967574
-0.0143089
0.112741
0.130746
0.183932
0.277706
0.395546
0.523933
0.65173
0.778542
0.901122
1.02144
1.14626
1.28533
1.44052
1.65132
2.0044
2.24605
2.33915
2.23632
2.10745
1.88808
2.02778
2.11093
2.14637
2.21852
2.28172
2.34699
2.41431
2.47028
2.50452
2.49886
2.42352
2.23476
1.88196
1.32303
0.515349
-0.585045
-2.01667
-3.83133
-6.09477
-8.8625
-12.1648
-16.0283
-20.5528
-26.0172
-32.9509
-43.2872
-60.0943
-60.3263
-58.5586
-45.4582
-37.6963
-27.034
-16.1927
-5.58647
5.47542
15.8978
24.9385
31.4854
34.0856
30.9792
25.3041
22.9474
23.1843
25.6843
29.5463
25.8602
19.9031
10.8053
2.53379
0.441263
4.56847
8.01943
9.74941
10.9483
12.2133
11.4643
12.2726
0.153722
-0.0360248
0.114675
0.134783
0.20703
0.302634
0.42365
0.553213
0.682465
0.809777
0.931901
1.05026
1.17037
1.29784
1.44275
1.67883
2.03352
2.24633
2.34971
2.25179
2.14547
1.90068
2.07893
2.16324
2.21741
2.30511
2.38254
2.46217
2.543
2.61192
2.65804
2.66109
2.58705
2.3901
2.02566
1.45394
0.631464
-0.478724
-1.9175
-3.74898
-6.04757
-8.87153
-12.248
-16.1941
-20.7962
-26.335
-33.4109
-43.9751
-60.2936
-60.285
-59.4407
-46.3897
-38.3918
-27.6534
-16.5101
-5.55819
5.94365
16.8877
26.4661
33.4371
36.1713
32.3545
25.6544
22.8349
23.0913
25.565
29.5163
25.9265
19.598
9.55493
0.362889
-1.5831
3.78741
7.81243
9.65483
11.0302
12.3905
11.4255
12.0076
0.213637
-0.0563522
0.119625
0.145584
0.231229
0.329533
0.453436
0.58401
0.714373
0.841763
0.962863
1.07831
1.19158
1.30677
1.45467
1.72556
2.04306
2.26776
2.36598
2.27839
2.18046
1.938
2.14083
2.22557
2.29821
2.40027
2.49157
2.58501
2.67871
2.75969
2.8159
2.82379
2.74535
2.53729
2.16086
1.57513
0.741953
-0.370414
-1.81199
-3.65854
-5.9913
-8.87131
-12.3222
-16.3484
-21.0184
-26.6127
-33.7893
-44.4194
-59.9996
-60.2084
-59.8841
-47.1606
-38.936
-28.1946
-16.786
-5.50434
6.43307
17.9175
28.0753
35.524
38.4229
33.7882
25.9531
22.611
22.9513
25.3386
29.4302
25.9119
19.1572
7.83041
-2.64841
-4.34607
2.7727
7.55883
9.5318
11.1335
12.5948
11.5747
11.2627
0.271149
-0.080162
0.134493
0.15908
0.256983
0.357943
0.484544
0.615954
0.747087
0.874137
0.993602
1.10499
1.2096
1.31644
1.4799
1.77816
2.05934
2.29964
2.39003
2.31591
2.19966
1.99991
2.21143
2.29809
2.38836
2.50359
2.60821
2.71469
2.82034
2.91189
2.97515
2.98244
2.89466
2.67453
2.28491
1.6864
0.850006
-0.258078
-1.69972
-3.55985
-5.9258
-8.86187
-12.3877
-16.4919
-21.22
-26.8494
-34.0804
-44.6412
-59.3972
-60.1395
-59.9262
-47.7464
-39.3191
-28.64
-17.0111
-5.42086
6.94269
18.9829
29.7612
37.7496
40.8479
35.2666
26.1774
22.2478
22.771
25.0467
29.3675
25.8883
18.5219
5.44675
-6.79389
-8.07273
1.47235
7.25105
9.36799
11.2575
12.8592
11.5228
10.4618
0.318199
-0.103186
0.155188
0.174488
0.284241
0.38747
0.516608
0.648665
0.780227
0.906491
1.02361
1.12967
1.22568
1.33279
1.5197
1.82057
2.09341
2.33653
2.42408
2.36656
2.20086
2.08189
2.28942
2.38072
2.48717
2.61447
2.73167
2.85017
2.96637
3.06609
3.13181
3.1326
3.03284
2.79997
2.39636
1.79048
0.958888
-0.140744
-1.58068
-3.45291
-5.85097
-8.84328
-12.445
-16.6253
-21.4015
-27.0445
-34.2814
-44.6648
-58.5807
-59.9974
-59.6138
-48.1311
-39.5394
-28.9733
-17.1744
-5.30247
7.47159
20.0781
31.5159
40.1141
43.4505
36.7712
26.2995
21.7112
22.5521
24.7134
29.4392
25.9232
17.6187
2.19822
-12.3212
-12.9301
-0.14241
6.87838
9.14176
11.3932
13.1551
11.5882
11.8581
0.347507
-0.114823
0.175654
0.192175
0.312415
0.417804
0.549265
0.681758
0.813375
0.93834
1.05228
1.15216
1.24264
1.35964
1.57192
1.85654
2.13927
2.37786
2.46926
2.43272
2.2004
2.17697
2.37349
2.47289
2.59379
2.73209
2.8609
2.99005
3.11477
3.21896
3.28135
3.27118
3.15864
2.91179
2.4966
1.89143
1.07064
-0.0183005
-1.45511
-3.33777
-5.76674
-8.8157
-12.4947
-16.7495
-21.5637
-27.1976
-34.3921
-44.5158
-57.6134
-59.705
-59.0052
-48.3138
-39.601
-29.1815
-17.2645
-5.14252
8.01922
21.1967
33.329
42.6141
46.2287
38.275
26.2777
20.9478
22.2879
24.33
29.6727
26.11
16.3844
-2.08278
-19.2556
-18.8802
-2.04328
6.42649
8.82318
11.5452
13.3241
12.3546
14.2904
0.358764
-0.112194
0.19497
0.212133
0.341047
0.44865
0.582131
0.714816
0.846047
0.969093
1.07901
1.17311
1.2636
1.39626
1.62774
1.89892
2.18993
2.42381
2.5242
2.50765
2.22254
2.28005
2.46342
2.57363
2.70718
2.85543
2.99459
3.13255
3.26278
3.36636
3.41984
3.39677
3.27074
3.00995
2.58953
1.99264
1.18593
0.108851
-1.32339
-3.21455
-5.67315
-8.77933
-12.5374
-16.8654
-21.7076
-27.3091
-34.4149
-44.2205
-56.5424
-59.2333
-58.1783
-48.2993
-39.513
-29.2562
-17.2701
-4.93314
8.58585
22.3311
35.1869
45.2402
49.1705
39.7442
26.0713
19.9003
21.9711
23.8339
29.9538
26.5437
14.7838
-7.40637
-27.1637
-25.5105
-4.10877
5.87958
8.38164
11.6648
13.2984
13.5401
17.9405
0.356748
-0.0990712
0.213772
0.233915
0.36984
0.479697
0.614804
0.747365
0.877668
0.998093
1.10356
1.19415
1.29073
1.44039
1.67918
1.94989
2.24242
2.4736
2.58468
2.5698
2.27987
2.38673
2.55949
2.68176
2.82624
2.98326
3.13111
3.27533
3.40682
3.50404
3.54508
3.50868
3.36834
3.09718
2.67951
2.09579
1.30445
0.240047
-1.18597
-3.08347
-5.5703
-8.73441
-12.5737
-16.9739
-21.8342
-27.3798
-34.3552
-43.8052
-55.4025
-58.5791
-57.1945
-48.099
-39.2873
-29.1935
-17.1809
-4.66551
9.17308
23.4731
37.0729
47.9764
52.2478
41.1198
25.595
18.4343
21.5797
23.1857
30.1209
27.3359
12.7975
-13.4264
-35.0143
-31.8014
-6.07228
5.24103
7.81038
11.6117
13.213
14.6332
21.6266
0.34508
-0.0786463
0.232013
0.257142
0.398518
0.51058
0.64683
0.778854
0.907581
1.02475
1.12622
1.21704
1.32411
1.48967
1.72779
2.00504
2.29621
2.52657
2.64804
2.60244
2.3691
2.49485
2.66176
2.79586
2.94973
3.11404
3.2684
3.41534
3.5428
3.62888
3.65643
3.60623
3.45269
3.17795
2.76954
2.20108
1.42543
0.374517
-1.04339
-2.94485
-5.45841
-8.68122
-12.6042
-17.0759
-21.9444
-27.4112
-34.2205
-43.2945
-54.219
-57.756
-56.0948
-47.7311
-38.9353
-28.9933
-16.9885
-4.3301
9.78459
24.6144
38.9654
50.7945
55.4165
42.3583
24.8083
16.4506
21.0929
22.4737
30.2162
28.8195
10.5011
-19.2537
-41.1359
-36.4511
-7.61373
4.53523
7.12613
11.2441
13.1492
15.1974
27.1821
0.325625
-0.0524273
0.249465
0.281501
0.42675
0.540888
0.677687
0.808655
0.935121
1.04875
1.14781
1.24254
1.36154
1.54034
1.77808
2.06098
2.35103
2.58283
2.71334
2.61623
2.47625
2.60361
2.76964
2.91443
3.07616
3.24592
3.40384
3.5489
3.66703
3.73961
3.7537
3.68964
3.5274
3.25636
2.86073
2.30788
1.5479
0.511444
-0.896286
-2.79919
-5.33783
-8.62005
-12.6292
-17.1722
-22.0392
-27.4057
-34.0204
-42.71
-53.0071
-56.7864
-54.9127
-47.2125
-38.4666
-28.6575
-16.6858
-3.91682
10.4265
25.7485
40.8413
53.6545
58.565
43.3227
23.3438
13.6614
20.515
22.0685
31.0397
31.5092
8.16495
-23.7701
-43.8009
-38.086
-8.3922
3.85711
6.44538
10.4273
13.2521
16.1933
33.9648
0.300078
-0.0214875
0.266055
0.306606
0.454145
0.570137
0.70679
0.836119
0.959751
1.0702
1.16912
1.27033
1.40062
1.58897
1.83011
2.11637
2.40594
2.64085
2.77019
2.64097
2.58744
2.71319
2.88188
3.0359
3.20382
3.37657
3.53417
3.67218
3.77732
3.83625
3.8369
3.7612
3.59694
3.3347
2.95288
2.41516
1.67085
0.649951
-0.745485
-2.64725
-5.20903
-8.5511
-12.6491
-17.263
-22.1194
-27.3665
-33.7663
-42.0708
-51.7753
-55.6903
-53.6694
-46.5575
-37.8887
-28.1892
-16.2669
-3.41559
11.1085
26.8728
42.6693
56.4863
61.5309
44.0043
21.1533
9.95555
19.6753
22.0113
33.069
35.3934
5.97679
-26.4993
-43.1442
-37.1872
-8.52711
3.24886
5.77567
9.19951
13.6121
18.2874
39.833
0.269764
0.0131779
0.281699
0.331988
0.480269
0.597794
0.733537
0.860663
0.981222
1.08952
1.19048
1.29931
1.4397
1.63515
1.88205
2.17053
2.45964
2.69668
2.80338
2.69466
2.69582
2.82429
2.99693
3.15857
3.33058
3.50314
3.65575
3.78225
3.87328
3.91909
3.90722
3.82488
3.6647
3.41353
3.04509
2.5218
1.79327
0.789035
-0.59208
-2.49002
-5.07263
-8.47448
-12.6636
-17.3484
-22.1856
-27.298
-33.4701
-41.3938
-50.5298
-54.4828
-52.3716
-45.78
-37.2072
-27.5923
-15.7275
-2.81675
11.8431
27.9901
44.4182
59.184
63.9665
44.1224
17.3278
5.10079
18.584
21.7101
34.7365
39.9826
3.93489
-27.3491
-40.732
-34.8402
-8.36033
2.81709
4.88721
8.08064
14.2838
21.5613
40.0053
0.235597
0.0506765
0.296208
0.357132
0.504655
0.623308
0.757378
0.881901
0.999613
1.10711
1.21162
1.32825
1.47792
1.67965
1.93255
2.22274
2.51153
2.74619
2.81909
2.76885
2.80073
2.93644
3.11299
3.28047
3.4539
3.62229
3.76525
3.87789
3.95544
3.98887
3.96758
3.88465
3.73222
3.49227
3.13624
2.62676
1.91412
0.92749
-0.43746
-2.32878
-4.92933
-8.39009
-12.6722
-17.4277
-22.2385
-27.2056
-33.1439
-40.6938
-49.2775
-53.1833
-51.0295
-44.8927
-36.4271
-26.8718
-15.0652
-2.11256
12.6475
29.1118
46.0085
61.6863
65.122
42.8804
8.47003
-3.122
16.9153
23.0262
38.1982
45.7387
2.46756
-26.8586
-37.8807
-32.1953
-8.03864
2.54032
4.0699
7.62441
15.791
25.7052
36.3059
0.198345
0.090169
0.309347
0.381498
0.526835
0.646174
0.777912
0.899734
1.01522
1.12313
1.23194
1.35617
1.51459
1.72267
1.9808
2.27193
2.55959
2.78097
2.84204
2.8479
2.90361
3.0484
3.22818
3.39932
3.57076
3.73066
3.86066
3.95941
4.02459
4.04749
4.02181
3.94301
3.79951
3.56991
3.22523
2.729
2.03228
1.06386
-0.283322
-2.16509
-4.77994
-8.29761
-12.6737
-17.4996
-22.2787
-27.0951
-32.7991
-39.9832
-48.0264
-51.8133
-49.6558
-43.9073
-35.5536
-26.0337
-14.2804
-1.29535
13.5469
30.2496
47.5977
64.8151
64.2296
39.6824
1.98396
-12.584
14.596
29.9641
49.822
53.0867
2.34301
-25.778
-35.1129
-29.4926
-7.53787
2.4399
4.32697
8.67888
18.2884
29.62
34.8341
0.158675
0.130781
0.320881
0.404541
0.546394
0.666004
0.79498
0.91434
1.02837
1.13756
1.25098
1.38253
1.54925
1.76378
2.02606
2.31704
2.59981
2.80063
2.88145
2.92557
3.00491
3.15854
3.34046
3.51239
3.67796
3.82566
3.94162
4.02777
4.08213
4.09816
4.07309
4.00079
3.8658
3.64537
3.31109
2.82753
2.14644
1.19646
-0.13166
-2.0008
-4.62541
-8.19643
-12.6662
-17.5623
-22.307
-26.9732
-32.4456
-39.2727
-46.7857
-50.3942
-48.2598
-42.8371
-34.5935
-25.0861
-13.3751
-0.354186
14.5702
31.4125
49.0384
66.762
61.9711
36.3844
0.108743
-21.8532
11.7926
42.8296
66.2162
61.497
3.23877
-24.2245
-32.6089
-26.6641
-6.78591
3.13865
6.18549
11.2486
21.2213
32.1656
37.3343
0.117193
0.171602
0.33059
0.425751
0.563031
0.68261
0.808693
0.92606
1.03933
1.15032
1.26849
1.40711
1.58167
1.80236
2.06755
2.35683
2.62838
2.81926
2.92844
3.00162
3.10393
3.2651
3.4475
3.61673
3.77264
3.90619
4.00902
4.0843
4.13046
4.14417
4.12307
4.05761
3.93008
3.71766
3.39289
2.92128
2.25517
1.32336
0.0152619
-1.83808
-4.46683
-8.08566
-12.6474
-17.6133
-22.3245
-26.8464
-32.0922
-38.5715
-45.5669
-48.9523
-46.8572
-41.6977
-33.5557
-24.0384
-12.3502
0.726405
15.742
32.5899
49.9424
66.3835
59.5909
35.0754
-1.8826
-31.286
8.53868
57.3517
78.6787
70.1059
4.77333
-22.177
-30.3107
-23.6081
-5.42959
4.86569
9.16659
14.5676
23.9683
32.4568
37.741
0.0745664
0.211649
0.338304
0.444698
0.576619
0.696044
0.819381
0.935285
1.0483
1.16146
1.28447
1.42989
1.61169
1.83773
2.10444
2.38925
2.64876
2.84504
2.97701
3.07653
3.19917
3.36622
3.54663
3.70948
3.85311
3.9727
4.06427
4.13091
4.17262
4.18782
4.17196
4.11264
3.99136
3.78592
3.46977
3.00911
2.3569
1.44251
0.154942
-1.67943
-4.30559
-7.96418
-12.6139
-17.6496
-22.332
-26.7209
-31.7465
-37.887
-44.3807
-47.5146
-45.466
-40.5064
-32.4514
-22.8994
-11.2024
1.96199
17.0708
33.7744
50.3132
64.493
56.8825
34.5462
-6.36167
-39.3428
4.88083
69.6712
85.8496
77.8009
7.17467
-20.1506
-28.0893
-20.3468
-3.3476
7.35864
12.69
17.9875
26.2213
32.0904
35.9202
0.031702
0.249817
0.343948
0.46109
0.587249
0.706578
0.827481
0.942376
1.05551
1.17111
1.29896
1.45082
1.63904
1.86941
2.13604
2.4144
2.66904
2.87484
3.02572
3.14952
3.28901
3.45974
3.6352
3.7886
3.9192
4.02658
4.10916
4.1702
4.2112
4.23
4.21922
4.16493
4.04879
3.8494
3.54085
3.08984
2.45002
1.55178
0.284686
-1.52776
-4.14346
-7.83077
-12.5617
-17.6675
-22.3303
-26.6026
-31.4151
-37.2256
-43.2358
-46.1015
-44.0971
-39.2787
-31.2892
-21.6725
-9.92523
3.36246
18.5474
34.9623
50.3395
62.1028
54.2881
33.5396
-14.047
-44.8905
1.17343
77.5635
88.9428
83.8946
10.3679
-18.8415
-25.671
-16.9946
-0.640953
10.4336
16.4637
21.2068
27.9147
32.1388
34.5787
-0.0101212
0.284872
0.347585
0.474815
0.595209
0.714618
0.833445
0.947693
1.06124
1.17946
1.31204
1.4699
1.66369
1.89735
2.16268
2.4366
2.69181
2.90602
3.07436
3.21907
3.37187
3.54335
3.71106
3.85339
3.97205
4.06965
4.14594
4.20474
4.24767
4.27057
4.264
4.21363
4.10169
3.90739
3.60523
3.16228
2.53297
1.64907
0.401675
-1.38638
-3.98288
-7.68439
-12.4863
-17.6632
-22.3191
-26.4967
-31.1044
-36.5936
-42.1399
-44.7286
-42.7574
-38.0258
-30.0729
-20.3572
-8.51333
4.92563
20.148
36.1509
50.2417
59.488
52.2752
32.2094
-22.2111
-47.5045
-2.34391
80.8366
89.2462
87.2218
14.1049
-17.4252
-22.378
-13.5345
2.74802
14.162
20.4341
24.0933
29.0174
32.3573
33.9381
-0.049227
0.315546
0.349429
0.48596
0.600942
0.720636
0.837695
0.951546
1.06573
1.18666
1.32379
1.48729
1.68619
1.92242
2.18674
2.45907
2.71572
2.93791
3.12194
3.28368
3.44593
3.61508
3.77316
3.90461
4.01352
4.10406
4.17704
4.23638
4.28238
4.30888
4.30548
4.25807
4.14946
3.95922
3.66205
3.22535
2.60433
1.73239
0.503069
-1.25903
-3.82719
-7.52467
-12.3825
-17.6319
-22.2967
-26.407
-30.8207
-35.9966
-41.1003
-43.4088
-41.4524
-36.7551
-28.8048
-18.9547
-6.97163
6.63265
21.8371
37.347
50.2906
56.5135
50.8913
30.8881
-28.3094
-47.2855
-5.40682
80.5701
88.001
86.3939
17.9264
-13.7385
-17.2174
-8.96818
7.2578
18.7871
24.5692
26.554
29.7036
32.1789
33.1818
-0.0836876
0.340715
0.349823
0.494732
0.60488
0.725016
0.8406
0.954299
1.06928
1.19286
1.33432
1.50326
1.70706
1.9459
2.21023
2.48177
2.74015
2.96998
3.16714
3.34187
3.5095
3.67376
3.82182
3.94399
4.04579
4.1321
4.20446
4.26592
4.31495
4.34418
4.343
4.29773
4.19158
4.00426
3.71056
3.27813
2.66293
1.80003
0.586173
-1.14975
-3.68091
-7.35261
-12.2447
-17.5683
-22.2597
-26.3354
-30.5711
-35.4423
-40.1264
-42.1565
-40.1905
-35.4772
-27.4935
-17.4771
-5.32132
8.4488
23.5676
38.5669
50.7861
53.4722
49.8548
29.7963
-31.0308
-44.5218
-7.51433
77.9132
86.2063
81.3865
21.0541
-7.80489
-9.40601
-1.56991
13.6493
24.4021
28.6753
28.5566
30.0277
31.0647
32.2282
-0.111641
0.359644
0.349235
0.501538
0.607573
0.728212
0.842488
0.956112
1.07189
1.1981
1.34374
1.51796
1.72673
1.9685
2.23333
2.50462
2.76504
3.00139
3.20865
3.39217
3.56147
3.71945
3.85856
3.97378
4.07116
4.15581
4.22936
4.29335
4.34479
4.37584
4.37608
4.33219
4.22758
4.04198
3.75018
3.31998
2.70792
1.85071
0.648697
-1.0626
-3.54981
-7.17163
-12.0677
-17.4659
-22.2026
-26.2789
-30.3604
-34.9356
-39.2251
-40.9841
-38.9828
-34.2081
-26.1575
-15.9496
-3.59786
10.3278
25.2772
39.758
51.4703
51.0914
48.9129
29.0259
-30.3205
-39.8082
-7.93579
74.3588
83.6188
73.9054
22.9715
-1.32766
0.26522
8.3483
21.785
30.5087
32.3706
30.0705
30.203
30.2972
31.4136
-0.131727
0.372101
0.348006
0.506566
0.609202
0.730382
0.843601
0.957307
1.07398
1.20273
1.35229
1.53181
1.7457
1.99072
2.25646
2.52783
2.78993
3.0311
3.2452
3.43347
3.60168
3.75339
3.88555
3.9963
4.09168
4.17658
4.25207
4.31824
4.37128
4.40338
4.40436
4.36113
4.25714
4.07204
3.78058
3.35057
2.73892
1.88371
0.689087
-1.00109
-3.44058
-6.98871
-11.8486
-17.3158
-22.1201
-26.2303
-30.1981
-34.4876
-38.4089
-39.9075
-37.8473
-32.972
-24.8253
-14.4075
-1.84262
12.2187
26.9005
40.7841
51.4786
49.7366
47.9761
28.5857
-26.9764
-33.9058
-6.33242
71.0796
80.7111
65.5727
23.4244
4.32487
9.96061
18.8189
30.2025
36.2073
35.3522
31.1745
30.2431
29.7972
30.7455
-0.143417
0.378647
0.346733
0.510467
0.610381
0.73196
0.844192
0.957987
1.07556
1.2067
1.36011
1.54524
1.76455
2.01306
2.27986
2.55117
2.8141
3.05804
3.27567
3.46538
3.63111
3.77764
3.90515
4.01368
4.10888
4.19501
4.27237
4.34008
4.394
4.42651
4.42763
4.38434
4.28005
4.0943
3.80171
3.36995
2.75607
1.89917
0.706991
-0.967345
-3.35958
-6.8148
-11.5896
-17.1051
-22.0073
-26.1701
-30.0801
-34.0983
-37.6802
-38.9346
-36.7962
-31.7918
-23.5259
-12.8843
-0.0946619
14.0674
28.3887
41.5553
50.3247
49.0048
46.9863
28.4312
-21.9918
-27.3885
-2.8286
68.8449
78.2524
57.4757
22.4618
8.61631
18.3635
28.1706
37.5213
40.8326
37.5476
31.9675
30.2427
29.481
30.3561
-0.147293
0.380076
0.34531
0.513027
0.61087
0.732964
0.844485
0.958553
1.07697
1.21028
1.36766
1.5587
1.78365
2.0357
2.30339
2.57409
2.83666
3.08116
3.29947
3.48848
3.65156
3.79454
3.91953
4.02755
4.1236
4.21116
4.28993
4.35852
4.41273
4.44515
4.44588
4.40188
4.29647
4.10908
3.81408
3.37889
2.76041
1.89841
0.703852
-0.960912
-3.31085
-6.66333
-11.304
-16.8193
-21.8574
-26.0873
-30.007
-33.7943
-37.0508
-38.0752
-35.845
-30.6937
-22.2885
-11.4106
1.60949
15.8163
29.7148
42.0572
48.4609
48.3231
45.9104
28.5006
-16.2476
-20.682
2.12127
68.0793
76.7476
50.4007
20.4877
11.5499
24.9643
35.6173
43.1393
44.2003
39.0764
32.5501
30.2606
29.3162
30.152
-0.144706
0.378117
0.344533
0.515271
0.611514
0.733869
0.844544
0.958708
1.07786
1.21319
1.37508
1.5724
1.80307
2.05844
2.32652
2.5958
2.85661
3.09969
3.3167
3.5041
3.6652
3.80629
3.93037
4.03888
4.13609
4.22478
4.30439
4.37329
4.42734
4.45924
4.4591
4.41378
4.30656
4.11667
3.8182
3.37821
2.75326
1.88356
0.682775
-0.97819
-3.29357
-6.54545
-11.0176
-16.4564
-21.6432
-25.9747
-29.9207
-33.5583
-36.519
-37.3294
-34.9967
-29.6883
-21.1283
-10.007
3.22845
17.3937
30.8252
42.1889
46.7388
47.4709
44.7792
28.737
-10.4655
-14.275
7.8691
68.838
76.4878
45.0137
18.1468
13.3379
29.7832
41.0755
47.0725
46.481
40.1402
33.0012
30.3
29.2724
29.8998
-0.137728
0.373644
0.343576
0.516375
0.611658
0.734428
0.844685
0.959044
1.0789
1.21602
1.38271
1.5863
1.82248
2.08069
2.34844
2.61535
2.87316
3.11346
3.32826
3.51406
3.67411
3.8146
3.93876
4.04811
4.14633
4.23574
4.31571
4.38455
4.43814
4.46924
4.46789
4.42094
4.31152
4.11869
3.81624
3.37075
2.73844
1.85977
0.650688
-1.01046
-3.2995
-6.46343
-10.7612
-16.0484
-21.325
-25.8308
-29.8363
-33.4067
-36.1245
-36.7236
-34.2673
-28.7957
-20.0694
-8.70497
4.70826
18.7315
31.6335
41.8513
45.6217
46.5615
43.6932
29.1069
-5.05831
-8.56795
13.774
70.8803
77.541
41.6634
16.0148
14.2652
33.1048
44.8123
49.5883
47.9338
40.8976
33.3754
30.3451
29.3342
30.0035
-0.1282
0.368626
0.34363
0.517889
0.612352
0.735
0.844544
0.958725
1.07908
1.21841
1.39044
1.60029
1.84145
2.10156
2.36796
2.63158
2.88564
3.12273
3.33534
3.5201
3.67992
3.82057
3.94519
4.0553
4.15416
4.24387
4.32384
4.39233
4.44521
4.47525
4.47246
4.4236
4.31172
4.11568
3.80895
3.35777
2.71808
1.83064
0.613445
-1.04904
-3.3181
-6.41212
-10.5589
-15.6655
-20.9222
-25.573
-29.6784
-33.2415
-35.8037
-36.2259
-33.651
-28.0171
-19.1147
-7.53151
5.97785
19.7578
32.0625
41.2175
44.9596
45.7424
42.7837
29.5712
-0.210043
-3.71145
19.3971
73.7456
79.6068
40.0986
14.3388
14.6287
35.4033
47.2928
51.0918
48.8543
41.4902
33.6905
30.4655
29.5324
30.6557
-0.11787
0.36306
0.343171
0.518247
0.612486
0.735419
0.844732
0.95898
1.07968
1.22119
1.39779
1.61308
1.85841
2.11961
2.38409
2.64415
2.89448
3.12861
3.33946
3.52367
3.68373
3.82482
3.94991
4.06054
4.15974
4.24951
4.32931
4.39736
4.44952
4.47854
4.47443
4.42387
4.30987
4.11113
3.80092
3.34525
2.69993
1.80618
0.583782
-1.07825
-3.33132
-6.37494
-10.413
-15.3716
-20.5602
-25.2811
-29.482
-33.0858
-35.583
-35.8713
-33.1703
-27.3888
-18.3253
-6.56754
6.9527
20.4372
32.1599
40.6422
44.4989
45.1212
42.1439
30.0183
3.80281
0.285712
24.5083
77.111
82.3338
39.6994
12.9993
14.3993
36.9288
48.8282
51.8254
49.4143
41.9552
33.9681
30.6156
29.8303
31.1086
-0.107556
0.358379
0.343701
0.519568
0.613162
0.735714
0.844237
0.957902
1.0789
1.22364
1.40528
1.6251
1.87255
2.13309
2.39504
2.65198
2.89954
3.1317
3.34157
3.52566
3.68607
3.82755
3.95293
4.06379
4.16309
4.25276
4.33228
4.39985
4.45132
4.47943
4.47416
4.42219
4.30644
4.10555
3.79269
3.33383
2.68491
1.7877
0.563264
-1.09681
-3.33909
-6.35396
-10.3321
-15.2035
-20.3326
-25.0552
-29.2667
-32.8488
-35.3048
-35.5646
-32.8006
-26.8942
-17.7058
-5.8742
7.54506
20.7487
32.0773
40.2939
44.1628
44.7324
41.7796
30.3396
6.6346
3.30899
28.6286
80.3633
84.9871
40.0674
12.6601
14.3542
37.831
49.5797
52.1326
49.7947
42.299
34.2236
30.7552
30.2946
31.2567
-0.0981611
0.352488
0.343684
0.51939
0.613156
0.735754
0.844227
0.958338
1.08016
1.22621
1.40959
1.63139
1.88017
2.14069
2.4014
2.65652
2.90236
3.1333
3.34257
3.52659
3.68721
3.8289
3.95443
4.06541
4.16474
4.25434
4.33371
4.40103
4.45212
4.47975
4.4739
4.42124
4.30473
4.10299
3.78925
3.32952
2.67989
1.78242
0.558744
-1.09847
-3.33391
-6.33484
-10.288
-15.127
-20.2415
-24.982
-29.2216
-32.8104
-35.2159
-35.395
-32.5703
-26.613
-17.3956
-5.57724
7.76439
20.8347
32.0111
40.1583
44.0195
44.6058
41.6668
30.4341
7.70842
4.56202
30.8966
82.7597
87.1331
41.831
12.8934
15.166
38.9189
49.8795
52.256
50.0096
42.5776
34.4126
30.9017
30.7804
35.0954
)
;

boundaryField
{
    inletFace
    {
        type            zeroGradient;
    }
    inlet
    {
        type            zeroGradient;
    }
    inletWalls
    {
        type            zeroGradient;
    }
    outletInlet
    {
        type            cyclicAMI;
        value           nonuniform List<scalar> 
15
(
8.53936
11.3352
14.8507
18.1332
21.8306
26.0749
30.0573
34.1746
38.4915
42.282
42.56
43.5416
37.4749
33.0963
29.7753
)
;
    }
    fineSymmetryWall
    {
        type            symmetryPlane;
    }
    fineWalls
    {
        type            zeroGradient;
    }
    fineCyclicBoundary
    {
        type            fixedValue;
        value           uniform 0;
    }
    fineplug
    {
        type            cyclicAMI;
        value           nonuniform List<scalar> 
80
(
8.48307
7.13108
9.49226
9.76943
6.93423
10.3287
10.6917
11.1312
11.409
11.8145
12.659
14.898
17.7526
12.6519
13.5768
14.885
16.9506
17.1617
17.7314
17.8882
18.9327
23.1847
20.1571
21.2046
21.2926
22.0569
23.6977
25.1087
25.332
25.6223
25.3493
28.5706
29.0631
29.7484
29.9635
30.0532
30.8043
32.8591
33.5259
31.9436
34.2088
35.7842
37.4197
38.8427
38.5291
38.2337
37.9514
38.9123
38.9456
41.6853
44.5085
42.8973
43.2701
44.4307
43.8718
43.019
41.9538
38.4892
45.0258
48.1711
44.7996
43.2259
40.9428
38.8791
39.4509
38.0719
36.4118
33.7716
39.3984
36.7802
34.3446
33.9354
33.1104
31.7247
28.0154
26.9546
28.4911
33.3089
30.3585
28.9386
)
;
    }
    faceFine
    {
        type            zeroGradient;
    }
}


// ************************************************************************* //
