/*--------------------------------*- C++ -*----------------------------------*\
| =========                 |                                                 |
| \\      /  F ield         | OpenFOAM: The Open Source CFD Toolbox           |
|  \\    /   O peration     | Version:  4.1                                   |
|   \\  /    A nd           | Web:      www.OpenFOAM.org                      |
|    \\/     M anipulation  |                                                 |
\*---------------------------------------------------------------------------*/
FoamFile
{
    version     2.0;
    format      ascii;
    class       volScalarField;
    location    "9";
    object      p;
}
// * * * * * * * * * * * * * * * * * * * * * * * * * * * * * * * * * * * * * //

dimensions      [0 2 -2 0 0 0 0];

internalField   nonuniform List<scalar> 
6785
(
8.63747e+110
8.63501e+110
8.63446e+110
8.63334e+110
8.63251e+110
8.63086e+110
8.62922e+110
8.6275e+110
8.62538e+110
8.62505e+110
8.62418e+110
8.6234e+110
8.62248e+110
8.62217e+110
8.6208e+110
8.59045e+110
8.58837e+110
8.58853e+110
8.58674e+110
8.58589e+110
8.58412e+110
8.58331e+110
8.58196e+110
8.58174e+110
8.58273e+110
8.58317e+110
8.58391e+110
8.58443e+110
8.58502e+110
8.58601e+110
8.6116e+110
8.61238e+110
8.61315e+110
8.6128e+110
8.61248e+110
8.61241e+110
8.61297e+110
8.61248e+110
8.61421e+110
8.61614e+110
8.61773e+110
8.61882e+110
8.62018e+110
8.62019e+110
8.62144e+110
8.61376e+110
8.61313e+110
8.613e+110
8.61176e+110
8.61067e+110
8.61031e+110
8.6106e+110
8.61136e+110
8.61171e+110
8.61112e+110
8.61044e+110
8.61033e+110
8.61004e+110
8.60975e+110
8.60855e+110
8.59874e+110
8.59835e+110
8.59833e+110
8.59868e+110
8.59848e+110
8.59882e+110
8.60005e+110
8.60074e+110
8.6014e+110
8.60116e+110
8.60081e+110
8.60045e+110
8.60082e+110
8.60099e+110
8.60143e+110
8.61312e+110
8.61278e+110
8.61195e+110
8.61049e+110
8.60902e+110
8.60891e+110
8.60992e+110
8.61006e+110
8.61036e+110
8.6099e+110
8.60975e+110
8.60864e+110
8.60872e+110
8.60825e+110
8.60835e+110
8.59884e+110
8.59861e+110
8.59744e+110
8.59584e+110
8.59472e+110
8.59398e+110
8.59312e+110
8.59297e+110
8.5937e+110
8.59436e+110
8.59502e+110
8.59545e+110
8.59647e+110
8.5967e+110
8.59793e+110
8.60846e+110
8.60966e+110
8.6094e+110
8.60935e+110
8.60925e+110
8.61036e+110
8.61192e+110
8.61324e+110
8.61416e+110
8.61501e+110
8.61638e+110
8.61804e+110
8.61992e+110
8.6211e+110
8.62301e+110
8.62829e+110
8.62895e+110
8.6294e+110
8.63005e+110
8.6308e+110
8.63159e+110
8.63219e+110
8.63259e+110
8.63277e+110
8.6329e+110
8.63316e+110
8.63355e+110
8.63395e+110
8.63433e+110
8.63469e+110
8.62947e+110
8.62951e+110
8.62955e+110
8.62959e+110
8.62961e+110
8.62959e+110
8.62947e+110
8.62928e+110
8.62907e+110
8.6289e+110
8.62877e+110
8.62869e+110
8.62859e+110
8.62859e+110
8.62843e+110
8.62859e+110
8.62863e+110
8.6286e+110
8.62858e+110
8.62852e+110
8.62844e+110
8.62836e+110
8.62834e+110
8.62837e+110
8.62842e+110
8.6285e+110
8.6286e+110
8.62869e+110
8.62887e+110
8.62904e+110
8.62983e+110
8.62996e+110
8.63001e+110
8.63009e+110
8.63013e+110
8.63016e+110
8.6302e+110
8.63026e+110
8.63036e+110
8.63048e+110
8.63061e+110
8.63073e+110
8.63082e+110
8.63089e+110
8.63099e+110
8.63129e+110
8.63124e+110
8.6312e+110
8.63115e+110
8.63111e+110
8.63111e+110
8.63114e+110
8.63117e+110
8.63117e+110
8.63113e+110
8.63103e+110
8.63088e+110
8.63072e+110
8.63062e+110
8.63057e+110
8.62905e+110
8.62894e+110
8.62919e+110
8.62966e+110
8.6302e+110
8.63056e+110
8.63076e+110
8.63081e+110
8.63069e+110
8.63048e+110
8.63018e+110
8.62982e+110
8.62945e+110
8.6291e+110
8.62901e+110
8.62879e+110
8.63005e+110
8.62967e+110
8.62889e+110
8.62762e+110
8.62595e+110
8.62417e+110
8.62242e+110
8.62066e+110
8.61915e+110
8.61789e+110
8.61688e+110
8.61504e+110
8.60983e+110
8.60201e+110
9.14551e+110
9.14503e+110
9.14981e+110
9.15099e+110
9.15354e+110
9.15221e+110
9.15731e+110
9.15534e+110
9.15288e+110
9.14829e+110
9.15806e+110
9.1573e+110
9.151e+110
9.15461e+110
9.14891e+110
9.14124e+110
9.12836e+110
9.12925e+110
9.1177e+110
9.09859e+110
9.09661e+110
9.08187e+110
9.06513e+110
9.04701e+110
9.04523e+110
9.02715e+110
9.00705e+110
8.98852e+110
8.98968e+110
8.96692e+110
8.94183e+110
8.94109e+110
8.91862e+110
8.8939e+110
8.87833e+110
8.88482e+110
8.85865e+110
8.83558e+110
8.83918e+110
8.8149e+110
8.78772e+110
8.77722e+110
8.78617e+110
8.76224e+110
8.73499e+110
8.7269e+110
8.7419e+110
8.71411e+110
8.69692e+110
8.7072e+110
8.68282e+110
8.65487e+110
8.65184e+110
8.66752e+110
8.64431e+110
8.61714e+110
8.61611e+110
8.63745e+110
8.61032e+110
8.599e+110
8.614e+110
8.59085e+110
8.56397e+110
8.56626e+110
8.59026e+110
8.5642e+110
8.55607e+110
8.57274e+110
8.55072e+110
8.52464e+110
8.52979e+110
8.5507e+110
8.53018e+110
8.50532e+110
8.51137e+110
8.53632e+110
8.51206e+110
8.5064e+110
8.53136e+110
8.50509e+110
8.53014e+110
8.57282e+110
8.6044e+110
8.67179e+110
8.66772e+110
8.65988e+110
8.65051e+110
8.64225e+110
8.63583e+110
8.63049e+110
8.626e+110
8.62067e+110
8.61466e+110
8.6315e+110
8.63138e+110
8.62918e+110
8.62618e+110
8.62292e+110
8.6196e+110
8.61664e+110
8.61316e+110
8.61209e+110
8.62958e+110
8.62991e+110
8.62823e+110
8.62585e+110
8.62321e+110
8.62052e+110
8.61772e+110
8.61524e+110
8.61226e+110
8.61171e+110
8.62781e+110
8.62796e+110
8.62632e+110
8.62407e+110
8.62165e+110
8.61909e+110
8.61681e+110
8.61409e+110
8.61381e+110
8.6288e+110
8.62898e+110
8.6272e+110
8.62473e+110
8.62232e+110
8.61995e+110
8.61784e+110
8.61522e+110
8.61453e+110
8.62937e+110
8.62982e+110
8.62873e+110
8.62684e+110
8.62426e+110
8.62144e+110
8.61904e+110
8.61635e+110
8.61544e+110
8.62843e+110
8.6282e+110
8.62663e+110
8.62476e+110
8.62303e+110
8.6205e+110
8.61659e+110
8.61295e+110
8.60913e+110
8.60429e+110
8.61621e+110
8.61401e+110
8.60944e+110
8.60453e+110
8.59975e+110
8.59464e+110
8.58851e+110
8.58037e+110
8.56067e+110
8.56694e+110
8.56256e+110
8.54268e+110
8.53133e+110
8.57125e+110
8.57256e+110
8.565e+110
8.56638e+110
8.56456e+110
8.59402e+110
8.59346e+110
8.58244e+110
8.60282e+110
8.59884e+110
8.58938e+110
8.58842e+110
8.58469e+110
8.60471e+110
8.60086e+110
8.59475e+110
8.59225e+110
8.59126e+110
8.6148e+110
8.61004e+110
8.60711e+110
8.64552e+110
8.63437e+110
8.6158e+110
8.58802e+110
8.55152e+110
8.56303e+110
8.51063e+110
8.43743e+110
8.38929e+110
8.33204e+110
8.36843e+110
8.37009e+110
8.32442e+110
8.39735e+110
8.45929e+110
8.46561e+110
8.54106e+110
8.57231e+110
8.73122e+110
8.87567e+110
8.96319e+110
9.07672e+110
9.15863e+110
9.3425e+110
9.50256e+110
9.62939e+110
9.77925e+110
9.93858e+110
1.00419e+111
1.027e+111
1.03493e+111
1.00803e+111
1.01222e+111
1.00625e+111
1.02574e+111
1.01862e+111
9.13541e+110
9.29207e+110
8.88723e+110
6.62318e+110
6.16732e+110
5.56618e+110
5.50694e+110
4.85492e+110
5.23461e+109
-2.74829e+109
-1.13204e+110
-1.04281e+110
-1.53387e+110
-7.62713e+110
-7.09914e+110
-8.26089e+110
-1.6969e+111
-1.72777e+111
-1.61326e+111
-8.99396e+110
8.15304e+110
8.17498e+105
1.31138e+106
2.74996e+106
4.67657e+106
1.8508e+106
2.0197e+106
5.85146e+106
8.79005e+106
1.12621e+107
1.55731e+107
2.45051e+106
8.14263e+106
1.23473e+107
1.02371e+106
4.48286e+106
1.08166e+107
1.95072e+106
-5.78771e+105
7.50221e+106
-9.81928e+106
-3.09889e+106
-7.39793e+106
9.94217e+106
8.57693e+106
4.35401e+106
2.07787e+106
1.01738e+107
5.27168e+106
4.71739e+105
1.98432e+106
1.7717e+106
3.03816e+106
-1.15501e+106
8.46487e+104
-4.45082e+106
-4.78664e+106
-6.05829e+106
-5.09418e+106
-2.50544e+106
-1.65521e+106
-9.9359e+104
8.69791e+104
1.30818e+106
1.54724e+105
1.97628e+106
1.68421e+106
1.42916e+106
8.33774e+105
4.95056e+104
-3.86276e+105
-8.80239e+105
-1.09275e+106
-6.39772e+105
-1.64146e+105
-1.54238e+104
2.1299e+104
5.1025e+104
3.66893e+104
-5.9839e+104
-2.77294e+105
-5.89149e+105
-9.35053e+105
-1.26674e+106
-1.57391e+106
-1.91352e+106
-2.40387e+106
-3.2052e+106
-4.47886e+106
-6.43767e+106
-9.46223e+106
-1.41722e+107
-2.16216e+107
-3.21741e+107
-4.77078e+107
-4.23864e+107
-1.84591e+107
-1.11036e+107
-1.30161e+109
-1.80579e+110
6.96381e+105
1.00167e+106
2.52005e+106
4.82799e+106
2.85591e+106
1.61631e+106
5.78894e+106
8.80456e+106
1.14594e+107
1.618e+107
2.46562e+106
7.28794e+106
9.68939e+106
-9.94005e+105
1.72548e+106
1.10561e+107
-7.97472e+105
-1.3458e+106
7.59624e+105
-1.20802e+107
-4.34938e+106
-7.96029e+106
1.18169e+107
5.42253e+106
1.71403e+106
2.13972e+106
8.78128e+106
5.80784e+106
2.80655e+106
2.55745e+106
1.64005e+106
3.58731e+106
-7.15839e+105
-1.62955e+106
-6.45862e+106
-6.77571e+106
-8.23116e+106
-6.78436e+106
-3.09318e+106
-2.40018e+106
-1.42984e+106
-2.92116e+105
9.51188e+105
-2.68678e+105
2.03077e+106
1.77066e+106
1.6256e+106
8.64509e+105
-1.63888e+105
-6.39746e+105
-1.32577e+106
-1.63539e+106
-1.10287e+106
-4.7465e+105
-2.89239e+105
-2.68003e+105
-2.40293e+105
-2.47791e+105
-3.46987e+105
-5.96255e+105
-9.70456e+105
-1.41214e+106
-1.86819e+106
-2.31034e+106
-2.80608e+106
-3.52226e+106
-4.68186e+106
-6.53227e+106
-9.40937e+106
-1.38855e+107
-2.08754e+107
-3.19596e+107
-4.80664e+107
-7.30159e+107
-8.10452e+107
-1.08311e+108
-9.12069e+108
-7.10271e+109
-3.37553e+110
4.99416e+105
9.70261e+105
2.18241e+106
4.2188e+106
3.36268e+106
2.63435e+106
6.23933e+106
8.91896e+106
1.11818e+107
1.51718e+107
2.96441e+106
4.713e+106
5.83865e+106
-2.0447e+106
2.96058e+105
9.38374e+106
-2.83342e+106
-2.90078e+106
-4.52282e+106
-1.21541e+107
-6.72055e+106
-8.32973e+106
1.01343e+107
2.90509e+106
-1.45778e+106
1.53939e+106
7.14235e+106
6.23933e+106
4.55358e+106
3.36684e+106
2.05976e+106
3.85819e+106
-6.11446e+105
-2.98269e+106
-7.6305e+106
-8.22511e+106
-9.36198e+106
-7.24724e+106
-3.15449e+106
-3.10606e+106
-2.46598e+106
-5.79524e+105
6.12187e+105
-2.23548e+105
2.09384e+106
1.99541e+106
1.85253e+106
9.78696e+105
-1.78581e+105
-7.22079e+105
-1.47585e+106
-1.80132e+106
-1.30966e+106
-6.13343e+105
-3.3053e+105
-2.36773e+105
-1.7694e+105
-1.94967e+105
-3.29366e+105
-6.14383e+105
-1.0119e+106
-1.47417e+106
-1.97025e+106
-2.47212e+106
-3.03778e+106
-3.83169e+106
-5.0889e+106
-7.08797e+106
-1.02132e+107
-1.51051e+107
-2.27646e+107
-3.49841e+107
-5.2953e+107
-8.26365e+107
-1.04942e+108
-1.65756e+108
-1.35705e+109
-8.57109e+109
-2.92144e+110
5.74687e+105
1.37067e+106
2.60514e+106
4.70772e+106
4.67781e+106
4.40801e+106
7.5234e+106
1.00237e+107
1.21561e+107
1.53399e+107
3.37667e+106
2.6021e+106
2.64393e+106
-2.11748e+106
5.00349e+105
9.17933e+106
-4.26177e+106
-4.37201e+106
-8.73194e+106
-1.09148e+107
-8.17959e+106
-8.05244e+106
8.43786e+106
9.40604e+105
-3.72836e+106
1.36836e+106
6.3446e+106
7.12679e+106
7.05163e+106
4.78452e+106
3.20331e+106
4.62172e+106
-2.21351e+105
-4.07278e+106
-8.51713e+106
-9.32327e+106
-1.00954e+107
-7.35877e+106
-3.05698e+106
-3.46482e+106
-3.00404e+106
-5.83154e+105
5.76402e+105
8.73595e+104
2.37211e+106
2.3679e+106
2.16462e+106
1.11771e+106
-1.66603e+105
-8.21271e+105
-1.6442e+106
-1.92582e+106
-1.45699e+106
-7.17773e+105
-3.23408e+105
-1.26633e+105
-1.6415e+104
-4.02998e+104
-2.15414e+105
-5.47306e+105
-9.7769e+105
-1.45539e+106
-1.97111e+106
-2.51417e+106
-3.13528e+106
-3.98555e+106
-5.29981e+106
-7.37518e+106
-1.06302e+107
-1.5758e+107
-2.38144e+107
-3.67835e+107
-5.60969e+107
-9.0304e+107
-1.27136e+108
-2.19254e+108
-1.57084e+109
-7.28244e+109
-1.3093e+110
7.68939e+105
1.91679e+106
3.31578e+106
5.55615e+106
6.15144e+106
6.37138e+106
9.13891e+106
1.1453e+107
1.34291e+107
1.55223e+107
3.40176e+106
4.5259e+105
-3.5874e+105
-2.62735e+106
1.20493e+106
9.4207e+106
-5.33644e+106
-6.31388e+106
-1.23015e+107
-1.08346e+107
-9.31457e+106
-8.41867e+106
6.37261e+106
-8.41268e+105
-6.39894e+106
9.38475e+105
5.91362e+106
7.78846e+106
9.36361e+106
6.00294e+106
4.32718e+106
5.34904e+106
5.92409e+104
-5.0429e+106
-9.35763e+106
-1.05318e+107
-1.07758e+107
-7.54125e+106
-3.19205e+106
-3.83737e+106
-3.34686e+106
-4.60924e+105
6.59231e+105
4.76796e+105
2.73268e+106
2.73809e+106
2.46957e+106
1.20877e+106
-2.14564e+105
-1.00738e+106
-1.92189e+106
-2.11254e+106
-1.62313e+106
-8.40029e+105
-3.41616e+105
-4.08591e+104
1.24438e+105
1.0263e+105
-1.0519e+105
-4.83348e+105
-9.5533e+105
-1.45738e+106
-1.99056e+106
-2.56654e+106
-3.23581e+106
-4.13855e+106
-5.50821e+106
-7.65852e+106
-1.10397e+107
-1.63987e+107
-2.48469e+107
-3.85901e+107
-5.93176e+107
-9.83423e+107
-1.46431e+108
-2.78164e+108
-1.64376e+109
-4.40632e+109
4.26193e+109
1.01079e+106
2.55479e+106
4.21083e+106
6.6236e+106
7.83872e+106
8.54941e+106
1.10501e+107
1.31439e+107
1.48547e+107
1.57526e+107
3.4504e+106
-1.28479e+106
-2.9313e+106
-3.53482e+106
2.17609e+106
9.82394e+106
-6.19053e+106
-8.58629e+106
-1.53361e+107
-1.13464e+107
-1.0178e+107
-9.19346e+106
4.07203e+106
-2.48153e+106
-8.81967e+106
5.81119e+105
5.90824e+106
8.4708e+106
1.11602e+107
7.1484e+106
5.22376e+106
5.71239e+106
2.12952e+105
-5.90677e+106
-1.01895e+107
-1.16842e+107
-1.14054e+107
-7.8383e+106
-3.53423e+106
-4.29257e+106
-3.58903e+106
-2.51536e+105
8.41925e+105
9.67808e+105
3.17503e+106
3.12407e+106
2.7657e+106
1.2624e+106
-3.13555e+105
-1.2859e+106
-2.31502e+106
-2.36636e+106
-1.82159e+106
-9.76031e+105
-3.76066e+105
2.65593e+104
2.46215e+105
2.28239e+105
-8.24168e+103
-4.30621e+105
-9.47574e+105
-1.4824e+106
-2.03774e+106
-2.64123e+106
-3.3503e+106
-4.29953e+106
-5.72218e+106
-7.94889e+106
-1.14596e+107
-1.70543e+107
-2.58987e+107
-4.04458e+107
-6.26098e+107
-1.06582e+108
-1.61229e+108
-3.47116e+108
-1.60518e+109
-5.59811e+108
2.24883e+110
1.26997e+106
3.24903e+106
5.22679e+106
7.8659e+106
9.70771e+106
1.08616e+107
1.31386e+107
1.49739e+107
1.63314e+107
1.60349e+107
3.48013e+106
-2.73633e+106
-5.22659e+106
-4.99921e+106
2.74445e+106
1.00266e+107
-7.38882e+106
-1.11725e+107
-1.79747e+107
-1.22791e+107
-1.07941e+107
-1.02605e+107
1.22081e+106
-4.25289e+106
-1.01886e+107
3.65522e+105
6.2832e+106
9.41017e+106
1.26726e+107
8.20239e+106
5.88094e+106
5.50571e+106
2.40525e+105
-6.70483e+106
-1.10864e+107
-1.26797e+107
-1.20219e+107
-8.25833e+106
-4.02687e+106
-4.83952e+106
-3.77547e+106
2.72233e+104
1.1154e+106
1.56016e+106
3.69708e+106
3.54002e+106
3.0472e+106
1.3039e+106
-4.69072e+105
-1.67837e+106
-2.83039e+106
-2.68421e+106
-2.0566e+106
-1.1203e+106
-4.11681e+105
9.4826e+104
3.6803e+105
3.51759e+105
8.4518e+104
-3.8213e+105
-9.43986e+105
-1.51591e+106
-2.09808e+106
-2.72622e+106
-3.46807e+106
-4.45799e+106
-5.92991e+106
-8.23031e+106
-1.18689e+107
-1.7696e+107
-2.69265e+107
-4.22778e+107
-6.57999e+107
-1.14787e+108
-1.71429e+108
-4.28438e+108
-1.46984e+109
3.64824e+109
3.91511e+110
1.53918e+106
3.98645e+106
6.32767e+106
9.25541e+106
1.17093e+107
1.32513e+107
1.5324e+107
1.6878e+107
1.78158e+107
1.63674e+107
3.5071e+106
-3.91871e+106
-7.2282e+106
-6.74929e+106
2.75531e+106
9.96034e+106
-9.09653e+106
-1.4065e+107
-2.02411e+107
-1.38339e+107
-1.14221e+107
-1.15773e+107
-2.30379e+106
-6.05798e+106
-1.01412e+107
3.30607e+105
6.91855e+106
1.05827e+107
1.40552e+107
9.1423e+106
6.39845e+106
4.83719e+106
1.78385e+105
-7.44666e+106
-1.20907e+107
-1.35493e+107
-1.2705e+107
-8.82499e+106
-4.76779e+106
-5.46935e+106
-3.90052e+106
3.61323e+105
1.45988e+106
2.23993e+106
4.28402e+106
3.97095e+106
3.3047e+106
1.31812e+106
-7.14462e+105
-2.23137e+106
-3.47736e+106
-3.06607e+106
-2.33159e+106
-1.27266e+106
-4.43368e+105
1.72368e+105
4.98789e+105
4.80318e+105
1.77105e+105
-3.36007e+105
-9.41951e+105
-1.55181e+106
-2.16207e+106
-2.81339e+106
-3.58341e+106
-4.60967e+106
-6.12711e+106
-8.49638e+106
-1.22575e+107
-1.83082e+107
-2.7908e+107
-4.40452e+107
-6.87796e+107
-1.22836e+108
-1.78383e+108
-5.21136e+108
-1.21168e+109
8.20384e+109
5.38804e+110
1.8158e+106
4.7534e+106
7.49495e+106
1.07673e+107
1.3809e+107
1.56794e+107
1.75648e+107
1.88259e+107
1.92912e+107
1.67444e+107
3.5215e+106
-4.87724e+106
-8.91006e+106
-8.22846e+106
2.74611e+106
9.49203e+106
-1.13167e+107
-1.72324e+107
-2.2175e+107
-1.59445e+107
-1.24478e+107
-1.30899e+107
-6.30593e+106
-7.83223e+106
-8.90188e+106
4.48697e+105
7.71465e+106
1.18396e+107
1.53283e+107
9.99274e+106
6.81341e+106
3.97952e+106
-3.25414e+104
-8.14432e+106
-1.3198e+107
-1.43535e+107
-1.35592e+107
-9.61775e+106
-5.78516e+106
-6.15717e+106
-3.95461e+106
7.35771e+105
1.86294e+106
2.99022e+106
4.91983e+106
4.38726e+106
3.51345e+106
1.23978e+106
-1.07596e+106
-2.97313e+106
-4.25889e+106
-3.51128e+106
-2.65012e+106
-1.43482e+106
-4.72191e+105
2.60124e+105
6.39888e+105
6.14241e+105
2.68933e+105
-2.95012e+105
-9.45478e+105
-1.59306e+106
-2.23069e+106
-2.9037e+106
-3.69875e+106
-4.75774e+106
-6.31693e+106
-8.75024e+106
-1.26265e+107
-1.88892e+107
-2.8839e+107
-4.57307e+107
-7.15002e+107
-1.30522e+108
-1.84718e+108
-6.19485e+108
-7.84207e+108
1.30725e+110
6.742e+110
2.10089e+106
5.53938e+106
8.71984e+106
1.23792e+107
1.59826e+107
1.81183e+107
1.98438e+107
2.08043e+107
2.07571e+107
1.7157e+107
3.50585e+106
-5.67205e+106
-1.03314e+107
-9.36871e+106
2.63343e+106
8.18273e+106
-1.39237e+107
-2.06389e+107
-2.42062e+107
-1.83335e+107
-1.40099e+107
-1.47876e+107
-1.07268e+107
-9.5051e+106
-6.92449e+106
7.58285e+105
8.62089e+106
1.31031e+107
1.65001e+107
1.08006e+107
7.14321e+106
3.08422e+106
-5.07962e+105
-8.88526e+106
-1.44156e+107
-1.52189e+107
-1.46045e+107
-1.06364e+107
-6.91404e+106
-6.83906e+106
-3.93839e+106
1.14031e+106
2.30969e+106
3.78226e+106
5.58164e+106
4.79086e+106
3.65276e+106
9.95488e+105
-1.55521e+106
-3.88567e+106
-5.16857e+106
-4.01906e+106
-3.01554e+106
-1.60735e+106
-4.9984e+105
3.57748e+105
7.9269e+105
7.55245e+105
3.61305e+105
-2.59873e+105
-9.5688e+105
-1.64183e+106
-2.30576e+106
-2.99812e+106
-3.81486e+106
-4.90268e+106
-6.49953e+106
-8.99254e+106
-1.29759e+107
-1.94378e+107
-2.97163e+107
-4.7318e+107
-7.39505e+107
-1.37329e+108
-1.93938e+108
-7.13306e+108
-1.60009e+108
1.78993e+110
7.81808e+110
2.39514e+106
6.34474e+106
9.99758e+106
1.40761e+107
1.82157e+107
2.05579e+107
2.21545e+107
2.28091e+107
2.22223e+107
1.76003e+107
3.4511e+106
-6.35463e+106
-1.15782e+107
-1.03636e+107
2.1004e+106
6.08132e+106
-1.67813e+107
-2.42234e+107
-2.67423e+107
-2.09604e+107
-1.60785e+107
-1.67546e+107
-1.53846e+107
-1.09291e+107
-4.93623e+106
1.19097e+106
9.6154e+106
1.43808e+107
1.74954e+107
1.16128e+107
7.3733e+106
2.1401e+106
-1.25552e+106
-9.8022e+106
-1.57555e+107
-1.62325e+107
-1.57781e+107
-1.17785e+107
-8.03935e+106
-7.48281e+106
-3.84172e+106
1.561e+106
2.78644e+106
4.59162e+106
6.24923e+106
5.19349e+106
3.70007e+106
5.48441e+105
-2.13109e+106
-4.94573e+106
-6.20407e+106
-4.59349e+106
-3.42955e+106
-1.78908e+106
-5.26873e+105
4.65223e+105
9.58794e+105
9.06173e+105
4.56432e+105
-2.30293e+105
-9.77438e+105
-1.69914e+106
-2.38794e+106
-3.09664e+106
-3.93103e+106
-5.04353e+106
-6.67423e+106
-9.22329e+106
-1.33057e+107
-1.99545e+107
-3.05395e+107
-4.87922e+107
-7.61679e+107
-1.42341e+108
-2.09701e+108
-7.90339e+108
6.98814e+108
2.27297e+110
8.65881e+110
2.69969e+106
7.17419e+106
1.13221e+107
1.58469e+107
2.04915e+107
2.30058e+107
2.44967e+107
2.48399e+107
2.36928e+107
1.80756e+107
3.39092e+106
-6.96402e+106
-1.27112e+107
-1.13365e+107
1.03936e+106
3.34292e+106
-1.98305e+107
-2.78551e+107
-2.98113e+107
-2.41508e+107
-1.86824e+107
-1.91413e+107
-1.94714e+107
-1.19936e+107
-3.31921e+106
1.69989e+106
1.06728e+107
1.56408e+107
1.82315e+107
1.24749e+107
7.49516e+106
1.16795e+106
-2.25394e+106
-1.09368e+107
-1.71861e+107
-1.73992e+107
-1.70537e+107
-1.29659e+107
-9.14475e+106
-8.08758e+106
-3.64238e+106
1.98768e+106
3.28324e+106
5.41454e+106
6.89888e+106
5.57442e+106
3.61763e+106
-1.2701e+105
-2.792e+106
-6.15306e+106
-7.36984e+106
-5.24561e+106
-3.89546e+106
-1.97778e+106
-5.51783e+105
5.84508e+105
1.14018e+106
1.07003e+106
5.57274e+105
-2.04541e+105
-1.00672e+106
-1.76359e+106
-2.47392e+106
-3.19476e+106
-4.04185e+106
-5.17467e+106
-6.83586e+106
-9.43737e+106
-1.36113e+107
-2.0435e+107
-3.1305e+107
-5.013e+107
-7.82367e+107
-1.44376e+108
-2.3577e+108
-8.36366e+108
1.82372e+109
2.75592e+110
9.35405e+110
3.01546e+106
8.02744e+106
1.26877e+107
1.76804e+107
2.27868e+107
2.54748e+107
2.68739e+107
2.68987e+107
2.51687e+107
1.85809e+107
3.36967e+106
-7.52475e+106
-1.37699e+107
-1.23512e+107
-5.21695e+105
9.12503e+104
-2.30514e+107
-3.13866e+107
-3.30878e+107
-2.78546e+107
-2.17985e+107
-2.19842e+107
-2.23466e+107
-1.25546e+107
-1.96917e+106
2.36748e+106
1.17306e+107
1.6758e+107
1.87025e+107
1.3418e+107
7.55483e+106
2.74379e+105
-3.45535e+106
-1.22505e+107
-1.86654e+107
-1.86863e+107
-1.84249e+107
-1.41588e+107
-1.01903e+107
-8.63524e+106
-3.30704e+106
2.4264e+106
3.78812e+106
6.25106e+106
7.49709e+106
5.90569e+106
3.34664e+106
-1.03608e+106
-3.56217e+106
-7.52666e+106
-8.67284e+106
-5.99156e+106
-4.42524e+106
-2.17148e+106
-5.72656e+105
7.1808e+105
1.33729e+106
1.24658e+106
6.63911e+105
-1.83155e+105
-1.04667e+106
-1.83674e+106
-2.56276e+106
-3.2898e+106
-4.14395e+106
-5.29266e+106
-6.98155e+106
-9.63189e+106
-1.38906e+107
-2.08777e+107
-3.2014e+107
-5.13092e+107
-8.03022e+107
-1.4237e+108
-2.76629e+108
-8.31139e+108
3.23406e+109
3.22024e+110
9.74675e+110
3.34302e+106
8.90357e+106
1.40923e+107
1.95655e+107
2.509e+107
2.79766e+107
2.92894e+107
2.89897e+107
2.66503e+107
1.91105e+107
3.39084e+106
-8.04914e+106
-1.47818e+107
-1.34457e+107
-2.51785e+106
-3.57344e+106
-2.6429e+107
-3.47682e+107
-3.63168e+107
-3.13738e+107
-2.50271e+107
-2.49802e+107
-2.43599e+107
-1.25831e+107
-8.19492e+105
3.19325e+106
1.27757e+107
1.76965e+107
1.89507e+107
1.45289e+107
7.59556e+106
-4.89972e+105
-4.70584e+106
-1.36713e+107
-2.01828e+107
-2.00711e+107
-1.98938e+107
-1.5323e+107
-1.10887e+107
-9.09381e+106
-2.82962e+106
2.87236e+106
4.28202e+106
7.08205e+106
8.00773e+106
6.14652e+106
2.83194e+106
-2.09653e+106
-4.47685e+106
-9.10927e+106
-1.01233e+107
-6.81044e+106
-5.0196e+106
-2.36643e+106
-5.87106e+105
8.70048e+105
1.5518e+106
1.43543e+106
7.76145e+105
-1.66333e+105
-1.09845e+106
-1.92046e+106
-2.65415e+106
-3.37896e+106
-4.23337e+106
-5.39298e+106
-7.10657e+106
-9.80177e+106
-1.4139e+107
-2.12774e+107
-3.26653e+107
-5.23039e+107
-8.25493e+107
-1.36092e+108
-3.35112e+108
-7.46779e+108
4.9341e+109
3.66168e+110
9.99294e+110
3.68311e+106
9.80443e+106
1.55413e+107
2.14966e+107
2.74059e+107
3.05174e+107
3.17473e+107
3.11203e+107
2.81415e+107
1.96652e+107
3.44609e+106
-8.54099e+106
-1.57656e+107
-1.46415e+107
-4.87551e+106
-7.56377e+106
-2.99007e+107
-3.80349e+107
-3.94402e+107
-3.44062e+107
-2.80693e+107
-2.78813e+107
-2.58241e+107
-1.21225e+107
1.44901e+105
4.15319e+106
1.38794e+107
1.85488e+107
1.91462e+107
1.58375e+107
7.58697e+106
-1.19031e+106
-5.89042e+106
-1.51351e+107
-2.17206e+107
-2.15371e+107
-2.14552e+107
-1.6433e+107
-1.18129e+107
-9.45838e+106
-2.25366e+106
3.31831e+106
4.75114e+106
7.90892e+106
8.46465e+106
6.27763e+106
2.05954e+106
-3.20122e+106
-5.57235e+106
-1.09482e+107
-1.17152e+107
-7.7214e+106
-5.69158e+106
-2.56302e+106
-5.93954e+105
1.04454e+106
1.78588e+106
1.63582e+106
8.92489e+105
-1.5566e+105
-1.16442e+106
-2.0191e+106
-2.75209e+106
-3.46411e+106
-4.31064e+106
-5.47563e+106
-7.21031e+106
-9.94623e+106
-1.43564e+107
-2.16335e+107
-3.32629e+107
-5.31025e+107
-8.51498e+107
-1.2728e+108
-4.07304e+108
-5.49324e+108
6.91384e+109
4.06362e+110
1.00364e+111
4.03691e+106
1.07315e+107
1.70433e+107
2.34711e+107
2.97437e+107
3.30894e+107
3.42529e+107
3.32957e+107
2.96486e+107
2.02507e+107
3.54145e+106
-8.99475e+106
-1.67313e+107
-1.59526e+107
-7.56315e+106
-1.18064e+107
-3.33935e+107
-4.12341e+107
-4.24928e+107
-3.71177e+107
-3.09053e+107
-3.06412e+107
-2.66355e+107
-1.11928e+107
9.49731e+105
5.23684e+106
1.51153e+107
1.93809e+107
1.94341e+107
1.71281e+107
7.4603e+106
-1.96642e+106
-6.99892e+106
-1.66045e+107
-2.32371e+107
-2.30615e+107
-2.30756e+107
-1.74761e+107
-1.24226e+107
-9.73926e+106
-1.58754e+106
3.7832e+106
5.20764e+106
8.76677e+106
8.92323e+106
6.27201e+106
1.10443e+106
-4.29675e+106
-6.88783e+106
-1.29205e+107
-1.33651e+107
-8.76976e+106
-6.45026e+106
-2.76585e+106
-5.91362e+105
1.24652e+106
2.04385e+106
1.84979e+106
1.01363e+106
-1.50976e+105
-1.24465e+106
-2.13437e+106
-2.85926e+106
-3.54668e+106
-4.37555e+106
-5.53938e+106
-7.29039e+106
-1.00624e+107
-1.45398e+107
-2.19417e+107
-3.38062e+107
-5.37075e+107
-8.80929e+107
-1.19731e+108
-4.81459e+108
-2.02717e+108
9.16787e+109
4.43413e+110
9.97304e+110
4.40763e+106
1.16872e+107
1.85999e+107
2.54885e+107
3.2111e+107
3.56837e+107
3.68109e+107
3.55167e+107
3.11784e+107
2.08737e+107
3.68531e+106
-9.40576e+106
-1.76826e+107
-1.73924e+107
-1.05711e+107
-1.62369e+107
-3.68744e+107
-4.43866e+107
-4.54728e+107
-3.9699e+107
-3.36263e+107
-3.32285e+107
-2.67551e+107
-9.84541e+106
1.62017e+106
6.44057e+106
1.65347e+107
2.01974e+107
1.98109e+107
1.81558e+107
7.1714e+106
-2.87842e+106
-8.04508e+106
-1.80647e+107
-2.47024e+107
-2.46219e+107
-2.471e+107
-1.84577e+107
-1.29728e+107
-9.92989e+106
-8.25667e+105
4.27995e+106
5.67121e+106
9.66234e+106
9.36555e+106
6.17443e+106
1.15358e+105
-5.36619e+106
-8.41521e+106
-1.48696e+107
-1.49777e+107
-9.92256e+106
-7.28577e+106
-2.98719e+106
-5.79489e+105
1.47942e+106
2.32928e+106
2.07934e+106
1.13973e+106
-1.53735e+105
-1.3406e+106
-2.26841e+106
-2.97957e+106
-3.63073e+106
-4.43117e+106
-5.58641e+106
-7.34814e+106
-1.01511e+107
-1.46903e+107
-2.22026e+107
-3.42968e+107
-5.41549e+107
-9.09786e+107
-1.18022e+108
-5.41695e+108
3.27128e+108
1.16959e+110
4.78057e+110
9.83978e+110
4.79754e+106
1.26728e+107
2.02065e+107
2.75475e+107
3.45121e+107
3.83049e+107
3.94229e+107
3.77839e+107
3.27385e+107
2.15461e+107
3.88715e+106
-9.77824e+106
-1.86199e+107
-1.89703e+107
-1.38573e+107
-2.07891e+107
-4.03181e+107
-4.74822e+107
-4.83553e+107
-4.22529e+107
-3.6299e+107
-3.5587e+107
-2.61483e+107
-8.18133e+106
2.19202e+106
7.74688e+106
1.80914e+107
2.10391e+107
2.02262e+107
1.88836e+107
6.74661e+106
-3.77209e+106
-9.04251e+106
-1.95186e+107
-2.61092e+107
-2.62018e+107
-2.63385e+107
-1.94095e+107
-1.34837e+107
-1.00264e+107
2.70535e+104
4.80249e+106
6.1545e+106
1.05787e+107
9.78487e+106
6.07982e+106
-8.33218e+105
-6.4302e+106
-1.01283e+107
-1.67529e+107
-1.65176e+107
-1.1118e+107
-8.18638e+106
-3.24348e+106
-5.61724e+105
1.74665e+106
2.64596e+106
2.32757e+106
1.27217e+106
-1.64904e+105
-1.45304e+106
-2.42064e+106
-3.11302e+106
-3.71696e+106
-4.4778e+106
-5.61601e+106
-7.38208e+106
-1.02104e+107
-1.48051e+107
-2.24134e+107
-3.47269e+107
-5.45103e+107
-9.28943e+107
-1.25736e+108
-5.73481e+108
1.06939e+109
1.4496e+110
5.09815e+110
9.58925e+110
5.20775e+106
1.36882e+107
2.18602e+107
2.96461e+107
3.69494e+107
4.09657e+107
4.20894e+107
4.00999e+107
3.43387e+107
2.22843e+107
4.15878e+106
-1.011e+107
-1.95431e+107
-2.06831e+107
-1.73583e+107
-2.5398e+107
-4.3701e+107
-5.04982e+107
-5.11254e+107
-4.48845e+107
-3.91282e+107
-3.75266e+107
-2.47923e+107
-6.3163e+106
2.70769e+106
9.12928e+106
1.95917e+107
2.19487e+107
2.06692e+107
1.93304e+107
6.27475e+106
-4.26242e+106
-1.00089e+107
-2.0965e+107
-2.74497e+107
-2.77955e+107
-2.79593e+107
-2.03347e+107
-1.396e+107
-1.0036e+107
9.64945e+105
5.34364e+106
6.66945e+106
1.14963e+107
1.01612e+107
5.94405e+106
-1.74474e+106
-7.5432e+106
-1.1994e+107
-1.85427e+107
-1.79893e+107
-1.23612e+107
-9.15007e+106
-3.5449e+106
-5.4598e+105
2.04943e+106
2.99512e+106
2.59512e+106
1.40999e+106
-1.88622e+105
-1.58639e+106
-2.59275e+106
-3.26034e+106
-3.80681e+106
-4.51746e+106
-5.62996e+106
-7.39379e+106
-1.02416e+107
-1.48854e+107
-2.25769e+107
-3.50877e+107
-5.48824e+107
-9.27473e+107
-1.45475e+108
-5.64152e+108
2.04508e+109
1.7553e+110
5.38993e+110
9.32128e+110
5.63689e+106
1.47285e+107
2.35602e+107
3.17821e+107
3.94241e+107
4.36777e+107
4.48127e+107
4.24678e+107
3.59898e+107
2.31069e+107
4.51708e+106
-1.03851e+107
-2.04511e+107
-2.25141e+107
-2.10084e+107
-3.00062e+107
-4.70297e+107
-5.34373e+107
-5.37989e+107
-4.75868e+107
-4.1839e+107
-3.87369e+107
-2.26922e+107
-4.37018e+106
3.2101e+106
1.05803e+107
2.09193e+107
2.29176e+107
2.11679e+107
1.95659e+107
5.85512e+106
-4.27803e+106
-1.09757e+107
-2.23961e+107
-2.87264e+107
-2.93997e+107
-2.95637e+107
-2.12015e+107
-1.43996e+107
-9.95504e+106
1.9568e+106
5.90622e+106
7.23627e+106
1.24136e+107
1.04676e+107
5.67948e+106
-2.63346e+106
-8.74417e+106
-1.39546e+107
-2.0243e+107
-1.94678e+107
-1.37071e+107
-1.01705e+107
-3.87458e+106
-5.34044e+105
2.38996e+106
3.3777e+106
2.8822e+106
1.55218e+106
-2.29529e+105
-1.7454e+106
-2.78586e+106
-3.41946e+106
-3.89764e+106
-4.54807e+106
-5.62641e+106
-7.38136e+106
-1.02423e+107
-1.4928e+107
-2.26927e+107
-3.53617e+107
-5.54035e+107
-8.99317e+107
-1.80008e+108
-4.95897e+108
3.26849e+109
2.08625e+110
5.66846e+110
9.05e+110
6.11862e+106
1.57862e+107
2.53032e+107
3.39526e+107
4.19354e+107
4.64437e+107
4.75953e+107
4.48919e+107
3.7704e+107
2.40323e+107
4.98314e+106
-1.05838e+107
-2.13357e+107
-2.4439e+107
-2.47448e+107
-3.45616e+107
-5.02983e+107
-5.63063e+107
-5.63927e+107
-5.01688e+107
-4.38755e+107
-3.92049e+107
-1.99313e+107
-2.45973e+106
3.75478e+106
1.21077e+107
2.21145e+107
2.39174e+107
2.17717e+107
1.97051e+107
5.49957e+106
-4.2521e+106
-1.19692e+107
-2.38231e+107
-2.99852e+107
-3.10164e+107
-3.11414e+107
-2.19838e+107
-1.47893e+107
-9.776e+106
2.9699e+106
6.49901e+106
7.88109e+106
1.33433e+107
1.06919e+107
5.28589e+106
-3.51578e+106
-1.00436e+107
-1.59575e+107
-2.18996e+107
-2.10613e+107
-1.50796e+107
-1.11399e+107
-4.19483e+106
-5.1508e+105
2.76798e+106
3.79246e+106
3.18594e+106
1.69462e+106
-2.96041e+105
-1.93877e+106
-3.00502e+106
-3.59117e+106
-3.98844e+106
-4.56912e+106
-5.60584e+106
-7.34586e+106
-1.02136e+107
-1.4934e+107
-2.2766e+107
-3.55393e+107
-5.62008e+107
-8.53718e+107
-2.29264e+108
-3.4071e+108
4.75085e+109
2.44179e+110
5.942e+110
8.76625e+110
6.63378e+106
1.68474e+107
2.70865e+107
3.61582e+107
4.4483e+107
4.92655e+107
5.0441e+107
4.73785e+107
3.94942e+107
2.50789e+107
5.57973e+106
-1.06852e+107
-2.21809e+107
-2.64286e+107
-2.85093e+107
-3.90157e+107
-5.34659e+107
-5.90993e+107
-5.89499e+107
-5.26778e+107
-4.5684e+107
-3.91202e+107
-1.69552e+107
-7.80352e+105
4.4496e+106
1.37164e+107
2.32252e+107
2.49378e+107
2.2523e+107
1.98198e+107
5.17808e+106
-4.37968e+106
-1.30305e+107
-2.5259e+107
-3.12573e+107
-3.26486e+107
-3.26772e+107
-2.26597e+107
-1.51092e+107
-9.49958e+106
3.99244e+106
7.12778e+106
8.61537e+106
1.42888e+107
1.0842e+107
4.76941e+106
-4.40365e+106
-1.14385e+107
-1.79934e+107
-2.3567e+107
-2.2573e+107
-1.62747e+107
-1.19349e+107
-4.48101e+106
-4.49479e+105
3.17939e+106
4.23845e+106
3.50316e+106
1.83329e+106
-3.97276e+105
-2.17518e+106
-3.25493e+106
-3.77533e+106
-4.0756e+106
-4.57656e+106
-5.56499e+106
-7.28459e+106
-1.0153e+107
-1.49009e+107
-2.27975e+107
-3.56183e+107
-5.7259e+107
-8.1916e+107
-2.8433e+108
-6.52385e+107
6.50179e+109
2.82046e+110
6.22732e+110
8.49824e+110
7.15314e+106
1.7912e+107
2.89146e+107
3.83978e+107
4.70655e+107
5.21486e+107
5.33534e+107
4.99368e+107
4.13748e+107
2.62644e+107
6.33039e+106
-1.06683e+107
-2.29683e+107
-2.84506e+107
-3.22502e+107
-4.33307e+107
-5.64974e+107
-6.18101e+107
-6.15029e+107
-5.52114e+107
-4.77279e+107
-3.86149e+107
-1.43708e+107
4.69748e+105
5.3471e+106
1.54035e+107
2.42744e+107
2.59787e+107
2.34501e+107
1.99398e+107
4.88062e+106
-4.57135e+106
-1.41716e+107
-2.66856e+107
-3.25336e+107
-3.42983e+107
-3.41509e+107
-2.32175e+107
-1.5352e+107
-9.1278e+106
5.0207e+106
7.80491e+106
9.42686e+106
1.52399e+107
1.09251e+107
4.11865e+106
-5.30523e+106
-1.29349e+107
-2.00484e+107
-2.51748e+107
-2.37853e+107
-1.72552e+107
-1.25433e+107
-4.69127e+106
-3.03721e+105
3.60255e+106
4.70895e+106
3.82738e+106
1.96147e+106
-5.47155e+105
-2.46685e+106
-3.54343e+106
-3.97564e+106
-4.15881e+106
-4.56917e+106
-5.50351e+106
-7.19799e+106
-1.00614e+107
-1.48303e+107
-2.27902e+107
-3.56243e+107
-5.82418e+107
-8.30217e+107
-3.29568e+108
3.6417e+108
8.52733e+109
3.21835e+110
6.53608e+110
8.29861e+110
7.68529e+106
1.89835e+107
3.07918e+107
4.06654e+107
4.96811e+107
5.50966e+107
5.63358e+107
5.25764e+107
4.33627e+107
2.76078e+107
7.26176e+106
-1.05141e+107
-2.36779e+107
-3.04705e+107
-3.59227e+107
-4.74792e+107
-5.937e+107
-6.44288e+107
-6.40649e+107
-5.77823e+107
-4.99013e+107
-3.77901e+107
-1.24097e+107
1.28742e+106
6.40121e+106
1.71483e+107
2.52825e+107
2.70426e+107
2.45702e+107
2.00802e+107
4.60669e+106
-4.75427e+106
-1.53779e+107
-2.80724e+107
-3.37941e+107
-3.5963e+107
-3.55464e+107
-2.36645e+107
-1.55158e+107
-8.65908e+106
6.06306e+106
8.54624e+106
1.03008e+107
1.61889e+107
1.09425e+107
3.3183e+106
-6.21927e+106
-1.45196e+107
-2.19682e+107
-2.67078e+107
-2.48719e+107
-1.80262e+107
-1.29654e+107
-4.80974e+106
-7.88875e+104
4.00438e+106
5.19937e+106
4.15204e+106
2.07272e+106
-7.62539e+105
-2.82603e+106
-3.87688e+106
-4.19443e+106
-4.23599e+106
-4.54338e+106
-5.41801e+106
-7.08306e+106
-9.93624e+106
-1.47203e+107
-2.27397e+107
-3.56072e+107
-5.84522e+107
-9.09416e+107
-3.48719e+108
9.77324e+108
1.08304e+110
3.62834e+110
6.85078e+110
8.19222e+110
8.27773e+106
2.00587e+107
3.27009e+107
4.29501e+107
5.23352e+107
5.81077e+107
5.93872e+107
5.53061e+107
4.54765e+107
2.9126e+107
8.38705e+106
-1.0204e+107
-2.42861e+107
-3.24522e+107
-3.94866e+107
-5.14436e+107
-6.20718e+107
-6.69399e+107
-6.66342e+107
-6.03505e+107
-5.19717e+107
-3.67457e+107
-1.10374e+107
1.79341e+106
7.59254e+106
1.89221e+107
2.62729e+107
2.8138e+107
2.58912e+107
2.02524e+107
4.36206e+106
-4.88186e+106
-1.66361e+107
-2.94069e+107
-3.50146e+107
-3.76327e+107
-3.68518e+107
-2.4014e+107
-1.55952e+107
-8.09106e+106
7.13034e+106
9.35999e+106
1.12308e+107
1.71339e+107
1.08869e+107
2.35657e+106
-7.15585e+106
-1.61309e+107
-2.36363e+107
-2.81904e+107
-2.59613e+107
-1.85831e+107
-1.31723e+107
-4.86379e+106
1.73245e+105
4.33866e+106
5.68075e+106
4.45989e+106
2.15728e+106
-1.06964e+106
-3.27026e+106
-4.26476e+106
-4.43685e+106
-4.30852e+106
-4.49926e+106
-5.3086e+106
-6.94044e+106
-9.77887e+106
-1.45736e+107
-2.26421e+107
-3.5645e+107
-5.73379e+107
-1.07623e+108
-3.24661e+108
1.79821e+109
1.34069e+110
4.04191e+110
7.15704e+110
8.19561e+110
8.93711e+106
2.11237e+107
3.45967e+107
4.52572e+107
5.5033e+107
6.11772e+107
6.24983e+107
5.81361e+107
4.77346e+107
3.08282e+107
9.69534e+106
-9.71845e+106
-2.47669e+107
-3.43581e+107
-4.28989e+107
-5.52007e+107
-6.46045e+107
-6.93218e+107
-6.91899e+107
-6.28697e+107
-5.37866e+107
-3.56243e+107
-1.01787e+107
2.06271e+106
8.90781e+106
2.07094e+107
2.72719e+107
2.92755e+107
2.74165e+107
2.04709e+107
4.15899e+106
-4.976e+106
-1.79302e+107
-3.06843e+107
-3.61736e+107
-3.9295e+107
-3.8056e+107
-2.42731e+107
-1.55897e+107
-7.4242e+106
8.22874e+106
1.0252e+107
1.22172e+107
1.80785e+107
1.07524e+107
1.24669e+106
-8.13648e+106
-1.77542e+107
-2.51383e+107
-2.96387e+107
-2.69868e+107
-1.89547e+107
-1.31979e+107
-4.93021e+106
2.96703e+105
4.61965e+106
6.18532e+106
4.74958e+106
2.20559e+106
-1.50702e+106
-3.82052e+106
-4.71528e+106
-4.70543e+106
-4.37529e+106
-4.43447e+106
-5.17265e+106
-6.76785e+106
-9.5872e+106
-1.43893e+107
-2.24889e+107
-3.58136e+107
-5.5106e+107
-1.34938e+108
-2.32719e+108
2.84672e+109
1.62454e+110
4.45194e+110
7.44685e+110
8.26973e+110
9.60562e+106
2.21471e+107
3.64882e+107
4.75973e+107
5.77519e+107
6.42839e+107
6.56639e+107
6.10759e+107
5.01506e+107
3.27207e+107
1.11822e+107
-9.03515e+106
-2.50919e+107
-3.6144e+107
-4.61043e+107
-5.86832e+107
-6.69941e+107
-7.15463e+107
-7.17028e+107
-6.53368e+107
-5.53624e+107
-3.4607e+107
-9.75899e+106
2.13429e+106
1.03277e+107
2.25004e+107
2.83064e+107
3.04761e+107
2.9143e+107
2.07518e+107
4.01125e+106
-5.08482e+106
-1.92244e+107
-3.18969e+107
-3.72549e+107
-4.09346e+107
-3.9151e+107
-2.44452e+107
-1.55026e+107
-6.66034e+106
9.36279e+106
1.12321e+107
1.32743e+107
1.90209e+107
1.05393e+107
1.18423e+104
-9.16789e+106
-1.9412e+107
-2.6641e+107
-3.11011e+107
-2.79692e+107
-1.9231e+107
-1.31772e+107
-5.08781e+106
3.21728e+105
4.9814e+106
6.69573e+106
4.99466e+106
2.19059e+106
-2.13648e+106
-4.50632e+106
-5.24015e+106
-5.00488e+106
-4.43756e+106
-4.34988e+106
-5.01138e+106
-6.56699e+106
-9.36297e+106
-1.41709e+107
-2.22819e+107
-3.61137e+107
-5.34876e+107
-1.68625e+108
-4.21569e+107
4.14067e+109
1.93284e+110
4.85327e+110
7.71669e+110
8.39065e+110
1.02255e+107
2.31225e+107
3.83978e+107
4.99355e+107
6.04485e+107
6.74057e+107
6.88932e+107
6.41326e+107
5.2732e+107
3.48091e+107
1.28646e+107
-8.12854e+106
-2.52271e+107
-3.77642e+107
-4.90594e+107
-6.18253e+107
-6.92684e+107
-7.36091e+107
-7.41516e+107
-6.77703e+107
-5.67316e+107
-3.38133e+107
-9.69335e+106
2.05797e+106
1.18254e+107
2.42862e+107
2.94128e+107
3.1809e+107
3.10439e+107
2.11097e+107
3.94088e+106
-5.20884e+106
-2.04742e+107
-3.30377e+107
-3.82441e+107
-4.25218e+107
-4.01272e+107
-2.45348e+107
-1.53382e+107
-5.80194e+106
1.05384e+107
1.23119e+107
1.44391e+107
1.99576e+107
1.02551e+107
-1.32388e+106
-1.02495e+107
-2.11489e+107
-2.82212e+107
-3.25957e+107
-2.89868e+107
-1.95006e+107
-1.31875e+107
-5.24317e+106
5.641e+105
5.48918e+106
7.08629e+106
5.13593e+106
1.96124e+106
-3.07629e+106
-5.37072e+106
-5.85141e+106
-5.33749e+106
-4.49301e+106
-4.2433e+106
-4.8233e+106
-6.33674e+106
-9.10459e+106
-1.39166e+107
-2.20332e+107
-3.63201e+107
-5.48079e+107
-1.96826e+108
2.79446e+108
5.6964e+109
2.26342e+110
5.24149e+110
7.95907e+110
8.53726e+110
1.09187e+107
2.4063e+107
4.02781e+107
5.22364e+107
6.31448e+107
7.05365e+107
7.2187e+107
6.73068e+107
5.54868e+107
3.7099e+107
1.47643e+107
-6.96946e+106
-2.51337e+107
-3.91803e+107
-5.17398e+107
-6.46333e+107
-7.14358e+107
-7.55437e+107
-7.65256e+107
-7.0173e+107
-5.79028e+107
-3.32849e+107
-9.90002e+106
1.88756e+106
1.33704e+107
2.60568e+107
3.06293e+107
3.33656e+107
3.3076e+107
2.15627e+107
3.98465e+106
-5.32315e+106
-2.16619e+107
-3.41e+107
-3.9131e+107
-4.40227e+107
-4.09749e+107
-2.45451e+107
-1.51013e+107
-4.85321e+106
1.17648e+107
1.34974e+107
1.57413e+107
2.08942e+107
9.92343e+106
-2.71202e+106
-1.13853e+107
-2.29747e+107
-2.98534e+107
-3.41075e+107
-3.00221e+107
-1.97908e+107
-1.31969e+107
-5.1998e+106
1.21007e+106
6.1224e+106
7.22687e+106
5.08992e+106
1.25514e+106
-4.3887e+106
-6.46161e+106
-6.56306e+106
-5.70802e+106
-4.54129e+106
-4.11534e+106
-4.6105e+106
-6.07977e+106
-8.81446e+106
-1.36261e+107
-2.17798e+107
-3.60163e+107
-6.07052e+107
-2.04056e+108
7.61963e+108
7.52711e+109
2.61374e+110
5.61344e+110
8.16669e+110
8.67686e+110
1.16421e+107
2.49375e+107
4.20813e+107
5.45486e+107
6.5841e+107
7.36469e+107
7.55441e+107
7.06181e+107
5.84334e+107
3.96069e+107
1.69037e+107
-5.53345e+106
-2.47819e+107
-4.03583e+107
-5.41289e+107
-6.71423e+107
-7.34885e+107
-7.73746e+107
-7.88192e+107
-7.25291e+107
-5.89112e+107
-3.30241e+107
-1.03024e+107
1.68254e+106
1.49252e+107
2.77892e+107
3.1965e+107
3.51653e+107
3.52188e+107
2.21418e+107
4.17327e+106
-5.40375e+106
-2.27826e+107
-3.50792e+107
-3.99103e+107
-4.54175e+107
-4.16993e+107
-2.44762e+107
-1.4796e+107
-3.81689e+106
1.30525e+107
1.47895e+107
1.71842e+107
2.18428e+107
9.58644e+106
-4.06489e+106
-1.25961e+107
-2.48739e+107
-3.14928e+107
-3.56244e+107
-3.10446e+107
-2.01011e+107
-1.31683e+107
-4.79773e+106
2.217e+106
6.76485e+106
7.1052e+106
4.74462e+106
-2.38185e+105
-6.09114e+106
-7.82636e+106
-7.38032e+106
-6.11699e+106
-4.57837e+106
-3.96308e+106
-4.37194e+106
-5.79567e+106
-8.49191e+106
-1.32936e+107
-2.1567e+107
-3.50071e+107
-7.26446e+107
-1.7104e+108
1.43114e+109
9.64135e+109
2.98093e+110
5.96621e+110
8.3346e+110
8.7993e+110
1.22729e+107
2.56668e+107
4.38546e+107
5.68332e+107
6.84744e+107
7.67527e+107
7.89966e+107
7.40865e+107
6.15842e+107
4.23402e+107
1.92973e+107
-3.79971e+106
-2.41518e+107
-4.12601e+107
-5.62153e+107
-6.93624e+107
-7.541e+107
-7.91108e+107
-8.10242e+107
-7.48215e+107
-5.98056e+107
-3.30149e+107
-1.08355e+107
1.50898e+106
1.64528e+107
2.94659e+107
3.3413e+107
3.71575e+107
3.74605e+107
2.28964e+107
4.54404e+106
-5.43436e+106
-2.38236e+107
-3.59749e+107
-4.05797e+107
-4.6696e+107
-4.23086e+107
-2.4326e+107
-1.44228e+107
-2.68545e+106
1.44103e+107
1.61852e+107
1.87641e+107
2.28194e+107
9.27547e+106
-5.30178e+106
-1.38903e+107
-2.68273e+107
-3.31059e+107
-3.71375e+107
-3.20663e+107
-2.04208e+107
-1.30678e+107
-4.02356e+106
3.32919e+106
7.20216e+106
6.85481e+106
3.95916e+106
-2.64702e+106
-8.20048e+106
-9.49247e+106
-8.30384e+106
-6.56667e+106
-4.60229e+106
-3.78624e+106
-4.10991e+106
-5.48776e+106
-8.14016e+106
-1.29179e+107
-2.14246e+107
-3.39056e+107
-9.10083e+107
-7.07767e+107
2.30999e+109
1.20414e+110
3.36175e+110
6.29849e+110
8.4595e+110
8.88271e+110
1.29034e+107
2.62798e+107
4.55533e+107
5.90275e+107
7.11047e+107
7.98726e+107
8.25107e+107
7.76688e+107
6.49199e+107
4.52997e+107
2.1967e+107
-1.73783e+106
-2.32158e+107
-4.18445e+107
-5.79829e+107
-7.12925e+107
-7.71818e+107
-8.07608e+107
-8.31282e+107
-7.70349e+107
-6.06348e+107
-3.32337e+107
-1.14594e+107
1.40083e+106
1.79333e+107
3.11019e+107
3.49702e+107
3.92986e+107
3.9781e+107
2.38625e+107
5.14494e+106
-5.39631e+106
-2.47699e+107
-3.67928e+107
-4.11392e+107
-4.78477e+107
-4.27983e+107
-2.40899e+107
-1.39818e+107
-1.44886e+106
1.58481e+107
1.76798e+107
2.04792e+107
2.38442e+107
9.00787e+106
-6.38318e+106
-1.52473e+107
-2.88085e+107
-3.46712e+107
-3.86309e+107
-3.30825e+107
-2.07353e+107
-1.28849e+107
-3.01479e+106
4.29715e+106
7.41873e+106
6.78178e+106
2.71261e+106
-5.76823e+106
-1.0713e+107
-1.13954e+107
-9.33903e+106
-7.05908e+106
-4.60921e+106
-3.58134e+106
-3.82341e+106
-5.1564e+106
-7.75881e+106
-1.25024e+107
-2.12618e+107
-3.41919e+107
-1.09624e+108
1.2768e+108
3.42087e+109
1.47226e+110
3.75268e+110
6.61036e+110
8.54488e+110
8.9229e+110
1.35735e+107
2.6791e+107
4.70886e+107
6.12038e+107
7.37172e+107
8.29211e+107
8.60489e+107
8.13519e+107
6.84514e+107
4.85116e+107
2.49362e+107
6.94072e+105
-2.19379e+107
-4.20714e+107
-5.94095e+107
-7.29299e+107
-7.87895e+107
-8.23132e+107
-8.51137e+107
-7.91504e+107
-6.14417e+107
-3.36582e+107
-1.21513e+107
1.35437e+106
1.93591e+107
3.27319e+107
3.66365e+107
4.15651e+107
4.21635e+107
2.50485e+107
5.99508e+106
-5.25027e+106
-2.56046e+107
-3.75459e+107
-4.16019e+107
-4.88617e+107
-4.31673e+107
-2.3761e+107
-1.34741e+107
-1.13312e+105
1.73788e+107
1.92686e+107
2.23281e+107
2.49384e+107
8.80308e+106
-7.28425e+106
-1.66406e+107
-3.07785e+107
-3.61633e+107
-4.00947e+107
-3.4068e+107
-2.10267e+107
-1.26274e+107
-1.91501e+106
5.09736e+106
7.67595e+106
6.99463e+106
9.89931e+105
-9.05131e+106
-1.3489e+107
-1.35191e+107
-1.05393e+107
-7.60167e+106
-4.59811e+106
-3.34847e+106
-3.51472e+106
-4.80532e+106
-7.34938e+106
-1.20685e+107
-2.08414e+107
-3.70226e+107
-1.16133e+108
4.5506e+108
4.78497e+109
1.76731e+110
4.14992e+110
6.90272e+110
8.59533e+110
8.92056e+110
1.41535e+107
2.7083e+107
4.85216e+107
6.33278e+107
7.62519e+107
8.5935e+107
8.96044e+107
8.5123e+107
7.21717e+107
5.19795e+107
2.82017e+107
3.51951e+106
-2.02746e+107
-4.18962e+107
-6.04702e+107
-7.42732e+107
-8.02209e+107
-8.37452e+107
-8.69513e+107
-8.11498e+107
-6.22616e+107
-3.42695e+107
-1.28891e+107
1.36074e+106
2.07221e+107
3.43743e+107
3.84136e+107
4.39362e+107
4.46007e+107
2.64631e+107
7.08605e+106
-4.96097e+106
-2.63037e+107
-3.82408e+107
-4.19913e+107
-4.97347e+107
-4.34328e+107
-2.3337e+107
-1.29028e+107
1.30528e+106
1.90144e+107
2.0947e+107
2.43095e+107
2.61257e+107
8.68372e+106
-7.97879e+106
-1.80359e+107
-3.26978e+107
-3.75543e+107
-4.15207e+107
-3.50012e+107
-2.12818e+107
-1.22996e+107
-8.17813e+105
5.79971e+106
8.21563e+106
7.24071e+106
-1.30091e+106
-1.18419e+107
-1.63303e+107
-1.6002e+107
-1.20017e+107
-8.2206e+106
-4.56528e+106
-3.08628e+106
-3.18377e+106
-4.43524e+106
-6.90829e+106
-1.16433e+107
-2.00706e+107
-4.33054e+107
-9.27097e+107
9.39725e+108
6.42093e+109
2.08739e+110
4.54935e+110
7.17834e+110
8.62134e+110
8.884e+110
1.45872e+107
2.7146e+107
4.98291e+107
6.52814e+107
7.87649e+107
8.88476e+107
9.30502e+107
8.89305e+107
7.60555e+107
5.56975e+107
3.17503e+107
6.72357e+106
-1.8191e+107
-4.12779e+107
-6.11451e+107
-7.53233e+107
-8.14685e+107
-8.5047e+107
-8.8594e+107
-8.30186e+107
-6.31208e+107
-3.50496e+107
-1.36476e+107
1.40874e+106
2.20137e+107
3.60188e+107
4.02937e+107
4.63913e+107
4.70962e+107
2.81222e+107
8.4079e+106
-4.52836e+106
-2.68356e+107
-3.88617e+107
-4.23198e+107
-5.04676e+107
-4.36239e+107
-2.2817e+107
-1.22773e+107
2.79053e+106
2.07666e+107
2.27106e+107
2.64204e+107
2.74325e+107
8.67863e+106
-8.46206e+106
-1.93927e+107
-3.45279e+107
-3.88208e+107
-4.29023e+107
-3.58715e+107
-2.14924e+107
-1.19128e+107
2.37938e+105
6.48757e+106
9.10996e+106
7.22102e+106
-4.02767e+106
-1.3716e+107
-1.91619e+107
-1.90375e+107
-1.37288e+107
-8.92017e+106
-4.5047e+106
-2.7967e+106
-2.83556e+106
-4.05069e+106
-6.43451e+106
-1.12372e+107
-1.94202e+107
-5.32578e+107
-1.35349e+107
1.60872e+109
8.34273e+109
2.42991e+110
4.94637e+110
7.44205e+110
8.64942e+110
8.82587e+110
1.5015e+107
2.70548e+107
5.08766e+107
6.70838e+107
8.11764e+107
9.15983e+107
9.64235e+107
9.27936e+107
8.00867e+107
5.96534e+107
3.55593e+107
1.02611e+107
-1.56664e+107
-4.01758e+107
-6.13955e+107
-7.60812e+107
-8.25195e+107
-8.62173e+107
-8.99834e+107
-8.47173e+107
-6.40455e+107
-3.59806e+107
-1.44043e+107
1.47813e+106
2.32189e+107
3.76512e+107
4.22618e+107
4.88986e+107
4.96608e+107
3.00421e+107
9.9533e+106
-3.94633e+106
-2.7172e+107
-3.93899e+107
-4.25839e+107
-5.10544e+107
-4.37724e+107
-2.22086e+107
-1.1606e+107
4.3199e+106
2.26457e+107
2.45552e+107
2.86578e+107
2.88889e+107
8.82292e+106
-8.73604e+106
-2.06642e+107
-3.62265e+107
-3.99431e+107
-4.42297e+107
-3.66758e+107
-2.16531e+107
-1.14885e+107
1.26413e+106
7.2606e+106
1.03584e+107
6.81806e+106
-6.69628e+106
-1.48432e+107
-2.22535e+107
-2.23403e+107
-1.54755e+107
-9.654e+106
-4.41769e+106
-2.48213e+106
-2.47526e+106
-3.65453e+106
-5.93049e+106
-1.07576e+107
-1.97615e+107
-6.15746e+107
1.51598e+108
2.48952e+109
1.05585e+110
2.79154e+110
5.33556e+110
7.69721e+110
8.70969e+110
8.7513e+110
1.54479e+107
2.6727e+107
5.16066e+107
6.86876e+107
8.33833e+107
9.42374e+107
9.96177e+107
9.66107e+107
8.42079e+107
6.38164e+107
3.96093e+107
1.41151e+107
-1.26722e+107
-3.85708e+107
-6.1189e+107
-7.65494e+107
-8.33725e+107
-8.7274e+107
-9.10689e+107
-8.62139e+107
-6.50803e+107
-3.70577e+107
-1.51546e+107
1.54831e+106
2.43195e+107
3.92565e+107
4.42887e+107
5.14164e+107
5.23042e+107
3.22346e+107
1.17147e+107
-3.17187e+106
-2.72854e+107
-3.98309e+107
-4.27698e+107
-5.14861e+107
-4.39195e+107
-2.15741e+107
-1.08969e+107
5.85895e+106
2.46555e+107
2.64795e+107
3.1017e+107
3.05301e+107
9.15617e+106
-8.78783e+106
-2.18018e+107
-3.77535e+107
-4.09055e+107
-4.54866e+107
-3.74102e+107
-2.17609e+107
-1.10311e+107
2.31641e+106
8.20301e+106
1.18626e+107
6.11103e+106
-8.85389e+106
-1.58899e+107
-2.58251e+107
-2.51427e+107
-1.70635e+107
-1.03339e+107
-4.33862e+106
-2.15308e+106
-2.11563e+106
-3.25451e+106
-5.41449e+106
-1.00719e+107
-2.17412e+107
-5.62128e+107
4.33183e+108
3.60943e+109
1.30693e+110
3.1685e+110
5.71144e+110
7.936e+110
8.78622e+110
8.67048e+110
1.58499e+107
2.60447e+107
5.2006e+107
6.99564e+107
8.54088e+107
9.66475e+107
1.02563e+108
1.00355e+108
8.8405e+107
6.81833e+107
4.39018e+107
1.82759e+107
-9.18994e+106
-3.64286e+107
-6.04664e+107
-7.67299e+107
-8.40914e+107
-8.82849e+107
-9.18973e+107
-8.75083e+107
-6.62729e+107
-3.83033e+107
-1.58841e+107
1.57959e+106
2.52778e+107
4.08118e+107
4.63289e+107
5.3896e+107
5.50307e+107
3.47071e+107
1.3686e+107
-2.15758e+106
-2.71429e+107
-4.0202e+107
-4.28704e+107
-5.17513e+107
-4.41007e+107
-2.10083e+107
-1.0169e+107
7.36225e+106
2.68064e+107
2.84859e+107
3.34824e+107
3.23983e+107
9.72555e+106
-8.59661e+106
-2.27563e+107
-3.9078e+107
-4.16835e+107
-4.66504e+107
-3.80701e+107
-2.18096e+107
-1.05201e+107
3.47642e+106
9.36037e+106
1.34685e+107
5.28988e+106
-1.03809e+107
-1.7356e+107
-2.94759e+107
-2.70042e+107
-1.85821e+107
-1.09449e+107
-4.32768e+106
-1.81661e+106
-1.76941e+106
-2.85713e+106
-4.9081e+106
-9.30049e+106
-2.56983e+107
-1.73129e+107
8.61352e+108
4.99403e+109
1.5869e+110
3.55677e+110
6.06847e+110
8.14323e+110
8.8542e+110
8.60384e+110
1.62325e+107
2.50563e+107
5.19699e+107
7.08293e+107
8.71545e+107
9.87432e+107
1.05248e+108
1.03847e+108
9.25865e+107
7.26865e+107
4.83887e+107
2.26887e+107
-5.23718e+106
-3.37096e+107
-5.9191e+107
-7.66058e+107
-8.46987e+107
-8.92892e+107
-9.26311e+107
-8.86334e+107
-6.76379e+107
-3.97645e+107
-1.66238e+107
1.53556e+106
2.6016e+107
4.22772e+107
4.8359e+107
5.62793e+107
5.78303e+107
3.74688e+107
1.58606e+107
-8.77269e+105
-2.67018e+107
-4.05076e+107
-4.29118e+107
-5.18452e+107
-4.43391e+107
-2.05737e+107
-9.43278e+106
8.7599e+106
2.90565e+107
3.05867e+107
3.60206e+107
3.45322e+107
1.05849e+107
-8.14015e+106
-2.34726e+107
-4.01822e+107
-4.22514e+107
-4.76919e+107
-3.86505e+107
-2.1787e+107
-9.92442e+106
4.82836e+106
1.07513e+107
1.51122e+107
4.57834e+106
-1.1342e+107
-1.92874e+107
-3.24225e+107
-2.81067e+107
-2.02071e+107
-1.15336e+107
-4.34397e+106
-1.49368e+106
-1.45983e+106
-2.47829e+106
-4.38186e+106
-8.95298e+106
-2.92706e+107
8.30061e+107
1.4672e+109
6.66498e+109
1.89438e+110
3.95203e+110
6.40154e+110
8.30726e+110
8.89782e+110
8.55854e+110
1.66469e+107
2.36674e+107
5.13975e+107
7.1216e+107
8.84658e+107
1.00527e+108
1.07597e+108
1.07027e+108
9.66849e+107
7.72368e+107
5.29886e+107
2.72715e+107
-9.21369e+105
-3.04211e+107
-5.73233e+107
-7.6099e+107
-8.51584e+107
-9.02439e+107
-9.33639e+107
-8.96128e+107
-6.91388e+107
-4.14498e+107
-1.75178e+107
1.38895e+106
2.64598e+107
4.35975e+107
5.0378e+107
5.85054e+107
6.06666e+107
4.05229e+107
1.82204e+107
6.54286e+105
-2.59238e+107
-4.07419e+107
-4.29357e+107
-5.17602e+107
-4.46459e+107
-2.0316e+107
-8.68821e+106
9.99076e+106
3.12644e+107
3.27732e+107
3.8592e+107
3.69754e+107
1.17887e+107
-7.39228e+106
-2.3886e+107
-4.10528e+107
-4.2603e+107
-4.8576e+107
-3.91435e+107
-2.16679e+107
-9.21166e+106
6.43622e+106
1.2382e+107
1.68384e+107
4.17831e+106
-1.19073e+107
-2.14302e+107
-3.4333e+107
-2.88547e+107
-2.19749e+107
-1.2051e+107
-4.1883e+106
-1.22267e+106
-1.21165e+106
-2.1416e+106
-3.72886e+106
-9.3691e+106
-2.33818e+107
2.75645e+108
2.28359e+109
8.63846e+109
2.22723e+110
4.34978e+110
6.70703e+110
8.42406e+110
8.91074e+110
8.535e+110
1.70613e+107
2.1643e+107
5.04527e+107
7.10373e+107
8.9256e+107
1.01905e+108
1.09577e+108
1.09791e+108
1.00489e+108
8.17606e+107
5.76536e+107
3.19713e+107
3.65933e+106
-2.65495e+107
-5.48188e+107
-7.51338e+107
-8.54234e+107
-9.1078e+107
-9.40989e+107
-9.04003e+107
-7.07114e+107
-4.3348e+107
-1.87073e+107
1.10689e+106
2.65779e+107
4.47273e+107
5.23893e+107
6.05343e+107
6.34465e+107
4.38724e+107
2.07443e+107
2.40084e+106
-2.47696e+107
-4.08986e+107
-4.2983e+107
-5.14771e+107
-4.50282e+107
-2.02801e+107
-7.93133e+106
1.10225e+107
3.32991e+107
3.50365e+107
4.11416e+107
3.97525e+107
1.33984e+107
-6.32761e+106
-2.39258e+107
-4.16828e+107
-4.27406e+107
-4.92588e+107
-3.95476e+107
-2.14137e+107
-8.35045e+106
8.35856e+106
1.4254e+107
1.8746e+107
4.20679e+106
-1.22775e+107
-2.34788e+107
-3.54295e+107
-2.97368e+107
-2.3423e+107
-1.24034e+107
-4.0414e+106
-9.72801e+105
-1.06465e+106
-1.90923e+106
-3.01069e+106
-1.03429e+107
9.80688e+106
5.93033e+108
3.34359e+109
1.09235e+110
2.58252e+110
4.74538e+110
6.98353e+110
8.49701e+110
8.89405e+110
8.52914e+110
1.73769e+107
1.89311e+107
4.92232e+107
7.04115e+107
8.94666e+107
1.02825e+108
1.11114e+108
1.12042e+108
1.03822e+108
8.60995e+107
6.23238e+107
3.67069e+107
8.38697e+106
-2.21878e+107
-5.16588e+107
-7.36179e+107
-8.53986e+107
-9.18101e+107
-9.48993e+107
-9.10032e+107
-7.22992e+107
-4.54709e+107
-2.026e+107
6.55679e+105
2.63656e+107
4.55832e+107
5.43581e+107
6.23624e+107
6.60105e+107
4.74794e+107
2.34665e+107
4.33286e+106
-2.31947e+107
-4.0956e+107
-4.31146e+107
-5.09531e+107
-4.54891e+107
-2.05035e+107
-7.15925e+106
1.18413e+107
3.50993e+107
3.73888e+107
4.36034e+107
4.27869e+107
1.54692e+107
-4.93797e+106
-2.35188e+107
-4.20846e+107
-4.27006e+107
-4.96864e+107
-3.98698e+107
-2.09725e+107
-7.31577e+106
1.06211e+107
1.63842e+107
2.09642e+107
4.74365e+106
-1.24487e+107
-2.51958e+107
-3.59826e+107
-3.07521e+107
-2.42864e+107
-1.28214e+107
-3.88059e+106
-6.1023e+105
-1.09486e+106
-1.76449e+106
-2.60319e+106
-8.80769e+106
9.73659e+107
1.07033e+109
4.67852e+109
1.35212e+110
2.95663e+110
5.13435e+110
7.23192e+110
8.53494e+110
8.8534e+110
8.53686e+110
1.76364e+107
1.57182e+107
4.77404e+107
6.94608e+107
8.91947e+107
1.03212e+108
1.12125e+108
1.13766e+108
1.06537e+108
8.99838e+107
6.68856e+107
4.14127e+107
1.31782e+107
-1.75057e+107
-4.78505e+107
-7.14772e+107
-8.4946e+107
-9.24107e+107
-9.57283e+107
-9.1627e+107
-7.38468e+107
-4.77887e+107
-2.22287e+107
-4.70897e+104
2.58214e+107
4.60364e+107
5.61285e+107
6.39813e+107
6.82341e+107
5.11953e+107
2.64542e+107
6.4315e+106
-2.11866e+107
-4.08348e+107
-4.34466e+107
-5.02172e+107
-4.59801e+107
-2.1053e+107
-6.35772e+106
1.24389e+107
3.66107e+107
3.98475e+107
4.5939e+107
4.59097e+107
1.80361e+107
-3.2296e+106
-2.25772e+107
-4.22659e+107
-4.25834e+107
-4.98447e+107
-4.01265e+107
-2.02912e+107
-6.08617e+106
1.31671e+107
1.87773e+107
2.3556e+107
5.87404e+106
-1.22275e+107
-2.64344e+107
-3.62436e+107
-3.17388e+107
-2.47348e+107
-1.2565e+107
-3.37162e+106
-4.18361e+105
-1.09956e+106
-1.55559e+106
-2.72282e+106
5.21616e+106
2.70894e+108
1.74568e+109
6.3154e+109
1.6424e+110
3.34536e+110
5.5124e+110
7.45486e+110
8.55013e+110
8.79732e+110
8.55236e+110
1.80192e+107
1.23515e+107
4.62385e+107
6.82299e+107
8.862e+107
1.03072e+108
1.12571e+108
1.1491e+108
1.08614e+108
9.31896e+107
7.10706e+107
4.59697e+107
1.79563e+107
-1.26987e+107
-4.34995e+107
-6.85921e+107
-8.38708e+107
-9.27118e+107
-9.64945e+107
-9.24533e+107
-7.53295e+107
-5.01998e+107
-2.45551e+107
-1.17747e+106
2.49398e+107
4.59896e+107
5.75005e+107
6.54347e+107
7.00647e+107
5.48134e+107
2.97633e+107
8.70288e+106
-1.87879e+107
-4.03561e+107
-4.40372e+107
-4.9473e+107
-4.64301e+107
-2.2066e+107
-5.58704e+106
1.28257e+107
3.77541e+107
4.24331e+107
4.81357e+107
4.89836e+107
2.11285e+107
-1.22231e+106
-2.1038e+107
-4.21666e+107
-4.24989e+107
-4.97486e+107
-4.03442e+107
-1.93178e+107
-4.6658e+106
1.5935e+107
2.14602e+107
2.64665e+107
7.67504e+106
-1.15443e+107
-2.70947e+107
-3.62589e+107
-3.25189e+107
-2.47028e+107
-1.18396e+107
-2.4411e+106
-3.31667e+105
-1.03471e+106
-1.18767e+106
-2.16011e+106
5.2484e+107
5.66337e+108
2.659e+109
8.27525e+109
1.96161e+110
3.74406e+110
5.87554e+110
7.65608e+110
8.55612e+110
8.73553e+110
8.56958e+110
1.87222e+107
9.32581e+106
4.48811e+107
6.69411e+107
8.78242e+107
1.02639e+108
1.12554e+108
1.15505e+108
1.10067e+108
9.5714e+107
7.46438e+107
5.01997e+107
2.26377e+107
-7.83115e+106
-3.88269e+107
-6.49504e+107
-8.19811e+107
-9.23949e+107
-9.70306e+107
-9.33827e+107
-7.68831e+107
-5.26199e+107
-2.71734e+107
-2.88661e+106
2.37324e+107
4.54252e+107
5.83403e+107
6.67564e+107
7.15329e+107
5.8139e+107
3.33921e+107
1.11882e+107
-1.60913e+107
-3.92905e+107
-4.48024e+107
-4.90109e+107
-4.67109e+107
-2.36088e+107
-5.10873e+106
1.30143e+107
3.83619e+107
4.50814e+107
5.01916e+107
5.19147e+107
2.47898e+107
1.08286e+106
-1.89738e+107
-4.17098e+107
-4.25291e+107
-4.93703e+107
-4.05778e+107
-1.80252e+107
-3.07646e+106
1.88327e+107
2.44547e+107
2.96304e+107
1.0245e+107
-1.03956e+107
-2.70597e+107
-3.58942e+107
-3.29351e+107
-2.41188e+107
-1.05282e+107
-1.24291e+106
-1.60119e+105
-5.86036e+105
-7.69856e+105
6.64288e+106
1.62787e+108
1.02476e+109
3.84938e+109
1.05712e+110
2.3073e+110
4.14774e+110
6.21987e+110
7.83896e+110
8.56944e+110
8.68015e+110
8.58367e+110
1.95738e+107
7.07619e+106
4.36806e+107
6.57889e+107
8.69105e+107
1.02079e+108
1.12314e+108
1.15751e+108
1.11036e+108
9.76727e+107
7.76542e+107
5.39758e+107
2.70535e+107
-2.99632e+106
-3.39338e+107
-6.07052e+107
-7.91986e+107
-9.11711e+107
-9.70079e+107
-9.41334e+107
-7.85695e+107
-5.49806e+107
-2.99437e+107
-5.09341e+106
2.20927e+107
4.44385e+107
5.85383e+107
6.77423e+107
7.26753e+107
6.09553e+107
3.71921e+107
1.39617e+107
-1.31929e+107
-3.75031e+107
-4.54816e+107
-4.89981e+107
-4.67497e+107
-2.55345e+107
-5.25367e+106
1.31039e+107
3.83141e+107
4.75123e+107
5.20716e+107
5.45634e+107
2.90288e+107
3.74011e+106
-1.65567e+107
-4.07974e+107
-4.27341e+107
-4.85854e+107
-4.08925e+107
-1.65819e+107
-1.33671e+106
2.16484e+107
2.77553e+107
3.30585e+107
1.37105e+107
-8.62755e+106
-2.61974e+107
-3.49694e+107
-3.28045e+107
-2.28357e+107
-8.50727e+106
4.7164e+105
9.57146e+105
6.87907e+105
1.11862e+106
4.22402e+107
3.73164e+108
1.6918e+109
5.35269e+109
1.32081e+110
2.67625e+110
4.55124e+110
6.54127e+110
8.00579e+110
8.6039e+110
8.633e+110
8.5866e+110
2.01116e+107
5.57944e+106
4.24834e+107
6.46738e+107
8.59353e+107
1.01427e+108
1.11978e+108
1.1585e+108
1.11758e+108
9.93462e+107
8.0376e+107
5.74997e+107
3.12314e+107
1.74446e+106
-2.88636e+107
-5.59401e+107
-7.55494e+107
-8.88851e+107
-9.60036e+107
-9.42402e+107
-7.99904e+107
-5.73029e+107
-3.26741e+107
-7.61485e+106
1.98551e+107
4.30611e+107
5.81099e+107
6.81544e+107
7.34708e+107
6.32025e+107
4.08057e+107
1.70542e+107
-1.00747e+107
-3.50951e+107
-4.57007e+107
-4.93921e+107
-4.67306e+107
-2.75677e+107
-6.1921e+106
1.31443e+107
3.77189e+107
4.93452e+107
5.3847e+107
5.67289e+107
3.36041e+107
6.78922e+106
-1.38902e+107
-3.92187e+107
-4.3182e+107
-4.73721e+107
-4.1226e+107
-1.54427e+107
4.7022e+105
2.41712e+107
3.13896e+107
3.67222e+107
1.82094e+107
-6.05803e+106
-2.4372e+107
-3.33602e+107
-3.18388e+107
-2.06849e+107
-5.68071e+106
3.01333e+106
3.66558e+106
3.59862e+106
1.40617e+107
1.34864e+108
7.27749e+108
2.61507e+109
7.19893e+109
1.61809e+110
3.06457e+110
4.94937e+110
6.83622e+110
8.15275e+110
8.64283e+110
8.59006e+110
8.57924e+110
2.01825e+107
4.8359e+106
4.1312e+107
6.35096e+107
8.47709e+107
1.00521e+108
1.1136e+108
1.15684e+108
1.12275e+108
1.00826e+108
8.29352e+107
6.09219e+107
3.53565e+107
6.53687e+106
-2.35258e+107
-5.05875e+107
-7.10161e+107
-8.5463e+107
-9.37311e+107
-9.31505e+107
-8.04957e+107
-5.92101e+107
-3.51944e+107
-1.01517e+107
1.72359e+107
4.11268e+107
5.71907e+107
6.79856e+107
7.37525e+107
6.49211e+107
4.39315e+107
2.03109e+107
-6.66239e+106
-3.22406e+107
-4.50891e+107
-4.97666e+107
-4.70027e+107
-2.9451e+107
-7.81014e+106
1.2813e+107
3.67569e+107
5.03253e+107
5.56138e+107
5.84223e+107
3.79837e+107
1.02683e+107
-1.10513e+107
-3.68077e+107
-4.37423e+107
-4.61424e+107
-4.14291e+107
-1.50427e+107
2.35511e+106
2.62585e+107
3.54425e+107
4.05098e+107
2.39059e+107
-2.49281e+106
-2.13079e+107
-3.10392e+107
-2.95861e+107
-1.73773e+107
-2.06198e+106
6.5102e+106
8.63163e+106
1.25181e+107
5.94232e+107
3.23554e+108
1.27702e+109
3.84138e+109
9.41054e+109
1.94757e+110
3.46782e+110
5.33744e+110
7.10229e+110
8.26943e+110
8.65992e+110
8.55406e+110
8.56617e+110
1.98895e+107
4.99534e+106
4.04716e+107
6.25431e+107
8.36106e+107
9.94549e+107
1.10467e+108
1.15159e+108
1.12408e+108
1.01936e+108
8.51615e+107
6.4103e+107
3.9376e+107
1.13822e+107
-1.79524e+107
-4.47332e+107
-6.56673e+107
-8.09607e+107
-9.01375e+107
-9.0624e+107
-7.96337e+107
-6.00625e+107
-3.70587e+107
-1.22916e+107
1.47209e+107
3.88343e+107
5.58674e+107
6.7431e+107
7.35333e+107
6.60864e+107
4.6594e+107
2.35328e+107
-2.99914e+106
-2.88442e+107
-4.34663e+107
-4.94783e+107
-4.73374e+107
-3.10953e+107
-9.71008e+106
1.17486e+107
3.55806e+107
5.05116e+107
5.7046e+107
5.97462e+107
4.17008e+107
1.42437e+107
-7.97544e+106
-3.37268e+107
-4.40642e+107
-4.54498e+107
-4.11808e+107
-1.55349e+107
4.27676e+106
2.77723e+107
3.97336e+107
4.42166e+107
3.06257e+107
2.27124e+106
-1.6597e+107
-2.79468e+107
-2.57027e+107
-1.3012e+107
2.56516e+106
1.21875e+107
1.88401e+107
4.21371e+107
1.70031e+108
6.56e+108
2.0751e+109
5.41346e+109
1.20007e+110
2.30687e+110
3.8811e+110
5.71111e+110
7.33744e+110
8.34906e+110
8.65036e+110
8.52793e+110
8.55049e+110
1.92744e+107
6.09565e+106
4.01775e+107
6.20334e+107
8.27665e+107
9.85758e+107
1.09651e+108
1.14615e+108
1.12428e+108
1.02856e+108
8.71294e+107
6.70212e+107
4.31718e+107
1.60912e+107
-1.23751e+107
-3.86834e+107
-5.98455e+107
-7.56948e+107
-8.55481e+107
-8.69582e+107
-7.75514e+107
-5.97748e+107
-3.80131e+107
-1.38659e+107
1.25395e+107
3.65596e+107
5.43022e+107
6.6651e+107
7.3047e+107
6.68288e+107
4.90256e+107
2.67895e+107
9.07145e+105
-2.46833e+107
-4.06172e+107
-4.79582e+107
-4.6816e+107
-3.21301e+107
-1.1304e+107
1.03019e+107
3.40908e+107
5.01187e+107
5.77583e+107
6.07139e+107
4.46354e+107
1.82887e+107
-4.56417e+106
-3.03002e+107
-4.35422e+107
-4.5316e+107
-4.05422e+107
-1.6609e+107
5.62558e+106
2.8741e+107
4.35419e+107
4.78645e+107
3.75054e+107
8.53711e+106
-1.02979e+107
-2.37613e+107
-2.00554e+107
-7.10955e+106
1.07421e+107
2.46812e+107
4.67269e+107
1.22114e+108
3.89497e+108
1.18709e+109
3.17644e+109
7.3675e+109
1.49725e+110
2.69275e+110
4.29923e+110
6.06636e+110
7.54098e+110
8.39386e+110
8.62001e+110
8.50919e+110
8.5361e+110
1.83048e+107
8.11853e+106
4.04613e+107
6.20507e+107
8.23425e+107
9.80294e+107
1.09086e+108
1.14257e+108
1.12568e+108
1.03824e+108
8.90834e+107
6.99031e+107
4.69452e+107
2.08008e+107
-6.74896e+106
-3.2493e+107
-5.36994e+107
-6.99056e+107
-8.02638e+107
-8.2489e+107
-7.45697e+107
-5.8551e+107
-3.8153e+107
-1.48937e+107
1.06556e+107
3.43169e+107
5.25126e+107
6.54853e+107
7.22357e+107
6.7194e+107
5.11587e+107
3.00264e+107
5.02313e+106
-1.98688e+107
-3.6574e+107
-4.50832e+107
-4.48582e+107
-3.18722e+107
-1.20446e+107
9.38696e+106
3.27512e+107
4.95535e+107
5.81324e+107
6.13191e+107
4.70497e+107
2.21299e+107
-7.12339e+105
-2.63203e+107
-4.15912e+107
-4.47459e+107
-3.9982e+107
-1.76411e+107
5.82638e+106
2.94033e+107
4.62144e+107
5.1586e+107
4.37797e+107
1.68274e+107
-1.68628e+106
-1.52761e+107
-9.83543e+106
5.65708e+106
2.9928e+107
5.8947e+107
1.20652e+108
2.92192e+108
7.69984e+108
1.97522e+109
4.63213e+109
9.73067e+109
1.83185e+110
3.10116e+110
4.71675e+110
6.39956e+110
7.71424e+110
8.41247e+110
8.5781e+110
8.49579e+110
8.5229e+110
1.69735e+107
1.10427e+107
4.13355e+107
6.26343e+107
8.23726e+107
9.78553e+107
1.08819e+108
1.14125e+108
1.1287e+108
1.04875e+108
9.10644e+107
7.27933e+107
5.07499e+107
2.55763e+107
-1.00612e+106
-2.60953e+107
-4.71753e+107
-6.35619e+107
-7.42803e+107
-7.72202e+107
-7.06734e+107
-5.63369e+107
-3.73588e+107
-1.51728e+107
9.33965e+106
3.24157e+107
5.07754e+107
6.41363e+107
7.11814e+107
6.72341e+107
5.29004e+107
3.30081e+107
9.11354e+106
-1.48587e+107
-3.19106e+107
-4.12799e+107
-4.19055e+107
-3.05609e+107
-1.20673e+107
8.95096e+106
3.17636e+107
4.89816e+107
5.86066e+107
6.19796e+107
4.94894e+107
2.64729e+107
4.00444e+106
-2.09123e+107
-3.72727e+107
-4.18256e+107
-3.75695e+107
-1.66487e+107
7.23976e+106
3.14034e+107
5.00438e+107
5.72421e+107
5.24992e+107
2.99116e+107
1.41945e+107
4.48138e+106
1.49621e+107
3.90487e+107
7.87272e+107
1.42722e+108
2.78036e+108
5.99822e+108
1.36878e+109
3.07848e+109
6.48687e+109
1.25199e+110
2.20201e+110
3.52735e+110
5.12817e+110
6.70774e+110
7.86033e+110
8.41568e+110
8.53346e+110
8.4858e+110
8.51047e+110
1.53188e+107
1.48251e+107
4.27991e+107
6.38249e+107
8.29308e+107
9.81304e+107
1.08922e+108
1.14289e+108
1.13395e+108
1.06059e+108
9.31004e+107
7.57006e+107
5.45654e+107
3.03758e+107
4.78957e+106
-1.9567e+107
-4.03676e+107
-5.67665e+107
-6.76965e+107
-7.12243e+107
-6.5893e+107
-5.31081e+107
-3.55318e+107
-1.4515e+107
8.85717e+106
3.11892e+107
4.94689e+107
6.30074e+107
7.02671e+107
6.73048e+107
5.45432e+107
3.59354e+107
1.32598e+107
-9.68501e+106
-2.6802e+107
-3.67716e+107
-3.8186e+107
-2.84382e+107
-1.14274e+107
8.83358e+106
3.08853e+107
4.82528e+107
5.87576e+107
6.25161e+107
5.17997e+107
3.10874e+107
9.46415e+106
-1.42194e+107
-3.06428e+107
-3.61408e+107
-3.19976e+107
-1.2241e+107
1.2236e+107
3.76119e+107
5.87706e+107
6.9609e+107
6.97439e+107
5.50907e+107
4.66763e+107
4.74695e+107
7.01109e+107
1.12137e+108
1.83018e+108
3.09215e+108
5.60494e+108
1.09747e+109
2.24418e+109
4.55068e+109
8.77607e+109
1.57402e+110
2.60481e+110
3.96597e+110
5.5281e+110
6.98868e+110
7.98309e+110
8.41313e+110
8.49277e+110
8.47781e+110
8.49868e+110
1.34011e+107
1.94103e+107
4.48229e+107
6.55959e+107
8.40393e+107
9.89123e+107
1.09477e+108
1.1484e+108
1.14225e+108
1.07462e+108
9.52767e+107
7.87018e+107
5.84464e+107
3.52324e+107
1.06442e+107
-1.29302e+107
-3.33379e+107
-4.96144e+107
-6.06332e+107
-6.46305e+107
-6.03564e+107
-4.8977e+107
-3.27459e+107
-1.29381e+107
9.23898e+106
3.07164e+107
4.8718e+107
6.22542e+107
6.96471e+107
6.75545e+107
5.62399e+107
3.89429e+107
1.75643e+107
-4.26237e+106
-2.11891e+107
-3.15055e+107
-3.35842e+107
-2.52947e+107
-9.76832e+106
9.52105e+106
3.06454e+107
4.79191e+107
5.90321e+107
6.32058e+107
5.42397e+107
3.58761e+107
1.5579e+107
-6.46089e+106
-2.21723e+107
-2.77853e+107
-2.31729e+107
-3.71597e+106
2.19966e+107
4.99796e+107
7.5244e+107
9.24508e+107
1.00809e+108
9.86973e+107
1.04217e+108
1.24069e+108
1.69849e+108
2.43865e+108
3.70371e+108
5.9369e+108
1.01356e+109
1.83907e+109
3.45182e+109
6.43823e+109
1.15241e+110
1.93845e+110
3.03638e+110
4.4113e+110
5.91154e+110
7.24096e+110
8.08618e+110
8.41157e+110
8.46008e+110
8.47053e+110
8.48792e+110
1.12872e+107
2.47328e+107
4.73886e+107
6.79139e+107
8.56614e+107
1.00187e+108
1.105e+108
1.15815e+108
1.15408e+108
1.09141e+108
9.76445e+107
8.18397e+107
6.24295e+107
4.01777e+107
1.65815e+107
-6.17555e+106
-2.60976e+107
-4.21379e+107
-5.31403e+107
-5.74972e+107
-5.41306e+107
-4.40098e+107
-2.90466e+107
-1.04495e+107
1.05079e+107
3.10525e+107
4.86139e+107
6.19878e+107
6.94242e+107
6.8073e+107
5.80659e+107
4.20652e+107
2.20189e+107
1.36918e+106
-1.51579e+107
-2.55944e+107
-2.81879e+107
-2.11713e+107
-7.04151e+106
1.11832e+107
3.13058e+107
4.83268e+107
5.98414e+107
6.44673e+107
5.723e+107
4.1233e+107
2.26555e+107
2.6659e+106
-1.16588e+107
-1.6472e+107
-1.05932e+107
9.70963e+106
3.78346e+107
7.008e+107
1.01856e+108
1.28782e+108
1.50229e+108
1.66846e+108
1.9524e+108
2.45295e+108
3.29176e+108
4.55934e+108
6.69441e+108
1.03381e+109
1.68357e+109
2.87614e+109
5.04099e+109
8.77715e+109
1.47425e+110
2.3433e+110
3.49194e+110
4.85739e+110
6.27402e+110
7.4638e+110
8.17233e+110
8.4156e+110
8.43734e+110
8.46266e+110
8.4786e+110
9.03776e+106
3.07026e+107
5.04783e+107
7.07664e+107
8.77873e+107
1.0194e+108
1.1197e+108
1.17208e+108
1.16957e+108
1.11121e+108
1.00235e+108
8.51428e+107
6.65371e+107
4.52152e+107
2.25906e+107
6.71361e+105
-1.86884e+107
-3.4396e+107
-4.52876e+107
-4.98976e+107
-4.7295e+107
-3.82842e+107
-2.44919e+107
-7.06865e+106
1.26813e+107
3.22493e+107
4.92508e+107
6.23325e+107
6.973e+107
6.89928e+107
6.01507e+107
4.54015e+107
2.66852e+107
7.2388e+106
-8.72989e+106
-1.91013e+107
-2.20664e+107
-1.61336e+107
-3.28375e+106
1.38519e+107
3.29559e+107
4.96162e+107
6.13897e+107
6.65207e+107
6.10127e+107
4.74414e+107
3.09786e+107
1.34937e+107
1.29112e+106
-1.70046e+106
6.51014e+106
2.91511e+107
6.14024e+107
1.00174e+108
1.41655e+108
1.82681e+108
2.2345e+108
2.66935e+108
3.29447e+108
4.23877e+108
5.64268e+108
7.71441e+108
1.10985e+109
1.66691e+109
2.6143e+109
4.25465e+109
7.05181e+109
1.15913e+110
1.84293e+110
2.78537e+110
3.96602e+110
5.2983e+110
6.61174e+110
7.65689e+110
8.2424e+110
8.42393e+110
8.42256e+110
8.45341e+110
8.47121e+110
6.70574e+106
3.71939e+107
5.40353e+107
7.41161e+107
9.04021e+107
1.04167e+108
1.13887e+108
1.19013e+108
1.18873e+108
1.13404e+108
1.0306e+108
8.86322e+107
7.07939e+107
5.03587e+107
2.86754e+107
7.6001e+106
-1.11482e+107
-2.64539e+107
-3.71518e+107
-4.19176e+107
-3.99461e+107
-3.1902e+107
-1.91774e+107
-2.86752e+106
1.57143e+107
3.42899e+107
5.06481e+107
6.33393e+107
7.06269e+107
7.0387e+107
6.2576e+107
4.90191e+107
3.16096e+107
1.33744e+107
-1.91316e+106
-1.2065e+107
-1.52642e+107
-1.023e+107
1.47295e+106
1.75422e+107
3.56471e+107
5.18796e+107
6.38116e+107
6.94957e+107
6.57211e+107
5.46431e+107
4.06676e+107
2.61588e+107
1.68475e+107
1.67722e+107
2.85829e+107
5.53383e+107
9.38773e+107
1.42029e+108
1.97161e+108
2.57694e+108
3.2534e+108
4.0573e+108
5.16018e+108
6.72218e+108
8.91173e+108
1.21224e+109
1.71955e+109
2.52708e+109
3.84397e+109
6.01196e+109
9.51267e+109
1.48909e+110
2.25683e+110
3.26038e+110
4.45258e+110
5.72833e+110
6.92173e+110
7.82086e+110
8.29534e+110
8.42719e+110
8.41387e+110
8.44432e+110
8.46611e+110
4.34413e+106
4.4064e+107
5.79793e+107
7.78921e+107
9.3451e+107
1.06828e+108
1.16227e+108
1.21215e+108
1.21146e+108
1.15981e+108
1.06122e+108
9.23012e+107
7.51857e+107
5.56025e+107
3.48344e+107
1.45949e+107
-3.50641e+106
-1.83507e+107
-2.87918e+107
-3.36351e+107
-3.21693e+107
-2.49559e+107
-1.31948e+107
2.075e+106
1.95428e+107
3.71312e+107
5.27887e+107
6.50174e+107
7.21332e+107
7.22855e+107
6.53797e+107
5.29434e+107
3.67984e+107
1.97644e+107
5.24581e+106
-4.56071e+106
-7.86786e+106
-3.55523e+106
7.14411e+106
2.22087e+107
3.93669e+107
5.51477e+107
6.71849e+107
7.34768e+107
7.14537e+107
6.29554e+107
5.18239e+107
4.07834e+107
3.5166e+107
3.91654e+107
5.60183e+107
8.89078e+107
1.36286e+108
1.97207e+108
2.70626e+108
3.56996e+108
4.60265e+108
5.89229e+108
7.63013e+108
1.00123e+109
1.32484e+109
1.79772e+109
2.52286e+109
3.64298e+109
5.40286e+109
8.17467e+109
1.24389e+110
1.86711e+110
2.71298e+110
3.76307e+110
4.94528e+110
6.14217e+110
7.20191e+110
7.95706e+110
8.33137e+110
8.42347e+110
8.40945e+110
8.43643e+110
8.46276e+110
2.01207e+106
5.11732e+107
6.2226e+107
8.20116e+107
9.6866e+107
1.09866e+108
1.1894e+108
1.23772e+108
1.23741e+108
1.1883e+108
1.09404e+108
9.6136e+107
7.97004e+107
6.092e+107
4.103e+107
2.16132e+107
4.1836e+106
-1.0152e+107
-2.02785e+107
-2.51206e+107
-2.40535e+107
-1.75525e+107
-6.64723e+106
7.66193e+106
2.40805e+107
4.07058e+107
5.56288e+107
6.73443e+107
7.42388e+107
7.46905e+107
6.8572e+107
5.71755e+107
4.22371e+107
2.63775e+107
1.26838e+107
3.31987e+106
1.56768e+104
3.76832e+106
1.36068e+107
2.77517e+107
4.4037e+107
5.93749e+107
7.15017e+107
7.84625e+107
7.82237e+107
7.24086e+107
6.44653e+107
5.73992e+107
5.6302e+107
6.55852e+107
8.9064e+107
1.30312e+108
1.89415e+108
2.66963e+108
3.63912e+108
4.83251e+108
6.31889e+108
8.22424e+108
1.07703e+109
1.41965e+109
1.87772e+109
2.54348e+109
3.53874e+109
5.03577e+109
7.31132e+109
1.07569e+110
1.58312e+110
2.29125e+110
3.20711e+110
4.28733e+110
5.43767e+110
6.53513e+110
7.45105e+110
8.06753e+110
8.35297e+110
8.41443e+110
8.4074e+110
8.43025e+110
8.45793e+110
-2.31166e+105
5.83822e+107
6.66905e+107
8.63948e+107
1.00579e+108
1.13214e+108
1.21969e+108
1.26635e+108
1.26615e+108
1.2191e+108
1.12867e+108
1.00108e+108
8.43133e+107
6.62902e+107
4.72401e+107
2.86198e+107
1.1864e+107
-1.93561e+106
-1.17048e+107
-1.64732e+107
-1.57001e+107
-9.78915e+106
3.51606e+105
1.37671e+107
2.92128e+107
4.49136e+107
5.90924e+107
7.02631e+107
7.68999e+107
7.75718e+107
7.21317e+107
6.16908e+107
4.78914e+107
3.31661e+107
2.03275e+107
1.1477e+107
8.26996e+106
1.1607e+107
2.0723e+107
3.4049e+107
4.95529e+107
6.44876e+107
7.67243e+107
8.44294e+107
8.60297e+107
8.30237e+107
7.86085e+107
7.60361e+107
8.0302e+107
9.61118e+107
1.27899e+108
1.79874e+108
2.53832e+108
3.52206e+108
4.78373e+108
6.38383e+108
8.42831e+108
1.10882e+109
1.46262e+109
1.93342e+109
2.55856e+109
3.46021e+109
4.77959e+109
6.71793e+109
9.57862e+109
1.37595e+110
1.96754e+110
2.75811e+110
3.73383e+110
4.82652e+110
5.92342e+110
6.90322e+110
7.66883e+110
8.15513e+110
8.36438e+110
8.40291e+110
8.40619e+110
8.42579e+110
8.45544e+110
-2.33203e+106
6.55561e+107
7.12918e+107
9.09575e+107
1.04517e+108
1.16808e+108
1.25251e+108
1.29743e+108
1.29712e+108
1.25177e+108
1.16469e+108
1.04175e+108
8.89796e+107
7.16747e+107
5.34307e+107
3.55831e+107
1.94998e+107
6.24799e+106
-3.14756e+106
-7.79993e+106
-7.2308e+106
-1.78627e+106
7.69055e+106
2.02949e+107
3.48266e+107
4.96417e+107
6.30857e+107
7.36998e+107
8.0055e+107
8.08782e+107
7.60185e+107
6.64477e+107
5.37144e+107
4.00743e+107
2.80992e+107
1.98101e+107
1.67785e+107
1.98258e+107
2.83499e+107
4.09662e+107
5.57928e+107
7.03896e+107
8.27883e+107
9.13301e+107
9.48492e+107
9.48018e+107
9.42563e+107
9.67063e+107
1.07184e+108
1.30774e+108
1.72602e+108
2.37744e+108
3.29817e+108
4.53404e+108
6.14713e+108
8.23382e+108
1.0944e+109
1.45011e+109
1.92185e+109
2.54515e+109
3.37156e+109
4.55283e+109
6.25015e+109
8.69204e+109
1.22016e+110
1.71688e+110
2.39425e+110
3.26295e+110
4.28674e+110
5.37358e+110
6.39652e+110
7.24327e+110
7.85578e+110
8.22321e+110
8.37061e+110
8.39201e+110
8.40457e+110
8.4228e+110
8.45541e+110
-4.24186e+106
7.25673e+107
7.59461e+107
9.56165e+107
1.08609e+108
1.20579e+108
1.28724e+108
1.3304e+108
1.32977e+108
1.28581e+108
1.20165e+108
1.08294e+108
9.36538e+107
7.70277e+107
5.95449e+107
4.24481e+107
2.70387e+107
1.43461e+107
5.33814e+106
8.32307e+105
1.25237e+106
6.30703e+106
1.52234e+107
2.71263e+107
4.08247e+107
5.4796e+107
6.7506e+107
7.75705e+107
8.36302e+107
8.45491e+107
8.01848e+107
7.1402e+107
5.96594e+107
4.70494e+107
3.59309e+107
2.82329e+107
2.54404e+107
2.83072e+107
3.63613e+107
4.8381e+107
6.26428e+107
7.69861e+107
8.96244e+107
9.91102e+107
1.04649e+108
1.07727e+108
1.11389e+108
1.19385e+108
1.36904e+108
1.69504e+108
2.23092e+108
3.03822e+108
4.17274e+108
5.70473e+108
7.72852e+108
1.03815e+109
1.38641e+109
1.84595e+109
2.45414e+109
3.25393e+109
4.31619e+109
5.82e+109
7.94701e+109
1.09504e+110
1.5165e+110
2.09575e+110
2.859e+110
3.79986e+110
4.85874e+110
5.92137e+110
6.85156e+110
7.55309e+110
8.01319e+110
8.27505e+110
8.37642e+110
8.38442e+110
8.40228e+110
8.42064e+110
8.45797e+110
-5.92116e+106
7.92986e+107
8.05763e+107
1.00292e+108
1.12781e+108
1.2446e+108
1.32323e+108
1.36463e+108
1.36353e+108
1.32067e+108
1.23906e+108
1.12421e+108
9.82896e+107
8.22966e+107
6.55292e+107
4.91552e+107
3.44044e+107
2.22811e+107
1.36838e+107
9.35892e+106
9.67894e+106
1.44005e+107
2.28128e+107
3.40867e+107
4.70583e+107
6.02701e+107
7.22813e+107
8.17924e+107
8.75264e+107
8.85048e+107
8.45663e+107
7.64983e+107
6.56713e+107
5.40322e+107
4.37518e+107
3.66601e+107
3.41567e+107
3.69369e+107
4.46327e+107
5.61682e+107
6.99807e+107
8.41676e+107
9.71399e+107
1.07686e+108
1.15359e+108
1.21738e+108
1.2993e+108
1.43971e+108
1.69316e+108
2.12081e+108
2.79064e+108
3.77683e+108
5.15631e+108
7.02652e+108
9.51774e+108
1.28132e+109
1.717e+109
2.29382e+109
3.05602e+109
4.05511e+109
5.38692e+109
7.25383e+109
9.85839e+109
1.34748e+110
1.8441e+110
2.50854e+110
3.35622e+110
4.3619e+110
5.44217e+110
6.46284e+110
7.28384e+110
7.83148e+110
8.14297e+110
8.31278e+110
8.38134e+110
8.38052e+110
8.40025e+110
8.41874e+110
8.4629e+110
-7.34393e+106
8.56523e+107
8.5108e+107
1.04908e+108
1.16961e+108
1.28382e+108
1.35984e+108
1.39951e+108
1.3978e+108
1.35579e+108
1.27639e+108
1.16504e+108
1.02841e+108
8.74329e+107
7.13305e+107
5.5643e+107
4.15291e+107
2.99691e+107
2.17971e+107
1.76931e+107
1.79681e+107
2.24192e+107
3.03811e+107
4.10603e+107
5.33621e+107
6.58964e+107
7.72872e+107
8.62785e+107
9.16805e+107
9.26584e+107
8.9083e+107
8.16663e+107
7.16855e+107
6.09585e+107
5.14894e+107
4.50078e+107
4.28308e+107
4.56036e+107
5.30412e+107
6.41989e+107
7.76745e+107
9.18052e+107
1.05211e+108
1.16933e+108
1.26854e+108
1.36701e+108
1.49713e+108
1.70252e+108
2.04126e+108
2.581e+108
3.39959e+108
4.58556e+108
6.23839e+108
8.4852e+108
1.14955e+109
1.55027e+109
2.08262e+109
2.78893e+109
3.72118e+109
4.94072e+109
6.57334e+109
8.84e+109
1.19643e+110
1.62373e+110
2.19908e+110
2.95001e+110
3.87933e+110
4.94141e+110
6.02915e+110
6.99134e+110
7.6895e+110
8.07836e+110
8.24788e+110
8.33769e+110
8.38172e+110
8.37918e+110
8.39888e+110
8.4179e+110
8.47061e+110
-8.49681e+106
9.15498e+107
8.94758e+107
1.09395e+108
1.21085e+108
1.32278e+108
1.39645e+108
1.43444e+108
1.43201e+108
1.3906e+108
1.31312e+108
1.20494e+108
1.0726e+108
9.23951e+107
7.6906e+107
6.18597e+107
4.83568e+107
3.73438e+107
2.95938e+107
2.57373e+107
2.60214e+107
3.02612e+107
3.78456e+107
4.79863e+107
5.96501e+107
7.1538e+107
8.23534e+107
9.08829e+107
9.6004e+107
9.69581e+107
9.36773e+107
8.68247e+107
7.76289e+107
6.7758e+107
5.90708e+107
5.31943e+107
5.137e+107
5.42007e+107
6.1468e+107
7.23453e+107
8.55877e+107
9.97575e+107
1.1369e+108
1.26687e+108
1.38955e+108
1.52404e+108
1.70474e+108
1.97881e+108
2.40871e+108
3.0693e+108
4.04927e+108
5.45285e+108
7.40338e+108
1.00597e+109
1.36335e+109
1.84119e+109
2.47814e+109
3.32443e+109
4.44062e+109
5.89977e+109
7.8603e+109
1.0558e+110
1.4237e+110
1.92004e+110
2.57651e+110
3.4139e+110
4.42083e+110
5.53019e+110
6.61177e+110
7.50083e+110
8.06572e+110
8.29476e+110
8.33144e+110
8.35193e+110
8.37667e+110
8.37923e+110
8.39808e+110
8.41844e+110
8.48104e+110
-9.36861e+106
9.69323e+107
9.36226e+107
1.13695e+108
1.25093e+108
1.36089e+108
1.43247e+108
1.46888e+108
1.46568e+108
1.42466e+108
1.34879e+108
1.24345e+108
1.11506e+108
9.71437e+107
8.2225e+107
6.77775e+107
5.48487e+107
4.43576e+107
3.70147e+107
3.34078e+107
3.37445e+107
3.78275e+107
4.50999e+107
5.47765e+107
6.58606e+107
7.71381e+107
8.73941e+107
9.54763e+107
1.00347e+108
1.01309e+108
9.82989e+107
9.19403e+107
8.3438e+107
7.43576e+107
6.64249e+107
6.11451e+107
5.96923e+107
6.26307e+107
6.98022e+107
8.04862e+107
9.35887e+107
1.07884e+108
1.22424e+108
1.36775e+108
1.51455e+108
1.68598e+108
1.91886e+108
2.26425e+108
2.78963e+108
3.5777e+108
4.72874e+108
6.36385e+108
8.63124e+108
1.17232e+109
1.58955e+109
2.1492e+109
2.89703e+109
3.89162e+109
5.203e+109
6.91837e+109
9.22847e+109
1.2382e+110
1.66421e+110
2.23191e+110
2.9706e+110
3.89314e+110
4.97264e+110
6.11982e+110
7.18247e+110
7.98601e+110
8.41067e+110
8.48257e+110
8.39759e+110
8.35934e+110
8.36889e+110
8.37928e+110
8.39784e+110
8.4204e+110
8.4948e+110
-9.93525e+106
1.01742e+108
9.74987e+107
1.17756e+108
1.28929e+108
1.3976e+108
1.4673e+108
1.50224e+108
1.49826e+108
1.4575e+108
1.38303e+108
1.2802e+108
1.15543e+108
1.01645e+108
8.72567e+107
7.3373e+107
6.09826e+107
5.09797e+107
4.40249e+107
4.06581e+107
4.10691e+107
4.50435e+107
5.2054e+107
6.13294e+107
7.19051e+107
8.26343e+107
9.23636e+107
1.00014e+108
1.04626e+108
1.05586e+108
1.02838e+108
9.69578e+107
8.90856e+107
8.07224e+107
7.34837e+107
6.87886e+107
6.77183e+107
7.08036e+107
7.79404e+107
8.85049e+107
1.01548e+108
1.1604e+108
1.31251e+108
1.47008e+108
1.64132e+108
1.85003e+108
2.13584e+108
2.55396e+108
3.17735e+108
4.09707e+108
5.42554e+108
7.30152e+108
9.8988e+108
1.34442e+109
1.82391e+109
2.46862e+109
3.33165e+109
4.48035e+109
5.99504e+109
7.9797e+109
1.06549e+110
1.42813e+110
1.91394e+110
2.55415e+110
3.3749e+110
4.3801e+110
5.52634e+110
6.70192e+110
7.7342e+110
8.44245e+110
8.72358e+110
8.64436e+110
8.4505e+110
8.36446e+110
8.36189e+110
8.37877e+110
8.3981e+110
8.42414e+110
8.51215e+110
-1.01521e+107
1.05898e+108
1.01061e+108
1.21526e+108
1.32542e+108
1.4323e+108
1.50032e+108
1.5339e+108
1.52918e+108
1.4886e+108
1.41539e+108
1.31484e+108
1.19337e+108
1.0587e+108
9.19694e+107
7.86114e+107
6.67264e+107
5.71761e+107
5.05905e+107
4.74563e+107
4.79498e+107
5.18497e+107
5.86408e+107
6.75685e+107
7.76982e+107
8.79428e+107
9.71956e+107
1.04447e+108
1.08813e+108
1.09742e+108
1.07207e+108
1.01768e+108
9.4501e+107
8.68137e+107
8.02144e+107
7.60608e+107
7.53582e+107
7.86246e+107
8.57745e+107
9.62801e+107
1.09326e+108
1.2407e+108
1.39992e+108
1.57173e+108
1.76731e+108
2.01303e+108
2.35158e+108
2.84247e+108
3.5645e+108
4.61735e+108
6.12596e+108
8.24716e+108
1.11806e+109
1.51883e+109
2.06178e+109
2.79318e+109
3.77361e+109
5.07941e+109
6.80203e+109
9.06468e+109
1.21138e+110
1.6222e+110
2.16846e+110
2.88113e+110
3.78254e+110
4.86683e+110
6.07346e+110
7.26849e+110
8.26063e+110
8.86672e+110
9.00468e+110
8.78321e+110
8.49402e+110
8.37137e+110
8.35899e+110
8.37818e+110
8.39899e+110
8.43022e+110
8.53326e+110
-9.9715e+106
1.09291e+108
1.04265e+108
1.24956e+108
1.35879e+108
1.46447e+108
1.53102e+108
1.56336e+108
1.55799e+108
1.51758e+108
1.4455e+108
1.34709e+108
1.22866e+108
1.09794e+108
9.63415e+107
8.34634e+107
7.20469e+107
6.29116e+107
5.66712e+107
5.37612e+107
5.43415e+107
5.81889e+107
6.47966e+107
7.34294e+107
8.31688e+107
9.29783e+107
1.01806e+108
1.08696e+108
1.12843e+108
1.13742e+108
1.11382e+108
1.0632e+108
9.95916e+107
9.25371e+107
8.65537e+107
8.29082e+107
8.25522e+107
8.59966e+107
9.31893e+107
1.03684e+108
1.16778e+108
1.31807e+108
1.48454e+108
1.67042e+108
1.88972e+108
2.17148e+108
2.56153e+108
3.12379e+108
3.94303e+108
5.12766e+108
6.81525e+108
9.18075e+108
1.24497e+109
1.69188e+109
2.29822e+109
3.11623e+109
4.21399e+109
5.67697e+109
7.60835e+109
1.01527e+110
1.35776e+110
1.81678e+110
2.42307e+110
3.20698e+110
4.18644e+110
5.34532e+110
6.60575e+110
7.81211e+110
8.75629e+110
9.25643e+110
9.25506e+110
8.90245e+110
8.53138e+110
8.38123e+110
8.35984e+110
8.37835e+110
8.40049e+110
8.43909e+110
8.55885e+110
-9.36601e+106
1.11828e+108
1.07075e+108
1.27998e+108
1.38895e+108
1.49364e+108
1.55892e+108
1.59014e+108
1.58419e+108
1.54397e+108
1.47293e+108
1.37651e+108
1.26091e+108
1.1338e+108
1.00341e+108
8.78997e+107
7.69145e+107
6.81623e+107
6.22406e+107
5.95424e+107
6.02078e+107
6.40184e+107
7.04692e+107
7.88465e+107
8.82491e+107
9.7671e+107
1.06115e+108
1.12675e+108
1.16621e+108
1.17498e+108
1.15312e+108
1.10589e+108
1.04332e+108
9.78268e+107
9.24046e+107
8.92485e+107
8.92396e+107
9.28613e+107
1.0011e+108
1.10609e+108
1.23783e+108
1.39119e+108
1.56479e+108
1.76423e+108
2.0062e+108
2.32231e+108
2.76162e+108
3.39239e+108
4.30537e+108
5.61761e+108
7.47911e+108
1.00827e+109
1.36791e+109
1.85994e+109
2.52832e+109
3.43114e+109
4.64388e+109
6.26111e+109
8.39819e+109
1.12224e+110
1.5018e+110
2.00813e+110
2.67302e+110
3.52577e+110
4.57958e+110
5.80783e+110
7.11553e+110
8.32616e+110
9.21671e+110
9.61027e+110
9.47659e+110
9.00588e+110
8.56585e+110
8.39201e+110
8.36193e+110
8.37902e+110
8.403e+110
8.45142e+110
8.58903e+110
-8.35339e+106
1.13486e+108
1.09465e+108
1.30628e+108
1.4156e+108
1.51951e+108
1.58369e+108
1.61387e+108
1.60741e+108
1.5674e+108
1.49737e+108
1.40281e+108
1.28984e+108
1.16601e+108
1.03939e+108
9.18919e+107
8.12971e+107
7.2895e+107
6.72621e+107
6.47571e+107
6.55011e+107
6.92834e+107
7.55965e+107
8.37439e+107
9.28532e+107
1.01939e+108
1.10041e+108
1.16305e+108
1.20063e+108
1.20915e+108
1.18891e+108
1.14496e+108
1.0868e+108
1.02662e+108
9.77211e+107
9.49948e+107
9.53183e+107
9.91383e+107
1.06471e+108
1.17002e+108
1.30277e+108
1.4592e+108
1.63968e+108
1.85206e+108
2.11531e+108
2.46357e+108
2.94908e+108
3.64427e+108
4.64572e+108
6.07882e+108
8.10555e+108
1.09359e+109
1.4845e+109
2.01966e+109
2.74742e+109
3.73153e+109
5.0546e+109
6.82014e+109
9.15593e+109
1.22525e+110
1.64063e+110
2.19256e+110
2.91356e+110
3.8317e+110
4.95524e+110
6.24715e+110
7.59581e+110
8.80487e+110
9.63849e+110
9.92791e+110
9.67179e+110
9.09758e+110
8.60114e+110
8.40241e+110
8.36386e+110
8.38028e+110
8.40797e+110
8.46766e+110
8.6235e+110
-6.973e+106
1.14301e+108
1.11438e+108
1.32845e+108
1.43871e+108
1.54199e+108
1.60519e+108
1.63442e+108
1.62752e+108
1.58774e+108
1.51871e+108
1.42593e+108
1.31542e+108
1.19459e+108
1.0714e+108
9.54482e+107
8.52012e+107
7.71106e+107
7.1731e+107
6.93934e+107
7.02032e+107
7.39569e+107
8.01459e+107
8.80842e+107
9.69298e+107
1.05722e+108
1.13522e+108
1.19525e+108
1.23112e+108
1.2393e+108
1.22033e+108
1.17929e+108
1.12524e+108
1.06967e+108
1.02463e+108
1.00105e+108
1.00708e+108
1.04708e+108
1.12141e+108
1.22743e+108
1.36149e+108
1.52108e+108
1.70826e+108
1.93279e+108
2.21575e+108
2.59379e+108
3.12203e+108
3.8768e+108
4.96016e+108
6.50535e+108
8.68558e+108
1.17271e+109
1.59275e+109
2.16817e+109
2.95143e+109
4.01161e+109
5.4381e+109
7.34302e+109
9.86683e+109
1.32226e+110
1.77155e+110
2.3665e+110
3.14024e+110
4.1194e+110
5.30729e+110
6.65679e+110
8.04051e+110
9.24363e+110
1.00194e+111
1.02099e+111
9.84352e+110
9.18116e+110
8.64058e+110
8.41452e+110
8.36667e+110
8.38303e+110
8.41588e+110
8.48757e+110
8.66231e+110
-5.2483e+106
1.14381e+108
1.13051e+108
1.34704e+108
1.45878e+108
1.56158e+108
1.62391e+108
1.65222e+108
1.64489e+108
1.60534e+108
1.53728e+108
1.44615e+108
1.33795e+108
1.21987e+108
1.09977e+108
9.86029e+107
8.86626e+107
8.08447e+107
7.56838e+107
7.34884e+107
7.43509e+107
7.80732e+107
8.4149e+107
9.18993e+107
1.00506e+108
1.09035e+108
1.16571e+108
1.22345e+108
1.25778e+108
1.26559e+108
1.24756e+108
1.20879e+108
1.15812e+108
1.10656e+108
1.0655e+108
1.04527e+108
1.05367e+108
1.09502e+108
1.17004e+108
1.2767e+108
1.41213e+108
1.57495e+108
1.76857e+108
2.00443e+108
2.30555e+108
2.71086e+108
3.27805e+108
4.08715e+108
5.24513e+108
6.89238e+108
9.21237e+108
1.2446e+109
1.69117e+109
2.30326e+109
3.13706e+109
4.26661e+109
5.78754e+109
7.82022e+109
1.05181e+110
1.41143e+110
1.89206e+110
2.52676e+110
3.34904e+110
4.38404e+110
5.63028e+110
7.03113e+110
8.4446e+110
9.639e+110
1.03583e+111
1.04576e+111
9.9947e+110
9.25924e+110
8.68405e+110
8.43013e+110
8.37157e+110
8.38735e+110
8.4259e+110
8.51072e+110
8.70477e+110
-3.32358e+106
1.13774e+108
1.14275e+108
1.3617e+108
1.47537e+108
1.57787e+108
1.63945e+108
1.66687e+108
1.65912e+108
1.61971e+108
1.55253e+108
1.46291e+108
1.3568e+108
1.24117e+108
1.12381e+108
1.01283e+108
9.1605e+107
8.40181e+107
7.90404e+107
7.69597e+107
7.78595e+107
8.15475e+107
8.75187e+107
9.51014e+107
1.03498e+108
1.11792e+108
1.19095e+108
1.24667e+108
1.27965e+108
1.2871e+108
1.26981e+108
1.23278e+108
1.18466e+108
1.13615e+108
1.09824e+108
1.08076e+108
1.09113e+108
1.13355e+108
1.20893e+108
1.31582e+108
1.45217e+108
1.61768e+108
1.81703e+108
2.06307e+108
2.38055e+108
2.8103e+108
3.41239e+108
4.27012e+108
5.49485e+108
7.23329e+108
9.67814e+108
1.30833e+109
1.77852e+109
2.4232e+109
3.30193e+109
4.49308e+109
6.09796e+109
8.24464e+109
1.10996e+110
1.49125e+110
2.00012e+110
2.67063e+110
3.53658e+110
4.62161e+110
5.91975e+110
7.36571e+110
8.80434e+110
9.98877e+110
1.06551e+111
1.06727e+111
1.01284e+111
9.334e+110
8.72722e+110
8.44858e+110
8.37838e+110
8.39283e+110
8.43741e+110
8.53696e+110
8.75029e+110
-1.34759e+106
1.126e+108
1.15112e+108
1.37224e+108
1.48816e+108
1.59054e+108
1.6515e+108
1.67811e+108
1.66991e+108
1.63057e+108
1.56412e+108
1.47582e+108
1.37153e+108
1.25806e+108
1.14305e+108
1.03443e+108
9.39873e+107
8.65937e+107
8.17702e+107
7.97847e+107
8.07135e+107
8.43722e+107
9.02539e+107
9.76934e+107
1.05912e+108
1.1401e+108
1.21114e+108
1.26514e+108
1.29699e+108
1.30413e+108
1.28747e+108
1.25189e+108
1.20577e+108
1.15952e+108
1.12383e+108
1.10827e+108
1.11999e+108
1.16308e+108
1.23856e+108
1.34536e+108
1.48206e+108
1.64933e+108
1.85295e+108
2.10709e+108
2.43803e+108
2.88828e+108
3.51999e+108
4.41923e+108
5.70121e+108
7.51819e+108
1.00708e+109
1.36242e+109
1.85304e+109
2.52591e+109
3.44344e+109
4.6878e+109
6.36521e+109
8.61076e+109
1.16036e+110
1.5606e+110
2.09417e+110
2.79605e+110
3.70026e+110
4.82903e+110
6.17235e+110
7.6573e+110
9.11721e+110
1.02918e+111
1.09104e+111
1.08574e+111
1.02472e+111
9.40803e+110
8.76936e+110
8.46839e+110
8.38631e+110
8.39912e+110
8.45027e+110
8.5661e+110
8.79742e+110
8.44464e+105
1.11281e+108
1.15833e+108
1.38137e+108
1.49985e+108
1.60244e+108
1.66316e+108
1.68928e+108
1.68083e+108
1.64166e+108
1.57593e+108
1.48889e+108
1.38632e+108
1.27487e+108
1.16203e+108
1.05561e+108
9.63125e+107
8.91015e+107
8.44331e+107
8.25563e+107
8.35397e+107
8.72088e+107
9.30522e+107
1.00409e+108
1.08522e+108
1.16502e+108
1.23491e+108
1.28799e+108
1.31937e+108
1.32672e+108
1.31103e+108
1.27711e+108
1.23307e+108
1.18901e+108
1.15537e+108
1.14147e+108
1.15433e+108
1.19799e+108
1.27361e+108
1.38042e+108
1.5175e+108
1.68619e+108
1.89314e+108
2.15356e+108
2.49504e+108
2.96147e+108
3.61681e+108
4.54948e+108
5.87799e+108
7.75923e+108
1.04005e+109
1.40762e+109
1.91517e+109
2.61142e+109
3.56119e+109
4.84977e+109
6.58753e+109
8.91584e+109
1.20253e+110
1.61876e+110
2.1732e+110
2.90167e+110
3.83833e+110
5.00424e+110
6.38592e+110
7.90395e+110
9.38196e+110
1.05482e+111
1.11254e+111
1.10135e+111
1.03521e+111
9.47992e+110
8.81268e+110
8.48996e+110
8.39582e+110
8.40659e+110
8.46445e+110
8.59751e+110
8.84424e+110
1.79689e+106
1.0841e+108
1.14871e+108
1.37245e+108
1.49278e+108
1.59507e+108
1.65505e+108
1.68011e+108
1.67073e+108
1.63086e+108
1.56484e+108
1.47796e+108
1.37593e+108
1.26529e+108
1.1534e+108
1.04794e+108
9.5633e+107
8.84862e+107
8.38605e+107
8.19867e+107
8.29268e+107
8.65125e+107
9.2229e+107
9.94223e+107
1.07348e+108
1.15132e+108
1.21931e+108
1.27068e+108
1.30068e+108
1.30715e+108
1.29118e+108
1.25753e+108
1.21409e+108
1.17071e+108
1.13758e+108
1.12381e+108
1.1363e+108
1.17906e+108
1.2534e+108
1.35885e+108
1.4949e+108
1.66346e+108
1.87185e+108
2.1361e+108
2.48475e+108
2.96279e+108
3.63558e+108
4.59343e+108
5.95751e+108
7.88852e+108
1.05991e+109
1.43712e+109
1.95805e+109
2.67289e+109
3.64837e+109
4.97229e+109
6.75842e+109
9.15351e+109
1.23578e+110
1.66494e+110
2.23634e+110
2.98645e+110
3.94964e+110
5.14601e+110
6.55929e+110
8.10482e+110
9.59834e+110
1.07583e+111
1.13015e+111
1.11428e+111
1.04439e+111
9.54667e+110
8.85668e+110
8.51302e+110
8.4068e+110
8.41507e+110
8.47928e+110
8.62986e+110
8.88925e+110
5.60666e+106
1.0871e+108
1.17002e+108
1.39534e+108
1.51889e+108
1.62267e+108
1.68369e+108
1.70957e+108
1.70117e+108
1.66244e+108
1.59788e+108
1.51283e+108
1.41301e+108
1.30488e+108
1.19572e+108
1.0931e+108
1.00437e+108
9.35701e+107
8.92169e+107
8.75945e+107
8.87646e+107
9.25565e+107
9.84577e+107
1.05822e+108
1.13907e+108
1.21853e+108
1.28828e+108
1.34164e+108
1.37395e+108
1.38316e+108
1.3704e+108
1.34039e+108
1.30089e+108
1.26154e+108
1.23232e+108
1.2222e+108
1.23794e+108
1.28358e+108
1.36051e+108
1.46846e+108
1.60724e+108
1.77921e+108
1.99215e+108
2.26268e+108
2.61997e+108
3.10972e+108
3.7982e+108
4.77696e+108
6.16903e+108
8.13781e+108
1.08997e+109
1.47422e+109
2.00487e+109
2.73313e+109
3.72714e+109
5.07658e+109
6.89775e+109
9.34184e+109
1.26166e+110
1.70048e+110
2.28465e+110
3.05123e+110
4.03481e+110
5.25483e+110
6.69296e+110
8.26056e+110
9.76729e+110
1.09237e+111
1.14401e+111
1.12455e+111
1.05227e+111
9.60787e+110
8.89866e+110
8.53587e+110
8.41818e+110
8.42356e+110
8.49314e+110
8.66129e+110
8.93204e+110
4.83222e+106
1.0448e+108
1.14163e+108
1.36628e+108
1.49063e+108
1.59378e+108
1.65372e+108
1.67839e+108
1.66879e+108
1.62885e+108
1.56318e+108
1.47709e+108
1.37639e+108
1.26748e+108
1.15756e+108
1.0542e+108
9.64591e+107
8.94916e+107
8.5018e+107
8.32492e+107
8.42489e+107
8.78374e+107
9.35088e+107
1.0062e+108
1.08424e+108
1.16069e+108
1.22737e+108
1.27759e+108
1.30676e+108
1.31283e+108
1.29697e+108
1.26382e+108
1.22103e+108
1.17806e+108
1.14477e+108
1.13e+108
1.14046e+108
1.18016e+108
1.25054e+108
1.35149e+108
1.48305e+108
1.64782e+108
1.85395e+108
2.11844e+108
2.47089e+108
2.95749e+108
3.64509e+108
4.62609e+108
6.02476e+108
8.00637e+108
1.07901e+109
1.46671e+109
2.00262e+109
2.73871e+109
3.74415e+109
5.10998e+109
6.95443e+109
9.4321e+109
1.27556e+110
1.72111e+110
2.3143e+110
3.09267e+110
4.09106e+110
5.32857e+110
6.78556e+110
8.37062e+110
9.88893e+110
1.10444e+111
1.15402e+111
1.13202e+111
1.05855e+111
9.66089e+110
8.93456e+110
8.55525e+110
8.42747e+110
8.42991e+110
8.50434e+110
8.6904e+110
8.97275e+110
7.60788e+106
1.05352e+108
1.16155e+108
1.38688e+108
1.51316e+108
1.61747e+108
1.67842e+108
1.70424e+108
1.69584e+108
1.65716e+108
1.5929e+108
1.50827e+108
1.40918e+108
1.30201e+108
1.19391e+108
1.09251e+108
1.0049e+108
9.37298e+107
8.94656e+107
8.79094e+107
8.91243e+107
9.29253e+107
9.88134e+107
1.06147e+108
1.14173e+108
1.22049e+108
1.28965e+108
1.34255e+108
1.3746e+108
1.38381e+108
1.37136e+108
1.34188e+108
1.30293e+108
1.26394e+108
1.23473e+108
1.22411e+108
1.23878e+108
1.28281e+108
1.35772e+108
1.46354e+108
1.60048e+108
1.77137e+108
1.98464e+108
2.25756e+108
2.62009e+108
3.11879e+108
3.82099e+108
4.81968e+108
6.24003e+108
8.24853e+108
1.1066e+109
1.49862e+109
2.04011e+109
2.7835e+109
3.79858e+109
5.17722e+109
7.03885e+109
9.54007e+109
1.28961e+110
1.73952e+110
2.33843e+110
3.12417e+110
4.13176e+110
5.38013e+110
6.84884e+110
8.44466e+110
9.96952e+110
1.11219e+111
1.15975e+111
1.13669e+111
1.06347e+111
9.70484e+110
8.9666e+110
8.57591e+110
8.4409e+110
8.44063e+110
8.51792e+110
8.71373e+110
9.00429e+110
)
;

boundaryField
{
    inletFace
    {
        type            zeroGradient;
    }
    inlet
    {
        type            zeroGradient;
    }
    inletWalls
    {
        type            zeroGradient;
    }
    outletInlet
    {
        type            cyclicAMI;
        value           nonuniform List<scalar> 
15
(
8.60761e+110
8.62739e+110
8.62062e+110
8.61819e+110
8.62215e+110
8.61746e+110
8.62323e+110
8.62102e+110
8.6234e+110
8.62478e+110
8.62373e+110
8.62702e+110
8.62074e+110
8.61663e+110
8.59919e+110
)
;
    }
    fineSymmetryWall
    {
        type            symmetryPlane;
    }
    fineWalls
    {
        type            zeroGradient;
    }
    fineCyclicBoundary
    {
        type            fixedValue;
        value           uniform 0;
    }
    fineplug
    {
        type            cyclicAMI;
        value           nonuniform List<scalar> 
80
(
8.56095e+110
8.58533e+110
8.60338e+110
8.63077e+110
8.63956e+110
8.63731e+110
8.63308e+110
8.62836e+110
8.62469e+110
8.62164e+110
8.61981e+110
8.61826e+110
8.61489e+110
8.62445e+110
8.62438e+110
8.62312e+110
8.62219e+110
8.62033e+110
8.61844e+110
8.61675e+110
8.61475e+110
8.6153e+110
8.62457e+110
8.62476e+110
8.6238e+110
8.62244e+110
8.62111e+110
8.61993e+110
8.61833e+110
8.61692e+110
8.61521e+110
8.61608e+110
8.62475e+110
8.62484e+110
8.62389e+110
8.62261e+110
8.62123e+110
8.62026e+110
8.61921e+110
8.61766e+110
8.61887e+110
8.62607e+110
8.62642e+110
8.6259e+110
8.62449e+110
8.62312e+110
8.62176e+110
8.62055e+110
8.61982e+110
8.62125e+110
8.62791e+110
8.62817e+110
8.62754e+110
8.62693e+110
8.6257e+110
8.62409e+110
8.62272e+110
8.62118e+110
8.62285e+110
8.62863e+110
8.62849e+110
8.6276e+110
8.62653e+110
8.62554e+110
8.62443e+110
8.62219e+110
8.62012e+110
8.61793e+110
8.61921e+110
8.62209e+110
8.62089e+110
8.61828e+110
8.61547e+110
8.61274e+110
8.60964e+110
8.60577e+110
8.60112e+110
8.60072e+110
8.59345e+110
8.59094e+110
)
;
    }
    faceFine
    {
        type            zeroGradient;
    }
}


// ************************************************************************* //
