/*--------------------------------*- C++ -*----------------------------------*\
| =========                 |                                                 |
| \\      /  F ield         | OpenFOAM: The Open Source CFD Toolbox           |
|  \\    /   O peration     | Version:  4.1                                   |
|   \\  /    A nd           | Web:      www.OpenFOAM.org                      |
|    \\/     M anipulation  |                                                 |
\*---------------------------------------------------------------------------*/
FoamFile
{
    version     2.0;
    format      ascii;
    class       volScalarField;
    location    "8";
    object      p;
}
// * * * * * * * * * * * * * * * * * * * * * * * * * * * * * * * * * * * * * //

dimensions      [0 2 -2 0 0 0 0];

internalField   nonuniform List<scalar> 
6785
(
596.844
521.416
473.767
421.768
375.455
331.235
289.889
250.776
213.748
178.577
144.451
111.426
82.6526
51.6879
11.8466
6.2455
-11.2386
-2.24543
-8.42419
-8.36938
-10.6049
-11.5158
-12.1922
-12.0484
-10.9826
-8.86003
-5.94428
-1.40335
4.5134
6.9928
17.9883
13.0743
22.2967
18.0771
21.6668
21.0626
21.9989
22.0456
22.188
22.1233
22.1875
22.5849
22.9474
22.853
22.3934
27.1366
22.8009
25.0641
19.0372
19.1272
15.099
13.2389
10.336
8.025
5.70274
3.98853
3.20683
2.47891
1.37715
1.48493
-4.78622
-8.45127
-6.54748
-10.4062
-8.80715
-11.2596
-11.1017
-12.2294
-12.6677
-13.2271
-13.4293
-13.1638
-12.6681
-12.4687
-11.3405
1.07131
-0.0227134
2.9858
1.23914
4.13242
3.40821
5.02406
5.42711
6.3292
7.03621
7.85166
8.62571
9.86264
10.9363
13.3825
23.9943
24.4538
27.2219
26.4391
29.1906
29.2215
30.9896
31.9223
33.2208
34.4514
35.7882
37.067
38.5572
39.7117
41.3409
40.4085
41.3002
43.463
42.9538
45.1573
45.2685
46.6664
47.4511
48.455
49.4043
50.3696
51.2812
52.3448
53.1566
54.3171
55.9126
56.9722
58.5242
58.2571
59.9591
59.9442
60.967
61.1597
61.5204
61.7569
62.1114
62.6907
63.4857
64.0989
64.856
65.4886
66.0667
66.9639
66.5922
67.7027
67.4712
68.0663
68.0415
68.2324
68.1687
67.9606
67.6123
67.1505
67.1528
66.8418
72.2314
70.5429
70.9046
69.4544
69.5889
68.2434
67.5899
65.9194
64.1048
61.6103
58.981
56.624
55.2371
54.8219
52.659
46.4492
42.0454
40.2433
36.878
34.8377
31.7971
29.8166
27.6547
26.2844
25.0812
24.3191
23.9518
23.972
23.3819
20.8542
18.3742
14.1206
11.6582
8.49801
6.44804
3.82381
2.13156
0.513444
-0.75753
-2.12672
-3.48837
-4.6553
-5.71169
-6.68758
-6.3195
4.22604
4.75683
4.73656
3.64762
2.95024
2.00789
1.5091
0.868065
0.281194
-0.311234
-0.578112
-0.388908
0.61091
1.67052
3.3333
45.4976
45.4131
44.6839
40.6989
35.4739
31.5537
29.1652
27.7098
26.5959
26.3757
25.9398
25.4926
25.2417
25.2439
25.1358
28.9042
28.9827
28.9964
28.9979
29.0037
29.0305
29.074
29.059
29.0514
29.045
29.0817
29.0393
29.0229
29.0455
28.9811
28.9565
28.9554
28.9698
28.8508
28.8597
28.8777
28.7477
28.7096
28.7519
28.7536
28.5931
28.5519
28.6044
28.6399
28.4234
28.4735
28.5359
28.3498
28.2902
28.3547
28.4205
28.1929
28.2328
28.304
28.1426
28.0749
28.1675
28.1437
28.0086
27.9696
28.0954
27.9494
27.7476
27.9342
27.7947
27.6462
27.6081
27.7552
27.7663
27.6737
27.6342
27.7165
27.9559
27.903
27.8747
28.269
28.2564
28.1925
28.1317
28.352
28.3905
28.8581
28.5927
27.8554
28.5102
29.3206
25.5548
23.5776
25.513
27.0119
13.4018
19.3664
22.418
-6.18761
1.87958
6.00517
4.90773
7.8886
-2.31223
4.05511
8.63476
9.36839
10.5201
11.3425
12.4681
14.855
17.8609
11.4823
13.771
15.9554
19.145
22.3262
23.8036
25.7301
27.7073
29.9009
25.9778
29.8512
33.3564
35.3663
38.2545
41.7765
44.3665
46.1174
48.1464
48.4304
52.7639
52.0847
54.8844
56.2245
57.5669
59.9504
63.1641
64.6242
62.0527
67.9563
66.891
70.0619
70.7906
70.2581
69.4764
68.7133
70.2879
66.5642
77.1267
72.3374
68.17
67.5638
66.5482
63.2276
60.7056
57.6212
49.9471
60.6285
60.428
53.6557
49.9223
44.8287
39.5305
34.5739
31.0543
26.5488
20.6051
21.2771
20.2489
14.7094
13.5078
11.7416
9.08134
2.4162
0.158706
2.52854
-4.88722
4.54928
2.51861
2.01272
7.86995
1.65254
4.28302
2.80429
4.91521
8.11751
2.54283
5.52571
7.74239
3.72358
5.03545
3.74635
5.06025
7.439
3.44725
4.69288
3.27889
4.74474
6.865
2.18455
4.5889
6.3913
2.66865
3.79733
2.48499
3.69901
6.11766
2.08208
3.24191
1.89006
3.23277
5.76784
0.715635
3.19382
5.44528
1.30179
2.50166
1.18829
2.4598
5.39129
0.83035
2.17797
0.756753
2.27035
5.15758
-0.34489
2.43497
4.85304
0.530696
1.87764
0.578582
1.95281
4.83144
0.416798
1.84331
0.504904
2.02838
4.50963
-0.259509
2.23889
4.06598
0.622248
1.78712
0.750509
1.86232
3.71145
0.652383
1.67799
0.740424
1.73239
2.98483
0.163853
1.55907
2.22585
0.325615
0.863966
0.109273
0.597558
1.75498
0.000244325
0.000452543
0.000757183
0.000998223
0.00128054
0.00155073
0.00184136
0.00213546
0.00244371
0.00276092
0.00309096
0.00343254
0.00378742
0.00415573
0.00453864
0.00493683
0.00535142
0.0057834
0.00623396
0.00670431
0.00719572
0.00770947
0.00824682
0.00880887
0.00939648
0.0100101
0.0106494
0.0113132
0.011999
0.0127025
0.0134174
0.0141348
0.0148435
0.01553
0.0161795
0.016777
0.0173105
0.0177727
0.018164
0.0184944
0.0187833
0.019057
0.0193451
0.0196748
0.0200674
0.0205383
0.0211016
0.0217751
0.0225721
0.0234722
0.0243743
0.0250642
0.0252376
0.024573
0.0227414
0.0194022
0.0142626
0.00701968
-0.00252196
-0.0144348
-0.0286453
-0.0431887
-0.0560233
-0.0700808
-0.0475258
-0.226325
-0.39576
-0.50898
-0.602205
-0.659475
-0.636211
-0.593781
-0.469187
-0.416839
-0.219912
-0.293714
-0.0700365
-0.12303
-0.764986
0.000709151
0.00131571
0.00219226
0.00290312
0.00371724
0.00450123
0.00533669
0.00618232
0.00706454
0.00797121
0.00891189
0.00988393
0.0108918
0.0119361
0.0130201
0.0141456
0.0153156
0.0165329
0.0178007
0.0191222
0.0205008
0.02194
0.023443
0.0250127
0.0266511
0.0283592
0.0301358
0.0319771
0.0338754
0.0358184
0.0377874
0.0397572
0.0416956
0.0435641
0.0453209
0.0469252
0.0483437
0.0495588
0.0505758
0.0514282
0.0521769
0.0529042
0.0537014
0.0546536
0.055829
0.0572799
0.0590576
0.0612278
0.0638517
0.0669014
0.0701267
0.0729631
0.0746039
0.0742147
0.0709495
0.0639182
0.0523284
0.0352597
0.0119232
-0.0184236
-0.0565368
-0.0982488
-0.140606
-0.187531
-0.149044
-0.457512
-0.76321
-0.98275
-1.16607
-1.28021
-1.25752
-1.18247
-0.982759
-0.830597
-0.533033
-0.454008
-0.152594
-0.0310171
-0.0994527
0.00110831
0.00212556
0.00361096
0.00480869
0.00618252
0.00750347
0.00891166
0.0103364
0.0118231
0.013351
0.0149365
0.0165749
0.018274
0.0200349
0.0218629
0.0237612
0.0257351
0.0277892
0.0299289
0.0321598
0.0344877
0.0369184
0.0394575
0.0421101
0.0448797
0.047768
0.0507733
0.0538894
0.0571036
0.0603951
0.063733
0.0670751
0.0703669
0.0735441
0.0765356
0.0792723
0.0816974
0.0837797
0.0855269
0.086993
0.088279
0.0895214
0.0908716
0.0924704
0.0944301
0.0968349
0.0997669
0.103333
0.107633
0.112614
0.117846
0.12236
0.124769
0.123635
0.117487
0.104782
0.0841324
0.0539502
0.0128878
-0.0403115
-0.106751
-0.179212
-0.253863
-0.331779
-0.282488
-0.619228
-0.957114
-1.22058
-1.4408
-1.57689
-1.54855
-1.45608
-1.21864
-1.01944
-0.673206
-0.523491
-0.170038
-0.0226283
0.256094
0.00149143
0.00291811
0.00499438
0.00667696
0.00859965
0.0104503
0.01242
0.0144129
0.0164911
0.0186265
0.0208415
0.0231301
0.0255029
0.0279615
0.0305133
0.0331631
0.035918
0.0387843
0.0417698
0.0448822
0.0481295
0.05152
0.0550614
0.0587607
0.062623
0.0666506
0.0708412
0.0751861
0.0796679
0.0842575
0.0889119
0.0935722
0.0981624
0.102592
0.106763
0.110577
0.113956
0.116854
0.119283
0.121319
0.123103
0.124829
0.126708
0.12894
0.13168
0.135048
0.139157
0.144162
0.15021
0.157244
0.16467
0.171134
0.174693
0.173339
0.165013
0.147543
0.118965
0.0769896
0.019604
-0.0552246
-0.149325
-0.253167
-0.364215
-0.477632
-0.435281
-0.8318
-1.21485
-1.52721
-1.79094
-1.95433
-1.91506
-1.79825
-1.50551
-1.25482
-0.832351
-0.636768
-0.19649
-0.0360497
0.314468
0.00184061
0.00368358
0.00635148
0.00852471
0.0110004
0.0133858
0.0159214
0.0184872
0.0211614
0.0239088
0.026758
0.0297016
0.0327531
0.0359146
0.0391956
0.0426024
0.046144
0.0498289
0.0536667
0.0576674
0.0618416
0.0661997
0.0707518
0.0755068
0.0804716
0.0856491
0.0910366
0.0966232
0.102386
0.10829
0.114278
0.120275
0.126183
0.131887
0.137259
0.142172
0.146524
0.150257
0.153383
0.156
0.15829
0.160503
0.162914
0.165778
0.169296
0.173619
0.178891
0.185314
0.193094
0.202172
0.211798
0.220217
0.22491
0.223285
0.212664
0.190227
0.1534
0.0991522
0.0247475
-0.0727429
-0.195923
-0.333238
-0.484815
-0.636591
-0.615275
-1.08118
-1.51532
-1.87938
-2.19004
-2.38402
-2.33318
-2.18852
-1.83497
-1.52231
-1.0181
-0.759405
-0.232625
-0.0482768
0.513606
0.00216912
0.00443248
0.00768205
0.0103478
0.0133734
0.0162928
0.0193916
0.0225282
0.0257951
0.0291513
0.0326307
0.0362249
0.0399501
0.0438093
0.047814
0.0519717
0.0562935
0.0607898
0.0654724
0.0703534
0.0754458
0.0807623
0.0863154
0.0921159
0.0981723
0.104488
0.111061
0.117877
0.12491
0.132115
0.139424
0.146747
0.153963
0.160931
0.167493
0.173496
0.17881
0.183364
0.187173
0.190356
0.193137
0.195822
0.198751
0.202238
0.20653
0.211804
0.218238
0.226085
0.235618
0.246797
0.258724
0.269244
0.275251
0.273575
0.260913
0.233802
0.189044
0.122834
0.0316305
-0.0885903
-0.241399
-0.413875
-0.610274
-0.804169
-0.819789
-1.34983
-1.82653
-2.23478
-2.58532
-2.80469
-2.73891
-2.56486
-2.15133
-1.77563
-1.19462
-0.869453
-0.263691
-0.0457411
0.639113
0.00247536
0.00516543
0.00898915
0.0121505
0.015725
0.0191801
0.022842
0.0265497
0.030409
0.0343737
0.0384827
0.0427268
0.047125
0.0516807
0.0564077
0.0613149
0.0664154
0.0717213
0.0772468
0.0830062
0.0890146
0.0952873
0.101839
0.108683
0.115828
0.123281
0.131037
0.139081
0.147383
0.155889
0.164521
0.173171
0.181699
0.189935
0.197693
0.204789
0.211069
0.216446
0.220935
0.224678
0.22794
0.231088
0.234526
0.238629
0.243686
0.249904
0.257491
0.266754
0.278045
0.291363
0.305674
0.318411
0.325863
0.324275
0.30971
0.278047
0.225453
0.147313
0.0392005
-0.10418
-0.287506
-0.497202
-0.742781
-0.982444
-1.05111
-1.64387
-2.16112
-2.60895
-2.99452
-3.23431
-3.1486
-2.94204
-2.46566
-2.025
-1.36657
-0.976312
-0.293183
-0.0528446
0.740325
0.00276377
0.00588635
0.0102743
0.0139335
0.0180543
0.0220451
0.0262687
0.0305464
0.0349964
0.0395677
0.0443041
0.0491957
0.0542639
0.0595132
0.0649591
0.0706122
0.0764874
0.0825989
0.0889627
0.0955956
0.102515
0.109738
0.117283
0.125164
0.133393
0.141975
0.150908
0.160175
0.16974
0.179543
0.189495
0.19947
0.209307
0.218811
0.227765
0.235954
0.243197
0.249391
0.254552
0.258842
0.262571
0.266165
0.270097
0.274805
0.28062
0.287776
0.296506
0.307177
0.320239
0.335751
0.352556
0.367668
0.376746
0.375455
0.359204
0.323215
0.263014
0.17314
0.0482045
-0.11856
-0.333103
-0.582087
-0.881162
-1.17068
-1.31003
-1.96525
-2.526
-3.01148
-3.42987
-3.68545
-3.57391
-3.33078
-2.78729
-2.27776
-1.53991
-1.08235
-0.32335
-0.0686831
0.856624
0.00303571
0.00659711
0.0115397
0.0156988
0.0203633
0.0248904
0.0296741
0.0345213
0.0395605
0.0447371
0.0500989
0.055636
0.061372
0.0673124
0.0734746
0.0798706
0.0865174
0.0934309
0.100629
0.108132
0.115958
0.124128
0.132661
0.141574
0.150881
0.160589
0.170695
0.18118
0.192005
0.203103
0.214374
0.225675
0.236824
0.247598
0.257752
0.267036
0.275243
0.282252
0.288077
0.292901
0.297081
0.301105
0.305516
0.310817
0.317381
0.325464
0.335324
0.347391
0.362232
0.379993
0.399413
0.417068
0.427964
0.427182
0.409461
0.369367
0.301775
0.20035
0.0586612
-0.131719
-0.378184
-0.668639
-1.02537
-1.36922
-1.59859
-2.31262
-2.92104
-3.44229
-3.89227
-4.1582
-4.01303
-3.72851
-3.11349
-2.53097
-1.71261
-1.18433
-0.352966
-0.0581258
0.923757
0.00329346
0.00729984
0.0127868
0.0174475
0.0226527
0.027716
0.0330581
0.0384736
0.0441002
0.0498802
0.0558653
0.0620455
0.0684466
0.0750751
0.0819503
0.0890859
0.0965004
0.104212
0.112241
0.120608
0.129336
0.138447
0.147963
0.157903
0.168284
0.179112
0.190386
0.202085
0.214166
0.226556
0.239143
0.25177
0.264233
0.276281
0.287637
0.29802
0.307191
0.31501
0.32149
0.326834
0.331446
0.335879
0.340751
0.34663
0.353933
0.362933
0.373907
0.387355
0.40398
0.424053
0.446226
0.466618
0.47955
0.479521
0.46058
0.416638
0.341918
0.229189
0.0708977
-0.14323
-0.422219
-0.756321
-1.17454
-1.57792
-1.91873
-2.68533
-3.34801
-3.90334
-4.38527
-4.65614
-4.46763
-4.13556
-3.44372
-2.78378
-1.88363
-1.28137
-0.381814
-0.0587251
0.978985
0.00353855
0.0079961
0.0140174
0.0191812
0.0249237
0.030523
0.0364215
0.0424043
0.0486162
0.0549978
0.0616038
0.0684246
0.075488
0.0828018
0.0903868
0.0982583
0.106437
0.114943
0.123798
0.133025
0.142651
0.152698
0.163191
0.174153
0.185601
0.197544
0.20998
0.222889
0.236223
0.249903
0.263806
0.277761
0.29154
0.304867
0.317431
0.328915
0.339052
0.347677
0.354802
0.360651
0.365673
0.370492
0.375805
0.382246
0.390276
0.40018
0.41225
0.427058
0.44547
0.467919
0.492997
0.516339
0.531546
0.532535
0.512639
0.465128
0.383567
0.259816
0.0851235
-0.152807
-0.464832
-0.844698
-1.32777
-1.79671
-2.27203
-3.08243
-3.80977
-4.39749
-4.91387
-5.18511
-4.94202
-4.55464
-3.77943
-3.03696
-2.0533
-1.37347
-0.409324
-0.0713279
1.07413
0.00377252
0.00868726
0.0152329
0.020901
0.0271772
0.0333121
0.0397649
0.0463133
0.0531085
0.0600895
0.067314
0.0747727
0.0824955
0.0904912
0.0987825
0.107386
0.116325
0.12562
0.135297
0.14538
0.155898
0.166875
0.178341
0.190319
0.202828
0.215881
0.229475
0.243588
0.258172
0.27314
0.288359
0.303643
0.318743
0.333354
0.347131
0.359722
0.370825
0.380254
0.388012
0.394346
0.399755
0.404935
0.410664
0.417651
0.426396
0.437191
0.450334
0.466475
0.486671
0.511566
0.539717
0.566244
0.583989
0.586285
0.565724
0.514945
0.426865
0.292425
0.101604
-0.160073
-0.505515
-0.933083
-1.48366
-2.02507
-2.65832
-3.49978
-4.30802
-4.92672
-5.48214
-5.75029
-5.44019
-4.98808
-4.12149
-3.29069
-2.22148
-1.45947
-0.434858
-0.0431674
1.14125
0.00399665
0.00937445
0.0164347
0.0226081
0.0294142
0.0360839
0.0430886
0.0502013
0.0575773
0.0651555
0.0729956
0.0810895
0.0894685
0.0981429
0.107137
0.116469
0.126164
0.136245
0.146738
0.157672
0.169076
0.180979
0.193411
0.206399
0.219964
0.23412
0.248866
0.26418
0.28001
0.296264
0.312801
0.329416
0.345841
0.361742
0.37674
0.390445
0.402516
0.412744
0.421124
0.427924
0.433693
0.439205
0.445324
0.452837
0.462283
0.473955
0.488145
0.505585
0.527556
0.554968
0.586377
0.616346
0.636913
0.640829
0.61991
0.566189
0.471942
0.327192
0.12059
-0.164655
-0.543739
-1.02064
-1.64049
-2.26178
-3.07334
-3.92796
-4.84226
-5.4926
-6.0939
-6.35675
-5.96629
-5.43847
-4.47068
-3.54493
-2.38793
-1.53863
-0.459038
-0.0410604
1.18212
0.00421207
0.0100586
0.017624
0.0243034
0.0316356
0.0388392
0.0463933
0.0540682
0.0620226
0.0701955
0.0786486
0.0873746
0.0964065
0.105756
0.115449
0.125506
0.135952
0.146813
0.158119
0.169898
0.182183
0.195006
0.208398
0.22239
0.237005
0.252259
0.268152
0.284662
0.301735
0.319274
0.337127
0.355077
0.372833
0.390033
0.40626
0.421084
0.434128
0.44515
0.454139
0.461383
0.467483
0.473294
0.479775
0.487793
0.497927
0.510459
0.525666
0.544363
0.568091
0.598094
0.632962
0.666654
0.690349
0.696221
0.675272
0.618958
0.518926
0.364294
0.142342
-0.166144
-0.578891
-1.1063
-1.796
-2.50421
-3.50532
-4.35117
-5.40815
-6.0961
-6.75309
-7.00978
-6.5249
-5.90914
-4.82822
-3.79982
-2.55191
-1.61044
-0.479897
-0.0160609
1.27268
0.00441976
0.0107406
0.018802
0.025988
0.033842
0.0415786
0.0496792
0.0579145
0.0664445
0.0752096
0.0842725
0.0936275
0.103309
0.11333
0.123718
0.134495
0.145688
0.157326
0.169438
0.182057
0.195218
0.208954
0.2233
0.23829
0.253949
0.270294
0.287329
0.30503
0.323342
0.342165
0.361337
0.380625
0.399719
0.418225
0.43569
0.451643
0.465663
0.477476
0.48706
0.494723
0.501122
0.507197
0.514008
0.522508
0.533316
0.546692
0.562883
0.582783
0.608241
0.640908
0.679455
0.717173
0.744328
0.752514
0.731882
0.673343
0.567934
0.403903
0.167123
-0.164108
-0.610287
-1.18874
-1.94745
-2.74811
-3.9337
-4.75419
-5.99922
-6.73739
-7.46374
-7.71466
-7.12072
-6.40382
-5.19574
-4.05571
-2.71235
-1.67622
-0.494495
0.00232604
1.28268
0.0046206
0.011421
0.0199697
0.0276626
0.0360344
0.0443025
0.0529467
0.0617403
0.0708431
0.0801975
0.0898671
0.0998478
0.110175
0.120864
0.131943
0.143435
0.155371
0.167779
0.180693
0.194147
0.208177
0.222821
0.238115
0.254096
0.270792
0.288223
0.306393
0.325281
0.34483
0.364934
0.385426
0.406058
0.426496
0.446319
0.465034
0.482124
0.497125
0.509725
0.519891
0.527947
0.534608
0.540907
0.548013
0.556972
0.56844
0.582644
0.599778
0.620818
0.647964
0.683369
0.725836
0.767905
0.798877
0.809758
0.789804
0.729427
0.619078
0.446179
0.195196
-0.158086
-0.637158
-1.26647
-2.09214
-2.98847
-4.3353
-5.14023
-6.61363
-7.41651
-8.23012
-8.47666
-7.75845
-6.92652
-5.57517
-4.31321
-2.8686
-1.73748
-0.499744
0.0115441
1.37125
0.00481532
0.0121005
0.0211281
0.0293279
0.0382133
0.0470115
0.0561963
0.0655457
0.0752183
0.0851591
0.095432
0.106035
0.117004
0.128357
0.140122
0.152326
0.164999
0.178174
0.191884
0.206166
0.221059
0.236604
0.25284
0.269805
0.287531
0.306041
0.325341
0.345411
0.366193
0.387579
0.409392
0.431371
0.453163
0.474313
0.494291
0.51253
0.528517
0.541902
0.552633
0.561053
0.567938
0.574418
0.58178
0.591172
0.603288
0.618302
0.636337
0.65844
0.687217
0.725431
0.772079
0.81885
0.854019
0.867999
0.849099
0.787288
0.672455
0.49127
0.226815
-0.147601
-0.658662
-1.3378
-2.22746
-3.22003
-4.6966
-5.52624
-7.24973
-8.13355
-9.0569
-9.30122
-8.44272
-7.48138
-5.96877
-4.57332
-3.02008
-1.79306
-0.49471
0.0673609
1.46865
0.00500457
0.0127794
0.022278
0.0309848
0.0403795
0.049706
0.0594282
0.0693309
0.0795701
0.0900941
0.100967
0.112188
0.123796
0.135808
0.148256
0.161166
0.174572
0.188507
0.203007
0.218112
0.233863
0.250301
0.267472
0.285414
0.304164
0.323746
0.34417
0.365417
0.387429
0.410095
0.433231
0.456564
0.479718
0.502209
0.523462
0.542863
0.559843
0.57401
0.585289
0.594043
0.601109
0.607722
0.615299
0.625097
0.637848
0.653658
0.672544
0.695618
0.725948
0.76704
0.818153
0.870004
0.909777
0.92728
0.909822
0.846988
0.72814
0.539291
0.262208
-0.132185
-0.673919
-1.40098
-2.35117
-3.44067
-5.0147
-5.92238
-7.88478
-8.88662
-9.94893
-10.1941
-9.17804
-8.0727
-6.37889
-4.83718
-3.16626
-1.84153
-0.480484
0.111781
1.47026
0.00518889
0.0134583
0.0234201
0.0326337
0.0425334
0.0523864
0.0626427
0.0730959
0.0838984
0.0950024
0.106471
0.118308
0.130549
0.143216
0.156342
0.169954
0.184087
0.198777
0.214062
0.229983
0.246584
0.263911
0.282008
0.30092
0.320686
0.341335
0.362876
0.385295
0.408533
0.432478
0.456939
0.481632
0.506159
0.530003
0.552548
0.573125
0.591107
0.606053
0.617864
0.626917
0.634117
0.640812
0.648558
0.658734
0.672109
0.688702
0.708384
0.732319
0.764104
0.808137
0.864024
0.921357
0.966171
0.987639
0.972017
0.908571
0.786175
0.590306
0.301539
-0.111437
-0.682095
-1.45431
-2.46184
-3.65035
-5.28852
-6.33317
-8.48816
-9.67294
-10.9114
-11.1615
-9.96876
-8.70477
-6.80788
-5.10574
-3.30673
-1.88203
-0.455403
0.146814
1.56437
0.00536876
0.0141375
0.0245552
0.0342752
0.0446756
0.0550531
0.0658399
0.0768409
0.0882031
0.0998836
0.111945
0.124392
0.137264
0.150581
0.16438
0.178688
0.193544
0.208983
0.225046
0.241777
0.259222
0.277429
0.296446
0.316321
0.337096
0.358802
0.381455
0.40504
0.429502
0.454725
0.480514
0.506573
0.532483
0.557696
0.58155
0.603318
0.622313
0.638036
0.650361
0.659678
0.66696
0.673679
0.681543
0.692068
0.706061
0.723425
0.743845
0.768511
0.801621
0.848654
0.909654
0.972898
1.02321
1.04911
1.03571
0.972046
0.846532
0.644277
0.344835
-0.0851195
-0.682552
-1.49647
-2.5584
-3.84517
-5.52545
-6.78738
-9.04953
-10.4968
-11.9494
-12.2099
-10.8192
-9.38183
-7.25803
-5.37994
-3.44118
-1.91319
-0.417581
0.243791
1.69375
0.00554458
0.0148172
0.0256839
0.0359099
0.0468066
0.0577062
0.0690201
0.0805657
0.0924841
0.104737
0.117387
0.130441
0.143938
0.157902
0.172368
0.187368
0.20294
0.219122
0.235958
0.253493
0.271774
0.290854
0.310783
0.331613
0.353389
0.376146
0.399903
0.424649
0.45033
0.47683
0.50395
0.531382
0.558687
0.585286
0.610468
0.633445
0.653463
0.669964
0.682783
0.692325
0.699635
0.706314
0.714243
0.725086
0.739691
0.757821
0.778915
0.804158
0.838433
0.888514
0.954996
1.02461
1.08092
1.11171
1.10091
1.03736
0.909071
0.700991
0.391891
-0.0533015
-0.67503
-1.52676
-2.64041
-4.02076
-5.74411
-7.3273
-9.55594
-11.3622
-13.0682
-13.3461
-11.7336
-10.1079
-7.73158
-5.66072
-3.56937
-1.93397
-0.36846
0.314798
1.69232
0.00571666
0.0154978
0.0268067
0.037538
0.0489268
0.0603461
0.0721833
0.0842703
0.0967411
0.109564
0.122798
0.136454
0.150572
0.165177
0.180306
0.195992
0.212274
0.229194
0.246796
0.265127
0.284238
0.304183
0.325017
0.346793
0.369562
0.393363
0.418217
0.444117
0.471013
0.49879
0.527243
0.556055
0.584769
0.612771
0.639301
0.663509
0.684564
0.70184
0.715135
0.72486
0.732138
0.738709
0.746642
0.757772
0.772989
0.791884
0.813583
0.839224
0.874462
0.92763
1
1.07646
1.1393
1.17543
1.16755
1.10433
0.973453
0.759948
0.442127
-0.0165128
-0.659841
-1.54533
-2.70807
-4.17625
-5.9657
-7.91841
-9.96203
-12.2606
-14.2762
-14.5775
-12.7161
-10.8869
-8.2307
-5.9489
-3.69119
-1.94331
-0.305183
0.421307
1.85127
0.00588529
0.0161795
0.027924
0.03916
0.0510364
0.062973
0.0753296
0.0879546
0.100974
0.114361
0.128176
0.14243
0.157164
0.172405
0.188192
0.204558
0.221546
0.239197
0.257557
0.276678
0.296611
0.317414
0.339144
0.361859
0.385612
0.410447
0.436391
0.46344
0.491548
0.520599
0.550388
0.580589
0.610725
0.640149
0.668051
0.69351
0.715618
0.733672
0.747421
0.757286
0.764465
0.770853
0.778725
0.790109
0.805944
0.825611
0.847843
0.873671
0.909624
0.965907
1.04461
1.12844
1.19833
1.24022
1.23545
1.17258
1.03903
0.820238
0.494462
0.0241459
-0.63797
-1.55323
-2.7625
-4.31401
-6.19797
-8.43248
-10.3025
-13.2097
-15.5787
-15.9111
-13.7711
-11.7225
-8.7574
-6.24515
-3.80657
-1.93989
-0.227383
0.527221
1.88181
0.00605067
0.0168625
0.0290364
0.0407762
0.0531358
0.0655869
0.078459
0.0916186
0.105182
0.119131
0.133521
0.148368
0.163714
0.179586
0.196025
0.213066
0.230752
0.249128
0.268241
0.288143
0.308891
0.330543
0.353161
0.376806
0.401535
0.427396
0.454422
0.482613
0.511927
0.542251
0.57338
0.604978
0.63655
0.667417
0.696715
0.723452
0.74663
0.765464
0.779648
0.789605
0.796613
0.802735
0.810474
0.822078
0.838544
0.859
0.88169
0.907462
0.943826
1.00323
1.08877
1.18048
1.25797
1.30594
1.30426
1.24142
1.10471
0.88042
0.547255
0.0670056
-0.611022
-1.55228
-2.80582
-4.43828
-6.43963
-8.84704
-10.6665
-14.2008
-16.9764
-17.3544
-14.9027
-12.618
-9.31341
-6.5501
-3.91537
-1.92257
-0.133399
0.634778
2.01872
0.00621297
0.017547
0.0301441
0.0423868
0.0552252
0.068188
0.0815716
0.0952619
0.109366
0.123871
0.138832
0.154268
0.17022
0.186718
0.203804
0.221514
0.239892
0.258986
0.278844
0.299521
0.321076
0.343569
0.367066
0.391631
0.417326
0.444206
0.472305
0.501631
0.532147
0.563743
0.596213
0.629217
0.662241
0.694572
0.725294
0.753335
0.777605
0.797223
0.81182
0.821818
0.828579
0.834343
0.841871
0.85366
0.870777
0.892055
0.915125
0.940558
0.976963
1.03949
1.13239
1.23252
1.3181
1.37226
1.37329
1.30968
1.16885
0.938489
0.598381
0.109994
-0.58101
-1.54475
-2.84084
-4.55479
-6.69288
-9.23494
-11.1767
-15.2209
-18.4954
-18.9145
-16.1141
-13.5764
-9.90008
-6.86438
-4.01703
-1.88989
-0.0209227
0.805657
2.20788
0.00637232
0.0182332
0.0312475
0.0439921
0.0573049
0.0707763
0.0846672
0.0988844
0.113524
0.128582
0.144109
0.160129
0.176682
0.193801
0.211527
0.229899
0.248964
0.268769
0.289365
0.310809
0.333162
0.356488
0.380855
0.406331
0.432984
0.460871
0.490035
0.520489
0.552201
0.585067
0.618882
0.653299
0.687792
0.721612
0.753787
0.783163
0.808547
0.828955
0.843944
0.853929
0.860359
0.865666
0.872894
0.884832
0.902633
0.924778
0.948153
0.972921
1.00892
1.07454
1.17538
1.28443
1.37844
1.43854
1.44139
1.37562
1.22923
0.992018
0.645485
0.150944
-0.550003
-1.53298
-2.87062
-4.66933
-6.96168
-9.64934
-11.927
-16.324
-20.1819
-20.5989
-17.4071
-14.6002
-10.5181
-7.18858
-4.1105
-1.84057
0.108854
0.964347
2.28092
0.00652878
0.0189213
0.0323468
0.0455922
0.0593748
0.0733517
0.0877457
0.102486
0.117657
0.133262
0.149351
0.16595
0.183098
0.200832
0.219193
0.238222
0.257967
0.278475
0.299802
0.322005
0.345148
0.369297
0.394525
0.420903
0.448503
0.477388
0.507608
0.539182
0.572084
0.606218
0.641379
0.67722
0.713197
0.748532
0.782192
0.812937
0.839462
0.860668
0.876027
0.885943
0.89195
0.896688
0.903521
0.915569
0.934098
0.957181
0.980788
1.00451
1.03956
1.10821
1.21761
1.33596
1.43847
1.50369
1.50676
1.43684
1.28318
1.03848
0.686375
0.187984
-0.519719
-1.51888
-2.89786
-4.78688
-7.24987
-10.1316
-12.9846
-17.5241
-22.0732
-22.4169
-18.7822
-15.6904
-11.1677
-7.52316
-4.19438
-1.77359
0.258224
1.12191
2.46588
0.0066824
0.0196113
0.0334422
0.0471873
0.0614352
0.0759143
0.0908069
0.106066
0.121763
0.137912
0.154557
0.171729
0.189468
0.207811
0.226801
0.24648
0.266897
0.288103
0.310152
0.333106
0.35703
0.381994
0.408073
0.435342
0.463879
0.493753
0.525019
0.557704
0.591791
0.627188
0.663698
0.700971
0.738451
0.775327
0.810507
0.842658
0.870354
0.892368
0.908077
0.917862
0.923348
0.927396
0.933726
0.945845
0.96516
0.989277
1.01305
1.0353
1.06874
1.14032
1.25887
1.38666
1.49722
1.56598
1.56692
1.49047
1.32805
1.07574
0.719427
0.219905
-0.491166
-1.5036
-2.92431
-4.91082
-7.56046
-10.7041
-14.3171
-18.7887
-24.1959
-24.3803
-20.2385
-16.8473
-11.8481
-7.8683
-4.26703
-1.68732
0.430271
1.35262
2.70659
0.00683318
0.0203035
0.0345338
0.0487773
0.063486
0.0784639
0.0938507
0.109624
0.125843
0.14253
0.159727
0.177467
0.19579
0.214736
0.234348
0.254671
0.275754
0.297649
0.320414
0.34411
0.368807
0.394576
0.421495
0.449646
0.479109
0.509961
0.542262
0.57605
0.611313
0.647971
0.685832
0.724547
0.763547
0.801992
0.83873
0.872328
0.901229
0.924065
0.940102
0.949692
0.954549
0.957773
0.96348
0.975628
0.995805
1.02109
1.04497
1.06524
1.09628
1.17062
1.29881
1.43573
1.55315
1.6229
1.61873
1.53361
1.36173
1.10245
0.743912
0.24643
-0.464402
-1.48727
-2.95046
-5.04244
-7.89476
-11.3717
-15.8109
-20.1224
-26.6064
-26.5081
-21.7744
-18.0691
-12.5577
-8.22379
-4.3265
-1.58005
0.622615
1.56363
2.8042
0.0069811
0.0209979
0.0356219
0.0503624
0.0655273
0.0810004
0.0968767
0.11316
0.129896
0.147116
0.164859
0.183161
0.202063
0.221607
0.241835
0.262795
0.284536
0.307113
0.330585
0.355015
0.380474
0.407038
0.434789
0.46381
0.494189
0.526006
0.559333
0.594212
0.630646
0.66856
0.707773
0.747938
0.788478
0.828522
0.866857
0.901947
0.932093
0.955767
0.972112
0.981439
0.985551
0.987802
0.992752
1.00488
1.02602
1.05263
1.07658
1.0943
1.12198
1.19875
1.33679
1.48187
1.60392
1.67113
1.6589
1.56402
1.38314
1.11836
0.760143
0.268298
-0.438503
-1.469
-2.97545
-5.18076
-8.25208
-12.1323
-17.3819
-21.6309
-29.4216
-28.8278
-23.3888
-19.3518
-13.2934
-8.58884
-4.37063
-1.45025
0.839253
1.81496
3.07738
0.00712609
0.0216947
0.0367064
0.0519426
0.0675589
0.0835235
0.0998846
0.116673
0.133921
0.151669
0.169952
0.188811
0.208286
0.228421
0.249259
0.270848
0.293241
0.316492
0.340662
0.365817
0.39203
0.41938
0.44795
0.477831
0.509113
0.541885
0.576225
0.612187
0.649781
0.688947
0.729513
0.771136
0.813235
0.85491
0.894886
0.931517
0.96295
0.987483
1.00412
1.01311
1.01635
1.01747
1.02151
1.03357
1.05579
1.08395
1.10796
1.12245
1.14557
1.2242
1.37185
1.5231
1.64628
1.70692
1.68482
1.58075
1.3925
1.12432
0.769434
0.287145
-0.411735
-1.447
-2.99717
-5.32266
-8.62922
-12.982
-19.0259
-23.4729
-32.749
-31.3739
-25.0812
-20.6894
-14.0509
-8.96201
-4.39707
-1.29547
1.0811
2.06976
3.24468
0.00726807
0.022394
0.0377875
0.0535178
0.0695807
0.086033
0.102874
0.120162
0.137918
0.156188
0.175006
0.194416
0.214458
0.235177
0.256618
0.27883
0.301866
0.325784
0.350644
0.376515
0.403472
0.431596
0.460976
0.491704
0.523877
0.557592
0.592933
0.629966
0.668712
0.709124
0.751042
0.794132
0.837809
0.881149
0.922811
0.961037
0.993806
1.01922
1.03613
1.04471
1.04695
1.04674
1.0497
1.06164
1.08509
1.11508
1.13916
1.14963
1.16667
1.24619
1.40253
1.5566
1.67615
1.72694
1.69535
1.58436
1.39118
1.12212
0.773852
0.305186
-0.38189
-1.41894
-3.01258
-5.46314
-9.01999
-13.9129
-20.7575
-25.7857
-36.6208
-34.179
-26.8532
-22.074
-14.8242
-9.34112
-4.40321
-1.11321
1.35061
2.33473
3.51923
0.00740691
0.0230959
0.0388651
0.055088
0.0715927
0.0885285
0.105844
0.123628
0.141885
0.160672
0.180019
0.199974
0.220577
0.241874
0.26391
0.286738
0.310411
0.334986
0.360528
0.387106
0.414797
0.443685
0.473862
0.505425
0.538478
0.573122
0.609452
0.647543
0.687431
0.729082
0.772351
0.816915
0.862191
0.90723
0.950629
0.990509
1.02467
1.051
1.06816
1.07625
1.07734
1.07561
1.0773
1.08905
1.1139
1.14608
1.17025
1.17574
1.18474
1.26364
1.42687
1.57846
1.68939
1.72951
1.69127
1.57677
1.38147
1.11414
0.775821
0.324806
-0.346642
-1.38218
-3.01788
-5.59571
-9.41547
-14.9115
-22.5686
-28.5902
-41.0476
-37.2728
-28.7071
-23.4979
-15.6062
-9.72316
-4.3861
-0.900551
1.6518
2.66664
3.83575
0.00754247
0.0238005
0.0399391
0.056653
0.0735945
0.0910098
0.108796
0.12707
0.145822
0.165121
0.184991
0.205485
0.226642
0.248509
0.271135
0.294571
0.318872
0.344097
0.370311
0.397586
0.426
0.455642
0.486605
0.518991
0.55291
0.58847
0.625775
0.664912
0.70593
0.748813
0.793431
0.839476
0.886369
0.933143
0.978331
1.01993
1.05554
1.08282
1.10022
1.10775
1.10752
1.10405
1.10424
1.11573
1.14219
1.17698
1.20132
1.20058
1.19903
1.27534
1.442
1.58397
1.6833
1.7153
1.67496
1.56077
1.36612
1.1029
0.777701
0.3482
-0.303804
-1.33398
-3.00877
-5.71269
-9.80442
-15.9573
-24.4331
-31.8855
-46.0168
-40.681
-30.6442
-24.9533
-16.3884
-10.1043
-4.34238
-0.654422
1.98453
2.99013
4.06838
0.00767457
0.0245079
0.0410096
0.0582127
0.0755859
0.0934763
0.111727
0.130486
0.149728
0.169533
0.18992
0.210947
0.232651
0.255083
0.27829
0.302327
0.327247
0.353113
0.379991
0.407953
0.437081
0.467464
0.499201
0.532398
0.567168
0.60363
0.641896
0.682065
0.724201
0.768306
0.81427
0.861802
0.910332
0.958878
1.00591
1.0493
1.08643
1.1147
1.13233
1.13921
1.1375
1.13203
1.13048
1.14161
1.16993
1.20783
1.23236
1.22374
1.2088
1.27983
1.44378
1.56892
1.65795
1.68706
1.64974
1.5395
1.3479
1.09069
0.781466
0.377185
-0.251378
-1.27149
-2.98046
-5.80537
-10.1735
-17.0225
-26.3121
-35.6594
-51.4806
-44.4167
-32.663
-26.4334
-17.1615
-10.4796
-4.26817
-0.372028
2.35266
3.31847
4.42088
0.00780302
0.0252183
0.0420764
0.059767
0.0775666
0.0959277
0.114637
0.133876
0.153603
0.173907
0.194805
0.216358
0.238602
0.261592
0.285374
0.310003
0.335535
0.362034
0.389565
0.418204
0.448035
0.479148
0.511646
0.54564
0.581249
0.618597
0.657809
0.698995
0.742236
0.787552
0.834857
0.883881
0.934067
0.984423
1.03336
1.07861
1.11734
1.14665
1.1645
1.17064
1.16727
1.15954
1.15594
1.1666
1.19706
1.23864
1.26317
1.24453
1.21373
1.27484
1.42719
1.53172
1.61628
1.64866
1.61921
1.51603
1.32919
1.07925
0.788584
0.413218
-0.187464
-1.1917
-2.9278
-5.86436
-10.5083
-18.0767
-28.1619
-39.8952
-57.3565
-48.4799
-34.7606
-27.9314
-17.9159
-10.8434
-4.15918
-0.0499753
2.76153
3.72057
4.79762
0.00792758
0.0259317
0.0431393
0.0613155
0.0795362
0.0983634
0.117527
0.137239
0.157445
0.178242
0.199645
0.221717
0.244495
0.268035
0.292384
0.317597
0.343733
0.370855
0.39903
0.428337
0.458858
0.49069
0.523936
0.558713
0.595145
0.633366
0.673507
0.715694
0.760025
0.806541
0.85518
0.905699
0.95756
1.00977
1.06067
1.10787
1.14828
1.17868
1.19676
1.20208
1.19684
1.18653
1.18057
1.1906
1.22348
1.26927
1.29312
1.26229
1.21366
1.25591
1.38851
1.47455
1.56293
1.60417
1.58679
1.49299
1.31184
1.06977
0.80009
0.457558
-0.110133
-1.09152
-2.84552
-5.88029
-10.7953
-19.0905
-29.939
-44.5892
-63.5267
-52.8452
-36.9284
-29.4396
-18.6425
-11.189
-4.01091
0.315232
3.20959
4.10739
5.11255
0.008048
0.0266481
0.0441983
0.062858
0.0814943
0.100783
0.120394
0.140575
0.161253
0.182537
0.204438
0.227022
0.250328
0.27441
0.299318
0.325108
0.351839
0.379575
0.408385
0.438347
0.469549
0.502087
0.536068
0.571614
0.608854
0.647929
0.688983
0.732155
0.777559
0.825262
0.875227
0.927243
0.980795
1.03489
1.08783
1.13707
1.17925
1.21082
1.22911
1.23352
1.22622
1.21299
1.20426
1.21348
1.24903
1.29924
1.32102
1.27705
1.20727
1.217
1.32789
1.40254
1.50278
1.55724
1.55535
1.47243
1.29712
1.06293
0.81678
0.511425
-0.0174022
-0.967976
-2.72888
-5.84501
-11.0224
-20.032
-31.605
-49.7684
-69.8428
-57.4744
-39.1562
-30.9477
-19.3332
-11.5084
-3.81885
0.726616
3.70202
4.53509
5.52775
0.00816401
0.0273678
0.045253
0.0643942
0.0834406
0.103185
0.123239
0.143882
0.165026
0.186791
0.209183
0.232273
0.256098
0.280716
0.306175
0.332533
0.35985
0.38819
0.417625
0.448233
0.480103
0.513334
0.548037
0.584336
0.622369
0.662282
0.704231
0.748369
0.79483
0.843703
0.894985
0.948496
1.00376
1.05978
1.11483
1.1662
1.21025
1.24306
1.26159
1.265
1.25541
1.23889
1.22693
1.23505
1.27332
1.32738
1.34548
1.28935
1.19231
1.15401
1.24917
1.32085
1.4399
1.51096
1.52714
1.45586
1.28588
1.05914
0.839372
0.576061
0.0925796
-0.818793
-2.57472
-5.75344
-11.1814
-20.8695
-33.1436
-55.4977
-76.108
-62.2913
-41.4251
-32.4418
-19.9813
-11.7927
-3.57862
1.18778
4.23972
4.96937
5.89928
0.00827529
0.0280907
0.0463033
0.0659237
0.0853743
0.10557
0.12606
0.147159
0.168763
0.191002
0.213879
0.237467
0.261804
0.286949
0.312952
0.33987
0.367764
0.396699
0.426748
0.45799
0.490517
0.524428
0.559839
0.596877
0.635685
0.676419
0.719244
0.764328
0.811826
0.861853
0.914438
0.969443
1.02642
1.08442
1.14165
1.19525
1.2413
1.27543
1.29421
1.29654
1.28442
1.26418
1.24846
1.25504
1.29554
1.35174
1.36534
1.29543
1.15348
1.06081
1.1576
1.23513
1.37712
1.46746
1.50387
1.44444
1.27871
1.05863
0.868582
0.652615
0.221105
-0.643287
-2.38286
-5.60575
-11.2692
-21.578
-34.5975
-61.894
-82.0921
-67.1956
-43.7064
-33.905
-20.5815
-12.032
-3.28586
1.70229
4.82457
5.41631
6.36202
0.00838151
0.0288169
0.0473489
0.0674463
0.087295
0.107937
0.128857
0.150406
0.172463
0.195169
0.218523
0.242603
0.267445
0.293109
0.319646
0.347116
0.375577
0.405098
0.43575
0.467616
0.500787
0.535365
0.571469
0.60923
0.648796
0.690332
0.734014
0.780025
0.828539
0.8797
0.933573
0.990065
1.04878
1.10878
1.16827
1.22422
1.27239
1.30794
1.32699
1.32816
1.31327
1.28883
1.26867
1.27298
1.31405
1.37007
1.37948
1.29068
1.08187
0.951863
1.05382
1.1477
1.31707
1.42847
1.48689
1.43914
1.27609
1.06156
0.905071
0.741859
0.368203
-0.443532
-2.15785
-5.40929
-11.289
-22.1411
-36.0516
-69.0652
-87.4813
-72.0567
-45.9649
-35.315
-21.129
-12.2171
-2.93619
2.27405
5.45863
5.93681
6.82546
0.00848231
0.0295466
0.0483895
0.0689613
0.0892021
0.110285
0.131628
0.15362
0.176124
0.19929
0.223115
0.247678
0.273017
0.299193
0.326257
0.354268
0.383288
0.413384
0.44463
0.477107
0.510909
0.546141
0.582923
0.621391
0.661698
0.704017
0.748534
0.795449
0.844957
0.89723
0.952375
1.01034
1.0708
1.13285
1.19467
1.2531
1.30352
1.3406
1.35997
1.3599
1.34197
1.31277
1.28734
1.28792
1.32651
1.38115
1.38869
1.26253
0.989588
0.842124
0.944681
1.06306
1.26136
1.39559
1.47746
1.44093
1.27845
1.06796
0.949282
0.843704
0.531695
-0.225643
-1.9106
-5.1794
-11.2488
-22.5512
-37.5836
-76.7736
-91.4943
-76.5756
-48.1577
-36.646
-21.6193
-12.3402
-2.52492
2.90623
6.13921
6.45611
7.27064
0.0085773
0.0302797
0.0494247
0.0704684
0.0910949
0.112612
0.134373
0.156802
0.179745
0.203364
0.227652
0.252691
0.278519
0.305199
0.33278
0.361325
0.390894
0.421555
0.453382
0.486459
0.52088
0.556752
0.594196
0.633354
0.674384
0.717465
0.762797
0.810592
0.861069
0.914432
0.970826
1.03026
1.09247
1.1566
1.22083
1.28186
1.33469
1.37343
1.39317
1.39178
1.37051
1.33591
1.30403
1.29826
1.33119
1.38604
1.38858
1.20394
0.892634
0.731156
0.831472
0.983359
1.21125
1.37021
1.47682
1.45086
1.28619
1.07765
1.00115
0.956488
0.706151
-0.00099959
-1.65936
-4.93779
-11.1602
-22.814
-39.1986
-83.8493
-93.5646
-80.5443
-50.2367
-37.8663
-22.0475
-12.3945
-2.04745
3.59999
6.86693
6.98334
7.80582
0.00866606
0.0310163
0.0504541
0.0719671
0.0929726
0.114919
0.13709
0.159949
0.183325
0.207389
0.232133
0.257641
0.28395
0.311124
0.339215
0.368283
0.398391
0.429607
0.462005
0.49567
0.530696
0.567193
0.605285
0.645115
0.686848
0.730671
0.776794
0.825445
0.876866
0.93129
0.98891
1.0498
1.11375
1.18
1.24673
1.3105
1.36591
1.40645
1.42661
1.42381
1.39887
1.35808
1.31796
1.30247
1.33054
1.39254
1.36116
1.1344
0.794022
0.622726
0.718051
0.910049
1.16765
1.3537
1.48629
1.47008
1.29959
1.09007
1.05967
1.07611
0.881998
0.212804
-1.42877
-4.70863
-11.036
-22.9412
-40.7663
-88.95
-93.9394
-83.7954
-52.111
-38.939
-22.4098
-12.3746
-1.49919
4.35497
7.64073
7.59993
8.32282
0.00874814
0.0317564
0.0514775
0.0734566
0.0948345
0.117203
0.139779
0.16306
0.186862
0.211364
0.236555
0.262524
0.289306
0.316966
0.345557
0.37514
0.405777
0.437537
0.470495
0.504735
0.540353
0.577461
0.616183
0.656668
0.699085
0.743628
0.790517
0.839998
0.892334
0.947792
1.00661
1.06892
1.13462
1.20302
1.27234
1.33899
1.39716
1.43965
1.46029
1.456
1.42698
1.37895
1.32806
1.3007
1.32922
1.39479
1.31036
1.06546
0.692824
0.521258
0.606755
0.845157
1.13158
1.34754
1.50735
1.49987
1.31873
1.10408
1.12221
1.19526
1.04487
0.391872
-1.24607
-4.51347
-10.8875
-22.942
-42.1083
-91.6244
-93.4779
-86.1542
-53.7002
-39.8322
-22.704
-12.2672
-0.877206
5.16901
8.45468
8.19861
8.84417
0.00882307
0.0325002
0.0524942
0.0749365
0.0966796
0.119465
0.142437
0.166134
0.190354
0.215287
0.240918
0.267338
0.294585
0.322723
0.351805
0.381893
0.413049
0.445342
0.478847
0.51365
0.549847
0.58755
0.626887
0.668008
0.711088
0.756329
0.80396
0.854243
0.907464
0.963922
1.02391
1.08762
1.15505
1.22563
1.29762
1.36731
1.42845
1.47305
1.49423
1.4883
1.45466
1.39798
1.33396
1.29752
1.33645
1.37479
1.258
0.994535
0.590961
0.428982
0.499072
0.789941
1.10429
1.35342
1.54167
1.54155
1.34341
1.11758
1.1838
1.30315
1.17498
0.508299
-1.13486
-4.36742
-10.7234
-22.8226
-43.1037
-92.3656
-92.7905
-87.6046
-54.9648
-40.4934
-22.9281
-12.0555
-0.183019
6.03698
9.30522
8.8559
9.39587
0.00889033
0.0332475
0.0535038
0.0764061
0.0985072
0.121702
0.145065
0.169169
0.193799
0.219155
0.245218
0.272083
0.299785
0.328392
0.357956
0.388539
0.420203
0.453018
0.487059
0.522412
0.559173
0.597456
0.63739
0.67913
0.722852
0.768766
0.817113
0.868169
0.922242
0.979667
1.04078
1.10587
1.17502
1.24779
1.32253
1.39543
1.45974
1.50663
1.52837
1.52056
1.48157
1.41457
1.33696
1.29791
1.34918
1.33834
1.21033
0.920065
0.491661
0.348578
0.399856
0.745829
1.08714
1.37314
1.59102
1.59651
1.37299
1.12692
1.23671
1.38549
1.24713
0.536078
-1.10932
-4.27801
-10.5488
-22.5859
-43.7007
-91.7287
-91.9607
-88.2313
-55.8695
-40.9129
-23.0613
-11.7297
0.579911
6.95271
10.1858
9.52745
9.91754
0.00894939
0.0339984
0.0545059
0.0778645
0.100316
0.123914
0.147659
0.172164
0.197197
0.222968
0.249454
0.276754
0.304904
0.33397
0.364006
0.395074
0.427236
0.460562
0.495127
0.531016
0.568328
0.607174
0.647689
0.690026
0.73437
0.780933
0.829969
0.881767
0.936658
0.99501
1.05721
1.12363
1.19448
1.26945
1.34704
1.42332
1.49103
1.54035
1.56259
1.55251
1.50719
1.42884
1.3409
1.30728
1.35162
1.30452
1.1637
0.844042
0.396584
0.280254
0.311659
0.714308
1.08159
1.4085
1.65729
1.6662
1.40604
1.12617
1.27128
1.42369
1.23347
0.459115
-1.17185
-4.24597
-10.3661
-22.2313
-43.878
-90.1399
-91.0075
-88.005
-56.406
-41.1042
-23.0687
-11.2838
1.4067
7.90634
11.0864
10.1985
10.481
0.00899967
0.0347529
0.0554997
0.079311
0.102106
0.126099
0.150219
0.175117
0.200545
0.226721
0.253623
0.28135
0.309938
0.339455
0.369953
0.401496
0.434145
0.46797
0.503046
0.539458
0.577305
0.616701
0.657777
0.700693
0.745635
0.792823
0.842518
0.895026
0.950699
1.00994
1.07318
1.14089
1.2134
1.29059
1.37109
1.45093
1.52225
1.57412
1.59665
1.58363
1.53096
1.44205
1.3502
1.32737
1.34116
1.27783
1.11653
0.76882
0.306425
0.222246
0.2362
0.696229
1.0893
1.46134
1.74254
1.75207
1.43965
1.10726
1.27714
1.39336
1.11136
0.276807
-1.31464
-4.26668
-10.1747
-21.7555
-43.6215
-87.7882
-89.79
-86.9578
-56.5577
-41.0543
-22.9381
-10.7115
2.28982
8.88702
11.9997
10.9968
11.0433
0.00904057
0.035511
0.0564848
0.0807447
0.103874
0.128257
0.152743
0.178026
0.20384
0.230415
0.257723
0.285868
0.314885
0.344843
0.375794
0.407801
0.440926
0.475238
0.510813
0.547735
0.586102
0.626029
0.66765
0.711124
0.756641
0.804427
0.854753
0.907937
0.964352
1.02443
1.08867
1.15761
1.23174
1.31114
1.39463
1.4782
1.55333
1.60772
1.63009
1.61322
1.55273
1.45612
1.36616
1.35043
1.3313
1.25507
1.07013
0.695861
0.222377
0.172571
0.178227
0.691767
1.11182
1.5335
1.84904
1.85533
1.46817
1.0625
1.24195
1.26597
0.873513
0.00354885
-1.523
-4.33086
-9.97037
-21.1521
-42.9274
-84.8148
-88.1885
-85.1715
-56.3195
-40.7465
-22.6586
-10.0087
3.21864
9.88051
12.8933
11.709
11.3425
0.00907145
0.0362726
0.0574604
0.0821648
0.105621
0.130385
0.15523
0.180889
0.207082
0.234046
0.261752
0.290306
0.319742
0.350131
0.381524
0.413985
0.447575
0.482363
0.518423
0.555841
0.594713
0.635155
0.677301
0.721312
0.767381
0.815739
0.866665
0.92049
0.977606
1.03848
1.10366
1.17378
1.24946
1.33105
1.4176
1.50505
1.5841
1.64079
1.66221
1.6405
1.57291
1.4731
1.38923
1.36815
1.32768
1.23413
1.02607
0.626193
0.145339
0.124455
0.139524
0.701209
1.15075
1.6268
1.97926
1.97589
1.48293
0.988885
1.14616
1.01838
0.533323
-0.336813
-1.77787
-4.42418
-9.74375
-20.4116
-41.8007
-81.3389
-86.1382
-82.7434
-55.7018
-40.176
-22.2168
-9.1746
4.17811
10.8733
13.7792
12.5659
11.8749
0.00909164
0.0370376
0.0584259
0.0835701
0.107344
0.132481
0.157678
0.183705
0.210267
0.237612
0.265707
0.29466
0.324507
0.355317
0.387142
0.420046
0.454089
0.48934
0.525872
0.563771
0.603133
0.644073
0.686725
0.731252
0.777848
0.826751
0.878245
0.932673
0.990448
1.05206
1.11812
1.18934
1.26653
1.35027
1.4399
1.53133
1.61429
1.67274
1.69208
1.66487
1.59201
1.49327
1.41747
1.38277
1.32843
1.21498
0.985044
0.56109
0.0772526
0.0689202
0.121477
0.723941
1.20765
1.74305
2.13562
2.11023
1.47566
0.88795
0.960211
0.646667
0.120714
-0.7171
-2.0567
-4.52602
-9.47824
-19.5206
-40.2538
-77.4609
-83.6186
-79.7897
-54.7249
-39.343
-21.5995
-8.2131
5.14753
11.8402
14.5379
13.3703
8.99217
0.00910045
0.037806
0.0593805
0.0849597
0.109043
0.134545
0.160084
0.186471
0.213394
0.24111
0.269585
0.298929
0.329176
0.360396
0.392643
0.425979
0.460463
0.496165
0.533156
0.571522
0.611357
0.652777
0.695916
0.740937
0.788036
0.837455
0.889483
0.944477
1.00286
1.06517
1.13204
1.20429
1.28289
1.36872
1.46144
1.55685
1.64342
1.70271
1.71874
1.68595
1.61015
1.51552
1.44621
1.39886
1.33123
1.19815
0.947224
0.502335
0.0227073
-0.000488734
0.125628
0.759457
1.28386
1.88403
2.31968
2.2487
1.44681
0.754472
0.653984
0.173191
-0.328359
-1.11007
-2.33325
-4.60837
-9.1488
-18.4627
-38.3053
-73.2636
-80.6116
-76.4178
-53.4029
-38.2403
-20.7928
-7.13477
6.10517
12.781
15.2525
13.6074
6.69607
0.00909714
0.0385775
0.0603234
0.0863324
0.110716
0.136575
0.162448
0.189185
0.21646
0.244538
0.273383
0.303108
0.333745
0.365366
0.398024
0.43178
0.466694
0.502833
0.54027
0.579087
0.61938
0.661262
0.704868
0.75036
0.797937
0.847842
0.900372
0.955892
1.01484
1.07778
1.14539
1.21857
1.29849
1.38633
1.48204
1.58127
1.67081
1.72967
1.7413
1.70342
1.62714
1.53866
1.47242
1.41671
1.33519
1.18374
0.912668
0.45214
-0.010494
-0.0818214
0.150481
0.807292
1.38056
2.05138
2.52966
2.37637
1.41306
0.565953
0.217011
-0.36049
-0.780816
-1.48891
-2.57765
-4.63607
-8.72267
-17.2198
-35.9795
-68.8218
-77.1071
-72.7197
-51.7378
-36.8536
-19.7871
-5.95758
7.01538
13.6324
16.0335
13.2187
4.10731
0.00908097
0.0393522
0.0612538
0.0876871
0.112361
0.138569
0.164766
0.191844
0.219462
0.247893
0.2771
0.307194
0.338212
0.370223
0.40328
0.437445
0.472776
0.50934
0.547209
0.586462
0.627196
0.669522
0.713574
0.759515
0.807543
0.857905
0.910902
0.966906
1.02638
1.08988
1.15815
1.23218
1.31329
1.40298
1.5015
1.60407
1.69553
1.75254
1.75889
1.71675
1.64245
1.56157
1.49683
1.43502
1.34013
1.17149
0.88124
0.412564
-0.0130747
-0.161468
0.195377
0.8672
1.49847
2.24601
2.75578
2.4797
1.39511
0.272773
-0.334271
-0.90811
-1.20986
-1.82693
-2.75762
-4.56969
-8.16333
-15.7765
-33.3053
-64.2123
-73.157
-68.7933
-49.7419
-35.1817
-18.5883
-4.71219
7.84886
14.4887
16.2739
14.189
4.15102
0.00905113
0.0401297
0.0621708
0.0890224
0.113978
0.140524
0.167038
0.194447
0.222399
0.251173
0.28073
0.311185
0.342572
0.374963
0.408409
0.44297
0.478707
0.515682
0.553967
0.593642
0.6348
0.677551
0.722029
0.768395
0.816848
0.867635
0.921063
0.977509
1.03744
1.10145
1.17031
1.24506
1.32721
1.41855
1.51948
1.62455
1.71655
1.77035
1.77111
1.72638
1.65603
1.58275
1.52016
1.45296
1.34591
1.16108
0.852526
0.384165
0.0174308
-0.223271
0.257865
0.939722
1.6378
2.46644
2.97663
2.55566
1.38466
-0.230721
-0.944647
-1.43597
-1.59379
-2.09855
-2.84139
-4.37171
-7.43821
-14.1257
-30.3178
-59.5072
-68.8808
-64.741
-47.4603
-33.2551
-17.2243
-3.44936
8.55977
15.2076
16.174
16.1479
4.48722
0.0090068
0.04091
0.0630735
0.0903369
0.115563
0.14244
0.16926
0.196991
0.225266
0.254374
0.284272
0.315077
0.346824
0.379582
0.413405
0.448351
0.484479
0.521853
0.56054
0.60062
0.642185
0.685343
0.730225
0.776992
0.825842
0.877024
0.930845
0.98769
1.04804
1.11249
1.18183
1.25718
1.34019
1.43285
1.53551
1.64189
1.73302
1.78252
1.77752
1.73145
1.6677
1.6023
1.54217
1.47019
1.35226
1.15211
0.825853
0.365803
0.0727864
-0.249075
0.333882
1.02526
1.79789
2.70528
3.16267
2.6212
1.34401
-0.94746
-1.56583
-1.92375
-1.91127
-2.28087
-2.80265
-4.01483
-6.52904
-12.2784
-27.0612
-54.753
-64.3742
-60.6423
-44.9584
-31.1262
-15.7412
-2.23724
9.14557
15.341
16.5252
17.8159
10.3561
0.00894712
0.0416929
0.0639609
0.0916293
0.117117
0.144313
0.17143
0.199474
0.228063
0.257494
0.287722
0.318867
0.350961
0.384077
0.418264
0.453583
0.49009
0.527848
0.566922
0.607392
0.649345
0.69289
0.738155
0.785299
0.834519
0.886063
0.940241
0.997439
1.05814
1.12296
1.1927
1.2685
1.35212
1.44561
1.54903
1.65531
1.74399
1.78774
1.77779
1.7344
1.67815
1.6202
1.56268
1.48674
1.359
1.14414
0.800607
0.355372
0.131041
-0.222322
0.419247
1.12431
1.97665
2.94561
3.29649
2.71063
1.12182
-1.70265
-2.174
-2.33998
-2.14612
-2.35513
-2.62606
-3.49016
-5.44158
-10.2715
-23.5949
-49.9554
-59.6318
-56.5441
-42.2912
-28.8446
-14.1989
-1.15013
9.60849
14.9383
17.2971
18.3326
17.8492
0.00887119
0.0424781
0.064832
0.0928981
0.118636
0.146142
0.173546
0.201892
0.230785
0.260528
0.291077
0.32255
0.354981
0.388442
0.422983
0.458661
0.495534
0.533661
0.573108
0.61395
0.656275
0.700186
0.745812
0.793308
0.842869
0.894743
0.949238
1.00674
1.06775
1.13286
1.20289
1.27899
1.36289
1.45653
1.55942
1.6641
1.74921
1.78674
1.77515
1.73701
1.68793
1.63677
1.58179
1.50256
1.36587
1.13668
0.776919
0.35199
0.155303
-0.142725
0.510389
1.23622
2.16886
3.16166
3.39355
2.85331
0.618657
-2.38313
-2.77254
-2.66178
-2.28728
-2.31142
-2.31155
-2.81214
-4.21106
-8.17147
-19.999
-45.0975
-54.7195
-52.5076
-39.5062
-26.4665
-12.6852
-0.238188
9.85658
14.4541
18.1182
19.0825
24.2015
0.00877804
0.0432654
0.0656857
0.0941415
0.120118
0.147925
0.175606
0.204243
0.23343
0.263475
0.294333
0.326123
0.35888
0.392674
0.427555
0.463581
0.500805
0.539287
0.579091
0.620289
0.662966
0.707225
0.753189
0.801011
0.850885
0.903054
0.957828
1.0156
1.07684
1.14217
1.21238
1.28857
1.37235
1.46525
1.56633
1.66849
1.75002
1.78167
1.77266
1.73963
1.69696
1.65191
1.59936
1.51745
1.37256
1.12932
0.757276
0.365024
0.128512
-0.0269439
0.604179
1.3589
2.36389
3.32697
3.47367
2.94042
-0.00691638
-2.9622
-3.33788
-2.8766
-2.33175
-2.15223
-1.87649
-2.01817
-2.90061
-6.07087
-16.3787
-40.1617
-50.1131
-48.5758
-36.7008
-24.1071
-11.3142
0.516349
9.83661
14.3042
18.9725
20.8122
28.3264
0.0086667
0.0440545
0.0665209
0.0953578
0.121563
0.149658
0.177606
0.206524
0.235994
0.26633
0.297486
0.329582
0.362652
0.396768
0.431977
0.468336
0.505898
0.54472
0.584865
0.626401
0.669412
0.713997
0.760276
0.8084
0.858556
0.910987
0.965999
1.02398
1.08541
1.15088
1.22113
1.29719
1.38036
1.47163
1.57024
1.67061
1.7464
1.77587
1.77061
1.74221
1.70543
1.66564
1.61529
1.53114
1.37861
1.12166
0.746184
0.409677
0.0796921
0.102723
0.69816
1.48837
2.54476
3.43708
3.59003
2.7944
-0.590394
-3.42089
-3.83665
-2.98219
-2.28685
-1.89337
-1.35286
-1.16205
-1.59165
-4.07604
-12.8623
-35.0837
-46.479
-44.5293
-34.073
-21.9532
-10.1571
1.1584
9.78532
14.7263
20.1715
23.0071
28.1675
0.00853612
0.0448449
0.0673362
0.0965451
0.122967
0.15134
0.179544
0.208731
0.238473
0.269089
0.300532
0.332922
0.366294
0.400718
0.436242
0.472921
0.510807
0.549954
0.590423
0.63228
0.675606
0.720496
0.767068
0.815465
0.865875
0.918532
0.973741
1.03188
1.09343
1.15896
1.22913
1.30479
1.38685
1.47593
1.57225
1.67138
1.73996
1.77099
1.76892
1.74499
1.71333
1.67789
1.62942
1.54329
1.38331
1.11296
0.746223
0.478162
0.0664352
0.229346
0.7913
1.61828
2.68956
3.50236
3.74222
2.42084
-1.10718
-3.73437
-4.23621
-2.99069
-2.16751
-1.55917
-0.779776
-0.302481
-0.367562
-2.28844
-9.58818
-29.7097
-43.5285
-40.2634
-31.8773
-20.1122
-9.15164
1.78051
10.1597
15.817
21.8058
25.3465
26.6653
0.00838524
0.045636
0.0681303
0.0977013
0.124329
0.152968
0.181417
0.210863
0.240866
0.27175
0.303467
0.33614
0.369801
0.404521
0.440346
0.477331
0.515525
0.554982
0.595758
0.637919
0.68154
0.726714
0.773553
0.822198
0.87283
0.925679
0.981042
1.0393
1.1009
1.16639
1.23634
1.31135
1.39193
1.47881
1.57391
1.66949
1.73377
1.76689
1.7677
1.74806
1.72072
1.68875
1.64163
1.55351
1.38579
1.10275
0.756219
0.523952
0.125358
0.346685
0.882431
1.73938
2.77985
3.5465
3.81786
2.0015
-1.58398
-3.9008
-4.51021
-2.91857
-1.9907
-1.1751
-0.194415
0.508795
0.703588
-0.780747
-6.67748
-24.0264
-39.6902
-36.1802
-30.0373
-18.4336
-8.05469
2.68605
11.2836
17.6001
23.7195
27.2472
26.5183
0.00821302
0.0464271
0.0689015
0.0988241
0.125645
0.154538
0.183222
0.212914
0.243167
0.274307
0.306287
0.33923
0.373168
0.40817
0.444283
0.481559
0.520047
0.559798
0.600864
0.643309
0.687206
0.732641
0.779724
0.82859
0.879412
0.932416
0.987892
1.04621
1.1078
1.17315
1.24273
1.31689
1.39586
1.48103
1.57604
1.66532
1.72887
1.76337
1.76715
1.75145
1.72769
1.69828
1.6519
1.56152
1.38564
1.09384
0.783518
0.520532
0.239436
0.455529
0.969175
1.8393
2.81334
3.6178
3.69068
1.6334
-2.03594
-3.95696
-4.65406
-2.78189
-1.77018
-0.762697
0.373325
1.23382
1.57988
0.419229
-4.19856
-18.3669
-34.0279
-32.0563
-27.5871
-16.4898
-6.43463
4.33037
13.252
19.8982
25.4594
27.9357
29.1818
0.00801846
0.0472169
0.0696483
0.0999109
0.126913
0.156048
0.184955
0.214882
0.245372
0.276757
0.308988
0.342187
0.376388
0.41166
0.448046
0.4856
0.524366
0.564393
0.605733
0.648443
0.692594
0.738269
0.785571
0.834629
0.885611
0.938733
0.994277
1.0526
1.11411
1.17923
1.24832
1.3215
1.39903
1.4831
1.57764
1.66122
1.72499
1.76053
1.7673
1.75516
1.73435
1.70666
1.6603
1.56717
1.38315
1.09291
0.837711
0.503833
0.366194
0.557044
1.04785
1.90224
2.79355
3.71283
3.40681
1.31271
-2.45884
-3.95662
-4.67764
-2.59405
-1.51579
-0.339214
0.901372
1.84934
2.2479
1.32898
-2.14998
-13.1318
-26.9705
-26.7931
-23.5421
-13.5432
-3.71497
7.06609
15.9784
22.3885
26.8337
27.4317
29.1646
0.00780068
0.0480041
0.0703686
0.100959
0.12813
0.157495
0.186613
0.216762
0.247478
0.279095
0.311564
0.345007
0.379458
0.414985
0.45163
0.489446
0.528474
0.568761
0.610356
0.653313
0.697697
0.743589
0.791084
0.840307
0.891415
0.944618
1.00018
1.05845
1.11981
1.18463
1.25314
1.32538
1.40184
1.48553
1.57769
1.65825
1.72188
1.75848
1.76811
1.7592
1.74079
1.71406
1.667
1.57046
1.37916
1.10389
0.89276
0.531433
0.485163
0.651613
1.11373
1.91452
2.73997
3.74729
3.11317
1.0192
-2.84031
-3.94717
-4.60186
-2.36438
-1.23549
0.0803901
1.37422
2.34493
2.7199
1.99937
-0.48298
-8.57693
-19.6417
-20.3174
-17.8848
-9.15243
0.349276
10.8046
19.1334
24.6813
27.7606
27.2467
28.2531
0.007559
0.0487868
0.0710606
0.101965
0.129293
0.158874
0.188192
0.218551
0.24948
0.281316
0.31401
0.347684
0.382371
0.418138
0.455028
0.49309
0.532364
0.572894
0.614725
0.657909
0.702506
0.74859
0.796254
0.845612
0.896815
0.95006
1.0056
1.06377
1.12491
1.18934
1.25725
1.32869
1.40455
1.48846
1.57691
1.65628
1.71946
1.75722
1.76954
1.76356
1.7471
1.7207
1.67228
1.57175
1.37628
1.12997
0.915029
0.614809
0.594533
0.739265
1.16108
1.87359
2.70016
3.62986
2.87818
0.752473
-3.16753
-3.96284
-4.4531
-2.10129
-0.937217
0.482226
1.78251
2.72096
3.02767
2.49561
0.864362
-4.79962
-12.942
-13.5813
-11.4979
-3.80283
5.28737
15.0127
22.255
26.5164
28.2277
27.5754
27.8547
0.00729305
0.0495626
0.071722
0.102927
0.130399
0.160182
0.189688
0.220244
0.251374
0.283415
0.316321
0.350212
0.385121
0.421114
0.458233
0.496525
0.536028
0.576783
0.618832
0.662222
0.70701
0.753264
0.801069
0.850535
0.901799
0.955049
1.01053
1.06853
1.12939
1.19341
1.26075
1.33159
1.4072
1.49124
1.57643
1.65505
1.71776
1.7567
1.77152
1.76822
1.75335
1.7268
1.67649
1.57199
1.37969
1.17678
0.916006
0.722725
0.697595
0.819447
1.183
1.78379
2.69833
3.39106
2.69689
0.52608
-3.42832
-4.02046
-4.24742
-1.81339
-0.629587
0.853813
2.12296
2.98648
3.21392
2.87771
1.94607
-1.79339
-7.32542
-7.46242
-5.33843
1.68758
10.3285
19.0726
24.9617
27.8196
28.3574
28.0827
27.7651
0.00700292
0.0503287
0.0723504
0.10384
0.131444
0.161416
0.191096
0.221837
0.253155
0.285388
0.318492
0.352585
0.387702
0.423906
0.461238
0.499744
0.539459
0.580421
0.622668
0.666244
0.7112
0.7576
0.805521
0.855064
0.906358
0.959574
1.01494
1.07274
1.13328
1.19687
1.26373
1.33421
1.40984
1.49325
1.57653
1.65434
1.71673
1.75684
1.774
1.77315
1.75961
1.73257
1.67998
1.5722
1.39244
1.23175
0.937382
0.829613
0.796874
0.891315
1.1738
1.65749
2.70202
3.14187
2.55089
0.355803
-3.60158
-4.09812
-3.99844
-1.50653
-0.322456
1.18486
2.39685
3.1567
3.3226
3.18836
2.80262
0.510797
-2.91014
-2.41701
-0.00327591
6.69419
14.8719
22.5531
27.0597
28.6338
28.3131
28.3925
27.7155
0.00668932
0.0510816
0.0729435
0.1047
0.132424
0.162571
0.192414
0.223325
0.254817
0.287229
0.320516
0.354797
0.390106
0.426506
0.464036
0.502738
0.542648
0.583798
0.626224
0.669965
0.715067
0.761588
0.809599
0.859191
0.910481
0.963628
1.01884
1.0764
1.1366
1.19979
1.26631
1.33665
1.41253
1.49473
1.57711
1.65408
1.71633
1.75758
1.77692
1.77832
1.76593
1.73817
1.68305
1.57351
1.41416
1.26893
0.999663
0.930749
0.892993
0.953896
1.13602
1.52961
2.64941
2.951
2.43447
0.252116
-3.66569
-4.14954
-3.7103
-1.1871
-0.0265862
1.46768
2.60752
3.25041
3.39105
3.4512
3.46603
2.21592
0.386063
1.46085
4.28209
10.8751
18.6054
25.2726
28.541
29.1005
28.2568
28.2293
27.6603
0.00635378
0.0518168
0.0734986
0.105505
0.133336
0.163643
0.193635
0.224703
0.256356
0.288932
0.322389
0.356843
0.392328
0.428907
0.466618
0.5055
0.545586
0.586906
0.629491
0.673376
0.718601
0.765219
0.813294
0.862906
0.914163
0.967208
1.02224
1.07953
1.1394
1.20226
1.26855
1.33889
1.41507
1.49611
1.57796
1.65423
1.71647
1.75884
1.78022
1.78371
1.77235
1.74375
1.68605
1.57792
1.44652
1.28462
1.08679
1.02874
0.986309
1.00597
1.08347
1.44075
2.52225
2.82542
2.35135
0.2166
-3.62339
-4.15591
-3.37758
-0.8612
0.245803
1.69761
2.7586
3.28805
3.44502
3.67517
3.96575
3.43998
2.74736
4.29694
7.54753
14.1392
21.4635
27.2483
29.5095
29.3418
28.2686
28.085
27.6707
0.00599894
0.0525291
0.074013
0.106249
0.134176
0.164628
0.194757
0.225967
0.257766
0.290492
0.324103
0.358714
0.394361
0.431103
0.468977
0.508022
0.548265
0.589736
0.63246
0.676467
0.721793
0.768484
0.816597
0.866203
0.917398
0.970314
1.02514
1.08216
1.14173
1.20434
1.27053
1.34096
1.41727
1.49762
1.57901
1.65474
1.71709
1.76056
1.78383
1.78928
1.77887
1.74935
1.68922
1.58679
1.48702
1.29971
1.1794
1.12508
1.07655
1.04719
1.03657
1.41627
2.37494
2.74947
2.30636
0.244254
-3.49633
-4.13451
-3.00306
-0.534625
0.481775
1.87419
2.85405
3.28972
3.49719
3.86116
4.33127
4.29961
4.38992
6.31089
9.95461
16.5655
23.5403
28.6116
30.1162
29.4658
28.3134
28.0492
27.7132
0.00562883
0.0532123
0.0744838
0.106929
0.134939
0.165521
0.195773
0.227111
0.259041
0.291903
0.325652
0.360405
0.396197
0.433084
0.471105
0.510294
0.550677
0.592279
0.635121
0.679229
0.724634
0.771375
0.819501
0.869077
0.920188
0.972957
1.02757
1.08433
1.14365
1.20609
1.27227
1.34287
1.41908
1.49918
1.58018
1.65556
1.71813
1.76266
1.78769
1.79498
1.78549
1.75491
1.69244
1.59894
1.52264
1.33549
1.27022
1.21991
1.16213
1.07974
1.01098
1.44585
2.27423
2.71171
2.30192
0.325984
-3.30289
-4.08074
-2.5853
-0.215381
0.67059
2.00233
2.89958
3.27341
3.54983
4.00887
4.59201
4.89627
5.51094
7.72584
11.7011
18.3098
25.0006
29.5293
30.5003
29.5475
28.3576
28.0495
27.7703
0.00524925
0.0538587
0.0749081
0.107539
0.135622
0.166318
0.196678
0.22813
0.260177
0.293158
0.32703
0.361909
0.397828
0.434844
0.472994
0.512308
0.552812
0.594526
0.637467
0.681655
0.727116
0.773885
0.822004
0.871529
0.922539
0.975154
1.02957
1.0861
1.14523
1.20758
1.27382
1.34469
1.42074
1.50078
1.5815
1.65668
1.71954
1.76509
1.79176
1.80079
1.79218
1.76036
1.69585
1.61312
1.54265
1.39338
1.35857
1.31199
1.24066
1.1097
1.01572
1.49787
2.24176
2.70791
2.33732
0.449969
-3.05741
-3.97407
-2.12
0.0860843
0.809528
2.09089
2.90429
3.25345
3.60023
4.12109
4.77485
5.30729
6.26665
8.71784
12.9615
19.5415
26.0163
30.1509
30.7598
29.6204
28.4079
28.0674
27.8449
0.00486862
0.0544591
0.0752829
0.108075
0.13622
0.167014
0.197469
0.229019
0.261168
0.294252
0.328231
0.363218
0.399248
0.436375
0.474635
0.514057
0.554663
0.596468
0.639488
0.683736
0.729233
0.776009
0.8241
0.873559
0.924459
0.976921
1.03115
1.0875
1.14649
1.20882
1.27514
1.34624
1.42225
1.50232
1.58286
1.65799
1.72122
1.76774
1.79594
1.80663
1.79886
1.76554
1.69982
1.62955
1.55191
1.46228
1.44412
1.39827
1.30981
1.1437
1.05044
1.55134
2.2616
2.73556
2.40868
0.602581
-2.781
-3.81923
-1.60608
0.357703
0.908856
2.14844
2.88203
3.23918
3.6447
4.20301
4.90191
5.59062
6.7788
9.411
13.8633
20.4095
26.729
30.5872
30.9543
29.6955
28.4645
28.1011
27.9366
0.00449756
0.0550017
0.0756042
0.108532
0.136729
0.167605
0.198139
0.229771
0.262006
0.295177
0.329246
0.364325
0.400447
0.437668
0.476019
0.515531
0.556219
0.598098
0.641178
0.685468
0.730984
0.777751
0.825804
0.875191
0.925984
0.97831
1.03239
1.0886
1.14751
1.20985
1.2763
1.34759
1.42373
1.50385
1.58434
1.65953
1.72315
1.77058
1.80017
1.81245
1.80547
1.77039
1.70455
1.64583
1.56515
1.53273
1.52467
1.47423
1.36788
1.1835
1.1064
1.60595
2.31117
2.7906
2.50994
0.770288
-2.49922
-3.6389
-1.04714
0.591592
0.986697
2.18123
2.84926
3.23378
3.68129
4.26198
4.99148
5.78886
7.13488
9.90112
14.5075
21.028
27.2421
30.911
31.1163
29.7763
28.5265
28.1476
28.0528
0.00415229
0.0554741
0.0758698
0.108907
0.137144
0.168085
0.198686
0.230384
0.262688
0.29593
0.330071
0.365224
0.401421
0.438717
0.477142
0.516723
0.557476
0.59941
0.64253
0.686844
0.732362
0.779104
0.827105
0.876413
0.927106
0.979318
1.03329
1.08942
1.14831
1.21069
1.27725
1.34867
1.42499
1.50521
1.58576
1.6611
1.72516
1.77343
1.80432
1.8181
1.81168
1.77425
1.70851
1.65538
1.59122
1.59943
1.59596
1.5354
1.41353
1.22504
1.1704
1.66252
2.3731
2.8649
2.63133
0.934089
-2.233
-3.42076
-0.472188
0.790494
1.05409
2.19606
2.8196
3.23438
3.70812
4.30204
5.05239
5.92477
7.38329
10.2501
14.967
21.4721
27.6202
31.1627
31.26
29.8583
28.5893
28.201
28.1926
0.00385032
0.0558572
0.0760732
0.109191
0.13746
0.168449
0.199099
0.230847
0.263204
0.296499
0.330695
0.365904
0.402157
0.439509
0.477989
0.517622
0.558422
0.600396
0.643544
0.687871
0.733384
0.780102
0.828056
0.8773
0.927916
0.980044
1.03394
1.09001
1.14889
1.21132
1.27804
1.34963
1.42618
1.50655
1.58723
1.66278
1.72725
1.77625
1.80825
1.82338
1.81735
1.77759
1.7121
1.65808
1.6259
1.65789
1.6522
1.5782
1.445
1.26021
1.2286
1.71781
2.43845
2.94853
2.76119
1.08249
-1.98474
-3.14797
0.0847357
0.960888
1.10898
2.20084
2.79922
3.23765
3.72757
4.33021
5.09522
6.01836
7.55653
10.4974
15.2922
21.7919
27.9033
31.363
31.3909
29.9374
28.6474
28.2582
28.3026
0.00362045
0.0561356
0.0762149
0.109385
0.137675
0.168697
0.19938
0.231162
0.263555
0.296886
0.331119
0.366365
0.402656
0.440046
0.478562
0.518229
0.559058
0.601054
0.644216
0.688543
0.73404
0.780723
0.828627
0.877807
0.928356
0.980429
1.03429
1.09038
1.14931
1.21181
1.2786
1.3503
1.42702
1.50755
1.58841
1.6642
1.72905
1.77869
1.81168
1.82798
1.82172
1.77904
1.71313
1.66063
1.65978
1.70268
1.68783
1.60043
1.46229
1.28674
1.27437
1.76317
2.49488
3.02735
2.8821
1.18724
-1.8027
-2.83624
0.586271
1.09931
1.14528
2.20283
2.78745
3.23976
3.73856
4.34609
5.11988
6.07435
7.66522
10.6568
15.503
22.0042
28.1012
31.5127
31.4995
30.0034
28.6945
28.321
28.3874
0.0034892
0.056281
0.0762842
0.109478
0.13778
0.168817
0.199517
0.231316
0.263725
0.297074
0.331326
0.36659
0.402901
0.440309
0.478843
0.518528
0.559373
0.601382
0.644553
0.688883
0.734376
0.781048
0.828932
0.878085
0.9286
0.980639
1.03447
1.09054
1.14947
1.21203
1.27896
1.35082
1.4277
1.5084
1.58944
1.66545
1.73058
1.78063
1.81419
1.83097
1.82421
1.78026
1.71424
1.66582
1.67975
1.72807
1.70794
1.61038
1.46653
1.29535
1.29691
1.79356
2.53833
3.08785
2.96701
1.26472
-1.67802
-2.53918
0.889612
1.19681
1.16507
2.20344
2.78196
3.24107
3.74458
4.3548
5.13318
6.1037
7.72281
10.743
15.6177
22.1244
28.2219
31.6042
31.5709
30.0547
28.7304
28.376
28.6592
)
;

boundaryField
{
    inletFace
    {
        type            zeroGradient;
    }
    inlet
    {
        type            zeroGradient;
    }
    inletWalls
    {
        type            zeroGradient;
    }
    outletInlet
    {
        type            cyclicAMI;
        value           nonuniform List<scalar> 
15
(
14.0837
17.1789
20.1008
25.719
30.401
37.6728
43.7302
47.9458
52.4509
52.099
48.4626
46.0876
34.9432
26.3362
21.8237
)
;
    }
    fineSymmetryWall
    {
        type            symmetryPlane;
    }
    fineWalls
    {
        type            zeroGradient;
    }
    fineCyclicBoundary
    {
        type            fixedValue;
        value           uniform 0;
    }
    fineplug
    {
        type            cyclicAMI;
        value           nonuniform List<scalar> 
80
(
14.2041
13.577
15.2803
13.8252
13.0897
15.7377
16.1724
16.8304
17.3004
17.9436
19.3071
21.024
19.5717
18.6869
19.9352
21.7579
23.6832
24.5275
25.6283
26.7581
28.0116
25.8678
28.1748
30.1778
31.3263
32.9766
35.0515
36.6563
37.6568
38.8163
38.9785
37.2499
41.1609
42.7607
43.5264
44.2935
45.6555
47.8099
48.8033
47.3339
44.294
50.0986
52.1187
52.9514
52.6472
52.2004
51.7644
52.6642
51.5596
50.3338
54.8586
52.4772
52.1308
52.6703
51.3328
49.8917
48.1292
43.7441
46.8637
51.9728
48.1028
45.9695
43.0588
40.0312
38.9068
36.8956
34.321
30.9247
35.0386
30.9296
27.8685
27.1819
26.1726
24.6525
20.8557
19.5894
20.9436
24.7342
22.0983
20.9379
)
;
    }
    faceFine
    {
        type            zeroGradient;
    }
}


// ************************************************************************* //
