/*--------------------------------*- C++ -*----------------------------------*\
| =========                 |                                                 |
| \\      /  F ield         | OpenFOAM: The Open Source CFD Toolbox           |
|  \\    /   O peration     | Version:  4.1                                   |
|   \\  /    A nd           | Web:      www.OpenFOAM.org                      |
|    \\/     M anipulation  |                                                 |
\*---------------------------------------------------------------------------*/
FoamFile
{
    version     2.0;
    format      ascii;
    class       volScalarField;
    location    "13";
    object      p;
}
// * * * * * * * * * * * * * * * * * * * * * * * * * * * * * * * * * * * * * //

dimensions      [0 2 -2 0 0 0 0];

internalField   nonuniform List<scalar> 
6785
(
702.701
648.505
596.638
547.93
502.764
460.455
420.816
383.556
348.237
314.595
283.248
254.822
225.967
191.024
160.529
229.559
207.686
202.999
199.474
194.108
188.592
183.638
179.437
176.147
173.879
172.841
173.464
175.753
177.901
177.853
131.437
125.795
131.734
135.455
138.225
141.544
145.145
148.793
152.423
155.887
158.972
161.764
164.629
166.952
167.537
175.94
175.85
180.244
180.362
180.204
180.256
180.032
179.546
178.876
178.048
177.032
175.853
174.821
174.469
174.703
189.263
190.171
191.911
190.171
188.872
187.802
186.526
185.257
184.112
183.133
182.334
181.688
181.188
181.096
181.22
178.786
179.558
180.666
180.193
180.295
180.52
180.635
180.836
181.134
181.483
181.865
182.247
182.507
182.758
182.684
174.719
175.51
176.968
177.849
178.678
179.298
179.776
180.255
180.695
181.063
181.357
181.577
181.593
181.621
181.181
176.862
177.402
178.852
180.037
180.603
180.869
181.043
181.197
181.294
181.337
181.343
181.325
181.102
181.036
180.491
179.174
179.287
180.348
181.339
181.46
181.415
181.373
181.33
181.263
181.188
181.11
181.045
180.726
180.659
180.101
179.64
179.499
180.191
181.023
180.93
180.818
180.742
180.663
180.577
180.501
180.422
180.373
180.007
179.945
179.377
178.609
178.438
178.942
179.767
179.683
179.653
179.638
179.602
179.559
179.521
179.464
179.443
179.058
179.013
178.432
176.652
176.588
177.065
177.961
177.999
178.129
178.238
178.313
178.374
178.429
178.442
178.484
178.121
178.131
177.58
174.685
174.646
175.142
176.158
176.32
176.605
176.846
177.06
177.264
177.471
177.615
177.804
177.522
177.643
177.228
169.303
169.901
171.007
172.513
173.29
174.324
175.323
176.305
177.259
178.13
178.893
179.502
179.604
180
179.452
174.741
171.657
169.479
168.452
167.471
167.7
168.54
169.898
171.479
173.258
174.962
176.52
177.899
179.735
180.975
240.435
240.207
239.923
239.315
238.855
238.095
237.929
237.161
236.459
235.733
236.346
235.973
235.534
236.379
236.138
235.669
235.222
235.931
235.653
235.38
235.932
235.666
235.284
234.998
235.395
235.151
234.868
234.685
234.972
234.71
234.688
234.821
234.577
234.36
234.255
234.376
234.133
234.167
234.168
233.949
233.779
233.705
233.69
233.488
233.355
233.272
233.269
233.033
233.066
232.997
232.803
232.679
232.638
232.605
232.429
232.339
232.287
232.299
232.116
232.136
232.137
232.011
231.965
231.962
231.981
231.908
231.986
231.984
231.946
231.994
232.055
231.899
231.815
231.778
231.407
230.592
230.642
229.665
226.999
227.126
227.398
226.79
225.539
231.033
222.623
223.043
222.904
222.672
222.503
222.574
222.2
221.023
225.748
215.903
215.958
216.755
217.311
217.241
217.503
217.051
215.427
217.148
208.746
208.523
208.294
208.511
208.949
208.975
208.779
207.78
205.04
200.551
193.989
193.506
192.909
192.17
192.065
192.183
190.639
186.36
171.878
171.049
171.494
171.396
170.245
168.832
167.512
165.779
161.296
140.492
140.463
138.845
138.937
138.583
136.887
134.221
130.168
124.703
100.579
106.32
103.348
101.469
99.5766
97.8232
95.2693
91.4086
86.884
82.854
58.7366
71.7692
69.098
67.9895
66.3644
63.1806
58.8948
57.9088
59.7136
41.2913
58.8498
56.9652
55.596
57.4976
57.4899
58.1654
58.3616
58.368
58.0673
57.6106
57.4473
57.1601
56.9609
56.8267
56.6124
56.556
56.4379
56.4309
56.4022
56.2632
56.2875
56.2312
56.2564
56.3383
56.2945
56.3068
56.3533
56.2029
56.3973
56.52
56.389
56.4697
56.2791
56.7621
56.8288
55.7733
56.5354
57.5245
56.9815
56.4993
55.3966
56.588
57.9955
56.3867
56.009
55.1306
56.7503
57.064
53.6415
56.4626
58.5399
55.6893
54.9738
53.591
55.9775
57.9452
54.9443
54.9855
54.1944
56.175
56.8022
54.1322
56.681
57.5561
55.6478
55.9581
55.0933
56.2454
55.7329
53.9818
54.1423
52.3601
51.7529
50.1545
46.5173
43.1246
38.8363
33.776
26.5745
18.1604
10.3038
3.12458
-0.00378736
0.00603632
0.00761115
0.0127066
0.0177585
0.0232051
0.0288978
0.0348479
0.0409989
0.04724
0.0533091
0.0592412
0.0651398
0.0700822
0.0737839
0.0755251
0.0744422
0.069203
0.0581043
0.0388245
0.00852947
-0.0367458
-0.101666
-0.191415
-0.311223
-0.465054
-0.653546
-0.871034
-1.10142
-1.31264
-1.44998
-1.42985
-1.13898
-0.448868
0.739485
2.40019
4.24332
5.63884
5.85794
4.53128
2.61257
1.62281
0.82249
-1.11816
-2.72581
-5.71908
-1.3532
1.20989
0.751729
-0.570781
-0.360386
3.28804
8.33405
10.1037
6.30939
0.70413
0.121888
3.50168
2.73544
-1.49521
-3.94742
-4.49477
-4.51024
-4.28056
-3.85104
-3.27243
-2.65297
-2.07889
-1.50835
-0.928148
-0.434711
-0.202325
-0.0200233
-0.0342699
-0.168313
-0.920585
-0.483773
1.20089
5.57481
-0.00721862
0.0182506
0.0257141
0.0405912
0.055868
0.0725306
0.0901967
0.109053
0.129062
0.150207
0.172238
0.19584
0.221212
0.246573
0.272146
0.29717
0.320333
0.339631
0.352555
0.355278
0.34323
0.309282
0.2452
0.141528
-0.0117493
-0.222748
-0.494803
-0.821824
-1.18286
-1.53415
-1.79977
-1.86186
-1.55778
-0.701409
0.852777
3.08288
5.64025
7.74044
8.37207
7.27879
5.12319
3.88657
2.1217
-0.158784
-2.04864
-7.53225
-3.96144
-1.39192
-2.61819
-5.25289
-5.49049
-0.290155
7.48209
11.2228
7.87459
1.26428
-1.60108
-0.0632231
-2.05418
-8.24416
-12.1972
-13.3323
-13.4372
-12.9318
-11.7348
-9.71352
-6.94531
-3.95409
-1.5487
-0.278584
0.0747364
-0.0425611
0.0573878
-0.024602
-0.28148
-0.0729534
2.49365
7.00654
15.8366
-0.000621483
0.0387703
0.0535468
0.0786151
0.104545
0.133217
0.163829
0.196819
0.232199
0.270294
0.31158
0.357015
0.405843
0.457362
0.51206
0.569722
0.628814
0.687528
0.743281
0.792025
0.828597
0.844664
0.830281
0.773909
0.662837
0.486078
0.237838
-0.077484
-0.439595
-0.803694
-1.09104
-1.17799
-0.893242
-0.0422778
1.52475
3.78386
6.36804
8.38101
8.69462
7.291
5.68359
4.60208
2.63599
0.607027
-1.78883
-7.13066
-3.83728
-1.69122
-3.37528
-6.2498
-6.26561
-0.761728
6.43859
8.61741
3.72222
-3.53817
-6.80402
-6.19492
-9.34988
-16.2238
-20.4524
-21.8601
-22.0052
-21.1837
-19.2949
-16.2018
-12.0753
-7.61166
-3.80079
-1.38075
-0.357448
-0.203685
0.0771799
0.0456542
-0.378956
0.510535
4.99013
12.4303
24.5538
0.00219356
0.0546165
0.0777455
0.113734
0.151127
0.192721
0.237499
0.286075
0.338602
0.395821
0.459211
0.52911
0.604032
0.685818
0.774462
0.870199
0.97181
1.07794
1.1859
1.29176
1.38969
1.47054
1.5226
1.53213
1.48353
1.36246
1.15984
0.87706
0.531835
0.166514
-0.142453
-0.273054
-0.0545158
0.708409
2.17164
4.32733
6.79877
8.51705
8.30208
6.67528
6.00169
4.82406
2.6131
0.560207
-1.68856
-5.99107
-2.47727
-0.808364
-2.67535
-5.25951
-4.99963
-0.164849
4.85334
4.1202
-2.80975
-10.571
-13.6416
-13.41
-17.2297
-24.2702
-28.5893
-30.2224
-30.4051
-29.326
-26.8188
-22.6942
-17.1475
-11.0623
-5.74526
-2.21898
-0.66226
-0.320124
0.0590909
0.113254
-0.568378
0.343778
6.05657
16.3026
31.2178
-0.00017273
0.0637208
0.0953493
0.142104
0.190893
0.245313
0.304394
0.368916
0.439326
0.516641
0.602558
0.697106
0.799865
0.913698
1.03842
1.17436
1.32129
1.47806
1.64197
1.80936
1.97338
2.12412
2.24801
2.32876
2.34756
2.28638
2.1324
1.88341
1.55389
1.1826
0.84227
0.651658
0.780553
1.4306
2.77874
4.8541
7.25868
8.7064
8.13897
6.81404
6.32423
5.04837
2.69461
0.282642
-1.28269
-4.43651
-1.00267
-0.131721
-2.35145
-4.80638
-4.74985
-1.3195
1.07007
-2.33163
-10.412
-17.7496
-20.2383
-20.5373
-25.0739
-32.1754
-36.5715
-38.3895
-38.5917
-37.2662
-34.2007
-29.1747
-22.3882
-14.839
-8.05269
-3.3306
-1.10936
-0.470939
0.0513277
0.151399
-0.707928
0.0992643
6.45158
18.9714
35.6966
-0.00249157
0.0716119
0.111376
0.168066
0.227454
0.293872
0.366393
0.446064
0.533713
0.630583
0.737954
0.856511
0.987602
1.13353
1.29471
1.47164
1.66494
1.87361
2.09524
2.32637
2.55905
2.7826
2.98162
3.13714
3.22702
3.22941
3.12755
2.91545
2.60395
2.22761
1.85455
1.59963
1.63286
2.16918
3.41898
5.45521
7.83182
9.09638
8.4033
7.39645
6.52811
5.1675
3.01314
0.431435
-0.616202
-2.99684
0.0142823
-0.0250367
-2.65832
-5.17586
-5.61214
-3.77535
-3.77691
-9.00385
-17.2549
-23.6313
-25.7925
-27.1949
-32.7278
-39.9112
-44.4081
-46.3954
-46.5939
-45.0258
-41.4406
-35.5951
-27.6716
-18.7341
-10.4854
-4.53672
-1.60009
-0.599952
0.153343
0.182637
-0.76824
0.118795
6.93058
21.1831
39.1922
-0.000490727
0.0835986
0.131468
0.197541
0.266953
0.344556
0.42947
0.523018
0.626385
0.741151
0.868583
1.01015
1.16819
1.34475
1.54105
1.7581
1.9969
2.25683
2.53592
2.83075
3.13249
3.42958
3.70486
3.93655
4.09903
4.16637
4.11762
3.94271
3.64818
3.26346
2.85071
2.51985
2.44202
2.84861
3.98834
5.96923
8.27686
9.39843
8.6795
7.74124
6.58681
5.27363
3.50639
1.14202
-0.072815
-2.00858
0.453411
-0.310259
-3.09338
-5.59813
-6.48754
-6.12453
-8.12941
-14.5111
-22.4697
-28.1011
-30.7248
-33.7834
-40.3063
-47.4969
-52.1057
-54.2456
-54.412
-52.59
-48.5117
-41.9278
-32.9937
-22.7803
-13.1025
-5.89013
-2.15149
-0.703336
0.368586
0.20129
-0.796406
0.327325
7.64989
23.2692
41.4342
0.00650982
0.101243
0.157894
0.233659
0.313373
0.402186
0.499299
0.606256
0.724502
0.855972
1.00238
1.16576
1.34885
1.55402
1.78325
2.03821
2.32012
2.62883
2.96284
3.31874
3.68697
4.05498
4.40384
4.70882
4.94053
5.06855
5.06716
4.92152
4.63298
4.22445
3.75048
3.31473
3.08907
3.32064
4.29406
6.14082
8.29842
9.29863
8.71282
7.79052
6.48565
5.37939
4.07301
1.97307
0.0805576
-1.419
0.502539
-0.617076
-3.14443
-5.42088
-6.69412
-7.7452
-11.5044
-18.7613
-26.455
-31.9617
-35.8382
-40.7245
-47.8996
-54.9588
-59.677
-61.9485
-62.0533
-59.9601
-55.4055
-48.1491
-38.3177
-26.9336
-15.8691
-7.36871
-2.74635
-0.7788
0.623085
0.155333
-0.789745
0.613356
8.46908
25.2346
43.3884
0.0164571
0.12274
0.189272
0.275608
0.366534
0.4674
0.577518
0.69861
0.832296
0.980737
1.14609
1.33088
1.53815
1.77083
2.03152
2.32252
2.64536
3.00032
3.38635
3.79996
4.23084
4.66541
5.08285
5.45537
5.74946
5.9297
5.96487
5.8345
5.53371
5.07765
4.51184
3.93245
3.51044
3.5069
4.24164
5.8817
7.87614
8.77502
8.60205
7.6937
6.47295
5.49434
4.59083
2.6102
0.0185381
-0.934943
0.553554
-0.539375
-2.53025
-4.48042
-6.28728
-8.85987
-14.2329
-22.2589
-29.948
-35.9543
-41.5146
-48.0107
-55.4486
-62.3017
-67.1321
-69.5073
-69.5224
-67.1398
-62.1215
-54.2506
-43.6256
-31.1739
-18.7742
-8.96942
-3.38436
-0.832804
0.85368
0.0973588
-0.688402
0.974605
9.32487
27.0267
45.184
0.0265629
0.144994
0.222466
0.320284
0.423399
0.537373
0.661659
0.798157
0.948641
1.11542
1.30094
1.50811
1.74032
2.00099
2.29327
2.62006
2.98329
3.38361
3.82039
4.28994
4.78106
5.27912
5.76121
6.19629
6.54642
6.77072
6.83178
6.70275
6.37184
5.84575
5.1603
4.40302
3.74207
3.45278
3.90225
5.33207
7.20669
8.05973
8.42902
7.52655
6.66729
5.60191
4.95712
3.07561
0.169404
-0.228405
0.994487
0.170782
-1.25965
-3.06468
-5.75458
-9.99079
-16.8043
-25.46
-33.4238
-40.3556
-47.6194
-55.3476
-62.8345
-69.5214
-74.4757
-76.9241
-76.8266
-74.1405
-68.6699
-60.2318
-48.8973
-35.4696
-21.7925
-10.6776
-4.06113
-0.866412
1.06425
0.178416
-0.404479
1.42641
10.3077
28.6315
46.8588
0.0349633
0.165581
0.254731
0.364677
0.48069
0.608565
0.747945
0.900951
1.06955
1.25621
1.46362
1.69494
1.95389
2.24425
2.56971
2.93366
3.3385
3.78527
4.27383
4.79982
5.3515
5.91296
6.459
6.95511
7.35858
7.6226
7.70307
7.56643
7.19385
6.58367
5.76188
4.80612
3.88009
3.27855
3.44167
4.71082
6.45595
7.47433
8.23581
7.47817
7.09929
5.78965
5.13229
3.38092
0.74558
0.864651
1.9802
1.47185
0.386726
-1.67892
-5.60121
-11.5103
-19.5028
-28.6107
-37.0543
-45.0951
-53.803
-62.4484
-69.9847
-76.619
-81.7076
-84.2008
-83.977
-80.9795
-75.0649
-66.0926
-54.1091
-39.7849
-24.8969
-12.4769
-4.7724
-0.872157
1.30592
0.505827
0.113929
2.03629
11.5457
30.0786
48.0762
0.0412872
0.183641
0.284818
0.407218
0.536508
0.678689
0.833644
1.00376
1.19126
1.39885
1.62947
1.88657
2.1741
2.49623
2.85708
3.26047
3.70923
4.20494
4.74782
5.33254
5.94732
6.57475
7.1872
7.74648
8.20474
8.50882
8.60762
8.46085
8.04318
7.34527
6.38312
5.22253
4.02203
3.10701
3.01936
4.16471
5.75606
7.11623
8.03708
7.66833
7.68198
6.1714
5.28267
3.64795
1.75419
2.3168
3.39458
3.09032
2.00874
-0.743895
-6.05728
-13.4569
-22.339
-31.7777
-40.8226
-49.9583
-59.7609
-69.1538
-76.8921
-83.602
-88.825
-91.3405
-90.9864
-87.674
-81.3175
-71.8226
-59.2265
-44.077
-28.0561
-14.3507
-5.51487
-0.840645
1.64161
1.1253
0.900889
2.9039
13.0799
31.4413
48.8201
0.046207
0.199593
0.312865
0.447802
0.590497
0.747103
0.917757
1.10514
1.31177
1.54066
1.79511
2.07888
2.39624
2.75175
3.14995
3.59505
4.09028
4.63781
5.23798
5.88453
6.56605
7.2634
7.9465
8.57331
9.09058
9.4384
9.55855
9.4044
8.94507
8.16427
7.06691
5.70413
4.23008
3.0188
2.73818
3.77562
5.28509
6.92013
7.87698
8.02877
8.26119
6.72367
5.60288
4.06807
3.13959
4.01089
5.00332
4.71168
3.30364
-0.394461
-7.00465
-15.586
-25.1409
-34.907
-44.6117
-54.7174
-65.3339
-75.4193
-83.5797
-90.4775
-95.8261
-98.3465
-97.8642
-94.2328
-87.4256
-77.3981
-64.2085
-48.3036
-31.2411
-16.2833
-6.28441
-0.76021
2.1241
2.05434
1.97877
4.11692
14.84
32.7464
49.3868
0.0506848
0.214407
0.33972
0.487147
0.643251
0.814268
1.00059
1.20517
1.43084
1.68098
1.95927
2.26988
2.61752
3.00717
3.44386
3.93226
4.47601
5.0778
5.73784
6.44939
7.20129
7.97266
8.73098
9.43021
10.0115
10.4081
10.5547
10.3989
9.90554
9.05126
7.82739
6.26652
4.52222
3.03922
2.61365
3.50501
4.97562
6.82457
7.8681
8.48475
8.80755
7.39242
6.10401
4.74254
4.77785
5.79679
6.60609
6.13692
4.18985
-0.47045
-8.10104
-17.5514
-27.6982
-37.8979
-48.2807
-59.2018
-70.489
-81.2857
-90.067
-97.2454
-102.709
-105.219
-104.61
-100.65
-93.3721
-82.7896
-69.0201
-52.4325
-34.4278
-18.2603
-7.07446
-0.62113
2.78694
3.27721
3.3498
5.70176
16.713
33.9884
49.9181
0.0554574
0.228979
0.366306
0.526155
0.695642
0.881035
1.08297
1.30466
1.54923
1.82042
2.1223
2.45954
2.83728
3.26109
3.73658
4.26892
4.86231
5.51981
6.24145
7.02069
7.84592
8.6948
9.53227
10.3083
10.9583
11.4086
11.5871
11.4366
10.9181
10.0003
8.65628
6.89597
4.87967
3.14499
2.60641
3.3647
4.78851
6.78469
8.09683
9.02578
9.26213
8.10207
6.89856
5.72061
6.50447
7.54037
8.09787
7.32948
4.78857
-0.657216
-8.98413
-19.0899
-29.8822
-40.6777
-51.7281
-63.3262
-75.2594
-86.8359
-96.3631
-103.894
-109.469
-111.953
-111.214
-106.91
-99.1354
-87.9788
-73.6475
-56.4473
-37.5968
-20.2691
-7.88096
-0.4248
3.64121
4.76845
5.00876
7.62886
18.6189
35.222
50.407
0.0608684
0.24385
0.393273
0.565529
0.748408
0.948165
1.16569
1.40445
1.66785
1.95995
2.28523
2.64878
3.05628
3.51388
4.02784
4.60401
5.2472
5.96084
6.74494
7.59348
8.49399
9.42285
10.3424
11.1987
11.9213
12.4298
12.6457
12.5074
11.9721
10.9976
9.53289
7.56216
5.26357
3.28392
2.62709
3.2735
4.70923
6.84874
8.5762
9.64707
9.62114
8.74849
7.92352
6.94534
8.19724
9.158
9.46552
8.37705
5.32182
-0.659609
-9.43022
-20.1159
-31.6881
-43.2352
-54.9219
-67.0902
-79.7012
-92.1367
-102.469
-110.406
-116.096
-118.534
-117.655
-112.993
-104.706
-92.9724
-78.1003
-60.3407
-40.7268
-22.2969
-8.70107
-0.183028
4.6793
6.5028
6.95223
9.84304
20.5496
36.475
50.9538
0.0669311
0.259172
0.420904
0.605648
0.801998
1.01616
1.2493
1.50513
1.78736
2.10035
2.44895
2.83865
3.27563
3.76661
4.31855
4.93803
5.63056
6.4
7.24659
8.16483
9.14147
10.1517
11.1554
12.0946
12.8934
13.4646
13.7233
13.6037
13.0577
12.0276
10.4322
8.2305
5.63778
3.43749
2.694
3.1867
4.71555
7.03757
9.22241
10.2792
9.95471
9.23054
9.01038
8.26393
9.78776
10.6361
10.7569
9.41869
5.99487
-0.31269
-9.40614
-20.7099
-33.203
-45.6057
-57.8881
-70.5564
-83.8799
-97.2203
-108.376
-116.762
-122.575
-124.942
-123.913
-118.887
-110.093
-97.7979
-82.3945
-64.0987
-43.7893
-24.3274
-9.5305
0.0884158
5.88401
8.45935
9.18763
12.3045
22.5608
37.8277
51.5488
0.0734703
0.274816
0.449178
0.646588
0.856575
1.08523
1.33405
1.60698
1.90806
2.24198
2.61392
3.02976
3.4961
4.02024
4.60976
5.27198
6.01315
6.83765
7.74616
8.7336
9.78633
10.8785
11.9677
12.9921
13.8707
14.5096
14.8171
14.7218
14.1678
13.076
11.3296
8.86926
5.97027
3.58604
2.77749
3.11403
4.81419
7.36837
9.94284
10.8924
10.357
9.56761
9.95588
9.5585
11.2475
12.0151
12.0493
10.5808
6.92283
0.398768
-9.02635
-21.0399
-34.539
-47.8325
-60.6782
-73.8168
-87.8653
-102.099
-114.067
-122.941
-128.88
-131.158
-129.971
-124.59
-115.319
-102.478
-86.5295
-67.6938
-46.7508
-26.3392
-10.3615
0.375707
7.23435
10.6208
11.7322
15.0102
24.729
39.2978
52.1044
0.0802546
0.290508
0.477876
0.688198
0.912063
1.15537
1.41996
1.71005
2.03
2.38485
2.78017
3.22216
3.71788
4.27509
4.90198
5.60653
6.39572
7.27453
8.24421
9.30009
10.4284
11.6026
12.7783
13.8906
14.8533
15.5655
15.928
15.8609
15.2961
14.1278
12.2023
9.45423
6.2546
3.76596
2.84349
3.08757
5.02166
7.89662
10.6772
11.4824
10.8124
9.92442
10.6407
10.7979
12.5931
13.3641
13.4229
11.9387
8.1261
1.38693
-8.466
-21.2734
-35.7768
-49.9352
-63.3362
-76.9543
-91.7138
-106.785
-119.529
-128.92
-134.984
-137.164
-135.82
-130.108
-120.396
-107.012
-90.4849
-71.0989
-49.5833
-28.3089
-11.1824
0.669914
8.70496
12.9699
14.5968
17.9802
27.1133
40.8545
52.8005
0.0870824
0.305942
0.506688
0.730185
0.968212
1.22638
1.50687
1.81418
2.15301
2.5288
2.94744
3.41558
3.94063
4.53088
5.19504
5.94171
6.77856
7.71121
8.74155
9.86536
11.0691
12.3256
13.5895
14.7928
15.8446
16.6365
17.059
17.0201
16.4347
15.1662
13.0266
9.96225
6.48937
3.96787
2.90486
3.13667
5.33318
8.64183
11.4208
11.993
11.3062
10.4313
11.2153
11.9932
13.8871
14.7577
14.9413
13.5115
9.56563
2.52981
-7.8803
-21.5185
-36.9413
-51.9002
-65.8797
-80.017
-95.4523
-111.28
-124.753
-134.678
-140.86
-142.943
-141.448
-135.434
-125.311
-111.373
-94.2443
-74.3063
-52.2671
-30.2132
-11.9779
0.969029
10.2666
15.4877
17.7668
21.2241
29.7323
42.5385
53.5099
0.0938256
0.320857
0.535306
0.772206
1.02468
1.29792
1.59448
1.9191
2.27683
2.6735
3.11541
3.60956
4.16385
4.78701
5.48835
6.27705
7.16145
8.14786
9.23887
10.4308
11.7105
13.0508
14.4054
15.704
16.8506
17.7281
18.2131
18.1963
17.5713
16.1702
13.7801
10.3914
6.73875
4.17651
2.99292
3.2537
5.73307
9.52921
12.0946
12.4077
11.8413
11.1355
11.8788
13.1744
15.2097
16.2634
16.6451
15.2901
11.1818
3.72707
-7.35865
-21.8081
-38.0094
-53.6903
-68.2984
-83.0124
-99.079
-115.578
-129.736
-140.189
-146.486
-148.477
-146.837
-140.543
-130.029
-115.544
-97.8152
-77.3234
-54.7802
-32.0263
-12.7303
1.27755
11.8844
18.1556
21.1968
24.716
32.5514
44.2768
54.0709
0.100439
0.335074
0.563494
0.813955
1.0811
1.36961
1.6824
2.02442
2.40111
2.81863
3.2837
3.80372
4.38704
5.04293
5.78127
6.61192
7.54395
8.58445
9.73673
10.9978
12.3553
13.7821
15.2315
16.631
17.8787
18.8461
19.3912
19.3817
18.6879
17.1146
14.4376
10.7494
7.02785
4.4101
3.09649
3.43098
6.29237
10.4173
12.6208
12.7566
12.2987
11.9848
12.668
14.3871
16.6202
17.9299
18.5517
17.2563
12.9221
4.92715
-6.91719
-22.1154
-38.9339
-55.2611
-70.563
-85.9182
-102.573
-119.668
-134.47
-145.432
-151.843
-153.745
-151.964
-145.401
-134.516
-119.521
-101.214
-80.1534
-57.0996
-33.7189
-13.4212
1.60427
13.516
20.9556
24.8188
28.3951
35.5077
45.9573
54.7902
0.10695
0.348503
0.591124
0.855222
1.1372
1.4411
1.77025
2.12977
2.52546
2.96384
3.452
3.99777
4.60995
5.29836
6.07353
6.94611
7.92598
9.02116
10.2359
11.5681
13.0062
14.5238
16.0736
17.5802
18.9345
19.9928
20.5888
20.5617
19.7601
17.9696
14.9886
11.0897
7.33959
4.65458
3.22963
3.67171
7.04036
11.2418
13.0284
13.0422
12.65
12.8663
13.5629
15.688
18.1554
19.7798
20.6559
19.3839
14.755
6.12803
-6.51711
-22.3827
-39.6681
-56.5759
-72.6374
-88.6981
-105.906
-123.542
-138.949
-150.389
-156.912
-158.725
-156.806
-149.978
-138.753
-123.302
-104.443
-82.7954
-59.2132
-35.2616
-14.0331
1.95863
15.113
23.8648
28.5576
32.1864
38.5271
47.5637
55.4165
0.113448
0.361122
0.618189
0.895935
1.19284
1.51219
1.85775
2.23485
2.6496
3.10886
3.62011
4.19159
4.83256
5.55341
6.36538
7.27996
8.30807
9.45878
10.7375
12.1434
13.666
15.2794
16.9356
18.5553
20.0195
21.1642
21.7931
21.7137
20.7574
18.7075
15.4481
11.4296
7.68522
4.92345
3.38592
3.97462
7.92273
12.0003
13.2975
13.32
13.0431
13.6087
14.5727
17.1086
19.8348
21.812
22.9352
21.6453
16.6719
7.36277
-6.0913
-22.5481
-40.181
-57.6124
-74.4868
-91.3147
-109.051
-127.198
-143.17
-155.049
-161.671
-163.404
-161.351
-154.259
-142.726
-126.873
-107.496
-85.2578
-61.1183
-36.6281
-14.5521
2.34673
16.626
26.8485
32.3416
36.0186
41.5419
49.0873
55.9157
0.120074
0.372942
0.644788
0.936161
1.24805
1.58284
1.94484
2.33953
2.77339
3.2536
3.78801
4.38528
5.05514
5.80855
6.6575
7.61444
8.6914
9.89875
11.2433
12.7257
14.3367
16.0509
17.8187
19.5553
21.1278
22.3472
22.9815
22.8049
21.6421
19.3205
15.8717
11.7843
8.03839
5.1769
3.5825
4.42756
8.83297
12.5966
13.4658
13.6886
13.579
14.228
15.7267
18.6503
21.6677
24.0129
25.3605
24.0221
18.6829
8.68188
-5.56683
-22.5602
-40.4606
-58.3625
-76.0799
-93.7338
-111.99
-130.628
-147.136
-159.407
-166.108
-167.774
-165.594
-158.236
-146.417
-130.21
-110.375
-87.5534
-62.8212
-37.798
-14.9688
2.76962
18.0141
29.8535
36.1104
39.8323
44.5035
50.5535
56.1569
0.127024
0.383974
0.671105
0.976089
1.30301
1.65322
2.03164
2.44394
2.89693
3.39817
3.95588
4.57914
5.27816
6.06449
6.95088
7.95079
9.07749
10.3428
11.755
13.3165
15.0191
16.8376
18.7197
20.5722
22.2445
23.5175
24.119
23.7927
22.3878
19.8429
16.2728
12.1675
8.41087
5.43021
3.83298
5.02009
9.60724
12.9363
13.6597
14.1273
14.2758
14.9188
17.022
20.3118
23.658
26.3687
27.9109
26.5108
20.8105
10.1395
-4.8782
-22.3813
-40.5091
-58.8288
-77.3886
-95.9215
-114.707
-133.823
-150.847
-163.455
-170.22
-171.828
-169.533
-161.913
-149.81
-133.295
-113.072
-89.692
-64.3336
-38.7583
-15.2747
3.22586
19.2549
32.8016
39.8156
43.5735
47.3632
51.8912
56.2887
0.134563
0.394202
0.697373
1.016
1.35803
1.72365
2.11847
2.54838
3.02055
3.54291
4.12407
4.77357
5.50212
6.32186
7.24635
8.29006
9.46753
10.792
12.2735
13.9158
15.7117
17.6352
19.6296
21.5903
23.3445
24.6381
25.1579
24.6354
23.0061
20.3125
16.6662
12.5623
8.76143
5.67119
4.13715
5.68035
10.1571
13.0891
13.8993
14.5625
15.0552
15.756
18.4318
22.1015
25.8075
28.8758
30.5859
29.123
23.0845
11.7844
-3.97302
-21.9853
-40.3356
-59.0212
-78.3895
-97.8406
-117.187
-136.77
-154.293
-167.194
-174.011
-175.564
-173.171
-165.293
-152.904
-136.11
-115.569
-91.6771
-65.6689
-39.5028
-15.4568
3.71757
20.3528
35.5897
43.4169
47.1903
50.1012
53.103
56.4725
0.143031
0.403542
0.723813
1.05615
1.41343
1.79445
2.2057
2.65322
3.1446
3.68813
4.29287
4.96883
5.72724
6.58088
7.5441
8.6324
9.86153
11.2461
12.7977
14.5211
16.4094
18.4345
20.5327
22.5845
24.3902
25.6584
26.0491
25.328
23.5359
20.7319
17.042
12.9563
9.07869
5.93288
4.53917
6.35995
10.4511
13.1219
14.1061
14.9819
15.8406
16.7332
19.9601
24.0361
28.124
31.5434
33.4031
31.8815
25.5354
13.6549
-2.81374
-21.3535
-39.9497
-58.9549
-79.0687
-99.4544
-119.411
-139.463
-157.46
-170.625
-177.482
-178.981
-176.515
-168.391
-155.71
-138.64
-117.841
-93.5043
-66.838
-40.0313
-15.4943
4.25636
21.3464
38.1091
46.8817
50.6384
52.7233
54.2628
56.3793
0.152803
0.411788
0.750525
1.09668
1.46933
1.86578
2.29345
2.75857
3.26914
3.83383
4.46218
5.16467
5.9531
6.8409
7.84321
8.97652
10.2577
11.7026
13.3236
15.1262
17.1024
19.2198
21.4045
23.5177
25.3311
26.5288
26.7797
25.9056
23.9922
21.1124
17.4056
13.3498
9.38606
6.25849
5.04836
6.98124
10.5213
13.0495
14.2117
15.3835
16.5703
17.8558
21.6415
26.1368
30.6244
34.3895
36.3886
34.8134
28.189
15.7744
-1.37835
-20.4732
-39.3587
-58.6503
-79.4287
-100.736
-121.363
-141.896
-160.344
-173.747
-180.635
-182.081
-179.569
-171.224
-158.251
-140.881
-119.862
-95.163
-67.8508
-40.3506
-15.3601
4.86641
22.3125
40.288
50.1856
53.8686
55.1943
55.2901
56.2562
0.164174
0.418519
0.777327
1.13734
1.52546
1.93728
2.38131
2.86395
3.39359
3.97931
4.6311
5.35996
6.17827
7.10011
8.14142
9.31957
10.6524
12.1564
13.8444
15.721
17.775
19.9665
22.208
24.3416
26.1226
27.237
27.3779
26.3877
24.3762
21.4495
17.7525
13.6932
9.69617
6.66167
5.60941
7.40695
10.4763
12.9501
14.3205
15.7788
17.2203
19.1556
23.5022
28.4251
33.3303
37.436
39.5689
37.9433
31.0609
18.1498
0.339039
-19.338
-38.5678
-58.1309
-79.4893
-101.679
-123.025
-144.068
-162.945
-176.556
-183.47
-184.865
-182.337
-173.802
-160.549
-142.843
-121.615
-96.6391
-68.7177
-40.4773
-15.0258
5.5853
23.3621
42.1385
53.3129
56.8326
57.4792
56.1529
56.2915
0.177083
0.422965
0.803524
1.17729
1.58083
2.00785
2.46807
2.96805
3.51656
4.12307
4.79802
5.55294
6.40077
7.35623
8.43593
9.6579
11.0405
12.6001
14.3486
16.2874
18.3994
20.6356
22.8975
25.0196
26.7592
27.8103
27.8703
26.7863
24.6969
21.7428
18.0736
13.9972
10.0546
7.16106
6.19029
7.61513
10.3886
12.8598
14.44
16.2316
17.9471
20.6642
25.5526
30.9208
36.2628
40.7041
42.9663
41.2874
34.1537
20.771
2.32828
-17.9489
-37.581
-57.4212
-79.283
-102.296
-124.386
-145.969
-165.261
-179.053
-185.987
-187.332
-184.815
-176.121
-162.614
-144.547
-123.101
-97.9177
-69.4457
-40.4343
-14.4681
6.46187
24.6241
43.785
56.2447
59.4937
59.544
56.873
56.2707
0.191026
0.424354
0.828204
1.21549
1.6343
2.07633
2.5526
3.06979
3.63706
4.26421
4.96211
5.74273
6.61947
7.60745
8.72361
9.98607
11.4127
13.0187
14.8131
16.7932
18.9366
21.1896
23.4523
25.5608
27.2731
28.2801
28.2761
27.1065
24.9543
21.997
18.3575
14.2977
10.5007
7.74505
6.71211
7.67599
10.26
12.8061
14.5494
16.6876
18.8624
22.3876
27.7978
33.6403
39.4379
44.2078
46.5942
44.8508
37.4575
23.6141
4.56548
-16.315
-36.4014
-56.5439
-78.8472
-102.616
-125.443
-147.586
-167.297
-181.245
-188.189
-189.479
-186.998
-178.169
-164.444
-146.014
-124.325
-98.9821
-70.0322
-40.2454
-13.6737
7.55008
26.2153
45.4436
58.9481
61.8286
61.3342
57.4577
56.2468
0.206386
0.424021
0.852248
1.25282
1.68677
2.14371
2.63596
3.17027
3.75607
4.40341
5.12337
5.92816
6.83128
7.84782
8.99443
10.2886
11.7472
13.3838
15.2053
17.2073
19.366
21.6281
23.8932
25.9959
27.6909
28.6638
28.5992
27.3517
25.1701
22.2305
18.6126
14.6357
11.0279
8.32942
7.08892
7.66001
10.0418
12.752
14.703
17.2051
20.0132
24.3089
30.2428
36.593
42.8608
47.9523
50.4566
48.6291
40.9537
26.6472
7.01774
-14.4529
-35.0319
-55.5163
-78.219
-102.671
-126.215
-148.911
-169.054
-183.145
-190.077
-191.305
-188.875
-179.935
-166.025
-147.26
-125.302
-99.8179
-70.4677
-39.9305
-12.6432
8.89906
28.202
47.3452
61.3913
63.8435
62.7956
57.9335
56.1736
0.225802
0.426732
0.87889
1.29207
1.74042
2.21146
2.71869
3.26879
3.8713
4.53627
5.27482
6.09909
7.02244
8.05968
9.2271
10.5418
12.0201
13.6754
15.5142
17.5319
19.7044
21.977
24.2482
26.3502
28.0318
28.969
28.8433
27.5318
25.3398
22.4261
18.858
15.0661
11.5883
8.80226
7.28035
7.64147
9.83048
12.6985
14.9454
17.8551
21.3864
26.4165
32.8929
39.7788
46.5252
51.9372
54.5501
52.6122
44.6209
29.8369
9.64942
-12.3836
-33.4745
-54.3469
-77.4283
-102.493
-126.731
-149.947
-170.529
-184.767
-191.649
-192.811
-190.439
-181.42
-167.353
-148.291
-126.048
-100.418
-70.7414
-39.5042
-11.3911
10.5434
30.5694
49.631
63.567
65.5754
63.8789
58.2744
56.1516
0.248784
0.433826
0.906716
1.33057
1.79106
2.27378
2.79321
3.35589
3.97134
4.64956
5.40161
6.23962
7.17689
8.22821
9.40983
10.7389
12.2319
13.9022
15.7562
17.7889
19.9754
22.2598
24.5381
26.638
28.3016
29.1997
29.0193
27.6638
25.4758
22.5879
19.1188
15.5321
12.0612
9.09129
7.34751
7.62532
9.72307
12.6655
15.2794
18.6897
22.9754
28.7145
35.7524
43.1945
50.4241
56.1592
58.8682
56.79
48.4414
33.1557
12.4281
-10.1292
-31.7314
-53.0345
-76.4927
-102.105
-127.017
-150.704
-171.714
-186.124
-192.908
-194.01
-191.69
-182.633
-168.433
-149.105
-126.582
-100.783
-70.8426
-38.9748
-9.94371
12.4972
33.214
52.2751
65.4857
67.0792
64.5807
58.4819
56.1726
0.27046
0.441125
0.930229
1.36207
1.83168
2.32309
2.85161
3.42356
4.04852
4.73649
5.49852
6.34675
7.29462
8.35699
9.55016
10.8913
12.3972
14.0811
15.9493
17.9962
20.1954
22.4891
24.7707
26.8634
28.5045
29.3602
29.1294
27.7463
25.5742
22.7367
19.3839
15.894
12.3261
9.19391
7.41292
7.59705
9.686
12.7028
15.7585
19.7586
24.7966
31.2171
38.8287
46.8405
54.5574
60.6146
63.4051
61.1558
52.405
36.586
15.3293
-7.70998
-29.8051
-51.5713
-75.4143
-101.513
-127.075
-151.2
-172.597
-187.229
-193.874
-194.925
-192.655
-183.583
-169.273
-149.69
-126.912
-100.923
-70.7621
-38.3427
-8.33308
14.7517
35.9693
55.0806
67.1322
68.4091
64.9613
58.5869
56.1322
0.288086
0.44561
0.947289
1.38462
1.86078
2.35848
2.89366
3.47253
4.10477
4.80026
5.57013
6.42662
7.38335
8.4552
9.65848
11.0103
12.5275
14.2232
16.1032
18.1613
20.37
22.67
24.9513
27.0329
28.6469
29.4555
29.1719
27.7806
25.6276
22.8516
19.5119
15.9837
12.385
9.21971
7.50788
7.61627
9.71182
12.8891
16.4678
21.0982
26.856
33.932
42.1289
50.7214
58.9281
65.2997
68.1579
65.7087
56.511
40.122
18.3385
-5.1428
-27.6999
-49.9476
-74.186
-100.712
-126.889
-151.449
-173.166
-188.079
-194.586
-195.599
-193.398
-184.275
-169.88
-150.039
-127.039
-100.852
-70.4955
-37.6033
-6.59096
17.2753
38.6555
57.7483
68.4532
69.6009
65.1295
58.5921
56.0922
0.299927
0.445182
0.956125
1.39694
1.87764
2.37979
2.91987
3.50412
4.14225
4.84401
5.62052
6.484
7.44824
8.52811
9.73996
11.1009
12.6275
14.3329
16.2229
18.2907
20.5079
22.8124
25.0906
27.1559
28.7355
29.4928
29.1563
27.7517
25.6048
22.8445
19.4877
15.9439
12.3825
9.29172
7.64757
7.74532
9.88711
13.3208
17.4576
22.7154
29.1478
36.8608
45.6571
54.8414
63.535
70.2106
73.1271
70.4532
60.7673
43.7691
21.4508
-2.44026
-25.4216
-48.1566
-72.8002
-99.6951
-126.443
-151.458
-173.413
-188.654
-195.095
-196.084
-194.009
-184.717
-170.252
-150.151
-126.949
-100.584
-70.0431
-36.7494
-4.74398
20.0147
41.138
59.9838
69.369
70.6718
65.2308
58.5193
56.077
0.305821
0.439729
0.956592
1.3993
1.88294
2.38823
2.93194
3.52038
4.16316
4.87
5.65201
6.52153
7.49239
8.5795
9.79907
11.1683
12.7039
14.419
16.3195
18.3971
20.6216
22.9276
25.1961
27.2352
28.7706
29.4719
29.0906
27.6711
25.5163
22.7562
19.4143
15.892
12.4179
9.46078
7.87321
8.05737
10.3221
14.0575
18.7387
24.5956
31.6631
40.0045
49.4144
59.1988
68.3718
75.3467
78.3155
75.3974
65.1876
47.5407
24.6699
0.388903
-22.9778
-46.1953
-71.2563
-98.468
-125.729
-151.232
-173.36
-188.924
-195.431
-196.407
-194.535
-184.92
-170.382
-150.034
-126.629
-100.131
-69.408
-35.772
-2.81265
22.9032
43.3697
61.6326
69.8382
71.6133
65.3698
58.4035
56.0265
0.30769
0.432089
0.952021
1.39585
1.88148
2.38908
2.93559
3.52745
4.17418
4.88549
5.6724
6.54738
7.52427
8.61819
9.84551
11.2236
12.769
14.4945
16.4052
18.4908
20.7186
23.0182
25.265
27.2636
28.7408
29.3802
28.9636
27.5424
25.3969
22.6585
19.375
15.9182
12.5564
9.75716
8.28312
8.61315
11.0446
15.0887
20.2792
26.708
34.3926
43.367
53.4031
63.7882
73.4362
80.7097
83.7258
80.5501
69.7879
51.4549
28.0052
3.33942
-20.3776
-44.064
-69.5601
-97.0481
-124.75
-150.769
-173.055
-188.88
-195.595
-196.558
-194.925
-184.901
-170.259
-149.699
-126.072
-99.4944
-68.5951
-34.6607
-0.810923
25.8734
45.4027
62.8034
70.2337
72.3973
65.4413
58.2391
55.9619
0.306228
0.424073
0.944718
1.38938
1.87657
2.38619
2.93533
3.53045
4.18101
4.89664
5.68833
6.5686
7.55152
8.6525
9.88805
11.2755
12.8309
14.5659
16.4842
18.5734
20.7965
23.0777
25.2884
27.2318
28.6398
29.2198
28.7822
27.385
25.2757
22.5867
19.3922
16.0436
12.8291
10.215
8.90867
9.41874
12.0398
16.387
22.0515
29.0343
37.3328
46.9526
57.6267
68.6081
78.7295
86.2987
89.3594
85.9182
74.583
55.5312
31.4698
6.4089
-17.6316
-41.7642
-67.7175
-95.4629
-123.521
-150.058
-172.554
-188.562
-195.565
-196.538
-195.072
-184.673
-169.882
-149.155
-125.286
-98.6689
-67.611
-33.4048
1.25402
28.8715
47.3779
63.8105
71.8235
73.3727
65.2412
57.8887
55.9046
0.302239
0.41705
0.936387
1.38189
1.87057
2.38232
2.9342
3.5327
4.18725
4.90732
5.70389
6.5896
7.57871
8.68694
9.93074
11.327
12.8906
14.6324
16.554
18.6399
20.8487
23.101
25.2659
27.147
28.4884
29.0222
28.5826
27.2286
25.1731
22.5515
19.4661
16.2534
13.2235
10.8318
9.7377
10.4607
13.293
17.943
24.0565
31.5802
40.4912
50.7648
62.0859
73.659
84.2504
92.1107
95.2148
91.5051
79.5841
59.7865
35.0775
9.59693
-14.7522
-39.299
-65.7278
-93.7392
-122.064
-149.076
-171.881
-188.032
-195.318
-196.339
-194.927
-184.25
-169.255
-148.413
-124.282
-97.6477
-66.4648
-31.998
3.37939
31.8665
49.5093
64.9528
74.73
74.9418
64.8383
57.314
55.8815
0.296708
0.412063
0.928477
1.37494
1.86512
2.37921
2.93407
3.53624
4.19505
4.91989
5.72164
6.61305
7.60857
8.72379
9.97486
11.3781
12.9475
14.6926
16.6124
18.6882
20.8756
23.0935
25.2088
27.0293
28.314
28.8148
28.3891
27.0878
25.099
22.5575
19.5966
16.5371
13.7151
11.5801
10.7395
11.7069
14.7737
19.7361
26.287
34.347
43.8726
54.8043
66.7759
78.9379
89.9937
98.1403
101.288
97.3097
84.7975
64.2339
38.8408
12.9045
-11.7531
-36.6752
-63.582
-91.893
-120.412
-147.805
-171.004
-187.318
-194.852
-195.937
-194.51
-183.641
-168.39
-147.484
-123.079
-96.427
-65.169
-30.4444
5.56462
34.8478
51.9612
66.4455
78.5217
77.1764
64.486
56.6696
55.8876
0.290583
0.409774
0.921971
1.36948
1.86114
2.37777
2.93589
3.54212
4.20568
4.93582
5.74337
6.64101
7.64299
8.76458
10.0217
11.43
13.0028
14.7478
16.6611
18.7219
20.8843
23.0645
25.1294
26.8945
28.1304
28.6098
28.2076
26.9659
25.0539
22.6071
19.7832
16.894
14.292
12.4298
11.8755
13.1219
16.4527
21.7417
28.729
37.3276
47.474
59.0679
71.6895
84.4375
95.9517
104.38
107.57
103.327
90.2238
68.8816
42.7703
16.3336
-8.64831
-33.9056
-61.2685
-89.9225
-118.599
-146.256
-169.866
-186.407
-194.177
-195.333
-193.848
-182.853
-167.306
-146.373
-121.701
-95.0048
-63.7346
-28.7582
7.80781
37.8257
54.8008
68.3506
82.9183
80.0835
64.3465
56.229
55.9112
0.284392
0.410419
0.917326
1.36581
1.85894
2.37825
2.93993
3.55065
4.21956
4.95578
5.76992
6.67427
7.68269
8.81014
10.0723
11.4844
13.0584
14.7998
16.7032
18.7463
20.8808
23.021
25.0368
26.7507
27.9442
28.4114
28.0377
26.8618
25.0333
22.6958
20.0222
17.323
14.9547
13.3714
13.1178
14.6681
18.297
23.9359
31.3697
40.5127
51.2876
63.5481
76.8185
90.1476
102.115
110.82
114.052
109.547
95.8586
73.7321
46.8733
19.8875
-5.45035
-31.0098
-58.7807
-87.8103
-116.651
-144.466
-168.434
-185.264
-193.291
-194.531
-192.958
-181.884
-166.017
-145.08
-120.173
-93.3843
-62.1669
-26.9567
10.1028
40.8181
57.9852
70.618
87.5634
83.7178
64.6379
56.1317
55.9735
0.278347
0.413905
0.914707
1.36409
1.8586
2.38071
2.94622
3.56186
4.23676
4.9798
5.80113
6.71248
7.7273
8.86033
10.127
11.5415
13.1143
14.8496
16.7409
18.764
20.8683
22.968
24.9369
26.6028
27.7604
28.2218
27.8804
26.7737
25.0344
22.8165
20.3069
17.8154
15.7002
14.4075
14.4634
16.3297
20.28
26.2938
34.1934
43.8936
55.3047
68.2354
82.1531
96.0572
108.472
117.45
120.721
115.957
101.693
78.7833
51.1536
23.57
-2.16816
-28.0132
-56.1241
-85.5315
-114.581
-142.488
-166.719
-183.857
-192.173
-193.524
-191.843
-180.728
-164.541
-143.605
-118.515
-91.5807
-60.4633
-25.0538
12.4396
43.8366
61.3829
73.1287
92.1832
88.5358
66.0489
56.2825
56.0109
0.272532
0.420064
0.91421
1.36448
1.86036
2.38543
2.95504
3.57604
4.25745
5.00777
5.83657
6.75507
7.7763
8.91469
10.1849
11.6001
13.1697
14.8972
16.7748
18.776
20.8486
22.9087
24.8327
26.4539
27.5821
28.0421
27.7376
26.7016
25.0579
22.9666
20.632
18.3612
16.5167
15.5324
15.9126
18.1078
22.3987
28.8048
37.1868
47.4598
59.5162
73.1197
87.6826
102.155
115.011
124.256
127.563
122.543
107.714
84.0286
55.6111
27.3834
1.19308
-24.9427
-53.3166
-83.0674
-112.385
-140.361
-164.756
-182.178
-190.81
-192.306
-190.51
-179.386
-162.894
-141.952
-116.735
-89.6194
-58.6179
-23.0548
14.8104
46.8782
64.8385
75.7844
96.7006
95.5896
70.1069
56.6972
55.9883
0.266884
0.428618
0.915882
1.36715
1.86448
2.39274
2.9668
3.59359
4.28187
5.03967
5.87606
6.80175
7.82933
8.97254
10.2451
11.6594
13.2244
14.9427
16.8048
18.7822
20.8231
22.8447
24.7253
26.3063
27.4103
27.8732
27.61
26.6469
25.1054
23.1477
20.9953
18.9555
17.3932
16.7334
17.4565
19.999
24.6523
31.4686
40.3453
51.2017
63.911
78.1896
93.3947
108.43
121.718
131.225
134.561
129.289
113.907
89.4582
60.2425
31.3281
4.63108
-21.8216
-50.3835
-80.4222
-110.044
-138.101
-162.587
-180.243
-189.201
-190.878
-188.971
-177.862
-161.094
-140.132
-114.843
-87.5285
-56.6281
-20.9558
17.2165
49.9253
68.2319
78.5625
101.114
105.347
78.0455
57.7354
56.1591
0.261329
0.439222
0.919664
1.37214
1.87114
2.40293
2.98188
3.61485
4.31023
5.07563
5.91964
6.85247
7.88602
9.03313
10.3068
11.7189
13.278
14.9857
16.8303
18.7831
20.7927
22.7766
24.6161
26.1615
27.2452
27.7159
27.497
26.6113
25.1777
23.3624
21.3983
19.5975
18.3243
17.9991
19.0822
21.9939
27.0333
34.2798
43.6644
55.1112
68.4769
83.4306
99.2741
114.864
128.58
138.341
141.702
136.175
120.255
95.0587
65.0407
35.403
8.1449
-18.6648
-47.3541
-77.6266
-107.548
-135.708
-160.242
-178.085
-187.364
-189.248
-187.239
-176.169
-159.167
-138.162
-112.844
-85.334
-54.4998
-18.7525
19.6641
52.9518
71.5065
81.4663
105.23
116.176
89.8994
60.2978
56.7414
0.255867
0.451551
0.925439
1.37939
1.88037
2.41613
3.00042
3.63991
4.34262
5.11574
5.96739
6.90712
7.94591
9.09581
10.3694
11.7783
13.3303
15.0255
16.8514
18.7794
20.7581
22.7054
24.5067
26.0202
27.0871
27.57
27.3979
26.5947
25.2749
23.6114
21.843
20.2875
19.3092
19.3232
20.7779
24.0806
29.5306
37.227
47.1337
59.1771
73.1996
88.8253
105.303
121.443
135.581
145.59
148.968
143.187
126.74
100.815
69.9939
39.6053
11.7331
-15.4762
-44.2653
-74.7273
-104.908
-133.179
-157.741
-175.737
-185.322
-187.426
-185.326
-174.323
-157.139
-136.065
-110.747
-83.0554
-52.2485
-16.4439
22.1566
55.9321
74.6656
84.4546
108.848
126.391
104.785
67.3014
58.1516
0.250587
0.465367
0.933076
1.38879
1.89206
2.43222
3.02228
3.66865
4.37898
5.16002
6.01926
6.96538
8.00845
9.16005
10.4325
11.837
13.3804
15.0617
16.8683
18.7716
20.7199
22.6321
24.3987
25.8837
26.938
27.4364
27.3134
26.5966
25.3967
23.8931
22.3287
21.0245
20.3465
20.7043
22.5371
26.247
32.1303
40.296
50.7379
63.3844
78.0626
94.3555
111.462
128.149
142.705
152.955
156.343
150.305
133.343
106.709
75.0876
43.9276
15.3922
-12.2491
-41.1552
-71.7717
-102.151
-130.52
-155.101
-173.225
-183.098
-185.425
-183.244
-172.337
-155.034
-133.869
-108.56
-80.7056
-49.8974
-14.0319
24.6939
58.8455
77.7475
87.4565
112.013
135.412
121.866
83.4164
63.0208
0.245607
0.480454
0.942454
1.40019
1.90603
2.45093
3.04712
3.70079
4.41913
5.20833
6.07505
7.02689
8.07329
9.22549
10.4956
11.8944
13.4277
15.094
16.881
18.7598
20.6783
22.5579
24.2932
25.7534
26.7996
27.3163
27.245
26.617
25.5422
24.2044
22.8521
21.8058
21.4337
22.141
24.3571
28.4846
34.8178
43.4716
54.4596
67.7153
83.0482
100.003
117.734
134.963
149.933
160.418
163.811
157.514
140.048
112.726
80.307
48.3575
19.1131
-8.97603
-38.048
-68.7963
-99.3117
-127.751
-152.34
-170.572
-180.71
-183.261
-181.01
-170.22
-152.865
-131.599
-106.296
-78.2961
-47.4637
-11.5277
27.2779
61.6769
80.7831
90.3715
114.905
143.388
140.428
109.091
78.552
0.241081
0.496636
0.953477
1.41345
1.92206
2.47192
3.07456
3.73594
4.46275
5.26038
6.13438
7.0914
8.14028
9.292
10.5585
11.9498
13.4716
15.1224
16.8897
18.7441
20.6339
22.4835
24.1907
25.6304
26.673
27.2112
27.1944
26.6566
25.711
24.5432
23.4084
22.6262
22.5659
23.6282
26.2349
30.7877
37.5812
46.7372
58.2806
72.15
88.1367
105.75
124.099
141.866
157.247
167.962
171.353
164.798
146.836
118.848
85.6393
52.8804
22.884
-5.66044
-34.9516
-65.8211
-96.4235
-124.898
-149.477
-167.799
-178.178
-180.949
-178.641
-167.989
-150.643
-129.279
-103.97
-75.8374
-44.9559
-8.95276
29.9105
64.4175
83.7648
93.0911
117.691
150.517
158.53
137.997
106.398
0.237146
0.513753
0.966049
1.42844
1.93992
2.49485
3.10418
3.77367
4.50936
5.31564
6.19682
7.15863
8.20928
9.35947
10.6208
12.0031
13.5123
15.1469
16.8943
18.7246
20.5873
22.4091
24.0915
25.5151
26.5586
27.122
27.1629
26.7173
25.9033
24.9085
23.9937
23.4803
23.7355
25.1583
28.1637
33.1494
40.4106
50.0777
62.1828
76.6673
93.3065
111.574
130.538
148.838
164.626
175.567
178.952
172.14
153.695
125.059
91.0726
57.483
26.6976
-2.31437
-31.8663
-62.8525
-93.508
-121.986
-146.536
-164.925
-175.52
-178.506
-176.16
-165.662
-148.376
-126.928
-101.6
-73.3404
-42.383
-6.32759
32.5852
67.0624
86.649
95.5358
120.406
156.87
174.286
164.938
140.032
0.233842
0.531612
0.980037
1.44501
1.9594
2.51944
3.1356
3.81347
4.55834
5.37341
6.26183
7.22824
8.28015
9.42778
10.6824
12.0542
13.5496
15.1676
16.895
18.7019
20.539
22.3353
23.9955
25.4073
26.456
27.049
27.1506
26.7998
26.1188
25.2994
24.6057
24.3624
24.9353
26.7223
30.1332
35.5598
43.2942
53.4786
66.1493
81.2472
98.5359
117.455
137.029
155.859
172.05
183.214
186.589
179.524
160.611
131.344
96.5944
62.1503
30.5489
1.04988
-28.7912
-59.8907
-90.578
-119.036
-143.538
-161.971
-172.757
-175.952
-173.588
-163.258
-146.073
-124.566
-99.204
-70.8153
-39.7538
-3.66705
35.2836
69.6059
89.3844
97.6901
123.014
162.477
186.908
186.62
171.899
0.231147
0.549988
0.995268
1.46297
1.98031
2.54545
3.16851
3.85488
4.60901
5.43299
6.32873
7.29974
8.35256
9.49667
10.7433
12.1033
13.5839
15.1847
16.892
18.6764
20.4898
22.2625
23.9035
25.3068
26.3646
26.9913
27.1569
26.9036
26.3569
25.7141
25.2418
25.2679
26.1589
28.3105
32.132
38.0058
46.2187
56.924
70.1622
85.8711
103.803
123.368
143.55
162.908
179.499
190.881
194.247
186.936
167.572
137.692
102.192
66.8637
34.4328
4.4187
-25.7297
-56.9374
-87.6422
-116.063
-140.503
-158.961
-169.915
-173.31
-170.947
-160.792
-143.744
-122.205
-96.7997
-68.2722
-37.0776
-0.983898
37.9763
72.0451
91.9345
99.5981
125.492
167.361
196.6
202.29
196.581
0.228988
0.56862
1.0115
1.4821
2.00245
2.57269
3.20264
3.89745
4.66077
5.49368
6.39685
7.37253
8.42598
9.56583
10.8034
12.1504
13.6153
15.1981
16.8857
18.6489
20.4402
22.1916
23.816
25.2139
26.2838
26.9479
27.1804
27.0274
26.6162
26.1499
25.8985
26.1926
27.3998
29.9147
34.1482
40.4736
49.1691
60.3968
74.2028
90.5196
109.089
129.294
150.079
169.96
186.948
198.547
201.906
194.359
174.567
144.092
107.854
71.6079
38.3447
7.77761
-22.6911
-54.0001
-84.7112
-113.085
-137.452
-155.918
-167.018
-170.603
-168.258
-158.279
-141.396
-119.859
-94.4046
-65.7228
-34.3662
1.70721
40.6328
74.3778
94.2764
101.337
127.866
171.633
203.835
212.835
213.303
0.227283
0.587236
1.02843
1.50211
2.02559
2.60095
3.23771
3.9408
4.71316
5.55493
6.46561
7.446
8.49988
9.63498
10.8627
12.1958
13.644
15.2082
16.8763
18.6197
20.3908
22.1232
23.7338
25.1286
26.2135
26.9176
27.2195
27.169
26.8946
26.6038
26.5723
27.1317
28.6518
31.5274
36.1703
42.9489
52.1295
63.8799
78.2514
95.1724
114.371
135.211
156.593
176.994
194.374
206.188
209.545
201.775
181.582
150.539
113.573
76.3727
42.2775
11.1128
-19.6892
-51.0935
-81.7998
-110.118
-134.407
-152.867
-164.091
-167.853
-165.539
-155.731
-139.036
-117.534
-92.0339
-63.1814
-31.6356
4.38951
43.2288
76.6017
96.3937
102.98
130.155
175.465
209.264
219.772
223.411
0.225973
0.60561
1.04572
1.52265
2.04939
2.6299
3.27339
3.98457
4.76579
5.61632
6.53448
7.51954
8.5737
9.70379
10.9212
12.2395
13.6699
15.2151
16.8641
18.5889
20.3419
22.0579
23.6573
25.0516
26.1537
26.8998
27.2728
27.3257
27.1889
27.0729
27.2586
28.08
29.9087
33.1409
38.1885
45.4175
55.0843
67.3555
82.289
99.8089
119.63
141.096
163.071
183.985
201.753
213.781
217.141
209.166
188.601
157.023
119.335
81.1561
46.2207
14.4116
-16.7403
-48.2361
-78.9271
-107.181
-131.387
-149.829
-161.155
-165.081
-162.806
-153.163
-136.67
-115.236
-89.6987
-60.6626
-28.9001
7.04466
45.7423
78.7174
98.2689
104.581
132.35
178.959
213.4
224.551
228.924
0.225012
0.623546
1.06307
1.54334
2.07345
2.65913
3.30927
4.0284
4.81833
5.6775
6.60303
7.59263
8.64699
9.7719
10.9786
12.2816
13.6935
15.2191
16.8493
18.5566
20.2935
21.9959
23.587
24.9833
26.1047
26.8939
27.3389
27.4953
27.4959
27.5532
27.9526
29.0318
31.164
34.7471
40.1938
47.8668
58.018
70.8064
86.2968
104.409
124.844
146.928
169.488
190.91
209.059
221.298
224.67
216.512
195.609
163.532
125.122
85.9657
50.164
17.6637
-13.8598
-45.4477
-76.1135
-104.296
-128.413
-146.823
-158.231
-162.304
-160.076
-150.587
-134.307
-112.968
-87.4063
-58.1806
-26.1743
9.65329
48.1524
80.7248
99.8842
106.171
134.452
182.163
216.569
227.643
231.495
0.224383
0.640932
1.08023
1.56383
2.09733
2.68814
3.34487
4.07191
4.87048
5.7382
6.67094
7.6649
8.71935
9.83897
11.0348
12.3219
13.7147
15.2205
16.8322
18.5231
20.2458
21.937
23.5226
24.9236
26.0663
26.8997
27.4168
27.6759
27.8125
28.0409
28.6496
29.9812
32.4104
36.3385
42.1769
50.2852
60.9154
74.2166
90.2559
108.952
129.993
152.684
175.822
197.744
216.268
228.714
232.108
223.792
202.586
170.052
130.916
90.805
54.0996
20.8618
-11.0599
-42.7456
-73.378
-101.479
-125.5
-143.867
-155.336
-159.539
-157.365
-148.02
-131.954
-110.73
-85.16
-55.749
-23.4748
12.1984
50.4388
82.6071
101.246
107.772
136.503
185.064
219.103
229.38
232.234
0.224127
0.657776
1.09707
1.58387
2.12064
2.71642
3.37968
4.11465
4.92194
5.79819
6.73799
7.73616
8.79051
9.90467
11.0893
12.3603
13.7339
15.2199
16.8134
18.4887
20.199
21.8812
23.4637
24.872
26.038
26.9165
27.5054
27.8659
28.1358
28.5321
29.3453
30.9223
33.6411
37.9066
44.1283
52.6624
63.7625
77.5706
94.1482
113.419
135.056
158.344
182.049
204.462
223.352
236.002
239.426
230.981
209.514
176.567
136.703
95.6686
58.022
24.0019
-8.34854
-40.1432
-70.7359
-98.7444
-122.661
-140.973
-152.485
-156.803
-154.686
-145.476
-129.618
-108.523
-82.9599
-53.3773
-20.8142
14.6726
52.5821
84.334
102.39
109.418
138.584
187.632
221.265
230.385
232.285
0.224302
0.674147
1.11356
1.60326
2.14297
2.74348
3.41321
4.15622
4.9724
5.85726
6.80411
7.80632
8.86033
9.96873
11.1419
12.3965
13.7509
15.2174
16.7933
18.4542
20.1535
21.8286
23.4102
24.8278
26.0188
26.9433
27.6033
28.0633
28.4632
29.0229
30.035
31.8495
34.8495
39.443
46.0388
54.9879
66.5462
80.853
97.9584
117.79
140.011
163.883
188.144
211.038
230.285
243.135
246.596
238.053
216.369
183.054
142.471
100.546
61.9276
27.0842
-5.72863
-37.6481
-68.1977
-96.1038
-119.908
-138.154
-149.691
-154.11
-152.054
-142.969
-127.304
-106.342
-80.8022
-51.07
-18.2038
17.0816
54.5659
85.8784
103.363
111.168
140.804
189.934
223.12
231.203
232.237
0.224891
0.690052
1.1296
1.62178
2.16401
2.76891
3.44501
4.19621
5.02153
5.91524
6.86923
7.87539
8.92876
10.0309
11.1921
12.4301
13.7654
15.2129
16.7722
18.4201
20.11
21.7796
23.3618
24.7904
26.0078
26.9786
27.709
28.2662
28.7925
29.5101
30.7144
32.7583
36.0293
40.94
47.8989
57.2508
69.2545
84.0487
101.672
122.047
144.84
169.282
194.084
217.447
237.041
250.086
253.591
244.98
223.126
189.486
148.218
105.426
65.8139
30.1117
-3.19845
-35.2625
-65.7688
-93.564
-117.248
-135.418
-146.967
-151.473
-149.479
-140.509
-125.019
-104.185
-78.68
-48.8285
-15.6646
19.4447
56.3843
87.2221
104.234
113.083
143.283
192.108
224.622
231.907
232.223
0.225853
0.705488
1.14512
1.63931
2.18356
2.79245
3.47476
4.23426
5.06902
5.97193
6.93331
7.94344
8.99587
10.0913
11.2399
12.4608
13.777
15.2061
16.7501
18.3868
20.0691
21.7349
23.319
24.7596
26.004
27.0212
27.8207
28.4724
29.1208
29.9901
31.3795
33.6435
37.1744
42.3906
49.6991
59.4411
71.8754
87.1434
105.273
126.173
149.519
174.519
199.844
223.662
243.591
256.826
260.383
251.732
229.755
195.83
153.932
110.293
69.6774
33.0887
-0.752422
-32.9836
-63.4502
-91.1284
-114.686
-132.775
-144.323
-148.902
-146.97
-138.105
-122.765
-102.046
-76.585
-46.6508
-13.2326
21.7895
58.0489
88.3614
105.104
115.247
146.13
194.285
225.801
232.478
232.34
0.227166
0.720464
1.16005
1.65574
2.20145
2.81384
3.50213
4.26998
5.11448
6.02704
6.99623
8.0105
9.0618
10.1498
11.2851
12.4883
13.7852
15.1965
16.7266
18.3542
20.0313
21.6951
23.2821
24.7352
26.0066
27.0694
27.9363
28.6795
29.4451
30.4598
32.0257
34.5002
38.2798
43.788
51.431
61.5483
74.3966
90.1233
108.745
130.154
154.029
179.572
205.403
229.658
249.91
263.327
266.942
258.28
236.226
202.045
159.584
115.126
73.5109
36.0181
1.61684
-30.8052
-61.2391
-88.7972
-112.224
-130.226
-141.764
-146.403
-144.53
-135.761
-120.546
-99.9223
-74.5091
-44.5341
-10.9473
24.1405
59.5958
89.315
106.096
117.771
149.428
196.572
226.781
232.907
232.502
0.228744
0.734922
1.17429
1.67095
2.21752
2.83283
3.52674
4.3029
5.15743
6.08016
7.0577
8.07651
9.12666
10.2068
11.3279
12.5125
13.7896
15.1833
16.701
18.3219
19.9966
21.6604
23.2516
24.7173
26.0152
27.1224
28.0544
28.8852
29.7627
30.9156
32.6489
35.3236
39.34
45.1256
53.0867
63.5625
76.8082
92.9747
112.072
133.974
158.351
184.417
210.738
235.411
255.969
269.561
273.24
264.591
242.506
208.097
165.14
119.9
77.3011
38.8994
3.91557
-28.7201
-59.1307
-86.568
-109.862
-127.773
-139.294
-143.981
-142.161
-133.478
-118.364
-97.8139
-72.4469
-42.4758
-8.82124
26.4924
61.091
90.136
107.347
120.778
153.214
199.024
227.671
233.171
232.613
0.230479
0.748767
1.1877
1.68477
2.23153
2.84912
3.54819
4.33252
5.19733
6.13077
7.11733
8.14126
9.19052
10.2626
11.3687
12.5338
13.7903
15.1665
16.673
18.2897
19.9649
21.6313
23.2277
24.7063
26.0299
27.1798
28.1737
29.0875
30.0707
31.354
33.245
36.1087
40.3492
46.3971
54.659
65.4749
79.1002
95.6838
115.237
137.617
162.469
189.031
215.822
240.895
261.743
275.502
279.249
270.635
248.558
213.952
170.558
124.578
81.027
41.7253
6.14603
-26.7226
-57.1203
-84.4381
-107.599
-125.416
-136.912
-141.636
-139.861
-131.256
-116.224
-95.7244
-70.3975
-40.4718
-6.82926
28.7656
62.6153
90.9282
108.985
124.385
157.474
201.655
228.493
233.284
232.65
0.232237
0.761819
1.20001
1.69688
2.24314
2.86229
3.56597
4.35829
5.23358
6.17827
7.17463
8.20447
9.25341
10.3174
11.4082
12.5528
13.7877
15.1461
16.6424
18.2574
19.9363
21.6076
23.2103
24.7017
26.05
27.2404
28.293
29.2846
30.3666
31.7717
33.8102
36.8508
41.3019
47.5964
56.1406
67.2774
81.2623
98.2392
118.226
141.064
166.37
193.394
220.634
246.086
267.206
281.122
284.941
276.381
254.347
219.575
175.792
129.121
84.6603
44.4814
8.30462
-24.811
-55.2055
-82.4066
-105.433
-123.154
-134.619
-139.372
-137.633
-129.097
-114.131
-93.6619
-68.3659
-38.5171
-4.94105
30.8043
64.2124
91.8351
111.089
128.634
162.128
204.439
229.234
233.285
232.619
0.233731
0.773744
1.21081
1.70686
2.2519
2.87188
3.57962
4.37971
5.26567
6.22216
7.22915
8.26588
9.31535
10.3718
11.4469
12.5702
13.7825
15.1225
16.6094
18.2252
19.9108
21.5891
23.1988
24.7024
26.0743
27.3029
28.4103
29.4744
30.6478
32.1659
34.3411
37.5457
42.1933
48.7178
57.5251
68.9618
83.2833
100.631
121.022
144.297
170.039
197.487
225.15
250.96
272.335
286.396
290.289
281.798
259.833
224.931
180.798
133.486
88.1668
47.1461
10.3813
-22.9888
-53.3887
-80.4768
-103.37
-120.991
-132.42
-137.194
-135.48
-127.004
-112.092
-91.6378
-66.3628
-36.6088
-3.1518
32.4929
65.8365
92.9791
113.637
133.398
167.026
207.307
229.862
233.182
232.529
0.234695
0.784392
1.21995
1.71458
2.2577
2.87777
3.58895
4.39658
5.29334
6.26216
7.28064
8.32536
9.37642
10.426
11.4855
12.5868
13.7755
15.0964
16.5744
18.1932
19.8885
21.5758
23.1923
24.7071
26.1007
27.3651
28.5235
29.6546
30.9122
32.534
34.8349
38.1905
43.0195
49.756
58.8063
70.5191
85.1519
102.847
123.614
147.296
173.457
201.294
229.347
255.495
277.105
291.3
295.266
286.857
264.978
229.979
185.527
137.625
91.5075
49.6921
12.3596
-21.2656
-51.6776
-78.6568
-101.416
-118.934
-130.321
-135.111
-133.415
-124.985
-110.117
-89.6669
-64.4036
-34.7509
-1.46933
33.8797
67.3641
94.3932
116.476
138.37
171.968
210.184
230.351
232.98
232.376
0.235014
0.793988
1.22765
1.72024
2.26066
2.8799
3.59378
4.40853
5.31611
6.29776
7.32862
8.3826
9.43655
10.4801
11.5243
12.6031
13.7671
15.0682
16.5377
18.1614
19.8694
21.5672
23.19
24.7141
26.1275
27.425
28.6307
29.8235
31.1583
32.8744
35.2895
38.7827
43.7769
50.7067
59.9781
71.9406
86.8572
104.875
125.989
150.044
176.608
204.802
233.203
259.668
281.495
295.811
299.849
291.531
269.742
234.674
189.931
141.491
94.6405
52.0876
14.2184
-19.6557
-50.0843
-76.9593
-99.5855
-116.998
-128.338
-133.138
-131.452
-123.057
-108.221
-87.7668
-62.5075
-32.9555
0.109719
35.0973
68.6806
96.0223
119.385
143.204
176.777
213.017
230.698
232.705
232.177
0.235042
0.803061
1.23424
1.72385
2.26033
2.8773
3.59256
4.41358
5.33179
6.32676
7.37113
8.43603
9.49464
10.5336
11.5631
12.6191
13.7574
15.0375
16.4985
18.1293
19.853
21.5628
23.1906
24.7219
26.153
27.4813
28.7309
29.9803
31.3851
33.1861
35.7035
39.3205
44.4631
51.5657
61.0342
73.2195
88.3902
106.7
128.136
152.526
179.468
208
236.704
263.456
285.485
299.909
304.013
295.793
274.092
238.969
193.961
145.035
97.5226
54.2986
15.9337
-18.1761
-48.6232
-75.3998
-97.8957
-115.2
-126.49
-131.295
-129.612
-121.238
-106.423
-85.9575
-60.6957
-31.2388
1.59755
36.2197
69.7612
97.783
122.271
147.717
181.364
215.754
230.917
232.418
231.955
0.236694
0.813295
1.24108
1.72625
2.25683
2.86917
3.58352
4.4092
5.33745
6.34635
7.40597
8.4843
9.55026
10.5869
11.6028
12.6358
13.7473
15.005
16.4571
18.097
19.8399
21.5631
23.1944
24.7305
26.1774
27.5342
28.8241
30.125
31.5924
33.4683
36.0757
39.8013
45.0742
52.328
61.9683
74.3491
89.7444
108.314
130.04
154.736
182.014
210.865
239.836
266.84
289.05
303.573
307.737
299.616
277.996
242.824
197.569
148.209
100.112
56.2913
17.481
-16.8439
-47.3095
-73.995
-96.3661
-113.565
-124.801
-129.605
-127.92
-119.555
-104.746
-84.2619
-58.9904
-29.6185
2.9976
37.2721
70.661
99.5336
125.145
151.941
185.71
218.333
231.025
232.144
231.73
0.240645
0.825316
1.24898
1.72832
2.25107
2.8562
3.56682
4.39492
5.33234
6.35595
7.43321
8.52842
9.60519
10.642
11.6456
12.6551
13.7378
14.9706
16.4124
18.063
19.8288
21.5671
23.1999
24.738
26.1985
27.5815
28.9085
30.2553
31.7773
33.7176
36.4014
40.2196
45.6035
52.9866
62.7735
75.3221
90.9134
109.706
131.693
156.672
184.23
213.372
242.588
269.8
292.171
306.782
310.999
302.974
281.427
246.198
200.711
150.969
102.368
58.0339
18.8377
-15.6751
-46.1571
-72.761
-95.0174
-112.117
-123.3
-128.096
-126.404
-118.036
-103.218
-82.7051
-57.4147
-28.1118
4.30405
38.2673
71.4517
101.075
127.899
155.943
189.797
220.687
231.069
231.896
231.508
0.244424
0.835964
1.25469
1.72678
2.23965
2.83464
3.53782
4.36477
5.30923
6.34756
7.44465
8.56022
9.65123
10.6903
11.6816
12.6659
13.7167
14.9211
16.351
18.0146
19.809
21.5665
23.2006
24.7398
26.2138
27.6225
28.9843
30.3722
31.9406
33.9338
36.6797
40.5727
46.047
53.5368
63.4455
76.1336
91.8899
110.872
133.085
158.327
186.113
215.502
244.942
272.32
294.833
309.52
313.778
305.842
284.358
249.055
203.346
153.275
104.257
59.4999
19.986
-14.6817
-45.177
-71.7112
-93.8692
-110.883
-122.017
-126.8
-125.095
-116.713
-101.869
-81.3138
-55.9914
-26.7367
5.50694
39.2018
72.1869
102.319
130.321
159.672
193.571
222.715
231.144
231.733
231.306
0.244078
0.840626
1.25392
1.71782
2.21946
2.80207
3.49453
4.31635
5.26486
6.31708
7.43556
8.57452
9.68312
10.7265
11.7058
12.6632
13.6794
14.8525
16.2696
17.9511
19.7857
21.5729
23.2123
24.7546
26.2444
27.6792
29.0724
30.4936
32.0962
34.1257
36.9136
40.8585
46.3983
53.9688
63.9737
76.773
92.6618
111.803
134.21
159.682
187.659
217.246
246.877
274.384
297.018
311.77
316.054
308.193
286.761
251.361
205.438
155.094
105.75
60.6677
20.9121
-13.8726
-44.3773
-70.8567
-92.9388
-109.888
-120.982
-125.748
-124.023
-115.615
-100.731
-80.1195
-54.7522
-25.5234
6.58136
40.0513
72.871
103.315
132.282
162.904
196.878
224.207
231.291
231.699
231.184
0.243431
0.844021
1.25239
1.70875
2.19987
2.77031
3.45144
4.26635
5.21687
6.2817
7.422
8.58632
9.71534
10.7656
11.734
12.6645
13.6447
14.784
16.1869
17.891
19.7812
21.6138
23.2624
24.8065
26.3096
27.7643
29.1781
30.6168
32.2334
34.2763
37.0814
41.0529
46.6331
54.2608
64.3405
77.2299
93.2251
112.499
135.067
160.725
188.878
218.611
248.373
275.972
298.711
313.518
317.814
310.008
288.609
253.088
206.961
156.406
106.834
61.531
21.6132
-13.2504
-43.7652
-70.2122
-92.2511
-109.168
-120.244
-124.998
-123.252
-114.807
-99.8692
-79.1905
-53.766
-24.539
7.46784
40.7644
73.4578
104.104
133.761
165.333
199.374
224.897
231.395
231.758
231.224
0.251072
0.855476
1.25992
1.71023
2.19264
2.75234
3.42257
4.22939
5.17853
6.25146
7.40967
8.59759
9.7477
10.8067
11.7654
12.6698
13.6135
14.7158
16.0985
17.8214
19.777
21.6698
23.3252
24.8606
26.3672
27.8301
29.25
30.6897
32.3034
34.3426
37.1485
41.1309
46.7366
54.4066
64.5459
77.5093
93.5891
112.967
135.658
161.449
189.76
219.589
249.398
277.045
299.879
314.741
319.032
311.254
289.876
254.206
207.887
157.188
107.499
62.0911
22.1014
-12.7943
-43.314
-69.752
-91.7845
-108.708
-119.801
-124.563
-122.807
-114.33
-99.3401
-78.5953
-53.1109
-23.8659
8.08807
41.2738
73.8849
104.666
134.747
166.82
200.598
224.795
231.398
231.824
231.472
0.267039
0.874831
1.27638
1.72253
2.1987
2.75004
3.41118
4.21046
5.15664
6.23433
7.40668
8.61618
9.78762
10.8567
11.8074
12.6885
13.6007
14.6695
16.0293
17.7631
19.7832
21.7395
23.3866
24.8994
26.4018
27.8656
29.2851
30.7209
32.3284
34.3615
37.1651
41.1531
46.7749
54.4725
64.651
77.6634
93.7984
113.24
136.004
161.87
190.284
220.164
249.97
277.627
300.519
315.417
319.683
311.928
290.56
254.75
208.276
157.483
107.749
62.3211
22.3302
-12.5548
-43.0627
-69.4949
-91.5333
-108.478
-119.597
-124.38
-122.625
-114.131
-99.1076
-78.3202
-52.7955
-23.5318
8.40343
41.5384
74.1105
104.961
135.234
167.436
200.73
224.503
231.307
231.823
231.913
)
;

boundaryField
{
    inletFace
    {
        type            zeroGradient;
    }
    inlet
    {
        type            zeroGradient;
    }
    inletWalls
    {
        type            zeroGradient;
    }
    outletInlet
    {
        type            cyclicAMI;
        value           nonuniform List<scalar> 
15
(
205.204
204.259
199.943
199.061
193.87
190.914
183.709
175.518
168.759
154.895
146.237
131.172
123.044
111.469
111.046
)
;
    }
    fineSymmetryWall
    {
        type            symmetryPlane;
    }
    fineWalls
    {
        type            zeroGradient;
    }
    fineCyclicBoundary
    {
        type            fixedValue;
        value           uniform 0;
    }
    fineplug
    {
        type            cyclicAMI;
        value           nonuniform List<scalar> 
80
(
207.503
207.155
206.44
201.603
204.774
204.659
204.402
204.27
204.173
204.214
203.738
202.542
197.617
199.616
199.647
200.103
199.829
199.789
199.939
199.681
198.752
192.651
194.267
194.139
194.008
194.132
194.14
193.668
193.556
192.985
191.419
184.505
184.342
184.066
183.724
183.302
183.242
182.858
181.75
179.305
170.714
170.556
170.616
170.172
169.514
168.707
167.952
166.962
164.041
156.488
152.136
151.212
151.264
150.997
149.994
148.471
146.155
143.032
140.098
132.948
131.249
130.175
129.094
128.092
127.074
124.867
122.282
119.979
123.845
114.268
113.053
112.42
111.491
109.672
107.663
107.979
109.01
119.747
108.517
107.44
)
;
    }
    faceFine
    {
        type            zeroGradient;
    }
}


// ************************************************************************* //
