/*--------------------------------*- C++ -*----------------------------------*\
| =========                 |                                                 |
| \\      /  F ield         | OpenFOAM: The Open Source CFD Toolbox           |
|  \\    /   O peration     | Version:  4.1                                   |
|   \\  /    A nd           | Web:      www.OpenFOAM.org                      |
|    \\/     M anipulation  |                                                 |
\*---------------------------------------------------------------------------*/
FoamFile
{
    version     2.0;
    format      ascii;
    class       volScalarField;
    location    "3";
    object      p;
}
// * * * * * * * * * * * * * * * * * * * * * * * * * * * * * * * * * * * * * //

dimensions      [0 2 -2 0 0 0 0];

internalField   nonuniform List<scalar> 
6785
(
555.92
489.763
439.007
389.237
343.191
299.937
259.352
221.204
185.337
151.216
118.235
87.6344
59.7726
26.1255
-9.32286
12.899
-4.46609
-0.483279
-4.89188
-7.69816
-10.7308
-13.3132
-15.2929
-16.4495
-16.642
-15.9623
-14.1984
-10.516
-6.2295
-4.89642
-24.8796
-30.4224
-20.3559
-21.3624
-17.6336
-15.3476
-12.7465
-10.3869
-8.19938
-6.20887
-4.44426
-2.89601
-1.46203
-0.104362
0.418755
24.1292
21.1164
25.6166
21.2622
21.5816
19.4891
18.01
16.2235
14.4835
12.7729
11.3952
10.5338
9.73052
8.91258
8.27178
7.35434
4.04426
5.82081
1.79513
2.40094
0.507642
-0.133111
-1.0376
-1.65274
-2.1649
-2.44747
-2.72255
-3.61496
-4.6624
-5.02711
-13.8591
-16.4454
-14.7775
-17.5849
-16.3265
-17.6816
-17.7164
-18.2267
-18.616
-19.0515
-19.4261
-19.7003
-20.2174
-20.4596
-19.6529
-16.4847
-17.6336
-15.7242
-17.6558
-16.2106
-17.1525
-16.9299
-17.1665
-17.3578
-17.575
-17.7556
-17.7817
-17.5269
-17.0524
-15.8231
-8.16365
-8.02992
-6.10113
-7.20244
-5.57385
-5.81818
-5.09837
-4.68642
-4.20949
-3.69486
-3.1333
-2.54987
-1.78425
-1.11413
0.0246085
2.41221
3.28364
5.00246
4.38904
5.9714
6.0646
6.91466
7.53157
8.18984
8.87237
9.57967
10.2607
11.0348
11.6549
12.477
12.2396
13.5309
14.9708
14.5878
15.9893
16.1312
16.8901
17.4377
18.0188
18.6182
19.2423
19.8556
20.5563
21.1046
21.9024
22.8447
24.3342
25.3796
25.1605
26.3583
26.4437
27.1095
27.4931
27.942
28.3983
28.8885
29.4111
30.0131
30.4888
31.1726
31.7599
33.0378
33.6705
33.4878
34.3946
34.3431
34.8613
35.0086
35.2624
35.4553
35.6885
35.9833
36.3352
36.6841
37.0751
39.8715
40.2221
40.1571
39.5635
39.9844
39.6035
39.6517
39.316
39.0685
38.6843
38.3157
38.0403
37.933
38.0605
37.8684
35.7253
35.656
34.261
31.1532
31.2286
29.3445
28.6563
27.9736
27.6953
27.3482
27.1108
27.0861
27.4031
27.7698
27.4162
45.7616
42.3002
36.9265
32.7504
29.5129
27.2201
27.4959
28.1456
28.0189
27.4467
26.7083
25.9626
25.3843
24.9992
24.4858
30.3811
30.3799
30.3662
30.3738
30.3567
30.3961
30.3341
30.3276
30.3386
30.3806
30.3557
30.2564
30.5137
30.3495
30.2811
30.3409
30.4845
30.4622
30.2811
30.6922
30.5155
30.3868
30.469
30.7108
30.6597
30.5308
30.6182
30.8259
30.8729
30.6561
31.0624
31.0023
30.8479
30.9504
31.1217
31.2211
31.0477
31.361
31.3818
31.274
31.3676
31.4888
31.6092
31.5389
31.6227
31.7007
31.8678
31.7935
31.9489
32.0659
32.039
32.1231
32.1383
32.3464
32.3425
32.4287
32.4166
32.6639
32.6585
32.6962
32.9735
33.0942
33.3167
33.2917
33.9459
34.1667
34.169
35.0691
35.2068
35.6469
35.5989
36.0565
35.8307
36.8273
37.6007
33.3146
35.917
37.3586
24.114
28.1528
32.6214
33.9452
35.6631
31.9587
34.1914
37.508
38.4218
39.5685
39.7922
39.668
40.2181
41.1747
40.6173
34.8285
34.0693
34.4843
34.4734
32.9453
32.1001
31.5629
31.8468
29.1569
25.1565
24.9447
24.2395
24.2784
25.5558
25.6408
24.9793
26.151
25.9492
22.7965
22.8348
23.4116
23.9975
24.4324
25.9265
28.1516
29.9546
27.8802
23.2181
27.3513
30.2955
31.6445
31.3735
30.9685
31.1279
33.2686
31.3391
34.6295
31.3124
29.0722
29.5251
29.5386
27.8367
26.6061
24.0893
19.5173
29.9392
28.5709
24.1646
21.3585
17.8857
15.0263
12.341
9.95113
6.69957
2.84318
4.76442
7.36774
3.1766
1.88275
0.400184
-2.45958
-7.66451
-8.6178
-6.74753
-14.258
-3.35216
-5.95162
-8.82131
-4.26711
-7.41486
-6.13955
-6.45204
-4.94637
-3.25738
-5.97964
-4.13855
-2.74775
-4.82735
-4.31048
-4.81131
-3.81874
-2.36191
-4.50353
-4.04721
-4.60739
-3.59629
-2.44524
-4.98789
-3.49152
-2.36955
-4.37955
-3.96771
-4.53258
-3.6355
-2.29353
-4.36566
-3.93651
-4.49175
-3.53169
-2.41634
-4.83495
-3.39693
-2.31415
-4.20226
-3.77722
-4.28077
-3.41352
-2.13769
-4.04837
-3.5967
-4.08114
-3.14845
-2.09364
-4.3071
-2.9124
-1.8863
-3.63482
-3.18894
-3.64337
-2.76116
-1.52459
-3.34717
-2.88161
-3.33674
-2.38269
-1.31482
-3.52102
-2.09602
-1.01835
-2.82239
-2.35989
-2.82702
-1.8776
-0.514438
-2.51571
-2.02201
-2.52307
-1.43182
-0.161665
-2.80554
-1.09787
0.290627
-2.02783
-1.48128
-2.19487
-1.01632
2.27705
-0.00412706
-0.0133508
-0.0445062
-0.119688
-0.208533
-0.306772
-0.402599
-0.489471
-0.552579
-0.609518
-0.638302
-0.617167
-0.581315
-0.504141
-0.439527
-0.3272
-0.183026
-0.100745
-0.0191627
0.0620781
0.126464
0.186398
0.219947
0.274054
0.269557
0.0463781
0.0795348
0.0580954
0.0456232
0.0331907
0.152907
0.191662
0.215913
0.219365
0.212711
0.193435
0.172743
0.146507
0.118503
0.100426
0.0760329
0.0219342
-0.0441842
-0.0805514
-0.114247
-0.135398
-0.126325
-0.0785509
-0.0770991
-0.0894353
-0.0979516
-0.100458
-0.0958488
-0.0843794
-0.0672545
-0.0464928
-0.023853
-0.00149197
0.0187261
0.0352448
0.0467281
0.0519513
0.0509575
0.043608
0.0306901
0.0138616
-0.0051311
-0.0230227
-0.0369661
-0.0417285
-0.038048
-0.0359394
-0.0375639
-0.0466452
-0.125772
-0.143262
-0.196615
0.0169277
-0.0628489
-0.0166776
-0.0534438
-0.136645
-0.284023
-0.440582
-0.608917
-0.776152
-0.935793
-1.06046
-1.16148
-1.20888
-1.17433
-1.10123
-0.964477
-0.82456
-0.625516
-0.387737
-0.214027
-0.0472816
0.108409
0.23086
0.350494
0.416084
0.537271
0.566751
0.193378
0.19837
0.172642
0.161227
0.123775
0.335982
0.388899
0.427948
0.431257
0.415401
0.376226
0.333454
0.27896
0.216356
0.16035
0.0850345
-0.0216956
-0.137969
-0.224757
-0.313081
-0.37471
-0.383916
-0.304311
-0.293861
-0.319903
-0.335416
-0.33451
-0.31302
-0.270663
-0.210188
-0.137547
-0.0587282
0.0196009
0.0915101
0.151471
0.195603
0.220274
0.225282
0.209613
0.174793
0.123976
0.0613253
-0.00512596
-0.0676035
-0.111633
-0.126987
-0.14505
-0.164535
-0.208912
-0.337489
-0.395691
-0.47208
-0.305374
-0.455325
-0.0356356
-0.110482
-0.227853
-0.396338
-0.563385
-0.737619
-0.917362
-1.09366
-1.23439
-1.34104
-1.38554
-1.34243
-1.249
-1.08964
-0.915548
-0.690071
-0.433638
-0.227384
-0.033205
0.142495
0.277561
0.413597
0.483509
0.637051
0.717255
0.399569
0.335011
0.292978
0.28162
0.248894
0.42497
0.458215
0.494465
0.494128
0.473867
0.42774
0.378587
0.315567
0.240669
0.166894
0.0711592
-0.0503028
-0.196885
-0.319989
-0.449888
-0.551804
-0.607215
-0.568472
-0.573547
-0.605483
-0.624363
-0.617401
-0.575466
-0.49707
-0.386136
-0.253176
-0.108986
0.0342135
0.165528
0.274756
0.354464
0.397983
0.404902
0.373326
0.30651
0.210345
0.0934407
-0.0282397
-0.140623
-0.218294
-0.24388
-0.275266
-0.297421
-0.351321
-0.471929
-0.529199
-0.603807
-0.529754
-0.580833
-0.0535009
-0.162927
-0.309443
-0.502656
-0.687854
-0.879609
-1.07936
-1.27364
-1.42859
-1.54158
-1.58792
-1.53977
-1.42504
-1.23917
-1.03163
-0.773481
-0.488289
-0.250902
-0.0293439
0.170024
0.321472
0.47627
0.553438
0.740675
0.858412
0.569984
0.456077
0.403372
0.387365
0.371061
0.524416
0.542996
0.575537
0.569499
0.543559
0.48915
0.432079
0.358879
0.271293
0.182768
0.0737049
-0.0714318
-0.265558
-0.427048
-0.596595
-0.729127
-0.806537
-0.79927
-0.839131
-0.883987
-0.907907
-0.894602
-0.831567
-0.717055
-0.556504
-0.364716
-0.157224
0.0485839
0.237259
0.394277
0.509124
0.572546
0.583824
0.539848
0.444922
0.306535
0.136322
-0.0430167
-0.211284
-0.331829
-0.375791
-0.423619
-0.443957
-0.503941
-0.61962
-0.657441
-0.730976
-0.678114
-0.662178
-0.0726132
-0.218863
-0.397068
-0.620883
-0.833642
-1.05846
-1.2922
-1.5172
-1.69614
-1.82348
-1.8767
-1.82269
-1.68508
-1.46787
-1.2207
-0.918731
-0.588685
-0.306935
-0.0449614
0.190638
0.36935
0.552468
0.643143
0.86611
0.994091
0.719066
0.577924
0.513023
0.479901
0.482002
0.636033
0.657013
0.691071
0.679664
0.647314
0.581555
0.512807
0.424644
0.319359
0.211475
0.0822118
-0.09669
-0.336305
-0.540308
-0.758828
-0.931021
-1.03423
-1.05602
-1.12604
-1.18318
-1.21095
-1.18944
-1.10269
-0.949025
-0.735685
-0.481848
-0.207934
0.0632597
0.3116
0.518129
0.669152
0.752883
0.768235
0.710753
0.585744
0.40208
0.174346
-0.0678358
-0.297884
-0.466663
-0.532814
-0.599075
-0.613877
-0.678248
-0.79965
-0.819445
-0.894652
-0.851789
-0.876401
-0.0923087
-0.276999
-0.488638
-0.747831
-0.992249
-1.25105
-1.51739
-1.77275
-1.97486
-2.11513
-2.17206
-2.10822
-1.94586
-1.69603
-1.40724
-1.06092
-0.685844
-0.357697
-0.0547983
0.216318
0.421004
0.630325
0.732026
0.981883
1.10326
0.855686
0.686983
0.613474
0.572203
0.590332
0.740218
0.768108
0.804425
0.787442
0.749282
0.672486
0.592871
0.490718
0.368681
0.241567
0.0907618
-0.120714
-0.403756
-0.649872
-0.917831
-1.13371
-1.26835
-1.32023
-1.42032
-1.49141
-1.52318
-1.49245
-1.38041
-1.18586
-0.918253
-0.601108
-0.259766
0.0775648
0.386163
0.642728
0.830595
0.935534
0.956053
0.886085
0.731597
0.502119
0.21456
-0.0949993
-0.393574
-0.618417
-0.712947
-0.80165
-0.807476
-0.870485
-0.992611
-0.992445
-1.06568
-1.03411
-1.02491
-0.112626
-0.337861
-0.583902
-0.882066
-1.16064
-1.45133
-1.74588
-2.02782
-2.24984
-2.40018
-2.45733
-2.38151
-2.19228
-1.90819
-1.57701
-1.18731
-0.769802
-0.397862
-0.057435
0.24578
0.473274
0.704541
0.81431
1.0779
1.18863
0.951792
0.794244
0.708118
0.663499
0.697008
0.840405
0.874302
0.911032
0.887275
0.843243
0.755827
0.666287
0.551627
0.414766
0.27049
0.0999584
-0.14387
-0.472648
-0.760929
-1.07807
-1.33884
-1.51046
-1.59854
-1.72922
-1.81467
-1.84997
-1.80847
-1.66888
-1.43081
-1.10632
-0.723361
-0.312278
0.0931687
0.463638
0.771497
0.997206
1.12413
1.15035
1.06798
0.883445
0.606296
0.255341
-0.127186
-0.501981
-0.791147
-0.920906
-1.03593
-1.02892
-1.08224
-1.19702
-1.16838
-1.23376
-1.2124
-1.20763
-0.133489
-0.401302
-0.682796
-1.02314
-1.33911
-1.66164
-1.98297
-2.29043
-2.53271
-2.69337
-2.74932
-2.66032
-2.44247
-2.1222
-1.74756
-1.31388
-0.853843
-0.43879
-0.061337
0.273412
0.523558
0.775175
0.892807
1.16188
1.2599
1.01306
0.893581
0.798858
0.756546
0.801826
0.943675
0.983306
1.01914
0.98771
0.937327
0.838884
0.739076
0.611863
0.460487
0.300034
0.11038
-0.167005
-0.543079
-0.875664
-1.24397
-1.55064
-1.76203
-1.88924
-2.05123
-2.15153
-2.19016
-2.13655
-1.96738
-1.68343
-1.2997
-0.848751
-0.365958
0.109267
0.54298
0.903276
1.16786
1.31775
1.35059
1.25646
1.04191
0.715744
0.298064
-0.163208
-0.62278
-0.985808
-1.15892
-1.30464
-1.28239
-1.31643
-1.41908
-1.3533
-1.40509
-1.39444
-1.35688
-0.154775
-0.467192
-0.784894
-1.17012
-1.52788
-1.88416
-2.23236
-2.56519
-2.82925
-3.00136
-3.05496
-2.95079
-2.70245
-2.34392
-1.92419
-1.44523
-0.94149
-0.482494
-0.0669789
0.299559
0.572741
0.843594
0.969675
1.24563
1.32123
1.08778
0.982716
0.886837
0.853994
0.907225
1.05084
1.09545
1.12971
1.09036
1.03347
0.923752
0.813404
0.67358
0.507802
0.331887
0.122734
-0.189037
-0.614221
-0.993388
-1.41541
-1.77013
-2.02472
-2.19393
-2.38819
-2.50352
-2.54515
-2.4779
-2.27689
-1.94431
-1.49859
-0.977007
-0.420094
0.126976
0.625643
1.03976
1.34437
1.51821
1.5585
1.45307
1.20831
0.831439
0.343224
-0.203237
-0.757285
-1.20499
-1.43105
-1.61252
-1.57237
-1.57507
-1.66049
-1.55001
-1.58136
-1.5611
-1.49848
-0.176415
-0.535237
-0.889621
-1.32196
-1.72702
-2.12044
-2.49576
-2.85295
-3.13936
-3.32308
-3.37292
-3.2512
-2.97037
-2.57124
-2.10423
-1.57827
-1.02966
-0.525941
-0.0717126
0.32623
0.621985
0.910227
1.04518
1.33015
1.37513
1.16585
1.06291
0.973243
0.958739
1.01611
1.16118
1.20838
1.24038
1.19313
1.12978
1.00891
0.888182
0.73621
0.556658
0.366331
0.13724
-0.210089
-0.686847
-1.1146
-1.59265
-1.99801
-2.29951
-2.51314
-2.74065
-2.87116
-2.91549
-2.83308
-2.59793
-2.21393
-1.70337
-1.10844
-0.474933
0.146113
0.711519
1.18094
1.5268
1.72568
1.77442
1.65836
1.38344
0.954302
0.391636
-0.246906
-0.906306
-1.45109
-1.7414
-1.96494
-1.90395
-1.86053
-1.92132
-1.758
-1.76134
-1.73243
-1.68858
-0.198317
-0.605075
-0.997428
-1.47858
-1.93578
-2.37104
-2.77455
-3.15429
-3.46269
-3.65745
-3.70236
-3.56117
-3.24601
-2.80389
-2.28707
-1.71208
-1.11726
-0.568291
-0.0750945
0.353572
0.671108
0.974699
1.11899
1.41197
1.42299
1.23047
1.13623
1.05836
1.06773
1.12863
1.2744
1.32109
1.3503
1.29524
1.22542
1.09354
0.962608
0.799031
0.606462
0.402799
0.153468
-0.231067
-0.761776
-1.24033
-1.77657
-2.23523
-2.58732
-2.84761
-3.1096
-3.25536
-3.30205
-3.20287
-2.9311
-2.49268
-1.91416
-1.2429
-0.530075
0.167306
0.801429
1.32776
1.71618
1.94125
1.99948
1.87351
1.56851
1.0855
0.444195
-0.293908
-1.07094
-1.72706
-2.09508
-2.36946
-2.2829
-2.17572
-2.20263
-1.97746
-1.94403
-1.91441
-1.83187
-0.22043
-0.676467
-1.10941
-1.64071
-2.1524
-2.6357
-3.06983
-3.47058
-3.79968
-4.00481
-4.04414
-3.88196
-3.5308
-3.04335
-2.47405
-1.84771
-1.20496
-0.610125
-0.0776222
0.381205
0.719795
1.03685
1.19123
1.48925
1.4659
1.29636
1.20456
1.1416
1.17352
1.23835
1.38817
1.43304
1.45946
1.39684
1.32047
1.17771
1.03665
0.861914
0.656977
0.440825
0.171098
-0.252498
-0.839439
-1.37138
-1.96803
-2.48276
-2.88904
-3.19805
-3.49584
-3.65701
-3.70568
-3.58803
-3.27707
-2.78105
-2.13127
-1.3805
-0.585451
0.19079
0.895743
1.4807
1.91305
2.16555
2.23441
2.0994
1.76457
1.22617
0.501882
-0.343798
-1.25229
-2.03618
-2.49798
-2.83507
-2.7155
-2.52375
-2.5059
-2.20901
-2.12838
-2.08002
-1.95736
-0.242709
-0.74931
-1.22579
-1.80763
-2.37562
-2.91388
-3.38268
-3.80367
-4.15122
-4.36612
-4.39948
-4.21483
-3.82592
-3.29076
-2.6661
-1.98586
-1.29303
-0.651484
-0.0791541
0.409393
0.768264
1.09693
1.26216
1.56163
1.50508
1.3593
1.26759
1.22296
1.27462
1.33725
1.49532
1.54349
1.56751
1.49783
1.41488
1.26144
1.11038
0.924936
0.708254
0.480288
0.190126
-0.274729
-0.920254
-1.50833
-2.16779
-2.74152
-3.20552
-3.56542
-3.9002
-4.07708
-4.1273
-3.98939
-3.63647
-3.07947
-2.35491
-1.52121
-0.640804
0.217014
0.995058
1.64046
2.11818
2.3994
2.48013
2.33707
1.97281
1.3776
0.565826
-0.39602
-1.45157
-2.38219
-2.95695
-3.37192
-3.20853
-2.90784
-2.83262
-2.453
-2.31459
-2.2512
-2.13477
-0.26513
-0.823512
-1.34669
-1.97865
-2.60592
-3.2044
-3.71395
-4.15542
-4.51859
-4.74239
-4.76932
-4.56069
-4.13207
-3.54666
-2.86364
-2.12669
-1.38125
-0.691923
-0.0791426
0.438719
0.816913
1.15525
1.33158
1.62944
1.54198
1.41928
1.32469
1.30362
1.37529
1.42985
1.58765
1.65201
1.6738
1.59779
1.50835
1.34453
1.18369
0.988072
0.760317
0.521137
0.210435
-0.298204
-1.0047
-1.65176
-2.37661
-3.0124
-3.53753
-3.95061
-4.32351
-4.51659
-4.5679
-4.40779
-4.01001
-3.38845
-2.58533
-1.66503
-0.695923
0.246372
1.09991
1.80767
2.33226
2.64357
2.73748
2.58752
2.19444
1.54115
0.637281
-0.449875
-1.67007
-2.76916
-3.47989
-3.99122
-3.76945
-3.331
-3.18431
-2.70956
-2.50203
-2.42184
-2.25641
-0.287686
-0.89916
-1.47314
-2.15506
-2.84323
-3.50554
-4.06351
-4.52744
-4.90337
-5.13469
-5.15438
-4.92033
-4.44989
-3.81151
-3.06702
-2.27037
-1.46943
-0.731015
-0.0770917
0.469704
0.866078
1.21211
1.39895
1.69297
1.57796
1.47626
1.37548
1.38496
1.47712
1.52489
1.67307
1.75881
1.77775
1.69632
1.60052
1.4267
1.2564
1.05121
0.813086
0.56322
0.231628
-0.323389
-1.09319
-1.80216
-2.59518
-3.29629
-3.88586
-4.35433
-4.76662
-4.97661
-5.02851
-4.84416
-4.3984
-3.70846
-2.82276
-1.81194
-0.750555
0.279302
1.21088
1.983
2.55599
2.8988
3.00733
2.85178
2.43072
1.71828
0.717659
-0.504491
-1.90911
-3.20152
-4.07588
-4.70602
-4.40674
-3.79582
-3.56252
-2.97856
-2.69014
-2.59174
-2.41516
-0.310387
-0.976505
-1.60574
-2.33751
-3.08607
-3.81658
-4.43072
-4.92114
-5.3075
-5.5441
-5.55538
-5.2946
-4.78006
-4.08581
-3.27668
-2.41716
-1.55754
-0.768424
-0.0725595
0.502855
0.91613
1.26794
1.46418
1.75094
1.61276
1.5273
1.41918
1.46739
1.57606
1.62327
1.76879
1.86359
1.87882
1.7931
1.69112
1.50774
1.32839
1.11423
0.866448
0.606348
0.253228
-0.350686
-1.18598
-1.96009
-2.82415
-3.59401
-4.2513
-4.77755
-5.2304
-5.45831
-5.51025
-5.29944
-4.8024
-4.04005
-3.06747
-1.96191
-0.804432
0.316258
1.32855
2.16711
2.79009
3.16586
3.29051
3.13085
2.68293
1.91056
0.808544
-0.558786
-2.17001
-3.68389
-4.75531
-5.53182
-5.13022
-4.30472
-3.96886
-3.25956
-2.87882
-2.76636
-2.53792
-0.333254
-1.05576
-1.74396
-2.52532
-3.33509
-4.13816
-4.81435
-5.33791
-5.73312
-5.97186
-5.97326
-5.68447
-5.12332
-4.37009
-3.49301
-2.56724
-1.64556
-0.803761
-0.0650537
0.53877
0.967582
1.32352
1.52752
1.80173
1.64332
1.56921
1.45305
1.55168
1.67611
1.725
1.87749
1.96438
1.97642
1.88777
1.77985
1.58742
1.39952
1.17704
0.920313
0.650321
0.274799
-0.380485
-1.28331
-2.12609
-3.06406
-3.90636
-4.63464
-5.22129
-5.71576
-5.96293
-6.01429
-5.77466
-5.22284
-4.38376
-3.31968
-2.1149
-0.857262
0.357721
1.45356
2.36069
3.03525
3.44549
3.58784
3.42575
2.95237
2.11963
0.911707
-0.611417
-2.45393
-4.22092
-5.52999
-6.48668
-5.95118
-4.86008
-4.40505
-3.55177
-3.06777
-2.92482
-2.64279
-0.356315
-1.13705
-1.887
-2.71932
-3.59249
-4.46923
-5.2131
-5.77846
-6.18208
-6.41944
-6.40916
-6.09089
-5.48046
-4.66492
-3.71637
-2.7207
-1.73342
-0.836583
-0.054013
0.578139
1.02112
1.3799
1.58961
1.8447
1.66475
1.59739
1.47253
1.63717
1.77992
1.83504
1.99121
2.05856
2.06985
1.97996
1.8664
1.66552
1.46965
1.23955
0.974609
0.694921
0.295958
-0.413208
-1.38525
-2.30048
-3.31541
-4.23411
-5.03679
-5.68658
-6.22394
-6.49181
-6.54189
-6.27088
-5.66056
-4.74015
-3.57965
-2.27085
-0.908729
0.404198
1.58653
2.56444
3.29217
3.73839
3.9001
3.73745
3.24032
2.34714
1.02912
-0.660718
-2.7617
-4.81695
-6.41282
-7.59151
-6.88263
-5.46401
-4.87242
-3.85417
-3.25764
-3.08392
-2.79082
-0.379597
-1.22047
-2.03435
-2.9211
-3.85737
-4.809
-5.62695
-6.2426
-6.65601
-6.88874
-6.86438
-6.5148
-5.8523
-4.97083
-3.94706
-2.87757
-1.82101
-0.866407
-0.0388436
0.621711
1.07762
1.43835
1.65127
1.87872
1.671
1.60519
1.47101
1.72102
1.89041
1.95823
2.10132
2.14356
2.15851
2.06929
1.95047
1.74179
1.53866
1.30168
1.02928
0.739957
0.316448
-0.449244
-1.49175
-2.48341
-3.57865
-4.57794
-5.45863
-6.17467
-6.75674
-7.04642
-7.09437
-6.78927
-6.11647
-5.10979
-3.84762
-2.42968
-0.958493
0.456224
1.72814
2.77905
3.56155
4.04525
4.22804
4.06687
3.54795
2.59473
1.16295
-0.704609
-3.09357
-5.47546
-7.41743
-8.86967
-7.93929
-6.11872
-5.37193
-4.1657
-3.44842
-3.24959
-2.89152
-0.403129
-1.30604
-2.18568
-3.13095
-4.12967
-5.16011
-6.05604
-6.7293
-7.15669
-7.38199
-7.34023
-6.95724
-6.23971
-5.2884
-4.18534
-3.0378
-1.90815
-0.892765
-0.0189231
0.670303
1.13805
1.50012
1.71295
1.90128
1.65664
1.58302
1.43686
1.80089
2.01424
2.08316
2.19831
2.21737
2.24199
2.15542
2.03174
1.81597
1.60641
1.36334
1.08431
0.785331
0.336164
-0.488957
-1.60273
-2.67495
-3.85419
-4.93848
-5.9011
-6.68691
-7.31604
-7.62828
-7.67312
-7.33103
-6.5915
-5.49329
-4.12381
-2.59129
-1.00618
0.514365
1.87905
3.00526
3.84406
4.36674
4.57234
4.41488
3.87638
2.86405
1.31555
-0.740509
-3.4488
-6.19821
-8.55719
-10.3463
-9.13658
-6.826
-5.90399
-4.48485
-3.6391
-3.39446
-2.97174
-0.426933
-1.39379
-2.3409
-3.34994
-4.41225
-5.52274
-6.4993
-7.23754
-7.68575
-7.90137
-7.83821
-7.41935
-6.64361
-5.61815
-4.43142
-3.20134
-1.99462
-0.915169
0.00643224
0.724802
1.20366
1.56621
1.77541
1.90956
1.6151
1.51621
1.35311
1.86894
2.14213
2.18533
2.27487
2.28106
2.32026
2.23804
2.1099
1.88785
1.67278
1.4245
1.13972
0.831053
0.355149
-0.532672
-1.71802
-2.87508
-4.14236
-5.31629
-6.36515
-7.22454
-7.90335
-8.23903
-8.27965
-7.89747
-7.08663
-5.89124
-4.40845
-2.75557
-1.0514
0.579217
2.03999
3.24379
4.14036
4.70345
4.93364
4.78227
4.22683
3.15699
1.48943
-0.765232
-3.82517
-6.98423
-9.84388
-12.0472
-10.4904
-7.58638
-6.46802
-4.8098
-3.82937
-3.54019
-3.09317
-0.45103
-1.48371
-2.50022
-3.5797
-4.70444
-5.89575
-6.95761
-7.76755
-8.24424
-8.44885
-8.36012
-7.90239
-7.06488
-5.96061
-4.6855
-3.36808
-2.08013
-0.933128
0.0379546
0.786188
1.27606
1.63758
1.84106
1.90087
1.53534
1.38575
1.20025
1.91307
2.26591
2.27393
2.32976
2.33985
2.39378
2.31684
2.18469
1.95722
1.73765
1.48515
1.1956
0.877181
0.373688
-0.580661
-1.83747
-3.08374
-4.44349
-5.71189
-6.85172
-7.78872
-8.51983
-8.88036
-8.91556
-8.48997
-7.60286
-6.30424
-4.70177
-2.92237
-1.09371
0.651414
2.21169
3.49542
4.45112
5.05595
5.31248
5.16974
4.60056
3.47555
1.68729
-0.774929
-4.21857
-7.82875
-11.2862
-13.9964
-12.0164
-8.40022
-7.06239
-5.13813
-4.01765
-3.6785
-3.16052
-0.475431
-1.57584
-2.66395
-3.81987
-5.00599
-6.28211
-7.43341
-8.31927
-8.83262
-9.02667
-8.90812
-8.40766
-7.5044
-6.3163
-4.94772
-3.53791
-2.16432
-0.946182
0.0764735
0.85554
1.35695
1.71575
1.91239
1.87378
1.40371
1.17254
0.962468
1.91479
2.38492
2.38886
2.3692
2.39727
2.46254
2.39154
2.25586
2.02389
1.80097
1.5453
1.25209
0.923788
0.392216
-0.633011
-1.96086
-3.30077
-4.75779
-6.1258
-7.36177
-8.38081
-9.16668
-9.55411
-9.58254
-9.11002
-8.14124
-6.73292
-5.00395
-3.09152
-1.13263
0.731626
2.39493
3.76091
4.77696
5.42476
5.70932
5.57786
4.99857
3.82147
1.91197
-0.765145
-4.62251
-8.72249
-12.8883
-16.2142
-13.7275
-9.26757
-7.68486
-5.4666
-4.20186
-3.80893
-3.26259
-0.500138
-1.67015
-2.8323
-4.06935
-5.32018
-6.68242
-7.92609
-8.89213
-9.4513
-9.63716
-9.48449
-8.93663
-7.9632
-6.6858
-5.21824
-3.7107
-2.24682
-0.953826
0.122844
0.93399
1.44788
1.80259
1.99066
1.83097
1.2085
0.866691
0.640698
1.8609
2.4939
2.51201
2.40355
2.45011
2.52565
2.46183
2.32323
2.08773
1.86265
1.60501
1.3094
0.970946
0.411209
-0.689307
-2.08768
-3.52595
-5.08538
-6.55857
-7.89624
-9.00221
-9.84554
-10.2624
-10.2824
-9.7592
-8.70288
-7.17787
-5.31517
-3.26282
-1.16767
0.820567
2.59052
4.04105
5.11851
5.81032
6.1245
6.00706
5.42157
4.19608
2.16619
-0.731151
-5.02827
-9.6521
-14.6493
-18.7143
-15.633
-10.1866
-8.33268
-5.79127
-4.37981
-3.93659
-3.32053
-0.525141
-1.76662
-3.00528
-4.32735
-5.64757
-7.09535
-8.43619
-9.48799
-10.1012
-10.2822
-10.0914
-9.491
-8.44248
-7.06975
-5.4972
-3.88627
-2.32722
-0.955474
0.177998
1.02274
1.55031
1.89941
2.07803
1.78135
0.94853
0.482272
0.264799
1.75465
2.58284
2.62303
2.43857
2.48858
2.58197
2.52723
2.38666
2.14863
1.92269
1.66442
1.36778
1.01875
0.431096
-0.748556
-2.2173
-3.75902
-5.42639
-7.01076
-8.45614
-9.65439
-10.559
-11.0073
-11.0172
-10.4392
-9.2889
-7.63972
-5.6356
-3.43603
-1.19826
0.918994
2.79929
4.33663
5.47636
6.21302
6.55824
6.45758
5.87004
4.60014
2.45199
-0.668301
-5.42561
-10.6022
-16.5639
-21.5029
-17.7396
-11.1537
-9.00243
-6.10752
-4.54875
-4.0383
-3.35705
-0.550418
-1.86518
-3.1828
-4.59319
-5.98883
-7.52384
-8.96719
-10.1089
-10.7824
-10.9632
-10.7313
-10.0727
-8.94341
-7.46879
-5.78469
-4.06437
-2.40502
-0.950445
0.242943
1.12304
1.66561
2.00783
2.17848
1.74067
0.645693
0.0639643
-0.106473
1.61933
2.64628
2.73816
2.47345
2.50912
2.63036
2.5867
2.44603
2.20654
1.98111
1.72374
1.42759
1.06734
0.452212
-0.809591
-2.34915
-3.99952
-5.78087
-7.48293
-9.04257
-10.3392
-11.3103
-11.7912
-11.7889
-11.1517
-9.90049
-8.11907
-5.96534
-3.61085
-1.22379
1.02772
3.02214
4.64849
5.85112
6.63319
7.01063
6.92951
6.34425
5.03376
2.77093
-0.572053
-5.80443
-11.5592
-18.6259
-24.5786
-20.0504
-12.1652
-9.69007
-6.41027
-4.70679
-4.1323
-3.43395
-0.57593
-1.96573
-3.36474
-4.86677
-6.34721
-7.96843
-9.5177
-10.7545
-11.4948
-11.682
-11.4069
-10.6838
-9.46723
-7.88358
-6.08077
-4.24466
-2.47969
-0.937987
0.318633
1.23613
1.79501
2.13088
2.2959
1.72819
0.343996
-0.324859
-0.405884
1.50021
2.67747
2.838
2.50722
2.5199
2.67018
2.63886
2.50129
2.26149
2.03798
1.78322
1.48925
1.11695
0.475001
-0.871332
-2.48257
-4.24693
-6.14886
-7.97565
-9.6567
-11.0586
-12.102
-12.6166
-12.5999
-11.8986
-10.5389
-8.6165
-6.30448
-3.78694
-1.24358
1.14761
3.26
4.97747
6.24336
7.07105
7.4816
7.42287
6.84449
5.49797
3.12589
-0.438597
-6.15776
-12.5145
-20.8321
-27.9322
-22.5583
-13.216
-10.3911
-6.69433
-4.85121
-4.22314
-3.45706
-0.601621
-2.06811
-3.55089
-5.14823
-6.72317
-8.42757
-10.0872
-11.4269
-12.2401
-12.4405
-12.1209
-11.3265
-10.0154
-8.3149
-6.38552
-4.42675
-2.55063
-0.917247
0.406115
1.36332
1.9402
2.27065
2.4336
1.76328
0.0913337
-0.631439
-0.59708
1.43643
2.67798
2.91147
2.54081
2.52911
2.69866
2.68208
2.5526
2.31361
2.09343
1.84318
1.55325
1.16778
0.499984
-0.932598
-2.61684
-4.50065
-6.53029
-8.48941
-10.2996
-11.8149
-12.9366
-13.4864
-13.4527
-12.6819
-11.2053
-9.13258
-6.65304
-3.9639
-1.2569
1.2796
3.51386
5.32443
6.65364
7.52679
7.97095
7.93777
7.37128
5.99453
3.52009
-0.265937
-6.48503
-13.4662
-23.1843
-31.5466
-25.2466
-14.2985
-11.0996
-6.95443
-4.97854
-4.2796
-3.45472
-0.627413
-2.17212
-3.741
-5.43753
-7.11453
-8.90434
-10.6798
-12.1292
-13.0199
-13.2397
-12.8756
-12.0031
-10.5896
-8.7636
-6.69906
-4.61023
-2.61715
-0.887283
0.506506
1.50595
2.10298
2.4288
2.59508
1.86296
-0.0791534
-0.841918
-0.689007
1.43569
2.65744
2.95712
2.5745
2.54114
2.71438
2.71577
2.60028
2.36309
2.14764
1.90397
1.62009
1.22016
0.527733
-0.991676
-2.75121
-4.75998
-6.92497
-9.02461
-10.9724
-12.6103
-13.8165
-14.4035
-14.3501
-13.5036
-11.9011
-9.66783
-7.01098
-4.14126
-1.26295
1.42468
3.78477
5.69028
7.08251
8.00054
8.47848
8.47439
7.92519
6.52427
3.95538
-0.0544733
-6.78965
-14.4199
-25.6915
-35.3965
-28.0927
-15.4043
-11.8072
-7.1856
-5.08672
-4.32654
-3.49174
-0.653205
-2.27755
-3.93481
-5.73451
-7.5196
-9.40037
-11.2929
-12.8599
-13.8345
-14.0812
-13.6738
-12.7166
-11.1916
-9.23057
-7.02155
-4.79466
-2.67852
-0.847127
0.620866
1.66526
2.2845
2.60791
2.78295
2.03805
-0.145473
-0.965182
-0.702065
1.48323
2.62713
2.9672
2.60646
2.55842
2.719
2.73941
2.64455
2.41011
2.20083
1.96601
1.69032
1.27479
0.558925
-1.0464
-2.88502
-5.02417
-7.33258
-9.58157
-11.6763
-13.4475
-14.7445
-15.3713
-15.2948
-14.3659
-12.6275
-10.2227
-7.37817
-4.31846
-1.26081
1.58394
4.07387
6.07597
7.53046
8.49235
9.00401
9.03286
8.50641
7.08667
4.43022
0.18771
-7.077
-15.3825
-28.3694
-39.4466
-31.0659
-16.5254
-12.5042
-7.38294
-5.17261
-4.35263
-3.46728
-0.678876
-2.38414
-4.13198
-6.03875
-7.93688
-9.91517
-11.9249
-13.62
-14.6867
-14.9673
-14.5184
-13.4696
-11.8232
-9.71677
-7.35312
-4.97955
-2.73389
-0.795769
0.750298
1.84249
2.48587
2.80914
2.99937
2.29124
-0.0812172
-0.996075
-0.63742
1.56748
2.58812
2.93957
2.63191
2.58215
2.71529
2.75245
2.68532
2.45499
2.25327
2.02975
1.76443
1.3328
0.593849
-1.09493
-3.01719
-5.29216
-7.75254
-10.1604
-12.4127
-14.3291
-15.7235
-16.3928
-16.2901
-15.2712
-13.3861
-10.7978
-7.75442
-4.49485
-1.24952
1.75854
4.38236
6.48249
7.99798
9.00222
9.54744
9.61319
9.11454
7.67968
4.93738
0.443243
-7.36828
-16.3423
-31.2423
-43.6455
-34.1233
-17.6524
-13.1798
-7.54173
-5.23304
-4.35814
-3.47676
-0.704277
-2.49155
-4.33202
-6.34953
-8.36537
-10.4524
-12.5809
-14.4135
-15.5796
-15.9001
-15.4116
-14.2648
-12.4865
-10.2233
-7.69395
-5.16433
-2.78231
-0.732133
0.895956
2.03884
2.70895
3.03424
3.24681
2.61799
0.145116
-0.918605
-0.496382
1.68665
2.52891
2.87292
2.64512
2.61643
2.71465
2.75871
2.72349
2.49802
2.30534
2.09574
1.84291
1.39556
0.632429
-1.13586
-3.14604
-5.56255
-8.18406
-10.7613
-13.1838
-15.2583
-16.7566
-17.4717
-17.3393
-16.2219
-14.1781
-11.3934
-8.13942
-4.66967
-1.22797
1.94975
4.71155
6.91092
8.48553
9.5301
10.1087
10.2152
9.74835
8.29905
5.46613
0.694697
-7.68861
-17.2891
-34.3498
-47.9224
-37.2106
-18.7743
-13.8219
-7.65771
-5.26466
-4.34728
-3.43707
-0.729229
-2.59941
-4.53432
-6.66598
-8.80471
-11.0151
-13.2582
-15.2366
-16.5131
-16.8809
-16.3563
-15.1054
-13.1838
-10.7514
-8.04426
-5.34847
-2.82278
-0.655093
1.059
2.25545
2.95517
3.28583
3.52537
3.00749
0.558154
-0.711246
-0.280084
1.83635
2.44068
2.76265
2.6451
2.66597
2.71823
2.76049
2.75963
2.53921
2.35739
2.16451
1.92616
1.46466
0.675037
-1.16779
-3.27009
-5.83383
-8.62629
-11.3849
-13.9925
-16.2382
-17.847
-18.6118
-18.4458
-17.2207
-15.0052
-12.0098
-8.53274
-4.84202
-1.19495
2.15893
5.06287
7.36239
8.99359
10.0761
10.6878
10.8382
10.4053
8.93776
6.00291
0.92827
-8.04504
-18.2323
-37.7469
-52.1901
-40.2638
-19.8788
-14.4166
-7.72745
-5.26334
-4.29378
-3.37403
-0.753518
-2.70726
-4.73816
-6.98713
-9.25437
-11.6009
-13.9532
-16.0879
-17.4885
-17.9124
-17.3558
-15.9948
-13.9175
-11.3022
-8.4043
-5.53145
-2.85424
-0.56347
1.24061
2.49321
3.22328
3.56273
3.83312
3.44452
1.15308
-0.31967
0.0417081
2.0087
2.32061
2.60681
2.63691
2.73034
2.72413
2.7609
2.79424
2.57862
2.40979
2.23665
2.01459
1.54182
0.723056
-1.18864
-3.38802
-6.10454
-9.07824
-12.0316
-14.8406
-17.271
-18.9995
-19.8176
-19.6136
-18.2704
-15.8688
-12.6475
-8.93381
-5.01087
-1.14911
2.38761
5.4379
7.83816
9.5226
10.6407
11.2852
11.481
11.0811
9.58613
6.53418
1.13506
-8.43234
-19.19
-41.4778
-56.3609
-43.2202
-20.9497
-14.9493
-7.74892
-5.22575
-4.22228
-3.34855
-0.776899
-2.8146
-4.94271
-7.31193
-9.71349
-12.2054
-14.6711
-16.9728
-18.5108
-18.9982
-18.4126
-16.9356
-14.6897
-11.877
-8.77433
-5.71271
-2.87554
-0.456
1.44205
2.75291
3.5117
3.86577
4.16936
3.91664
1.90058
0.276302
0.478873
2.19845
2.17063
2.40964
2.62722
2.80734
2.7425
2.76456
2.82644
2.61626
2.463
2.31281
2.1086
1.62903
0.778859
-1.19594
-3.498
-6.37326
-9.53889
-12.7014
-15.7295
-18.36
-20.2204
-21.0934
-20.847
-19.374
-16.7706
-13.3066
-9.34191
-5.175
-1.08894
2.63742
5.83837
8.3396
10.073
11.2244
11.9011
12.1413
11.7689
10.2334
7.05017
1.314
-8.82857
-20.1861
-45.5573
-60.3407
-46.0214
-21.9673
-15.4048
-7.71964
-5.14723
-4.13548
-3.26353
-0.799087
-2.92083
-5.14705
-7.63925
-10.1808
-12.8255
-15.4125
-17.8867
-19.5775
-20.1399
-19.529
-17.9303
-15.5027
-12.4769
-9.15464
-5.89171
-2.88549
-0.331299
1.66461
3.03551
3.82206
4.20044
4.53412
4.41013
2.74426
1.00754
1.00588
2.40215
2.00008
2.18013
2.62023
2.89237
2.7687
2.77247
2.855
2.65164
2.51743
2.39374
2.20869
1.72865
0.844831
-1.18665
-3.59754
-6.63833
-10.0071
-13.3937
-16.6596
-19.5078
-21.5143
-22.4439
-22.1504
-20.5347
-17.7123
-13.9874
-9.75617
-5.33299
-1.01272
2.91022
6.26621
8.86816
10.6452
11.8281
12.5362
12.8158
12.4598
10.8694
7.54727
1.47877
-9.19327
-21.2329
-49.9625
-64.0118
-48.6064
-22.9073
-15.7677
-7.63406
-5.02308
-3.99911
-3.1552
-0.819768
-3.0253
-5.35019
-7.96773
-10.6547
-13.4577
-16.1738
-18.8241
-20.6862
-21.339
-20.7077
-18.9818
-16.3586
-13.103
-9.54537
-6.0679
-2.88284
-0.187887
1.90962
3.34204
4.15736
4.56588
4.92348
4.90594
3.61472
1.80326
1.58667
2.61852
1.83446
1.94312
2.61941
2.97894
2.7961
2.7858
2.87953
2.68399
2.57346
2.48022
2.31547
1.8432
0.922706
-1.15789
-3.68353
-6.89783
-10.4819
-14.1078
-17.6302
-20.716
-22.8848
-23.8745
-23.5288
-21.7563
-18.6957
-14.6901
-10.1756
-5.48322
-0.918572
3.20802
6.72357
9.42536
11.2401
12.4526
13.1905
13.4995
13.1429
11.4859
8.02889
1.65983
-9.47369
-22.3214
-54.6093
-67.1966
-50.878
-23.7393
-16.0234
-7.48531
-4.85179
-3.84553
-3.08172
-0.8386
-3.12729
-5.55101
-8.29585
-11.1331
-14.0997
-16.9595
-19.7918
-21.8436
-22.6007
-21.9524
-20.0929
-17.2593
-13.7561
-9.9465
-6.2407
-2.86632
-0.0241921
2.17842
3.6735
4.51886
4.95646
5.33228
5.38768
4.45345
2.59741
2.18162
2.8498
1.72035
1.74415
2.63274
3.06292
2.82986
2.80395
2.89891
2.71249
2.63151
2.5729
2.42959
1.97474
1.01526
-1.10784
-3.753
-7.14973
-10.962
-14.8432
-18.6419
-21.9878
-24.337
-25.3915
-24.9875
-23.0423
-19.7228
-15.415
-10.5991
-5.62383
-0.804361
3.5331
7.21283
10.0127
11.8592
13.0988
13.8627
14.1855
13.807
12.0788
8.507
1.89456
-9.61526
-23.4221
-59.2519
-69.6378
-52.6747
-24.43
-16.1567
-7.26861
-4.62936
-3.66194
-2.94714
-0.855212
-3.22602
-5.74828
-8.62196
-11.6139
-14.75
-17.7752
-20.7884
-23.048
-23.9256
-23.2647
-21.2651
-18.2064
-14.4369
-10.3579
-6.40939
-2.83459
0.161481
2.47245
4.03076
4.90575
5.37098
5.75639
5.84371
5.22
3.34024
2.75981
3.09978
1.71525
1.64342
2.67532
3.14114
2.86815
2.82135
2.91212
2.73666
2.69216
2.6724
2.55219
2.12477
1.12592
-1.0348
-3.80284
-7.39173
-11.4455
-15.599
-19.6955
-23.3265
-25.8774
-27.0019
-26.5317
-24.3963
-20.7957
-16.1624
-11.0256
-5.75276
-0.667757
3.88797
7.73659
10.6316
12.5049
13.7667
14.549
14.865
14.4432
12.651
9.00033
2.21784
-9.57302
-24.4794
-63.4157
-71.0784
-53.9123
-24.9511
-16.1423
-6.98115
-4.35298
-3.45443
-2.83826
-0.869223
-3.32062
-5.94072
-8.94437
-12.0953
-15.4071
-18.6185
-21.8029
-24.2913
-25.3119
-24.6474
-22.5017
-19.2016
-15.1459
-10.7794
-6.57317
-2.7862
0.370954
2.79325
4.41474
5.31751
5.80762
6.18968
6.26755
5.88484
4.01973
3.3006
3.36856
1.84653
1.67125
2.76641
3.20981
2.90747
2.83646
2.92056
2.75698
2.75623
2.77945
2.6852
2.29497
1.2577
-0.936431
-3.8297
-7.62115
-11.9303
-16.3736
-20.7911
-24.7369
-27.5139
-28.7137
-28.1673
-25.8225
-21.9162
-16.9327
-11.4539
-5.8678
-0.506266
4.27539
8.29747
11.283
13.1802
14.4559
15.2411
15.5273
15.0466
13.2113
9.52868
2.65785
-9.31995
-25.4135
-66.6163
-71.6091
-54.6712
-25.2721
-15.9525
-6.62168
-4.0205
-3.22581
-2.68199
-0.880254
-3.41018
-6.12702
-9.2614
-12.5753
-16.0694
-19.4827
-22.8366
-25.5781
-26.7654
-26.1064
-23.8074
-20.2475
-15.8839
-11.2107
-6.73107
-2.71965
0.606128
3.14245
4.82653
5.75528
6.26051
6.62602
6.66011
6.43065
4.63004
3.7878
3.64853
2.09438
1.80599
2.91702
3.26582
2.95272
2.85401
2.92645
2.77477
2.82474
2.89493
2.83085
2.48793
1.41468
-0.809361
-3.83029
-7.83492
-12.4134
-17.1654
-21.931
-26.2257
-29.2555
-30.5361
-29.9015
-27.325
-23.0863
-17.726
-11.8827
-5.96654
-0.317264
4.69836
8.89801
11.9682
13.8879
15.1651
15.9278
16.1613
15.6181
13.772
10.1097
3.23181
-8.84574
-26.1508
-68.7544
-71.5538
-55.128
-25.355
-15.5776
-6.19027
-3.62989
-2.94811
-2.51663
-0.887948
-3.49372
-6.30582
-9.57134
-13.0521
-16.7346
-20.3617
-23.8959
-26.9148
-28.2925
-27.6471
-25.1859
-21.346
-16.6512
-11.6511
-6.88199
-2.63333
0.868992
3.52178
5.26731
6.21929
6.72613
7.06353
7.02467
6.86049
5.16417
4.20361
3.92834
2.43478
2.0166
3.10411
3.31077
3.00608
2.87459
2.93006
2.79113
2.89884
3.01982
2.99127
2.70575
1.60193
-0.649775
-3.80113
-8.02957
-12.8916
-17.9732
-23.1189
-27.8004
-31.1115
-32.4794
-31.7423
-28.9084
-24.3082
-18.5426
-12.3104
-6.04642
-0.097946
5.15998
9.54021
12.6893
14.6297
15.8901
16.5976
16.7592
16.1661
14.3464
10.7574
3.94565
-8.14946
-26.6376
-69.9713
-71.1439
-55.2566
-25.1659
-15.0282
-5.68751
-3.18302
-2.6586
-2.37512
-0.891983
-3.57026
-6.47574
-9.87245
-13.5232
-17.4002
-21.2509
-24.9744
-28.2896
-29.8894
-29.2726
-26.6406
-22.4985
-17.448
-12.1002
-7.02471
-2.52543
1.16167
3.93312
5.73836
6.70841
7.20601
7.50296
7.3627
7.19142
5.61415
4.53688
4.20431
2.82885
2.27284
3.29429
3.35421
3.06977
2.89469
2.93092
2.80682
2.97967
3.15508
3.16891
2.94925
1.82383
-0.454026
-3.73826
-8.20126
-13.3621
-18.7963
-24.3583
-29.4682
-33.0928
-34.5549
-33.6987
-30.5774
-25.5834
-19.3821
-12.7353
-6.10472
0.154574
5.66331
10.2251
13.4486
15.4053
16.6224
17.2413
17.3231
16.7076
14.9516
11.4798
4.80097
-7.23177
-26.8281
-70.3738
-70.3794
-54.9469
-24.6894
-14.3194
-5.1152
-2.68049
-2.35856
-2.18037
-0.892077
-3.63882
-6.63543
-10.163
-13.9866
-18.0636
-22.1461
-26.0669
-29.6952
-31.5554
-30.9889
-28.1784
-23.7085
-18.2752
-12.5579
-7.15808
-2.39403
1.48643
4.37847
6.2412
7.22344
7.70322
7.94432
7.67465
7.44333
5.97384
4.78094
4.48003
3.24224
2.5419
3.47274
3.4098
3.14576
2.91031
2.9289
2.82276
3.06841
3.30175
3.36701
3.22058
2.08452
-0.21784
-3.63739
-8.34573
-13.8221
-19.6338
-25.6506
-31.2361
-35.2113
-36.7745
-35.7797
-32.3369
-26.9136
-20.2443
-13.1555
-6.13856
0.443148
6.21113
10.9528
14.2486
16.2109
17.3503
17.8546
17.8665
17.2641
15.6083
12.2838
5.80195
-6.08916
-26.6791
-69.9837
-69.189
-54.1215
-23.9303
-13.4596
-4.4773
-2.12254
-2.00932
-1.98951
-0.887993
-3.69847
-6.78362
-10.4413
-14.4402
-18.7231
-23.0453
-27.1867
-31.1487
-33.3059
-32.8084
-29.8087
-24.9807
-19.1338
-13.0235
-7.2808
-2.23711
1.84562
4.85994
6.77761
7.76793
8.22024
8.38828
7.96324
7.64009
6.25054
4.93506
4.76166
3.66906
2.80677
3.63191
3.48774
3.23071
2.92175
2.92459
2.84023
3.1664
3.46108
3.58956
3.52335
2.38905
0.0634024
-3.49409
-8.45844
-14.2688
-20.4836
-26.9948
-33.1102
-37.4789
-39.1512
-37.9949
-34.1922
-28.3003
-21.1282
-13.5686
-6.14499
0.770771
6.80576
11.7235
15.0898
17.0392
18.0632
18.4396
18.4059
17.8547
16.3335
13.1811
6.95912
-4.71263
-26.1524
-68.7941
-67.4976
-52.7607
-22.9071
-12.452
-3.7801
-1.51584
-1.65793
-1.81817
-0.879546
-3.74834
-6.91911
-10.7059
-14.8823
-19.3774
-23.9497
-28.3503
-32.6563
-35.1488
-34.7412
-31.5388
-26.3182
-20.0243
-13.4963
-7.39127
-2.05238
2.24174
5.37973
7.34959
8.34632
8.75951
8.83807
8.23866
7.80495
6.45589
5.00255
5.05551
4.10574
3.06162
3.76652
3.58556
3.32147
2.93399
2.91944
2.86068
3.27518
3.63511
3.84093
3.86046
2.74202
0.394186
-3.30365
-8.53443
-14.6986
-21.3433
-28.3899
-35.096
-39.9073
-41.7
-40.3552
-36.149
-29.7446
-22.0326
-13.9722
-6.12112
1.14076
7.44886
12.5379
15.9688
17.88
18.7548
19.0042
18.9559
18.4947
17.1385
14.1876
8.28956
-3.09009
-25.2202
-66.8302
-65.2548
-50.8801
-21.6412
-11.3033
-3.03631
-0.864044
-1.28398
-1.6212
-0.866597
-3.7877
-7.04083
-10.9554
-15.3118
-20.0261
-24.8614
-29.562
-34.1943
-37.0704
-36.7917
-33.3762
-27.7233
-20.9465
-13.9754
-7.48786
-1.83728
2.67754
5.9403
7.95932
8.96131
9.32269
9.29817
8.51894
7.95407
6.59596
4.99809
5.36399
4.54269
3.30283
3.87827
3.69394
3.41399
2.94666
2.91426
2.88558
3.39635
3.82671
4.12584
4.23625
3.14652
0.779975
-3.05973
-8.56791
-15.1076
-22.2106
-29.8368
-37.2021
-42.5133
-44.4379
-42.8727
-38.2131
-31.2473
-22.9557
-14.363
-6.06425
1.55631
8.14113
13.3963
16.8803
18.7237
19.4256
19.562
19.5345
19.199
18.0349
15.3235
9.81222
-1.21105
-23.8666
-64.1612
-62.4732
-48.5197
-20.1578
-10.0278
-2.25937
-0.17487
-0.903169
-1.45785
-0.849064
-3.81594
-7.14787
-11.1887
-15.7274
-20.6685
-25.7823
-30.8185
-35.7538
-39.0718
-38.972
-35.334
-29.2026
-21.9016
-14.4608
-7.56913
-1.58906
3.156
6.5443
8.60892
9.61243
9.90874
9.77374
8.82055
8.09832
6.67687
4.94084
5.68148
4.96656
3.52833
3.97706
3.79908
3.50883
2.95949
2.91043
2.91698
3.53149
4.03886
4.44948
4.65727
3.60572
1.2263
-2.75383
-8.55223
-15.4909
-23.0819
-31.3385
-39.4447
-45.319
-47.3839
-45.5609
-40.3908
-32.8092
-23.8951
-14.7382
-5.97173
2.01979
8.88272
14.2982
17.8183
19.5639
20.085
20.1321
20.1616
19.9808
19.0362
16.6127
11.5414
0.92766
-22.0863
-60.8823
-59.2216
-45.7497
-18.4914
-8.64509
-1.4682
0.536761
-0.522183
-1.26848
-0.826921
-3.83265
-7.23952
-11.4051
-16.1282
-21.3044
-26.714
-32.1154
-37.3627
-41.1911
-41.312
-37.4312
-30.7654
-22.8921
-14.9519
-7.63337
-1.30477
3.68033
7.19441
9.30021
10.2984
10.5149
10.269
9.1546
8.24274
6.71947
4.83757
5.98476
5.35679
3.73887
4.08093
3.90147
3.60951
2.97602
2.91007
2.9575
3.68201
4.27459
4.81687
5.1298
4.12405
1.73748
-2.37694
-8.47977
-15.843
-23.9537
-32.8993
-41.8402
-48.3468
-50.5575
-48.4343
-42.6884
-34.4305
-24.8478
-15.0944
-5.84069
2.53271
9.6737
15.2419
18.7775
20.4025
20.7522
20.7369
20.8515
20.8493
20.1542
18.0721
13.4805
3.31651
-19.8833
-57.0733
-55.5817
-42.6508
-16.6833
-7.18056
-0.690032
1.25364
-0.0993748
-1.12756
-0.800193
-3.83754
-7.31519
-11.6036
-16.5136
-21.9341
-27.6574
-33.4515
-39.0354
-43.4454
-43.8316
-39.6813
-32.4169
-23.9188
-15.4476
-7.67809
-0.980947
4.25432
7.89382
10.0353
11.0194
11.1425
10.7876
9.53556
8.38981
6.74533
4.68153
6.23099
5.68955
3.93633
4.20511
4.01591
3.71395
3.00023
2.9151
3.01025
3.85
4.53795
5.23259
5.65833
4.70717
2.318
-1.92079
-8.34217
-16.1585
-24.8226
-34.5194
-44.399
-51.6196
-53.9795
-51.5079
-45.1128
-36.1113
-25.8105
-15.4283
-5.6681
3.09595
10.5133
16.2241
19.7525
21.2483
21.4525
21.3976
21.6109
21.8109
21.3962
19.7028
15.6168
5.92958
-17.2711
-52.7856
-51.6239
-39.294
-14.7747
-5.67031
0.0373516
1.92639
0.291106
-1.07543
-0.768957
-3.83033
-7.37443
-11.7836
-16.8831
-22.5579
-28.6134
-34.826
-40.7501
-45.8005
-46.5277
-42.0961
-34.1603
-24.98
-15.9463
-7.70066
-0.613567
4.88222
8.64612
10.8163
11.7764
11.7964
11.3354
9.98292
8.55155
6.76235
4.45293
6.38762
5.95963
4.12169
4.34861
4.14257
3.82112
3.04008
2.92753
3.07918
4.03917
4.83482
5.70136
6.24693
5.36026
2.97335
-1.3782
-8.13043
-16.4308
-25.6832
-36.1966
-47.1305
-55.1617
-57.6712
-54.7973
-47.6706
-37.8513
-26.7796
-15.7364
-5.45102
3.70988
11.3992
17.2394
20.737
22.112
22.211
22.1314
22.445
22.8671
22.7628
21.4889
17.9213
8.7264
-14.2772
-48.0913
-47.4243
-35.7373
-12.8046
-4.18912
0.682048
2.55138
0.68386
-1.45932
-0.733355
-3.81077
-7.41686
-11.9445
-17.2363
-23.1758
-29.5824
-36.2366
-42.5112
-48.2403
-49.4036
-44.6922
-36.0053
-26.0775
-16.4476
-7.6987
-0.198317
5.56856
9.45477
11.6455
12.5698
12.4788
11.9161
10.5126
8.73951
6.75646
4.1277
6.44949
6.18153
4.29439
4.5026
4.27523
3.94051
3.10296
2.94908
3.16923
4.2534
5.17178
6.22862
6.90123
6.08715
3.70948
-0.742148
-7.83479
-16.6521
-26.5292
-37.9309
-50.0496
-58.9972
-61.6539
-58.3192
-50.3681
-39.6494
-27.7505
-16.0144
-5.18653
4.37393
12.3277
18.2819
21.7263
22.9991
23.0445
22.9496
23.362
24.0145
24.2435
23.3993
20.3503
11.6591
-10.9448
-43.0993
-43.0981
-32.0424
-10.8216
-2.8132
1.23549
2.96998
1.04058
-3.82327
-0.693582
-3.77869
-7.44216
-12.0859
-17.5724
-23.7869
-30.5642
-37.6846
-44.3734
-50.8399
-52.519
-47.5033
-37.9683
-27.2166
-16.9516
-7.66971
0.26943
6.31831
10.3236
12.5251
13.4007
13.192
12.5272
11.1279
8.94142
6.6912
3.6886
6.41809
6.35218
4.45243
4.65825
4.40738
4.08792
3.18007
2.98265
3.28795
4.49877
5.55523
6.82119
7.62614
6.89236
4.53168
-0.00511933
-7.44477
-16.8134
-27.3526
-39.7192
-53.1687
-63.1441
-65.9503
-62.0895
-53.2112
-41.504
-28.7174
-16.2566
-4.87182
5.08604
13.2937
19.3449
22.7179
23.9084
23.9561
23.8557
24.3694
25.2528
25.819
25.3969
22.8512
14.6784
-7.32414
-37.9006
-38.7439
-28.2831
-8.88184
-1.63263
1.63944
3.40808
1.17626
-7.78816
-0.64989
-3.73385
-7.44995
-12.2071
-17.8904
-24.3899
-31.5591
-39.1807
-46.4039
-53.6669
-55.9228
-50.5533
-40.0607
-28.4024
-17.4576
-7.60948
0.795323
7.13699
11.2566
13.4578
14.2717
13.9405
13.165
11.8177
9.16736
6.52005
3.12295
6.27912
6.44874
4.5906
4.80878
4.53465
4.2644
3.25514
3.04024
3.44512
4.78335
5.99208
7.48642
8.42532
7.77995
5.44597
0.841021
-6.94917
-16.9052
-28.1439
-41.5532
-56.4955
-67.6252
-70.5882
-66.1238
-56.2052
-43.4124
-29.6738
-16.4565
-4.50403
5.84346
14.2904
20.421
23.7095
24.8344
24.9341
24.8445
25.4631
26.5773
27.4672
27.4444
25.3712
17.7343
-3.47013
-32.5316
-34.282
-24.5158
-7.02564
-0.69698
1.95373
3.51529
2.47564
-9.63893
-0.602602
-3.67589
-7.43974
-12.307
-18.189
-24.9831
-32.5667
-40.7344
-48.6334
-56.6793
-59.5934
-53.8436
-42.2769
-29.6311
-17.9633
-7.51276
1.38627
8.03072
12.2579
14.446
15.1846
14.725
13.8218
12.5627
9.5146
6.20958
2.41589
5.99753
6.4535
4.69744
4.95115
4.65938
4.45155
3.34519
3.1418
3.64859
5.11326
6.48926
8.22771
9.30357
8.75254
6.46054
1.80511
-6.33584
-16.9173
-28.8939
-43.4235
-60.0376
-72.4776
-75.6022
-70.4394
-59.354
-45.3705
-30.612
-16.6066
-4.07981
6.64414
15.3101
21.5017
24.6992
25.7711
25.9582
25.9079
26.6318
27.9657
29.1659
29.5059
27.8607
20.7767
0.554996
-27.0713
-29.5099
-20.8364
-5.36352
-0.0758553
2.02162
3.68297
5.24961
-3.73064
-0.552124
-3.60438
-7.41098
-12.3845
-18.4664
-25.5635
-33.5842
-42.3483
-51.06
-59.7915
-63.461
-57.3646
-44.6213
-30.9006
-18.4662
-7.37423
2.04957
9.00593
13.3317
15.4923
16.1408
15.5435
14.4868
13.3286
9.99417
5.73418
1.54341
5.58226
6.37207
4.75826
5.07639
4.78499
4.63798
3.4818
3.29935
3.9029
5.49366
7.05247
9.04376
10.2661
9.81436
7.58354
2.89642
-5.5913
-16.8381
-29.5948
-45.3226
-63.8057
-77.7508
-81.0364
-75.0573
-62.6609
-47.3726
-31.5237
-16.6991
-3.59501
7.48736
16.3456
22.5783
25.6839
26.7137
27.0088
27.0407
27.8682
29.4003
30.8922
31.5472
30.2728
23.7568
4.69951
-21.7396
-24.5134
-17.5555
-4.04211
0.246141
1.98958
4.55228
8.47133
6.86642
-0.49898
-3.51888
-7.36311
-12.4386
-18.7204
-26.1273
-34.6063
-44.017
-53.6541
-63.0305
-67.5536
-61.1267
-47.1122
-32.223
-18.9685
-7.18951
2.79293
10.0696
14.4826
16.599
17.1407
16.3936
15.1568
14.0722
10.4954
5.04711
0.487686
5.07165
6.21561
4.76408
5.17011
4.91593
4.82617
3.65958
3.50891
4.21051
5.92991
7.68858
9.93613
11.3158
10.9697
8.8209
4.12435
-4.70078
-16.6544
-30.2383
-47.2449
-67.8247
-83.5249
-86.948
-80.005
-66.1281
-49.4108
-32.399
-16.725
-3.04428
8.37446
17.3932
23.6433
26.6623
27.6617
28.0732
28.2354
29.1669
30.8804
32.6221
33.5363
32.5642
26.6307
8.96459
-16.6886
-19.7835
-14.9063
-2.99693
0.32867
2.4563
6.42404
11.739
16.343
-0.443841
-3.41889
-7.29549
-12.4677
-18.9486
-26.6698
-35.626
-45.7257
-56.3735
-66.4888
-72.0106
-65.1972
-49.7746
-33.6117
-19.4723
-6.95333
3.6249
11.2296
15.7155
17.7686
18.1853
17.271
15.8414
14.8005
11.0308
4.12653
-0.671261
4.46853
5.96462
4.70117
5.22066
5.05656
5.02208
3.87414
3.76782
4.57351
6.4276
8.40617
10.909
12.4509
12.2199
10.1761
5.49785
-3.64856
-16.351
-30.8163
-49.1883
-72.1347
-89.9029
-93.4047
-85.3147
-69.7579
-51.4752
-33.2269
-16.6748
-2.42106
9.31035
18.4546
24.6933
27.6345
28.6167
29.147
29.4827
30.5242
32.4015
34.3321
35.4434
34.6984
29.3598
13.3982
-11.6365
-15.6606
-12.732
-2.12429
0.652203
3.63164
9.07678
14.9108
24.7349
-0.387469
-3.30346
-7.2072
-12.4701
-19.148
-27.1856
-36.6314
-47.4483
-59.1715
-70.1236
-76.8161
-69.56
-52.5991
-35.0712
-19.9744
-6.65491
4.55671
12.4942
17.0353
19.0041
19.2769
18.1792
16.5696
15.5323
11.5087
3.03565
-1.73531
3.79448
5.56673
4.55227
5.21715
5.20421
5.23313
4.1392
4.0778
4.99538
6.992
9.21017
11.9606
13.6667
13.5656
11.6509
7.02521
-2.41803
-15.9108
-31.32
-51.1522
-76.7712
-96.9743
-100.488
-91.0241
-73.5504
-53.5537
-33.9948
-16.5385
-1.71745
10.3039
19.5373
25.7335
28.6041
29.582
30.2315
30.7675
31.9305
33.9468
36.0039
37.2434
36.6495
31.908
17.9874
-6.02966
-11.8094
-10.5444
-1.1591
1.4663
5.19606
12.1562
18.7772
32.3853
-0.330661
-3.17124
-7.09697
-12.4436
-19.315
-27.668
-37.6063
-49.151
-61.9774
-73.7611
-81.767
-74.1203
-55.527
-36.5764
-20.4655
-6.28192
5.60079
13.8729
18.4482
20.3098
20.419
19.1303
17.3554
16.2543
11.8994
1.96129
-2.4331
3.07119
4.98099
4.30184
5.15748
5.35961
5.46549
4.45811
4.44249
5.48096
7.62792
10.0998
13.0839
14.958
15.0072
13.2474
8.71358
-0.99251
-15.314
-31.7394
-53.1301
-81.7483
-104.816
-108.287
-97.1727
-77.5015
-55.6312
-34.6892
-16.306
-0.925332
11.3651
20.6533
26.7772
29.5787
30.5604
31.3278
32.0704
33.3629
35.4947
37.6229
38.9173
38.405
34.2475
22.5867
0.491754
-7.23025
-7.5817
0.147401
2.51694
6.88242
15.4268
23.1972
34.9483
-0.274276
-3.02067
-6.96341
-12.3854
-19.4459
-28.1091
-38.535
-50.7983
-64.6926
-77.2945
-86.5457
-78.7733
-58.5682
-38.1206
-20.9331
-5.82018
6.76992
15.3742
19.9602
21.6888
21.6136
20.1359
18.2085
16.9787
12.3002
1.18977
-2.59113
2.33343
4.18379
3.93283
5.04079
5.5227
5.72822
4.8361
4.86673
6.03564
8.3401
11.0712
14.2727
16.3193
16.5467
14.9678
10.5689
0.644891
-14.5381
-32.0608
-55.1076
-87.0624
-113.49
-116.866
-103.777
-81.5951
-57.6878
-35.2941
-15.9677
-0.0381599
12.5025
21.8169
27.8435
30.569
31.553
32.4325
33.3733
34.7985
37.0213
39.1719
40.4546
39.9664
36.3671
26.9749
7.78264
-1.14283
-3.22039
1.99317
3.60849
8.53957
18.5949
27.1713
32.1546
-0.219281
-2.84992
-6.80519
-12.2927
-19.5364
-28.501
-39.4014
-52.3548
-67.2245
-80.7324
-91.0754
-83.4443
-61.7496
-39.7375
-21.3824
-5.2634
8.07359
17.0059
21.5771
23.1437
22.8616
21.1974
19.1444
17.8689
12.6618
0.888675
-2.28652
1.63082
3.16679
3.43734
4.86873
5.69269
6.02953
5.28019
5.35725
6.6645
9.13196
12.1175
15.5191
17.7464
18.1884
16.8146
12.5956
2.50924
-13.5596
-32.2693
-57.0715
-92.6991
-122.988
-126.19
-110.779
-85.7836
-59.6929
-35.7909
-15.5146
0.949258
13.724
23.0412
28.9529
31.5877
32.5622
33.5411
34.6642
36.2217
38.5046
40.6344
41.8524
41.345
38.268
30.9746
15.2442
6.14057
2.45454
4.45074
4.6833
10.0443
21.3069
29.9629
30.6859
-0.166758
-2.65651
-6.62091
-12.1626
-19.5814
-28.8348
-40.1883
-53.7963
-69.5696
-84.1049
-95.5262
-88.2908
-65.175
-41.4803
-21.8106
-4.59799
9.5208
18.775
23.3042
24.6765
24.1612
22.311
20.1538
18.8059
13.0812
1.09577
-1.82487
0.825613
1.92637
2.80905
4.64899
5.87771
6.37461
5.79502
5.9222
7.37042
10.0014
13.2269
16.8099
19.234
19.9325
18.791
14.7955
4.61175
-12.3514
-32.354
-59.0214
-98.6002
-133.121
-136.001
-117.981
-89.9564
-61.5968
-36.1591
-14.9394
2.04085
15.0354
24.336
30.1225
32.6473
33.5909
34.6479
35.9337
37.62
39.9294
42.0005
43.1139
42.5573
39.96
34.4991
22.2292
13.644
8.7069
7.28991
5.66271
11.2892
23.0443
30.6539
31.5162
-0.117855
-2.43744
-6.4088
-11.9924
-19.576
-29.101
-40.8787
-55.1035
-71.7493
-87.4632
-99.6403
-93.2651
-68.835
-43.354
-22.2049
-3.80272
11.1239
20.6913
25.149
26.2894
25.5067
23.4722
21.2422
19.5937
13.481
1.67869
-1.57711
-0.264757
0.44513
2.01865
4.39145
6.08084
6.76739
6.38355
6.56786
8.15339
10.9392
14.3837
18.1315
20.7773
21.7769
20.8994
17.167
6.9584
-10.8851
-32.2998
-60.959
-104.589
-143.396
-145.766
-125.017
-93.9192
-63.3193
-36.3738
-14.2363
3.23809
16.4388
25.7069
31.3619
33.7559
34.6419
35.746
37.1727
38.9803
41.2854
43.2655
44.2463
43.6237
41.4606
37.5207
28.3448
20.6095
14.7468
10.1238
6.46267
12.2496
23.8853
30.2422
31.1995
-0.0739399
-2.1896
-6.16644
-11.7793
-19.515
-29.2899
-41.4556
-56.2512
-73.7637
-90.7846
-103.057
-98.0152
-72.5987
-45.2883
-22.5146
-2.84493
12.9007
22.7667
27.1196
27.9846
26.893
24.6676
22.4275
20.5072
13.9812
2.44608
-1.53187
-1.7238
-1.32771
1.0235
4.10714
6.30381
7.21187
7.04978
7.29924
9.00974
11.9309
15.5704
19.474
22.3684
23.713
23.1372
19.7052
9.54967
-9.13942
-32.1054
-62.8892
-110.392
-153.095
-154.859
-131.465
-97.4235
-64.7475
-36.4004
-13.3995
4.53859
17.931
27.1562
32.6731
34.9159
35.7158
36.8294
38.3705
40.2821
42.5619
44.4297
45.262
44.5679
42.7837
40.0409
33.4093
26.6801
20.0837
12.6263
6.98085
12.7563
24.0197
30.0699
31.0735
-0.0368263
-1.91021
-5.89083
-11.5203
-19.394
-29.3923
-41.9035
-57.2158
-75.5695
-93.9277
-105.923
-102.189
-76.3328
-47.21
-22.6817
-1.69477
14.8685
25.0118
29.2221
29.7626
28.3167
25.8796
23.6771
21.5667
14.7574
3.3591
-1.55817
-3.58899
-3.4633
-0.204513
3.79963
6.55287
7.71048
7.79536
8.12165
9.92899
12.9577
16.77
20.8293
23.9979
25.7286
25.5021
22.4018
12.3716
-7.09456
-31.7381
-64.7723
-115.78
-161.63
-162.843
-136.988
-100.237
-65.7551
-36.1961
-12.4243
5.93616
19.5043
28.6837
34.0537
36.1284
36.8191
37.8981
39.5164
41.5083
43.7502
45.497
46.1763
45.4161
43.9398
42.0834
37.366
31.6798
24.4829
14.5692
7.21237
12.9841
23.9779
29.8675
30.9512
-0.00840758
-1.59612
-5.57973
-11.2131
-19.2088
-29.4
-42.2092
-57.9734
-77.0969
-96.7496
-108.496
-105.739
-80.0067
-49.1579
-22.7272
-0.348061
17.0408
27.4341
31.4576
31.6194
29.7743
27.0906
24.9196
22.6798
15.7203
4.44523
-1.63794
-5.83419
-5.99405
-1.67523
3.46826
6.83794
8.2627
8.61268
9.0367
10.8938
13.9991
17.967
22.1898
25.6615
27.8083
27.9727
25.2277
15.3888
-4.74284
-31.1486
-66.6112
-120.743
-168.516
-169.492
-141.413
-102.23
-66.2429
-35.7193
-11.3112
7.41962
21.1479
30.2857
35.5024
37.4016
37.9662
38.9626
40.6061
42.6501
44.8454
46.4715
47.0048
46.1921
44.947
43.6871
40.2662
35.5171
27.8495
15.8462
7.2913
13.0484
23.8718
29.5988
30.7595
0.00970418
-1.24365
-5.23254
-10.8559
-18.9558
-29.3071
-42.363
-58.503
-78.2753
-99.067
-110.846
-109.137
-83.7863
-51.1569
-22.6543
1.201
19.4259
30.038
33.8243
33.5498
31.2605
28.2861
26.0765
23.8372
16.9725
5.78557
-1.77622
-8.46667
-8.97774
-3.39615
3.11813
7.16656
8.86188
9.48225
10.0652
11.8822
15.0341
19.1491
23.5489
27.3486
29.9392
30.5392
28.18
18.5847
-2.10425
-30.3033
-68.3574
-125.232
-173.459
-175.039
-144.957
-103.508
-66.2129
-34.9459
-10.0687
8.96507
22.8441
31.9542
37.0294
38.746
39.157
40.029
41.64
43.7001
45.8441
47.3553
47.7587
46.9107
45.8306
44.9091
42.2684
38.2102
30.174
16.531
7.36053
12.863
23.7432
29.0866
30.4802
0.0153794
-0.851198
-4.84982
-10.4478
-18.6322
-29.1106
-42.3604
-58.7915
-79.0588
-100.76
-112.841
-112.258
-87.623
-53.2087
-22.4382
2.99263
22.0469
32.8324
36.3222
35.5484
32.7681
29.4567
27.099
24.897
18.6093
7.47313
-1.9672
-11.5606
-12.5078
-5.42113
2.75936
7.54594
9.50159
10.3636
11.1619
12.8674
16.0449
20.3076
24.8986
29.0456
32.105
33.2034
31.2952
21.9968
0.876739
-29.0714
-69.9307
-129.405
-177.31
-179.883
-147.819
-104.21
-65.733
-33.8789
-8.69079
10.5509
24.5735
33.6936
38.6534
40.163
40.3758
41.0874
42.6143
44.6525
46.7429
48.1489
48.4447
47.5783
46.6141
45.8348
43.619
39.9281
31.5521
16.8219
7.46745
12.5681
23.5376
28.5695
30.1747
0.0054059
-0.420989
-4.43379
-9.98975
-18.2379
-28.8117
-42.2037
-58.8399
-79.4378
-101.796
-114.462
-114.662
-91.1227
-55.1664
-22.0091
5.07728
24.9257
35.8218
38.9467
37.6062
34.2876
30.5953
27.9762
25.8006
20.5804
9.5947
-2.12863
-15.1507
-16.669
-7.82054
2.41536
7.98637
10.19
11.2467
12.1912
13.8085
17.01
21.4319
26.2253
30.7332
34.2667
35.9319
34.5725
25.6502
4.27723
-27.3443
-71.4216
-133.504
-180.798
-184.073
-149.942
-104.37
-64.8655
-32.5431
-7.15001
12.2015
26.3514
35.5246
40.3837
41.6472
41.6126
42.1263
43.5266
45.5069
47.5382
48.8511
49.0655
48.1966
47.3128
46.5555
44.5543
40.9545
32.2412
16.9582
7.63921
12.4623
23.1896
28.0193
29.8633
-0.0239507
0.0416469
-3.99046
-9.48654
-17.7772
-28.4166
-41.903
-58.6639
-79.4498
-102.312
-115.924
-116.552
-94.2003
-56.9663
-21.3524
7.46295
28.0606
38.9951
41.6812
39.7055
35.8046
31.6937
28.7308
26.5513
22.5558
12.1766
-2.15292
-19.0753
-21.1121
-10.2357
2.17587
8.50937
10.9432
12.2096
13.4923
14.7021
17.9472
22.5122
27.5149
32.3811
36.3909
38.684
37.9698
29.5213
8.08011
-25.0799
-72.7086
-137.343
-183.69
-187.408
-151.244
-104.005
-63.67
-31.0105
-5.47235
13.9319
28.1887
37.449
42.2164
43.194
42.8608
43.1391
44.3793
46.2667
48.2289
49.4605
49.6199
48.7643
47.9354
47.1492
45.2233
41.5476
32.5652
17.1464
7.91271
12.5555
22.8952
27.5217
29.5519
-0.07672
0.528236
-3.53017
-8.94888
-17.2607
-27.938
-41.4758
-58.2887
-79.1364
-102.352
-117.165
-117.925
-96.7894
-58.6032
-20.5316
10.1011
31.4306
42.3333
44.5042
41.8256
37.3024
32.7464
29.4092
27.1793
24.1976
14.8023
-2.1614
-22.2864
-24.5641
-11.9444
2.23168
9.15061
11.7427
13.1846
14.5786
15.6092
18.8092
23.5333
28.7475
33.961
38.4609
41.4278
41.4612
33.6085
12.2598
-22.3021
-73.5709
-140.659
-185.974
-189.745
-151.678
-103.156
-62.218
-29.359
-3.73224
15.7008
30.0527
39.4465
44.1435
44.7974
44.1123
44.1183
45.1706
46.9342
48.8174
49.9775
50.1046
49.278
48.4867
47.6636
45.7233
41.895
32.7676
17.5072
8.34164
12.7047
22.6418
27.1162
29.2828
-0.156104
1.02862
-3.06616
-8.39408
-16.7068
-27.3961
-40.9469
-57.7473
-78.5343
-101.879
-117.805
-118.591
-98.6588
-59.9387
-19.5354
12.9715
35.0238
45.8228
47.3965
43.9466
38.7625
33.7493
30.0512
27.7359
25.395
16.8256
-2.22809
-23.8147
-26.2158
-12.8318
2.68582
9.92436
12.5894
14.207
15.6086
16.4224
19.6037
24.4886
29.8995
35.4588
40.4596
44.1393
45.0385
37.9189
16.8035
-19.1172
-73.9309
-143.212
-187.838
-191.015
-151.261
-101.879
-60.594
-27.6737
-2.00987
17.4561
31.9026
41.4892
46.148
46.4464
45.3567
45.0552
45.8969
47.5125
49.3087
50.4059
50.5163
49.7348
48.9685
48.1174
46.1309
42.1322
32.9845
18.0791
8.95718
12.8562
22.4486
26.8236
29.0629
-0.263643
1.53088
-2.61371
-7.84423
-16.1404
-26.8178
-40.3489
-57.0824
-77.7003
-100.953
-117.795
-118.768
-99.7716
-60.8552
-18.3329
16.0615
38.8221
49.4412
50.3312
46.0416
40.1641
34.694
30.6737
28.2406
26.1628
18.0157
-2.32381
-24.1639
-26.6615
-13.1161
3.36912
10.7693
13.4144
15.2771
16.5991
17.0163
20.3403
25.3451
30.963
36.8695
42.3629
46.7956
48.67
42.4402
21.6935
-15.5792
-73.8667
-145.006
-189.164
-191.102
-150.05
-100.255
-58.8897
-26.0411
-0.392998
19.1237
33.6919
43.5335
48.1939
48.119
46.5802
45.9397
46.555
48.0091
49.7118
50.7531
50.8551
50.1333
49.3842
48.5126
46.4858
42.3431
33.2746
18.8479
9.71452
13.1271
22.3371
26.6273
28.9313
-0.399561
2.01884
-2.18927
-7.32455
-15.5918
-26.2376
-39.7231
-56.3475
-76.7078
-99.6599
-117.101
-118.507
-100.124
-61.2767
-16.9341
19.3072
42.7582
53.1275
53.2555
48.0717
41.4827
35.5653
31.2613
28.6749
26.5872
18.6246
-2.2691
-24.047
-26.6578
-12.7837
4.01832
11.5731
14.0404
16.3313
17.5865
17.6161
20.9589
26.1024
31.928
38.1799
44.1476
49.3653
52.3078
47.1395
26.9069
-11.6659
-73.3937
-146.263
-189.762
-189.965
-148.148
-98.3997
-57.2014
-24.537
1.04308
20.6221
35.3675
45.526
50.2305
49.7777
47.7628
46.7631
47.143
48.4345
50.0378
51.0286
51.1256
50.4743
49.7424
48.8567
46.809
42.5715
33.6491
19.7399
10.6036
13.5648
22.2988
26.51
28.8758
-0.560027
2.47372
-1.80905
-6.86133
-15.0945
-25.6968
-39.1194
-55.6072
-75.6514
-98.1394
-115.806
-117.792
-99.7431
-61.1196
-15.327
22.6297
46.7334
56.7915
56.0979
49.9969
42.6995
36.3505
31.7881
29.0438
26.8189
19.0387
-2.00788
-23.5562
-26.2006
-11.9602
4.53441
12.2279
14.4234
17.3134
18.5789
18.2073
21.5138
26.7494
32.7777
39.3593
45.7686
51.7739
55.846
51.9277
32.4038
-7.47616
-72.5201
-146.884
-189.375
-187.748
-145.73
-96.4501
-55.6188
-23.22
2.24871
21.8967
36.8893
47.4166
52.1982
51.3677
48.8679
47.5117
47.6603
48.7972
50.2965
51.2418
51.3366
50.7589
50.0513
49.1638
47.1197
42.8354
34.0937
20.6601
11.5934
14.076
22.3275
26.4767
28.8894
-0.728878
2.88092
-1.48402
-6.47456
-14.6776
-25.2346
-38.5884
-54.9304
-74.638
-96.5762
-114.16
-116.713
-98.8217
-60.4391
-13.5782
25.8715
50.5702
60.2842
58.7496
51.7494
43.7806
37.0341
32.2274
29.3515
26.9921
19.5317
-1.4554
-22.4732
-25.1185
-10.8551
4.97661
12.6567
14.7972
18.141
19.5378
18.7726
21.9392
27.2431
33.4691
40.3587
47.1731
53.9382
59.1488
56.6391
37.9976
-3.21873
-71.2154
-146.346
-187.748
-184.7
-143.032
-94.5515
-54.2188
-22.127
3.21309
22.9405
38.2381
49.1607
54.0236
52.8174
49.8414
48.1527
48.0945
49.1003
50.5008
51.4017
51.5003
50.9902
50.3174
49.4447
47.4314
43.1383
34.579
21.5464
12.5582
14.6119
22.4087
26.512
28.9385
-0.878287
3.22486
-1.21767
-6.1718
-14.3558
-24.876
-38.1672
-54.3747
-73.7659
-95.1478
-112.415
-115.315
-97.5692
-59.3667
-11.7751
28.8595
54.0556
63.4271
61.0828
53.2307
44.6579
37.5758
32.5454
29.5525
27.0807
20.0482
-0.542831
-21.009
-23.7621
-9.8251
5.32907
12.9429
15.2941
18.8693
20.4781
19.2598
22.2398
27.5518
33.952
41.0894
48.2456
55.6915
62.0011
60.9289
43.181
0.832057
-69.2499
-144.405
-185.169
-181.271
-140.374
-92.8641
-53.0716
-21.2744
3.95331
23.7708
39.3909
50.689
55.5946
54.0342
50.6491
48.6936
48.4592
49.3537
50.6668
51.5229
51.6292
51.1786
50.5485
49.7093
47.75
43.4858
35.0856
22.3508
13.4171
15.109
22.5221
26.5899
29.015
-1.00755
3.46508
-1.02044
-5.95518
-14.1315
-24.6317
-37.8823
-53.9949
-73.1447
-94.0736
-110.956
-113.943
-96.371
-58.3268
-10.3285
31.1239
56.7122
65.8311
62.8378
54.2929
45.2556
37.9406
32.7389
29.6481
27.091
20.431
0.312937
-19.7965
-22.6867
-9.10397
5.56032
13.1479
15.7324
19.4362
21.0479
19.6315
22.4905
27.728
34.2633
41.5731
48.9914
56.9465
64.1013
64.1221
47.0377
4.08054
-66.9401
-141.757
-182.272
-178.069
-138.154
-91.5761
-52.2525
-20.6746
4.48654
24.3985
40.2931
51.8506
56.6983
54.8221
51.1387
49.0285
48.712
49.5531
50.8047
51.6209
51.7303
51.3228
50.7466
49.9654
48.0808
43.8903
35.6076
23.0372
14.1141
15.5328
22.6516
26.6885
29.0898
-1.05471
3.63488
-0.887795
-5.81859
-13.9986
-24.4925
-37.7215
-53.7802
-72.7892
-93.4538
-110.064
-112.985
-95.4799
-57.4874
-9.30142
32.5109
58.2256
67.1385
63.7509
54.796
45.4963
38.0759
32.7931
29.6489
27.0362
20.5765
0.75239
-19.1517
-22.0794
-8.70735
5.69309
13.2527
15.9892
19.6467
21.2695
19.7797
22.5669
27.8052
34.392
41.7732
49.3118
57.5109
65.0914
65.7193
49.1354
6.16409
-65.0222
-139.622
-180.124
-175.984
-136.81
-90.8289
-51.7774
-20.3097
4.82801
24.8172
40.9107
52.6565
57.4413
55.2991
51.44
49.2793
48.9234
49.7301
50.9413
51.7274
51.8266
51.4331
50.902
50.1949
48.4104
44.3282
36.1199
23.5801
14.6015
15.8425
22.7833
26.779
29.1484
)
;

boundaryField
{
    inletFace
    {
        type            zeroGradient;
    }
    inlet
    {
        type            zeroGradient;
    }
    inletWalls
    {
        type            zeroGradient;
    }
    outletInlet
    {
        type            cyclicAMI;
        value           nonuniform List<scalar> 
15
(
29.5104
33.1352
31.6974
29.5382
25.9573
26.2134
25.9352
27.8723
29.8354
29.2734
27.4996
26.7157
21.1535
18.4292
17.2364
)
;
    }
    fineSymmetryWall
    {
        type            symmetryPlane;
    }
    fineWalls
    {
        type            zeroGradient;
    }
    fineCyclicBoundary
    {
        type            fixedValue;
        value           uniform 0;
    }
    fineplug
    {
        type            cyclicAMI;
        value           nonuniform List<scalar> 
80
(
29.1347
29.8911
30.8728
27.5652
30.0318
32.0736
32.6691
33.3244
33.4522
33.3812
33.7507
34.4075
31.6616
30.781
30.3472
30.5844
30.8259
29.9527
29.4697
29.1628
29.325
27.5712
25.8216
25.7006
25.2976
25.3198
26.1552
26.4147
26.0367
26.7063
26.591
25.5305
25.0566
25.3862
25.721
25.9695
26.8232
28.1309
29.1793
27.9939
26.1151
27.6917
29.2813
29.8666
29.7117
29.4803
29.5714
30.7946
29.5738
30.2735
29.5586
28.2784
28.5373
29.2
28.5551
27.8519
26.4138
23.8013
30.323
30.3621
27.8441
26.2406
24.2562
22.6222
22.8777
21.5121
19.6541
17.4504
23.6733
21.5714
19.9443
19.205
18.3578
16.7237
14.2437
14.6873
15.756
21.0277
17.6962
16.2108
)
;
    }
    faceFine
    {
        type            zeroGradient;
    }
}


// ************************************************************************* //
