/*--------------------------------*- C++ -*----------------------------------*\
| =========                 |                                                 |
| \\      /  F ield         | OpenFOAM: The Open Source CFD Toolbox           |
|  \\    /   O peration     | Version:  4.1                                   |
|   \\  /    A nd           | Web:      www.OpenFOAM.org                      |
|    \\/     M anipulation  |                                                 |
\*---------------------------------------------------------------------------*/
FoamFile
{
    version     2.0;
    format      ascii;
    class       volScalarField;
    location    "3";
    object      p;
}
// * * * * * * * * * * * * * * * * * * * * * * * * * * * * * * * * * * * * * //

dimensions      [0 2 -2 0 0 0 0];

internalField   nonuniform List<scalar> 
6785
(
828.24
763.952
712.755
663.193
617.218
574.056
533.532
495.4
459.479
425.282
392.519
362.574
334.925
301.01
267.304
293.567
275.698
278.233
273.899
270.357
266.78
263.591
261.026
259.283
258.487
258.599
259.891
263.122
266.826
267.606
240.567
235.065
244.674
244.297
247.661
250.196
252.906
255.487
257.929
260.218
262.23
263.798
265.222
267.164
268.634
297.859
296.074
301.355
298.116
298.936
297.901
297.203
296.352
295.537
294.766
294.052
293.299
292.416
292.091
293.344
305.252
303.814
306.725
303.851
305.342
304.772
305.153
305.422
305.854
306.251
306.543
306.74
307
307.563
308.579
299.839
298.342
300.644
298.528
300.361
299.875
300.562
300.766
301.003
300.93
300.608
300.139
299.609
299.11
298.697
290.869
289.179
290.458
288.169
289.047
287.645
287.447
286.625
285.97
285.236
284.59
283.9
282.987
282.071
281.471
276.099
274.568
275.181
272.913
273.216
271.521
270.913
269.778
268.832
267.978
267.35
266.813
266.224
266.021
266.593
267.376
266.733
267.503
265.886
266.447
265.366
265.184
264.641
264.224
263.919
263.803
263.835
264.008
264.447
265.378
269.417
269.832
270.894
270.11
271.051
270.735
271.108
271.236
271.438
271.69
272.01
272.368
272.822
273.29
274.14
277.378
278.343
279.362
279.051
280.082
280.089
280.682
281.047
281.479
281.922
282.385
282.829
283.323
283.742
284.315
284.694
285.816
286.562
286.405
287.281
287.282
287.804
288.081
288.433
288.771
289.122
289.442
289.805
290.075
290.481
294.158
294.936
295.165
294.691
295.059
294.652
294.698
294.612
294.614
294.657
294.749
294.841
295.02
295.125
295.485
299.95
301.292
300.904
300.01
299.922
299.547
299.7
299.773
299.904
299.921
299.85
299.681
299.577
299.426
299.622
330.238
328.397
323.89
318.719
315.135
312.001
310.051
308.907
307.759
306.589
305.24
303.256
300.941
298.83
296.578
287.214
287.242
287.253
287.249
287.247
287.287
287.238
287.217
287.223
287.262
287.222
287.136
287.287
287.169
287.097
287.111
287.196
287.152
287.026
287.236
287.119
287.023
287.04
287.155
287.097
287.007
287.021
287.106
287.096
286.973
287.13
287.078
286.981
286.994
287.025
287.047
286.95
287.028
287.015
286.933
286.933
286.903
286.932
286.854
286.838
286.776
286.785
286.685
286.707
286.614
286.494
286.417
286.268
286.332
286.187
286.11
285.94
286.138
286.036
285.851
286.293
286.074
286.069
285.823
286.202
286.202
286.563
286.416
285.69
286.461
287.127
283.321
281.612
283.131
282.116
272.602
277.624
276.438
252.942
260.335
266.425
262.867
267.374
255.681
260.161
264.547
256.915
260.3
235.412
269.957
249.853
282.276
267.77
261.311
267.903
266.918
272.146
274.294
297.961
222.69
323.439
308.194
308.24
309.634
310.065
311.013
312.434
313.587
314.106
314.262
314.478
313.433
312.708
313.61
313.826
313.927
314.986
316.1
315.591
314.046
314.607
314.493
316.062
316.079
315.057
313.895
312.577
312.678
311.423
316.594
314.478
311.655
311.184
310.405
308.354
306.474
303.337
299.492
307.283
309.31
304.763
301.841
298.286
295.643
292.956
290.257
287.113
283.289
281.151
288.532
283.512
281.833
279.252
276.643
270.038
267.613
268.521
254.692
272.164
266.372
262.844
269.129
263.597
265.906
264.455
265.324
267.332
263.217
264.441
265.052
262.18
262.543
261.093
260.459
260.565
257.994
257.814
256.198
255.078
254.194
252.309
251.382
249.673
248.315
246.983
245.106
243.696
241.412
239.908
237.562
235.023
233.11
229.889
228.91
225.348
220.922
221.527
216.221
212.197
209.974
204.687
207.028
199.23
193.907
191.531
184.945
189.336
179.916
169.001
178.07
165.002
155.904
154.325
144.526
156.67
139.419
127.751
126.883
116.045
131.609
113.982
92.4135
115.795
95.3211
78.9252
79.884
67.1541
90.1371
66.0892
48.3823
49.8363
37.0608
61.0755
38.8044
10.2958
42.6436
17.8075
-2.54131
-2.52235
-12.0114
0.0150155
0.0423155
0.0882536
0.119283
0.157377
0.194471
0.232274
0.264811
0.29776
0.32837
0.355073
0.376804
0.395384
0.410178
0.422311
0.433764
0.442373
0.439801
0.419755
0.385629
0.339675
0.283131
0.217003
0.137454
0.0392185
-0.0673911
-0.194496
-0.368512
-0.6151
-0.943219
-1.18458
-5.72793
-11.9984
-13.7144
-14.7217
-14.3461
-17.1468
-23.4001
-19.9355
-14.9779
-16.2091
-14.0921
-6.29365
12.424
42.9517
82.9801
125.268
168.352
156.98
152.678
133.853
52.9517
-84.5443
-133.59
-28.6982
-25.6011
-17.5961
-10.3006
-5.03205
-1.93074
-0.315626
0.561907
1.08166
1.49562
1.86475
2.17073
2.49264
2.8153
2.95881
2.85408
2.66961
2.61927
2.7765
2.99842
3.21289
3.05242
2.64116
2.30459
2.9531
0.0850535
0.171743
0.312483
0.413658
0.535555
0.655927
0.775827
0.878877
0.985514
1.08227
1.16856
1.24568
1.31608
1.38114
1.44008
1.49098
1.52233
1.51103
1.44259
1.33747
1.19922
1.02116
0.807258
0.541534
0.213326
-0.142849
-0.564256
-1.11642
-1.87946
-2.84615
-3.65719
-11.3667
-22.1353
-24.9338
-26.9843
-27.7697
-32.4602
-39.721
-38.7393
-34.2639
-34.3353
-30.4615
-18.6103
13.0924
66.8416
133.648
225.835
307.05
298.189
294.712
261.309
111.884
-159.594
-276.43
-96.9603
-80.8395
-54.5163
-32.3079
-16.4819
-7.23782
-2.42853
0.254641
1.93726
3.30906
4.56544
5.64876
6.70075
7.65975
8.23627
8.41644
8.42171
8.40306
8.47581
8.55777
8.71509
8.76464
8.80262
8.91607
9.98121
0.188327
0.352067
0.605991
0.79037
1.01698
1.237
1.4556
1.64339
1.83903
2.01393
2.17091
2.31529
2.44109
2.55726
2.65958
2.74355
2.78989
2.75648
2.62038
2.42605
2.1681
1.83652
1.44468
0.955479
0.351186
-0.308953
-1.09346
-2.11162
-3.51706
-5.31204
-6.9541
-15.174
-25.908
-28.0079
-30.1546
-32.3948
-38.259
-45.6398
-47.2632
-45.5535
-45.916
-41.4471
-29.3607
4.21126
64.1544
134.495
246.271
341.3
343.236
348.394
320.972
158.312
-183.7
-368.196
-201.458
-160.485
-103.727
-60.759
-30.9162
-13.527
-4.55437
0.388398
3.4626
6.01245
8.39027
10.3901
12.2151
13.8941
15.0505
15.5624
15.6638
15.6767
15.9069
16.2405
16.6508
16.6546
16.5253
16.7465
19.0821
0.271533
0.507553
0.869022
1.1357
1.46482
1.77943
2.0897
2.36014
2.63833
2.88631
3.11051
3.32023
3.49946
3.66682
3.8135
3.93037
3.99668
3.9404
3.7382
3.4621
3.09207
2.62541
2.0707
1.3762
0.515565
-0.427552
-1.55647
-3.02273
-5.06006
-7.74029
-10.4504
-18.4992
-29.0908
-30.825
-33.2094
-36.798
-43.9395
-52.3679
-55.443
-55.5099
-56.9702
-52.1853
-39.4846
-3.9947
62.6423
138.728
265.981
375.614
390.612
403.654
380.076
203.297
-210.907
-454.768
-310.41
-239.047
-151.875
-88.6765
-45.3449
-20.2077
-7.26049
-0.120576
4.33415
8.0672
11.5633
14.5156
17.157
19.5341
21.2061
22.0256
22.2768
22.3337
22.6081
22.9779
23.4715
23.6571
23.7618
24.0857
26.8534
0.348137
0.660015
1.13079
1.48136
1.91603
2.32591
2.72623
3.08241
3.44129
3.76356
4.0552
4.33078
4.56544
4.78315
4.97354
5.12335
5.21122
5.13235
4.86885
4.51213
4.0311
3.43457
2.71892
1.81868
0.696722
-0.538327
-2.0276
-3.96276
-6.66001
-10.282
-14.1735
-21.7394
-33.1769
-35.3481
-38.2915
-42.9739
-51.2876
-60.7214
-65.0378
-66.1828
-68.4
-63.2455
-49.2567
-9.99949
66.3306
153.599
301.097
430.25
457.357
474.802
447.795
247.575
-247.518
-545.16
-435.235
-324.637
-202.774
-117.525
-60.0331
-26.9709
-10.0111
-0.622479
5.29524
10.3055
15.019
18.9752
22.4289
25.4664
27.6704
28.8282
29.2322
29.3536
29.7355
30.2322
30.8602
31.1437
31.3521
32.008
35.6806
0.41798
0.807186
1.38717
1.82174
2.36278
2.86565
3.35508
3.79572
4.23533
4.63142
4.99087
5.33119
5.62339
5.89235
6.12677
6.31155
6.42345
6.32241
6.00098
5.56742
4.98227
4.25949
3.39105
2.29151
0.912344
-0.612062
-2.4642
-4.87562
-8.23819
-12.8135
-17.9549
-25.1624
-37.7599
-40.6632
-44.0708
-49.6091
-58.9763
-69.2475
-75.0238
-77.3463
-80.0706
-74.4811
-59.3038
-16.4266
69.68
168.59
338.461
489.394
528.631
550.4
520.09
297.937
-283.734
-635.372
-573.673
-416.041
-255.427
-146.57
-74.5652
-33.6703
-12.8563
-1.30852
6.05188
12.3782
18.3571
23.3684
27.6727
31.3652
34.0709
35.5446
36.1067
36.3032
36.7439
37.2805
37.9814
38.443
38.8746
39.5105
43.7651
0.481521
0.949474
1.64
2.15912
2.80678
3.39906
3.97957
4.50186
5.02369
5.4911
5.92177
6.32757
6.67936
6.99971
7.27727
7.49755
7.63721
7.515
7.1396
6.63386
5.94937
5.10513
4.0908
2.79842
1.16534
-0.647557
-2.86677
-5.76455
-9.79479
-15.3102
-21.6858
-28.6852
-42.3033
-46.2152
-49.7354
-55.9611
-66.3765
-77.6617
-85.0369
-88.725
-92.0827
-86.2164
-70.2447
-24.7187
70.3505
179.967
372.055
546.128
598.138
624.9
594.068
355.183
-315.958
-722.448
-726.351
-514.754
-310.485
-175.944
-88.8797
-40.1885
-15.6467
-1.99602
6.82405
14.5309
21.8509
27.9678
33.1381
37.4768
40.6797
42.4788
43.2102
43.483
43.9615
44.5377
45.3068
45.9031
46.5615
47.5757
52.1093
0.539941
1.08751
1.88851
2.49396
3.24749
3.92639
4.5981
5.20148
5.80517
6.34293
6.84942
7.32091
7.73291
8.10447
8.42405
8.68059
8.85244
8.71088
8.28734
7.7139
6.93502
5.97605
4.82422
3.34853
1.46739
-0.630736
-3.21873
-6.61061
-11.3055
-17.7253
-25.2459
-32.2267
-46.7198
-51.837
-55.2617
-62.097
-73.6035
-86.1621
-95.2176
-100.353
-104.536
-98.6804
-82.2537
-34.938
68.6419
188.751
402.745
601.53
666.358
697.836
668.571
417.592
-343.932
-808.535
-892.553
-620.628
-367.902
-205.428
-102.762
-46.4338
-18.4036
-2.77325
7.49412
16.6447
25.3786
32.6598
38.7302
43.7332
47.4288
49.5466
50.4384
50.7588
51.2274
51.7999
52.612
53.3654
54.2682
55.6111
60.9374
0.594347
1.22277
2.13211
2.82767
3.68597
4.44955
5.21018
5.89534
6.57996
7.19103
7.77709
8.31328
8.78469
9.20724
9.56705
9.86092
10.0702
9.91203
9.4465
8.81055
7.94446
6.8764
5.59702
3.94952
1.828
-0.550771
-3.50775
-7.40002
-12.7547
-20.032
-28.6028
-35.9445
-51.2195
-57.3448
-60.7601
-68.1714
-80.8439
-94.8471
-105.65
-112.289
-117.4
-111.769
-95.1165
-46.7292
65.0594
195.796
431.794
657.044
734.172
770.356
744.504
485.384
-366.409
-903.962
-1071.04
-733.333
-427.947
-235.041
-116.102
-52.3168
-21.0663
-3.58512
8.12825
18.8003
29.035
37.5416
44.5333
50.2082
54.4002
56.8413
57.8761
58.2055
58.6224
59.1665
60.004
60.8872
62.0456
63.4958
69.2248
0.645633
1.35712
2.37125
3.1621
4.12383
4.97026
5.81722
6.58267
7.34733
8.03513
8.70454
9.30591
9.83499
10.308
10.7056
11.0385
11.2921
11.1203
10.6186
9.92648
8.98151
7.81122
6.41563
4.61007
2.25849
-0.394377
-3.71896
-8.11553
-14.1249
-22.2142
-31.766
-39.8955
-55.8059
-62.6703
-66.1941
-74.2124
-88.1632
-103.741
-116.359
-124.586
-130.709
-125.457
-108.795
-60.0913
59.466
200.829
459.099
712.594
801.285
843.007
823.168
559.718
-380.893
-1018.58
-1257.42
-851.918
-490.856
-264.85
-128.808
-57.7838
-23.6417
-4.46123
8.69801
20.9797
32.8155
42.6164
50.5563
56.9113
61.5995
64.3584
65.5102
65.8038
66.1178
66.6005
67.4461
68.4517
69.86
71.7619
77.6825
0.694239
1.49147
2.60654
3.49846
4.56317
5.49133
6.42124
7.26507
8.10774
8.87457
9.63076
10.2997
10.8838
11.4066
11.8387
12.2132
12.52
12.3376
11.8052
11.0649
10.0507
8.78632
7.28669
5.3386
2.77006
-0.148298
-3.83883
-8.74174
-15.4005
-24.2667
-34.7622
-44.06
-60.5866
-67.9484
-71.491
-80.1862
-95.5402
-112.861
-127.395
-137.345
-144.614
-139.929
-123.545
-75.3999
51.3195
203.106
483.889
767.334
866.677
915.122
905.027
641.329
-383.998
-1154.6
-1446.1
-975.443
-557.041
-295.134
-140.884
-62.8251
-26.144
-5.40631
9.21313
23.2088
36.7578
47.9275
56.8407
63.8798
69.0596
72.1245
73.3637
73.568
73.724
74.1143
74.9487
76.0582
77.7084
80.0043
86.5406
0.740556
1.62571
2.83983
3.83715
5.00469
6.01451
7.02289
7.9451
8.86369
9.71207
10.556
11.2949
11.931
12.5025
12.9654
13.385
13.7553
13.5662
13.0081
12.2295
11.1579
9.80863
8.21669
6.14329
3.37404
0.200467
-3.85413
-9.2649
-16.5668
-26.187
-37.6352
-48.4785
-65.6509
-73.1199
-76.6909
-86.1172
-102.943
-122.221
-138.825
-150.678
-159.274
-155.369
-139.608
-92.9999
40.1429
201.983
505.463
820.416
929.305
985.615
990.135
730.555
-370.754
-1306.39
-1633.89
-1103.55
-627.227
-326.462
-152.492
-67.5095
-28.6258
-6.44659
9.67171
25.505
40.8943
53.5123
63.4256
71.1503
76.8111
80.1606
81.4499
81.5023
81.4383
81.6982
82.5015
83.6963
85.5729
88.1002
94.8388
0.784748
1.76047
3.07387
4.17787
5.44601
6.53864
7.62261
8.62328
9.61789
10.549
11.4811
12.2915
12.9767
13.5957
14.0855
14.5543
14.9996
14.8076
14.2291
13.4245
12.3102
10.8861
9.21166
7.03168
4.08148
0.663343
-3.7525
-9.67285
-17.6098
-27.9705
-40.3931
-53.019
-70.4628
-77.9217
-81.9341
-91.9876
-110.335
-131.846
-150.717
-164.688
-174.815
-171.878
-157.098
-113.064
25.6326
196.986
523.301
871.13
988.234
1053.43
1078.51
826.867
-338.801
-1461.97
-1819.59
-1237.26
-703.033
-359.874
-163.994
-71.9704
-31.1572
-7.61028
10.0872
27.9059
45.2776
59.4215
70.3568
78.7617
84.8871
88.4901
89.7852
89.6159
89.2585
89.3432
90.0958
91.3599
93.4507
96.4941
103.605
0.826927
1.8967
3.30935
4.51988
5.88488
7.06298
8.22137
9.2997
10.3703
11.3842
12.4068
13.2898
14.0213
14.6862
15.1994
15.7215
16.2541
16.0629
15.4702
14.6541
13.5153
12.0266
10.2774
8.01033
4.90286
1.24985
-3.52415
-9.95422
-18.5162
-29.6054
-42.9948
-57.4188
-74.3552
-82.3303
-87.0855
-97.7476
-117.705
-141.786
-163.16
-179.499
-191.389
-189.573
-176.128
-135.747
7.4803
187.615
536.833
918.666
1042.49
1117.46
1170.28
930.387
-285.175
-1596.54
-2000.89
-1379.67
-787.702
-397.022
-176.011
-76.4607
-33.8525
-8.92126
10.4981
30.4723
49.9758
65.7158
77.6865
86.7547
93.3196
97.134
98.3824
97.9121
97.1793
97.0361
97.7142
99.0315
101.319
104.508
112.022
0.867348
2.0345
3.54649
4.86326
6.32163
7.58965
8.82089
9.97463
11.1198
12.2177
13.3339
14.2902
15.0649
15.7742
16.3071
16.8868
17.5194
17.3324
16.7333
15.9232
14.7802
13.2374
11.4195
9.08434
5.84674
1.96722
-3.16366
-10.0995
-19.2768
-31.0758
-45.3829
-61.4369
-77.2544
-86.37
-91.99
-103.351
-125.034
-152.103
-176.275
-195.28
-209.218
-208.646
-196.906
-161.296
-14.738
173.21
545.292
961.959
1090.96
1176.51
1265.36
1041.39
-204.449
-1684.57
-2174.67
-1536.02
-886.617
-440.49
-189.651
-81.416
-36.8536
-10.3609
10.9892
33.301
55.0752
72.4701
85.4766
95.1735
102.136
106.112
107.256
106.393
105.194
104.764
105.34
106.704
109.174
112.837
120.433
0.906297
2.17363
3.7851
5.20948
6.75717
8.11833
9.42231
10.6481
11.8678
13.051
14.2634
15.2929
16.1072
16.8593
17.4075
18.0506
18.7947
18.6158
18.0199
17.2363
16.1094
14.5242
12.6442
10.2572
6.91774
2.82053
-2.66786
-10.1025
-19.8888
-32.3695
-47.5063
-64.8832
-79.6743
-90.1444
-96.6826
-108.758
-132.289
-162.851
-190.206
-212.244
-228.578
-229.35
-219.696
-190.022
-41.5261
152.985
547.733
999.619
1132.19
1230.47
1363.7
1159.31
-97.3309
-1725.54
-2341.18
-1713.27
-1007.61
-494.298
-206.71
-87.3911
-40.2482
-11.813
11.7107
36.5337
60.6866
79.7682
93.789
104.067
111.369
115.451
116.421
115.06
113.294
112.515
112.963
114.362
117.003
121.063
129.024
0.94403
2.31378
4.02345
5.5593
7.19306
8.64609
10.0239
11.3233
12.6172
13.8854
15.196
16.2986
17.1479
17.9413
18.4996
19.2121
20.0766
19.913
19.3304
18.5947
17.5032
15.8906
13.9584
11.5312
8.11743
3.81437
-2.03183
-9.95931
-20.3509
-33.4828
-49.3472
-67.751
-82.141
-93.6804
-101.06
-113.953
-139.434
-174.064
-205.105
-230.653
-249.802
-251.969
-244.771
-222.24
-73.4056
126.086
543.06
1029.77
1163.73
1280.95
1465.17
1277.78
11.3204
-1748.85
-2509.37
-1921.57
-1161.5
-564.313
-229.622
-94.9175
-44.0783
-13.0661
12.9074
40.3599
66.9475
87.7088
102.697
113.493
121.063
125.18
125.887
123.912
121.479
120.284
120.567
121.995
124.789
129.017
137.286
0.980441
2.45534
4.26233
5.91244
7.6331
9.17349
10.6246
12.0036
13.3693
14.7215
16.1328
17.3081
18.1869
19.0193
19.5817
20.3677
21.359
21.2226
20.6656
19.997
18.9587
17.3374
15.3676
12.9075
9.4453
4.95106
-1.2503
-9.66703
-20.6596
-34.4204
-50.9225
-70.1233
-84.8186
-96.7694
-105.016
-118.932
-146.444
-185.77
-221.123
-250.818
-273.301
-276.842
-272.422
-258.266
-110.905
91.5973
529.963
1049.48
1180.44
1326.39
1572.43
1388.39
91.4116
-1796.33
-2701.35
-2177.95
-1362.97
-659.269
-262.216
-105.224
-48.5248
-13.8058
14.8859
44.9872
74.0116
96.4105
112.282
123.509
131.256
135.317
135.651
132.937
129.747
128.067
128.142
129.597
132.518
137.097
145.351
1.01518
2.59959
4.50456
6.26975
8.07923
9.70203
11.2252
12.6868
14.1242
15.5603
17.0747
18.3219
19.2242
20.0921
20.6515
21.5115
22.6325
22.5409
22.0246
21.437
20.4733
18.8649
16.8753
14.3853
10.8991
6.22799
-0.321814
-9.22341
-20.8136
-35.1904
-52.2619
-72.1003
-87.6234
-99.0051
-108.455
-123.731
-153.283
-197.951
-238.378
-273.108
-299.591
-304.397
-302.981
-298.453
-154.582
48.5282
506.658
1054.32
1179.62
1363.79
1680.04
1478.38
123.76
-1906.39
-2951.45
-2508.05
-1631.47
-794.07
-311.044
-120.391
-53.6052
-13.4395
18.0463
50.6627
82.0557
106.002
122.631
134.162
141.96
145.852
145.702
142.111
138.079
135.854
135.681
137.155
140.173
144.992
153.375
1.04802
2.74636
4.75063
6.63083
8.52927
10.2322
11.8272
13.372
14.8823
16.4022
18.0227
19.3402
20.2606
21.1574
21.707
22.6339
23.8837
23.8637
23.4
22.9015
22.0438
20.4764
18.4863
15.9615
12.4743
7.63846
0.755295
-8.62392
-20.8141
-35.8027
-53.389
-73.6869
-90.1838
-100.403
-111.353
-128.343
-159.893
-210.583
-256.963
-297.941
-329.313
-335.173
-336.862
-343.205
-205.043
-4.21258
472.46
1040.92
1159.17
1379.46
1767.93
1518.1
74.0648
-2107.89
-3298.02
-2942.31
-1992.07
-992.987
-384.279
-141.862
-58.7401
-11.3226
22.974
57.725
91.3074
116.643
133.841
145.487
153.159
156.744
155.997
151.398
146.448
143.628
143.18
144.661
147.731
152.546
160.93
1.07858
2.89489
4.99942
6.99519
8.98373
10.7661
12.4332
14.0615
15.6439
17.2459
18.9767
20.3626
21.2963
22.2117
22.7454
23.723
25.0948
25.1838
24.7804
24.3738
23.663
22.1705
20.201
17.6312
14.169
9.17586
1.98313
-7.8627
-20.661
-36.2665
-54.3245
-74.8713
-92.1353
-101.411
-113.759
-132.781
-166.318
-223.67
-276.941
-325.754
-363.221
-369.821
-374.574
-392.983
-262.909
-67.0371
426.098
1004.04
1111.51
1366.78
1863.26
1504.39
-53.8622
-2417.08
-3779.39
-3512.32
-2477.83
-1285.2
-490.601
-170.197
-63.1506
-7.1187
30.13
66.5191
102.064
128.549
146.032
157.524
164.836
167.94
166.467
160.739
154.811
151.365
150.634
152.11
155.177
160.102
168.203
1.10664
3.04556
5.25006
7.36393
9.44351
11.3049
13.0446
14.7563
16.4084
18.0889
19.9346
21.3859
22.3285
23.2497
23.7608
24.7665
26.2445
26.4857
26.1521
25.8386
25.3153
23.9263
22
19.3879
15.9813
10.832
3.35984
-6.93635
-20.3523
-36.5872
-55.0875
-75.6918
-93.4049
-102.41
-115.581
-137.046
-172.808
-237.293
-298.356
-356.998
-402.172
-409.099
-416.733
-448.308
-328.819
-140.336
364.169
935.706
1034.03
1337.07
1883.65
1505.18
-255.553
-2873.08
-4435.62
-4251.34
-3131.75
-1696.81
-638.797
-206.359
-66.8785
-0.784449
39.7705
77.5929
114.748
142.014
159.376
170.34
176.982
179.38
177.025
170.054
163.112
159.028
158.028
159.48
162.489
167.165
175.155
1.13273
3.19877
5.50359
7.73664
9.90763
11.8486
13.6615
15.4553
17.1736
18.9279
20.8922
22.4038
23.3523
24.2654
24.7411
25.7487
27.3114
27.7437
27.4981
27.2869
26.9739
25.7034
23.8561
21.2263
17.8926
12.5936
4.88181
-5.84578
-19.8862
-36.7661
-55.694
-76.2269
-94.1252
-103.468
-116.722
-141.109
-179.592
-251.603
-321.296
-392.118
-447.092
-453.861
-464.087
-509.775
-403.476
-225.075
283.524
830.378
923.464
1280.99
1927.55
1509.46
-585.596
-3520.19
-5298.79
-5194.16
-3999.02
-2249.39
-835.75
-253.417
-70.5508
7.79926
52.0166
91.4454
129.766
157.336
174.056
184.006
189.581
190.993
187.58
179.246
171.272
166.561
165.332
166.76
169.644
174.171
181.729
1.1572
3.35537
5.76161
8.11319
10.3788
12.3978
14.2833
16.1576
17.9368
19.7576
21.8425
23.4059
24.3609
25.2526
25.6709
26.6482
28.2741
28.9271
28.8027
28.7079
28.599
27.462
25.7481
23.1377
19.8634
14.4383
6.5335
-4.59759
-19.2673
-36.8048
-56.1563
-76.5537
-94.4429
-104.375
-117.341
-144.885
-186.391
-266.531
-345.836
-431.594
-499.015
-505.064
-517.534
-578.082
-487.676
-323.095
180.726
684.978
780.467
1188.03
1948.31
1410.79
-1090.86
-4381.6
-6380.25
-6364.47
-5114.54
-2961.84
-1088.57
-317.41
-75.3915
18.1102
66.6656
108.012
147.194
174.6
190.13
198.525
202.564
202.672
198.038
188.231
179.2
173.907
172.519
173.926
176.628
180.865
188.178
1.17991
3.51587
6.02319
8.49631
10.8583
12.9523
14.9092
16.8619
18.6958
20.5715
22.7762
24.3779
25.3433
26.2029
26.5361
27.4401
29.1064
29.9982
30.046
30.083
30.152
29.1793
27.6541
25.0888
21.8388
16.3276
8.27812
-3.20907
-18.5121
-36.7165
-56.493
-76.7392
-94.509
-104.988
-117.849
-148.461
-192.781
-281.795
-371.951
-475.941
-559.122
-563.803
-578.144
-654.079
-582.211
-435.792
52.4733
501.526
620.746
1091.92
1932.89
1170.22
-1794.9
-5449.35
-7651.4
-7752.64
-6485.57
-3845.42
-1408.1
-405.603
-83.7849
29.4027
83.3171
126.699
166.75
193.584
207.447
213.757
215.761
214.248
208.272
196.933
186.835
181.016
179.549
180.946
183.404
187.168
194.12
1.20084
3.68026
6.29015
8.89133
11.3449
13.5126
15.5375
17.5659
19.4469
21.3612
23.6808
25.304
26.2797
27.0997
27.324
28.0994
29.7738
30.9132
31.1969
31.3981
31.6166
30.8415
29.5421
27.0225
23.7597
18.2111
10.0583
-1.72117
-17.6534
-36.5367
-56.7494
-76.8738
-94.5716
-105.664
-118.707
-152.354
-198.912
-297.059
-399.137
-525.362
-628.595
-631.326
-647.163
-738.818
-687.844
-564.096
-102.668
284.987
453.269
1004.92
1873.85
757.891
-2681.91
-6662.36
-9024.66
-9291.71
-8059.46
-4894.45
-1804.7
-522.215
-99.6774
41.2921
101.465
146.859
187.754
213.602
225.541
229.391
228.923
225.491
218.113
205.265
194.141
187.854
186.387
187.792
189.959
193.305
199.651
1.21998
3.85211
6.56717
9.30085
11.8406
14.0788
16.1665
18.267
20.1849
22.1166
24.5391
26.1687
27.1404
27.9175
28.0183
28.606
30.2487
31.6392
32.2151
32.6355
32.9964
32.4384
31.3756
28.8805
25.5765
20.0364
11.7963
-0.209637
-16.7508
-36.3313
-57.0213
-77.1152
-94.9514
-107.052
-120.513
-157.611
-205.829
-312.664
-427.039
-580.002
-708.587
-708.997
-726.01
-833.599
-805.327
-708.967
-286.624
38.7332
274.336
923.834
1759.67
189.623
-3683.06
-7911.06
-10359.2
-10842.9
-9688.01
-6073.71
-2283.7
-668.639
-127.293
52.8438
120.312
167.757
209.385
233.969
243.838
244.989
241.743
236.132
227.362
213.124
201.084
194.402
192.991
194.423
196.277
199.136
205.097
1.23725
4.03527
6.85395
9.72209
12.3464
14.6497
16.7948
18.9626
20.904
22.8259
25.3277
26.9564
27.8873
28.6174
28.5962
28.955
30.5223
32.1567
33.065
33.7653
34.2999
33.9668
33.124
30.6274
27.2558
21.7613
13.4045
1.21558
-15.8945
-36.1968
-57.4593
-77.7111
-96.0297
-109.788
-124.096
-165.399
-215.378
-330.64
-456.636
-640.754
-800.765
-798.295
-816.239
-939.978
-935.408
-871.198
-502.021
-237.613
71.8871
825.8
1562.58
-491.032
-4709.25
-9080
-11520.1
-12231.4
-11140.8
-7305.38
-2843.31
-845.198
-168.466
61.1193
139.203
188.836
231.097
254.137
261.792
260.14
253.903
245.923
235.812
220.405
207.616
200.624
199.312
200.809
202.343
204.605
210.184
1.25258
4.22944
7.1485
10.1544
12.8623
15.2248
17.4209
19.6488
21.5961
23.4772
26.0166
27.6466
28.4807
29.1348
29.0091
29.1557
30.6074
32.4576
33.7314
34.7616
35.5379
35.4276
34.7715
32.2714
28.7775
23.3586
14.8262
2.44728
-15.1773
-36.2264
-58.2177
-78.9298
-98.1796
-114.358
-130.265
-176.236
-229.448
-354.409
-490.697
-708.825
-907.478
-900.969
-919.532
-1059.71
-1078.87
-1051.6
-751.007
-555.22
-181.906
647.378
1239
-1236.21
-5698.79
-10117.7
-12461.2
-13336
-12221.4
-8488.89
-3474.18
-1051.02
-222.822
62.5442
157.347
209.388
252.4
273.808
279.081
274.531
265.128
254.664
243.322
227.027
213.693
206.476
205.31
206.905
208.109
209.824
214.782
1.26547
4.43283
7.45269
10.6014
13.3888
15.804
18.0427
20.3202
22.2493
24.0574
26.5727
28.2044
28.8847
29.3942
29.1708
29.185
30.5233
32.5509
34.2198
35.6112
36.7151
36.8374
36.336
33.8561
30.1474
24.8033
16.061
3.44809
-14.6306
-36.4311
-59.3452
-80.9169
-101.613
-120.895
-139.483
-190.505
-249.499
-387.532
-534.233
-786.919
-1032.28
-1019.44
-1037.76
-1194.63
-1236.67
-1251.77
-1034.74
-939.476
-525.487
335.475
763.005
-2020.9
-6654.31
-11067
-13257.4
-14159.9
-12902.3
-9544.73
-4156.33
-1284.4
-290.302
55.5909
172.561
228.526
272.799
292.62
295.381
287.881
275.296
262.252
249.804
232.937
219.287
211.919
210.952
212.644
213.543
214.675
219.362
1.27508
4.64367
7.76906
11.0648
13.9261
16.3863
18.6576
20.9693
22.8473
24.5518
26.9624
28.5786
29.0656
29.347
29.0132
28.9856
30.2616
32.4499
34.5564
36.3385
37.8202
38.1928
37.8301
35.4185
31.4169
26.0776
17.1228
4.24373
-14.2042
-36.7168
-60.7212
-83.5856
-106.283
-129.268
-151.818
-209.253
-276.294
-432.229
-593.448
-883.047
-1183.02
-1158.23
-1173.25
-1346.56
-1410.02
-1473.77
-1354.79
-1413.93
-986.612
-125.528
136.09
-2850.35
-7625.75
-12020.2
-14038.4
-14804.6
-13344
-10449.2
-4859.57
-1543.45
-371.975
40.1914
182.33
245.604
291.576
310.057
310.49
299.985
284.208
268.532
255.216
238.136
224.387
216.914
216.194
217.975
218.673
219.295
223.508
1.28129
4.86177
8.09821
11.5455
14.474
16.9708
19.2623
21.587
23.3666
24.9408
27.1555
28.7027
28.9774
28.9578
28.5128
28.5358
29.8154
32.1683
34.7799
37.0035
38.8565
39.4692
39.2186
36.9531
32.6665
27.2135
18.0305
4.84475
-13.8738
-37.0182
-62.1966
-86.7449
-112.012
-139.463
-167.136
-232.759
-309
-488.368
-672.503
-1009.44
-1371.7
-1325.24
-1329.32
-1517.31
-1600.23
-1719.77
-1714.37
-1980.54
-1570.44
-737.7
-626.562
-3741.47
-8660.44
-13047
-14896
-15382.6
-13754
-11223.4
-5549.77
-1825.7
-468.735
15.9908
185.474
259.876
308.016
325.691
324.153
310.657
291.807
273.64
259.619
242.586
228.971
221.437
220.967
222.912
223.537
223.685
227.422
1.28413
5.08889
8.44138
12.0435
15.0325
17.5571
19.8535
22.1644
23.7793
25.1926
27.1257
28.5084
28.5544
28.2014
27.6742
27.8568
29.2054
31.7339
34.9253
37.6634
39.8469
40.7001
40.5223
38.45
33.9583
28.2796
18.8492
5.27822
-13.6722
-37.3888
-63.7888
-90.3459
-118.732
-151.463
-185.055
-260.04
-346.102
-554.197
-772.039
-1175.27
-1609.96
-1530.42
-1510.69
-1708.86
-1808.7
-1991.87
-2118.14
-2619.38
-2258.51
-1491.4
-1513.16
-4702.8
-9770.12
-14158.6
-15850.5
-15960.7
-14234.8
-11892.4
-6196.97
-2126.05
-580.923
-17.7304
181.922
270.259
321.806
339.23
336.184
319.826
297.968
277.647
263.093
246.311
233.011
225.482
225.215
227.498
228.154
227.836
231.214
1.28322
5.32607
8.79851
12.5544
15.6013
18.1452
20.4273
22.6965
24.068
25.2669
26.8528
27.9581
27.7496
27.1108
26.5578
26.9881
28.4751
31.1993
35.0187
38.3481
40.8282
41.9848
41.855
39.9553
35.3299
29.3414
19.6422
5.62754
-13.599
-37.9142
-65.6236
-94.4663
-126.473
-165.229
-205.441
-290.602
-386.919
-627.973
-890.339
-1381.99
-1906.74
-1783.38
-1723.21
-1923.47
-2036.91
-2292
-2573
-3302.21
-3023.12
-2372.22
-2522.49
-5732.78
-10943.7
-15332.2
-16882.9
-16567.1
-14772.4
-12467
-6782.06
-2435.55
-708.822
-61.7862
171.649
275.589
332.655
350.216
346.172
327.322
302.772
280.686
265.708
249.316
236.501
229.054
228.953
231.744
232.519
231.788
234.876
1.27856
5.57347
9.16381
13.0744
16.1814
18.7343
20.9766
23.1785
24.2415
25.1335
26.3323
27.0732
26.5877
25.758
25.2791
26.0219
27.7153
30.6633
35.1146
39.0922
41.8572
43.4035
43.3262
41.5346
36.8167
30.4754
20.457
5.96323
-13.6278
-38.6323
-67.8021
-99.1952
-135.286
-180.804
-228.458
-324.7
-431.594
-708.514
-1025.44
-1629.22
-2268.75
-2092.12
-1973.3
-2163.6
-2286.69
-2620.99
-3088
-4049.03
-3889.17
-3391.46
-3658.63
-6828.9
-12175
-16549.9
-17973.6
-17218.4
-15314.6
-12953.8
-7297.31
-2741.66
-850.837
-116.377
154.524
275.163
339.785
358.358
353.894
332.979
306.203
282.787
267.544
251.628
239.469
232.165
232.24
235.637
236.627
235.502
238.347
1.26951
5.8292
9.53094
13.6018
16.7743
19.3262
21.4932
23.5967
24.3183
24.7836
25.5741
25.9156
25.1722
24.2336
23.9403
25.0869
27.086
30.2806
35.3399
40.0145
43.0508
44.9721
45.003
43.2279
38.4486
31.7366
21.3448
6.3356
-13.7389
-39.5496
-70.3681
-104.589
-145.227
-198.21
-254.159
-362.499
-480.276
-794.946
-1178.75
-1924.77
-2703.39
-2463.36
-2267.62
-2431.81
-2560.1
-2978.3
-3673.35
-4920.09
-4880.01
-4545.98
-4915.99
-7991.34
-13466.6
-17805.6
-19112.2
-17934.4
-15830.3
-13367.4
-7741.76
-3030.76
-1001.05
-179.917
130.86
269.112
342.589
363.621
359.164
336.672
308.237
283.964
268.688
253.331
241.962
234.828
235.123
239.188
240.484
239.035
241.503
1.25462
6.08958
9.89917
14.1379
17.3838
19.9249
21.9723
23.9286
24.2963
24.2189
24.5936
24.5658
23.657
22.7028
22.6599
24.2799
26.7256
30.217
35.8234
41.2191
44.5697
46.7323
46.9208
45.0799
40.2276
33.1405
22.3418
6.78129
-13.9225
-40.6607
-73.3336
-110.682
-156.304
-217.315
-282.168
-403.595
-532.626
-886.822
-1355.74
-2282.87
-3221.26
-2903.27
-2612.89
-2730.82
-2858.89
-3363.73
-4326.23
-5910.34
-5970.53
-5798.15
-6275.11
-9219.58
-14814.5
-19089
-20286.9
-18733.2
-16314.6
-13726.2
-8117
-3292.61
-1151.82
-250.47
100.845
257.953
341.185
365.651
361.73
338.365
308.964
284.328
269.238
254.518
244.023
237.059
237.627
242.415
244.104
242.32
244.874
1.23349
6.3528
10.2698
14.6869
18.0131
20.5364
22.4177
24.1559
24.1691
23.4825
23.4382
23.1592
22.223
21.3855
21.6274
23.7054
26.6945
30.5644
36.6377
42.6976
46.4269
48.7392
49.0715
47.1596
42.1611
34.6935
23.4834
7.32594
-14.1419
-41.9397
-76.7083
-117.507
-168.488
-237.815
-311.728
-447.226
-588.216
-984.65
-1563.66
-2718.26
-3835.13
-3417.73
-3016.05
-3063.3
-3184.33
-3777.07
-5032.71
-6960.14
-7115.29
-7081.87
-7707.19
-10508.8
-16199.5
-20373.8
-21472.5
-19611.1
-16771.7
-14042.6
-8424.86
-3523.27
-1297.43
-326.205
64.7161
242.124
335.83
364.163
361.619
338.149
308.483
284
269.312
255.286
245.704
238.903
239.785
245.349
247.495
245.471
247.729
1.2076
6.62047
10.6419
15.2481
18.6638
21.1687
22.8448
24.2573
23.9132
22.6385
22.1841
21.823
21.0206
20.4443
21.0216
23.5054
27.0356
31.3422
37.8148
44.418
48.5409
50.9732
51.3959
49.4903
44.2924
36.411
24.8027
8.00105
-14.3212
-43.333
-80.4671
-125.102
-181.761
-259.333
-342.047
-492.792
-647.156
-1090.18
-1810.19
-3243.03
-4556.48
-4012.37
-3484.1
-3431.43
-3537.21
-4216.45
-5781.52
-8008.62
-8234.09
-8319.39
-9173.49
-11850.3
-17586.2
-21609.9
-22626
-20535
-17199
-14317
-8666.2
-3723.92
-1434.25
-404.346
23.436
222.12
326.804
359.375
359.05
336.206
306.947
283.097
268.979
255.684
247.031
240.41
241.639
248.024
250.673
248.416
250.73
1.17897
6.89294
11.0117
15.8188
19.3377
21.826
23.2704
24.2027
23.4432
21.686
20.9056
20.6113
20.1018
19.9166
20.9085
23.793
27.7937
32.5431
39.3609
46.3555
50.879
53.41
53.8601
52.0241
46.6414
38.3201
26.3111
8.85671
-14.3849
-44.7618
-84.536
-133.432
-196.074
-281.568
-372.459
-539.981
-709.907
-1206.34
-2103.67
-3865.88
-5393
-4691.59
-4023.36
-3836.64
-3917.7
-4678.01
-6560.92
-9001.44
-9257.57
-9435.96
-10625.4
-13231
-18919.2
-22715.1
-23679.2
-21440.4
-17582.6
-14541.1
-8840.99
-3896.96
-1560.67
-482.12
-21.6565
198.468
314.357
351.603
354.247
332.76
304.526
281.735
268.315
255.782
248.05
241.62
243.229
250.475
253.652
251.203
253.572
1.14787
7.16369
11.3729
16.398
20.0337
22.5021
23.7007
24.0096
22.7254
20.6217
19.6658
19.579
19.4887
19.776
21.2493
24.5791
28.9981
34.1562
41.2415
48.5054
53.4155
56.0353
56.4873
54.7047
49.198
40.445
28.0127
9.93261
-14.2743
-46.1242
-88.7803
-142.344
-211.204
-304.204
-402.541
-588.559
-776.605
-1337.13
-2452.02
-4592.38
-6346.41
-5456.47
-4638.04
-4279.26
-4325.1
-5156.89
-7350.29
-9873.42
-10128.6
-10374
-12014.7
-14631.5
-20119.4
-23568.1
-24529.7
-22223.9
-17900.4
-14703.4
-8949.32
-4043.91
-1676.94
-557.924
-69.1034
171.812
298.814
341.201
347.494
328.052
301.396
280.022
267.403
255.653
248.793
242.553
244.596
252.739
256.445
253.88
256.105
1.11357
7.42413
11.7183
16.9812
20.7483
23.1816
24.1078
23.7379
21.8653
19.5324
18.5349
18.7772
19.2085
20.0132
22.0064
25.7702
30.6072
36.1229
43.4107
50.8832
56.1457
58.8405
59.3206
57.5087
51.9568
42.8037
29.9296
11.248
-13.9295
-47.3003
-92.9996
-151.571
-226.716
-326.709
-432.318
-638.238
-846.776
-1486.83
-2860.32
-5423.09
-7409.92
-6302.73
-5328.61
-4758.39
-4757.76
-5648.92
-8126.6
-10560
-10802.3
-11100.4
-13308
-16026.6
-21093
-24034.1
-25049.5
-22732.4
-18129.2
-14793.5
-8992.12
-4166.05
-1784.85
-632.147
-117.975
142.919
280.699
328.548
339.064
322.33
297.75
278.044
266.307
255.333
249.255
243.209
245.781
254.85
259.073
256.39
258.701
1.07581
7.66991
12.0402
17.5535
21.4668
23.8407
24.4226
23.4034
20.9995
18.5567
17.6309
18.2528
19.2755
20.6167
23.1447
27.2892
32.5374
38.3686
45.824
53.4709
59.0851
61.8414
62.3725
60.4551
54.9077
45.4205
32.0983
12.8381
-13.2785
-48.1614
-96.9766
-160.757
-242.092
-348.482
-462.108
-688.609
-919.535
-1658.87
-3328.49
-6351.16
-8566.98
-7218.78
-6090.3
-5271.71
-5213.56
-6152.32
-8879.99
-11031
-11254.4
-11607.6
-14492.5
-17391.6
-21764.2
-24073.8
-25175.2
-22811
-18254.5
-14803.3
-8971.28
-4264.68
-1886.72
-706.472
-168.04
112.276
260.387
313.998
329.278
315.847
293.774
275.883
265.091
254.85
249.433
243.599
246.815
256.837
261.552
258.783
261.212
1.03373
7.89703
12.3276
18.0885
22.1508
24.441
24.6027
22.9867
20.1894
17.7898
17.0858
18.0905
19.6971
21.5694
24.5848
29.0781
34.7196
40.8706
48.4405
56.238
62.2273
65.0598
65.6202
63.5769
58.0271
48.3169
34.554
14.7506
-12.2384
-48.5779
-100.481
-169.495
-256.825
-369.114
-491.998
-739.123
-993.839
-1855.02
-3849.8
-7360.87
-9791.56
-8185.01
-6912.44
-5815.13
-5690.46
-6668.13
-9619.45
-11317
-11496
-11919.9
-15577.3
-18711.9
-22116.7
-23798.1
-24948.7
-22466.9
-18297.7
-14726.9
-8889.68
-4341.06
-1982.31
-780.93
-218.645
80.1997
238.141
297.9
318.467
308.837
289.605
273.593
263.785
254.205
249.321
243.763
247.749
258.728
263.893
261.17
263.446
0.986367
8.10173
12.5691
18.5571
22.7446
24.9339
24.6796
22.5415
19.5187
17.2897
16.9283
18.321
20.4275
22.8008
26.2551
31.0898
37.0824
43.6052
51.2579
59.18
65.554
68.5152
69.0553
66.9128
61.3068
51.4953
37.3367
17.0176
-10.745
-48.4327
-103.283
-177.391
-270.456
-388.38
-521.765
-789.005
-1068.78
-2075.23
-4410.89
-8426.79
-11050.8
-9175.78
-7778.67
-6382.36
-6186.37
-7199.23
-10365.5
-11515.5
-11588.8
-12109
-16598.3
-19980.4
-22176.2
-23338.9
-24471.2
-21937.1
-18292.4
-14556
-8754.31
-4396.58
-2068.46
-853.621
-268.746
47.0614
214.229
280.588
306.91
301.507
285.348
271.208
262.375
253.351
248.919
243.754
248.655
260.539
266.116
263.371
265.826
0.933471
8.28314
12.7573
18.934
23.196
25.2721
24.6676
22.1086
19.0127
17.0601
17.1194
18.8644
21.3846
24.2275
28.1269
33.3071
39.5957
46.5178
54.2874
62.3071
69.0144
72.2166
72.693
70.5045
64.7843
54.9396
40.4879
19.6684
-8.76621
-47.6466
-105.192
-184.106
-282.607
-406.123
-551.012
-837.044
-1143.64
-2317.52
-4992.53
-9514.24
-12308.7
-10163.9
-8668.06
-6964.89
-6698.71
-7748.36
-11140.1
-11766.5
-11633.8
-12281.7
-17616.8
-21150.6
-21966.3
-22827.8
-23916.5
-21440.4
-18219.9
-14279.1
-8577.43
-4432.07
-2142.7
-922.8
-317.684
13.0179
188.917
262.413
294.885
294.012
281.068
268.728
260.82
252.22
248.22
243.63
249.598
262.284
268.228
265.632
267.925
0.874905
8.44004
12.8913
19.2126
23.4907
25.4449
24.559
21.7235
18.6697
17.071
17.5907
19.6226
22.5123
25.8053
30.1652
35.6861
42.2562
49.5565
57.5184
65.6322
72.5634
76.1474
76.5578
74.363
68.53
58.6395
44.0268
22.7385
-6.27056
-46.1798
-106.056
-189.359
-292.999
-422.219
-579.155
-881.802
-1217.82
-2577.65
-5569.91
-10583.3
-13529.1
-11124.6
-9556.61
-7552.35
-7224.33
-8315.7
-11956.8
-12197.2
-11733.3
-12537.8
-18706
-22082.5
-21544.7
-22329.6
-23362.4
-21013.5
-18020.1
-13902.2
-8371.8
-4447.18
-2204.27
-987.519
-365.159
-21.8004
162.593
243.778
282.65
286.477
276.809
266.143
259.074
250.774
247.212
243.467
250.613
263.977
270.235
267.791
269.983
0.810403
8.57052
12.9725
19.397
23.6521
25.4903
24.3723
21.4247
18.518
17.323
18.2834
20.5696
23.7986
27.5128
32.3095
38.1708
45.0401
52.695
60.9155
69.1568
76.243
80.2752
80.6727
78.4805
72.5969
62.6286
47.9703
26.2637
-3.20876
-44.0028
-105.743
-192.914
-301.47
-436.571
-605.527
-921.919
-1290.96
-2848.52
-6113.74
-11596.2
-14678
-12036.2
-10419
-8132.92
-7759.32
-8897.88
-12810.1
-12870.5
-11953.1
-12936.7
-19924.1
-22574.9
-21010.7
-21717.7
-22685.8
-20555.1
-17642.8
-13444.5
-8146.72
-4442.32
-2252.92
-1047.24
-411.098
-57.1895
135.706
225.032
270.423
279.029
272.574
263.445
257.086
248.974
245.894
243.264
251.729
265.598
272.131
269.934
272.023
0.739364
8.67374
13.0007
19.4906
23.703
25.4547
24.1609
21.2478
18.5771
17.7899
19.1266
21.6524
25.1971
29.3319
34.5217
40.7299
47.9199
55.9341
64.4418
72.8553
80.0972
84.5958
85.0414
82.8705
76.999
66.9665
52.3485
30.3001
0.460252
-41.0734
-104.15
-194.543
-307.941
-449.081
-629.448
-956.271
-1363.01
-3120
-6594.76
-12525.7
-15729.7
-12882.1
-11230.8
-8693.62
-8298.48
-9490
-13673.1
-13771.6
-12308.5
-13488.8
-21253.6
-22468
-20453.2
-20984.4
-21802.4
-19923.5
-17091
-12926.5
-7907.08
-4419.87
-2289.48
-1101.43
-455.438
-92.7026
108.801
206.487
258.398
271.758
268.372
260.602
254.774
246.802
244.299
242.999
252.984
267.14
273.98
272.213
273.778
0.662068
8.75008
12.9768
19.4986
23.6534
25.3547
23.965
21.2105
18.8502
18.4554
20.0985
22.8484
26.6873
31.2347
36.7863
43.3423
50.8818
59.2766
68.0831
76.7003
84.1243
89.1527
89.6687
87.5537
81.7417
71.6858
57.1608
34.9133
4.75519
-37.36
-101.266
-194.087
-312.334
-459.62
-650.273
-984.147
-1433.91
-3378.82
-6992.24
-13373.6
-16660.8
-13648.2
-11970.5
-9220.71
-8834.47
-10089
-14507.6
-14832.4
-12774.2
-14184.1
-22505.6
-21811.8
-19859.3
-20168.2
-20818
-19123.8
-16404.7
-12366.3
-7655.58
-4381.97
-2316.72
-1149.52
-497.661
-127.397
82.437
188.499
246.773
264.688
264.19
257.517
252.151
244.287
242.454
242.878
254.344
268.597
275.732
274.374
275.571
0.580419
8.80134
12.9049
19.4276
23.5137
25.1991
23.8042
21.308
19.3101
19.2843
21.1922
24.162
28.2754
33.1912
39.1004
45.9978
53.9072
62.7
71.8361
80.6889
88.334
93.9586
94.5804
92.5329
86.8554
76.7925
62.3826
40.1131
9.6894
-32.8703
-97.1926
-191.633
-314.612
-468.052
-667.464
-1005.32
-1503.2
-3609.27
-7302.6
-14195.4
-17452.8
-14318.7
-12619.4
-9700.73
-9357.37
-10695.9
-15281
-15978.2
-13312.9
-15026.7
-23319.7
-20870.5
-19185.6
-19270.9
-19761
-18220.5
-15631.2
-11780.5
-7395.12
-4329.25
-2336.67
-1191.74
-537.512
-160.898
56.7802
171.222
235.679
257.827
260.011
254.091
249.129
241.532
240.556
243.132
255.755
269.976
277.49
276.673
276.811
0.496426
8.82987
12.7926
19.286
23.2939
24.9918
23.6874
21.5276
19.9226
20.2353
22.3733
25.5527
29.9393
35.1913
41.4496
48.6886
56.9638
66.1849
75.7018
84.8423
92.769
98.9432
99.776
97.8018
92.3542
82.291
68.0125
45.8638
15.2625
-27.6183
-92.0421
-187.562
-314.951
-474.322
-680.703
-1020.09
-1569.67
-3795.62
-7541.27
-15052
-18110.6
-14896.6
-13162.1
-10121.2
-9854.16
-11317.1
-15986.2
-17160.1
-13908.6
-15991.6
-23408.4
-19870.1
-18423
-18310.8
-18670.4
-17263.6
-14809.1
-11184.7
-7129.25
-4262.29
-2349.08
-1228.3
-574.968
-193.092
32.0043
154.679
225.095
251.185
255.663
250.197
245.722
238.791
239.027
243.738
257.191
271.259
278.989
279.533
277.373
0.412001
8.83859
12.6483
19.085
23.008
24.7443
23.6154
21.8429
20.6444
21.2652
23.605
26.9957
31.6563
37.2267
43.8129
51.409
60.0508
69.7382
79.6846
89.1866
97.4686
104.046
105.243
103.369
98.2052
88.1773
74.061
52.1442
21.4588
-21.6342
-85.9197
-182.207
-313.642
-478.487
-689.96
-1029.18
-1631.06
-3926.3
-7733.07
-15947.3
-18642.1
-15378.1
-13587.1
-10470.6
-10307.5
-11963.3
-16671.7
-18349.5
-14600.3
-16933.4
-22856.7
-18853.7
-17584.4
-17300.5
-17559.1
-16281.3
-13967.2
-10592.1
-6861.38
-4182.58
-2353.45
-1259.02
-609.711
-223.584
8.46108
138.966
214.905
244.703
250.933
245.947
242.172
236.286
238.109
244.646
258.608
272.44
280.603
280.303
276.93
0.328901
8.83229
12.4815
18.8373
22.6686
24.4747
23.5884
22.2321
21.4276
22.3225
24.8588
28.482
33.4068
39.2868
46.202
54.1696
63.1961
73.3643
83.7705
93.7087
102.412
109.31
111.039
109.258
104.379
94.4372
80.5217
58.9189
28.2589
-14.9593
-78.9812
-175.771
-310.928
-480.664
-695.455
-1033.45
-1684.23
-3997.27
-7897.36
-16798.3
-19024.4
-15743.9
-13884.5
-10732.7
-10698.4
-12639.9
-17451.4
-19567
-15497.2
-17653.1
-21970.7
-17803.3
-16685.3
-16255.9
-16437.5
-15290.3
-13126.8
-10011.7
-6593.86
-4092.21
-2349.92
-1284.16
-641.472
-252.064
-13.6345
124.077
205.003
238.254
245.784
241.559
238.696
234.233
237.756
245.801
259.955
273.415
282.274
280.695
275.856
0.248226
8.81486
12.3032
18.5624
22.2984
24.2019
23.602
22.6692
22.2416
23.3881
26.1191
29.9829
35.1699
41.3626
48.624
56.974
66.4155
77.0541
87.9395
98.3774
107.564
114.797
117.222
115.492
110.862
101.071
87.3762
66.1288
35.6186
-7.65139
-71.3839
-168.592
-307.001
-480.975
-697.585
-1033.75
-1725.88
-4012.31
-8037.87
-17472.1
-19217.2
-15987.8
-14043.8
-10882.2
-11012.5
-13329.2
-18459.8
-20867.1
-16689
-18067
-20965.4
-16720.3
-15733.3
-15191
-15315.8
-14303.6
-12302
-9448.52
-6327.84
-3993.19
-2338.88
-1304.13
-670.015
-278.276
-34.2171
109.92
195.32
231.695
240.25
237.119
235.376
232.689
237.866
247.102
261.181
274.353
282.87
281.801
273.875
0.171112
8.78704
12.1186
18.2764
21.9211
23.943
23.6565
23.1329
23.0564
24.4374
27.3659
31.4757
36.9357
43.4373
51.0616
59.8088
69.6994
80.7921
92.1951
103.193
112.922
120.537
123.794
122.079
117.643
108.094
94.6035
73.7339
43.4709
0.214815
-63.248
-161.047
-302.07
-479.56
-696.886
-1030.89
-1753.56
-3979.65
-8144.37
-17867.8
-19210.9
-16105
-14050.1
-10889.4
-11242.3
-13981.1
-19665.1
-22295.1
-18271.7
-18230.5
-19901.8
-15614
-14737
-14117.4
-14205.7
-13330.8
-11500.6
-8905.41
-6063.77
-3887.11
-2320.78
-1319.2
-695.172
-302.114
-53.3513
96.4164
185.812
224.893
234.45
232.658
232.279
231.638
238.34
248.45
262.229
275.234
282.64
283.373
274.005
0.099336
8.75069
11.9305
17.9883
21.5526
23.7058
23.7406
23.6047
23.8518
25.456
28.5952
32.9613
38.6957
45.5045
53.5069
62.6809
73.0279
84.5906
96.5629
108.171
118.499
126.571
130.748
129.03
124.719
115.489
102.179
81.7004
51.7496
8.5714
-54.6769
-153.201
-296.305
-476.612
-693.999
-1025.88
-1766.88
-3908.6
-8201.13
-17957
-19009.4
-16074.3
-13882.4
-10731.4
-11378.8
-14541.3
-20910.6
-23888.6
-20199.7
-18261.2
-18806.4
-14487.6
-13705
-13043.4
-13118.4
-12380.2
-10727.6
-8383.79
-5801.94
-3775.36
-2296.27
-1329.69
-716.918
-323.662
-71.1729
83.5168
176.429
217.792
228.569
228.289
229.51
231.032
239.071
249.767
263.118
275.699
282.427
284.581
276.493
0.0332316
8.70802
11.7453
17.7075
21.2043
23.4986
23.8473
24.0756
24.6312
26.4592
29.8123
34.4292
40.4352
47.5678
55.9594
65.5969
76.4143
88.4924
101.073
113.327
124.308
132.91
138.05
136.374
132.095
123.194
110.07
89.9857
60.3848
17.3276
-45.8021
-145.002
-289.836
-472.378
-689.651
-1019.86
-1767.38
-3808.79
-8192.97
-17756.8
-18614.9
-15867.9
-13521.2
-10398.6
-11403
-14979.8
-22039.5
-25614.4
-22312.7
-18278.9
-17724.1
-13339.7
-12642.3
-11977
-12062.5
-11458.9
-9986.95
-7884.03
-5543.03
-3659.54
-2266.29
-1336.05
-735.377
-343.087
-87.7821
71.1739
167.09
210.456
222.785
224.174
227.124
230.766
239.957
250.991
263.894
275.678
282.486
284.815
279.526
-0.0281747
8.66017
11.5665
17.4408
20.8779
23.3208
23.9726
24.5427
25.3982
27.4544
31.0196
35.8743
42.1499
49.621
58.4088
68.5242
79.8722
92.5082
105.738
118.671
130.363
139.561
145.616
144.132
139.788
131.157
118.241
98.5635
69.2896
26.3567
-36.7926
-136.625
-282.89
-467.191
-684.614
-1014.01
-1757.63
-3688.63
-8109.6
-17304.7
-18033.7
-15468.5
-12959.8
-9895.35
-11288.7
-15285
-22983.7
-27384.2
-24414.2
-18341.6
-16717.7
-12174.2
-11551.2
-10926.2
-11044.8
-10573.5
-9281.75
-7406.42
-5288.52
-3541.62
-2231.99
-1338.8
-750.795
-360.541
-103.206
59.3372
157.728
203.04
217.242
220.396
225.065
230.679
240.884
252.083
264.509
275.487
282.728
284.931
284.845
-0.0854186
8.60832
11.3944
17.1879
20.5751
23.1673
24.1091
25.0012
26.1518
28.4416
32.2199
37.3036
43.8415
51.6529
60.8537
71.459
83.3806
96.6158
110.545
124.194
136.675
146.554
153.337
152.304
147.808
139.346
126.657
107.406
78.4014
35.5352
-27.803
-128.333
-275.746
-461.436
-679.61
-1009.25
-1740.32
-3554.91
-7949.04
-16649.1
-17281.2
-14877.3
-12210.7
-9237.46
-11010
-15441.1
-23729
-29071.9
-26336.2
-18438.8
-15823.2
-11010.2
-10438
-9897.09
-10069.6
-9730.84
-8614.97
-6952.22
-5040.68
-3423.74
-2194.54
-1338.34
-763.456
-376.112
-117.437
47.959
148.341
195.728
212.007
216.968
223.25
230.632
241.75
253.04
264.959
275.462
283.005
285.458
289.589
-0.139313
8.55321
11.2317
16.9512
20.2982
23.0345
24.2522
25.4472
26.8875
29.4131
33.4023
38.7094
45.5012
53.655
63.2961
74.4128
86.9129
100.809
115.478
129.873
143.242
153.902
161.178
160.889
156.154
147.728
135.265
116.444
87.6803
44.7482
-18.9754
-120.31
-268.657
-455.525
-675.2
-1006
-1717.57
-3413.47
-7718.73
-15841.2
-16382.9
-14113.6
-11302
-8446.91
-10551.4
-15422.1
-24215.6
-30465.9
-27957.3
-18527.3
-15034.6
-9871.85
-9309.27
-8894.38
-9139.32
-8935.9
-7989.8
-6523.45
-4801.94
-3307.82
-2155.04
-1335.01
-773.586
-389.829
-130.482
36.9988
139.009
188.622
207.046
213.857
221.616
230.574
242.523
253.893
265.395
275.78
283.437
286.454
288.781
-0.190821
8.49379
11.077
16.7328
20.0449
22.9185
24.3983
25.8804
27.6031
30.3637
34.5604
40.0896
47.1308
55.6269
65.7166
77.3534
90.4658
105.081
120.547
135.736
150.075
161.589
169.265
169.904
164.821
156.267
144.017
125.609
97.0192
53.8546
-10.4531
-112.679
-261.865
-449.829
-671.708
-1004.08
-1690.85
-3269.92
-7432.42
-14923.4
-15367.4
-13207.1
-10268.8
-7545.83
-9912.26
-15210.7
-24336.1
-31347
-29177.2
-18554
-14313.9
-8779.41
-8172.24
-7921.86
-8254.22
-8191.15
-7408.46
-6121.85
-4574.38
-3195.37
-2114.39
-1329.17
-781.334
-401.692
-142.366
26.4427
129.831
181.689
202.282
211.012
220.164
230.527
243.226
254.695
266.055
276.525
284.086
287.543
285.183
-0.240474
8.42979
10.9271
16.53
19.8131
22.8176
24.5444
26.3015
28.3012
31.2944
35.6948
41.4469
48.7419
57.5772
68.1089
80.2828
94.0459
109.413
125.755
141.82
157.178
169.587
177.716
179.354
173.79
164.942
152.883
134.852
106.265
62.7149
-2.35247
-105.541
-255.555
-444.618
-669.201
-1002.94
-1661.36
-3129.67
-7103.63
-13920.7
-14261.3
-12188.3
-9142.43
-6551.14
-9104.57
-14812
-24092.1
-31579.7
-29933.1
-18470
-13606.6
-7738.94
-7037.34
-6982.79
-7413.61
-7495.71
-6871.29
-5748.2
-4359.37
-3087.37
-2073.27
-1321.16
-786.797
-411.721
-153.122
16.3111
120.854
174.857
197.685
208.429
218.936
230.551
243.905
255.589
267.158
277.718
284.81
288.335
285.256
-0.28878
8.36262
10.7814
16.3403
19.6018
22.7309
24.6892
26.7088
28.9783
32.2014
36.8041
42.7801
50.3329
59.5038
70.4782
83.2124
97.6476
113.81
131.09
148.112
164.55
177.902
186.538
189.208
183.011
173.738
161.86
144.107
115.288
71.2238
5.2155
-99.0402
-249.863
-440.047
-667.575
-1002
-1630.51
-2997.06
-6740.74
-12843.8
-13087.4
-11082.1
-7943.93
-5472.16
-8149.36
-14248.5
-23687.3
-31271.8
-30204.2
-18230.9
-12856.6
-6745.74
-5920
-6079.24
-6617.57
-6846.23
-6376.84
-5402.23
-4157.54
-2984.34
-2032.06
-1311.21
-790.047
-419.958
-162.792
6.64232
112.085
168.118
193.282
206.158
218.015
230.756
244.713
256.855
268.883
279.326
285.425
288.046
287.27
-0.335789
8.29307
10.6396
16.1623
19.4112
22.6562
24.8306
27.099
29.6297
33.0819
37.8865
44.0866
51.9004
61.4081
72.8228
86.115
101.25
118.266
136.546
154.618
172.206
186.566
195.76
199.366
192.42
182.598
170.941
153.268
123.99
79.2901
12.1324
-93.29
-244.905
-436.194
-666.656
-1000.99
-1600.06
-2874.52
-6348.15
-11704.4
-11866
-9905.62
-6682.94
-4311.59
-7070.86
-13543.4
-23287.7
-30678.5
-30067.7
-17816.3
-12021.9
-5791.96
-4838.54
-5213.31
-5867.51
-6238.46
-5921.6
-5082.6
-3968.75
-2886.38
-1990.95
-1299.48
-791.19
-426.482
-171.423
-2.50984
103.571
161.544
189.141
204.293
217.552
231.354
245.982
258.85
271.32
281.189
285.908
287.136
286.818
-0.3803
8.22253
10.5025
15.9934
19.2403
22.5934
24.9674
27.4693
30.2509
33.9287
38.9334
45.3597
53.442
63.2923
75.1439
88.9875
104.84
122.751
142.099
161.327
180.144
195.589
205.429
209.668
201.961
191.449
180.025
162.208
132.333
86.819
18.3009
-88.3268
-240.729
-433.073
-666.31
-1000
-1571.86
-2762.46
-5931.63
-10529.9
-10620
-8671.09
-5363.09
-3070.11
-5890.45
-12707
-22850.7
-29942.7
-29614.9
-17247.5
-11086.1
-4872.93
-3816.59
-4387.72
-5165.09
-5668.55
-5500.15
-4787.12
-3792.38
-2793.42
-1950.11
-1286.13
-790.384
-431.407
-179.056
-11.0681
95.4278
155.222
185.317
202.891
217.67
232.618
248.09
261.78
274.364
283.052
286.172
286.816
286.319
-0.421278
8.15176
10.3727
15.8329
19.0852
22.5415
25.0997
27.8185
30.8365
34.7334
39.9371
46.5914
54.9456
65.1396
77.4313
91.8402
108.422
127.245
147.712
168.19
188.35
204.962
215.555
219.983
211.601
200.238
188.931
170.812
140.257
93.6902
23.6473
-84.1964
-237.33
-430.627
-666.484
-999.404
-1547.32
-2660.08
-5501.73
-9361.19
-9376.59
-7393.43
-3990.58
-1753.47
-4627.9
-11745.9
-22281.4
-29080.6
-28902
-16549.7
-10065.2
-3989.04
-2881.95
-3605.17
-4511.53
-5135.99
-5107.52
-4513.57
-3627.77
-2705.32
-1909.73
-1271.38
-787.845
-434.882
-185.711
-18.9281
87.7962
149.225
181.832
201.902
218.417
234.71
251.15
265.528
277.716
284.711
286.208
287.009
286.166
-0.457911
8.08109
10.2529
15.6824
18.9453
22.4987
25.2276
28.1472
31.3853
35.4964
40.8982
47.7814
56.4098
66.9471
79.6805
94.6631
111.99
131.742
153.359
175.181
196.779
214.693
226.143
230.346
221.317
208.887
197.487
178.972
147.641
99.8173
28.1248
-80.9586
-234.697
-428.801
-667.203
-999.6
-1527.12
-2566.19
-5074.08
-8244.54
-8165.41
-6094.54
-2581.89
-377.98
-3305.8
-10677.3
-21536.3
-28080.7
-27979.9
-15740.4
-8998.5
-3148.99
-2056.49
-2870.14
-3906.74
-4642.11
-4741.11
-4260.45
-3474.46
-2622.07
-1870.1
-1255.55
-783.829
-437.069
-191.355
-25.9522
80.8043
143.639
178.677
201.239
219.73
237.522
254.92
269.724
281.019
286.046
286.096
286.719
286.003
-0.489388
8.01081
10.1439
15.5434
18.8198
22.4634
25.3493
28.4546
31.899
36.2178
41.8158
48.9275
57.8307
68.7113
81.8847
97.4401
115.525
136.233
159.021
182.259
205.363
224.76
237.17
240.981
231.027
217.326
205.505
186.496
154.357
105.195
31.7509
-78.5797
-232.78
-427.575
-668.538
-1000.87
-1511.14
-2479.82
-4665.76
-7221.54
-7017.26
-4805.74
-1165.84
1028.7
-1948.96
-9535.72
-20630.9
-26950.8
-26886.6
-14841.5
-7922.24
-2370.34
-1340.99
-2190.03
-3350.47
-4187.4
-4400.87
-4026.96
-3332.3
-2543.83
-1831.56
-1238.98
-778.611
-438.126
-195.935
-32.0111
74.5333
138.521
175.819
200.8
221.373
240.701
258.974
273.929
283.951
286.988
286.033
286.081
285.997
-0.51441
7.94251
10.045
15.4163
18.7079
22.4344
25.4626
28.7399
32.3783
36.8975
42.6897
50.0255
59.1992
70.4196
84.0319
100.166
119.018
140.698
164.681
189.375
214.05
235.038
248.528
252.059
240.749
225.562
212.744
193.109
160.289
109.865
34.6279
-76.9395
-231.493
-426.913
-670.515
-1003.24
-1498.66
-2400.49
-4291.17
-6319.9
-5959.52
-3564
221.166
2431.19
-581.638
-8363.86
-19610
-25723.7
-25644
-13870.9
-6856.89
-1667.99
-719.022
-1572.93
-2842.77
-3772.43
-4088.46
-3812.76
-3201.46
-2470.91
-1794.51
-1222.05
-772.469
-438.194
-199.442
-37.0553
69.0202
133.893
173.215
200.452
223.036
243.857
262.905
277.753
286.311
287.57
286.083
285.737
286.057
-0.531622
7.87845
9.95549
15.3008
18.6091
22.4107
25.568
29.0032
32.8251
37.5407
43.5268
51.0838
60.5243
72.0813
86.1305
102.844
122.464
145.124
170.317
196.488
222.756
245.348
260.001
263.457
250.696
233.699
219.063
198.633
165.316
113.816
36.8397
-75.9358
-230.766
-426.76
-673.039
-1006.43
-1488.74
-2328.18
-3959.52
-5549.87
-5010.93
-2403.49
1543.34
3793.54
775.085
-7190.57
-18512.1
-24434.2
-24255.9
-12843.1
-5818.13
-1044.1
-173.268
-1023.82
-2382.88
-3397.12
-3805.18
-3617.86
-3082.15
-2403.6
-1759.31
-1205.13
-765.685
-437.357
-201.926
-41.1408
64.2699
129.779
170.858
200.113
224.513
246.704
266.407
280.951
288.063
287.906
286.165
285.653
286.171
-0.540018
7.82017
9.87565
15.197
18.5238
22.3929
25.6663
29.2487
33.2469
38.1529
44.3303
52.1047
61.8075
73.6971
88.1775
105.466
125.854
149.497
175.903
203.549
231.384
255.528
271.316
274.844
260.987
241.77
224.553
203.111
169.349
116.939
38.3494
-75.5156
-230.524
-427.04
-675.917
-1009.96
-1480.45
-2263.12
-3674.16
-4906.9
-4179.68
-1348.83
2772.09
5085.23
2103.63
-6021.92
-17348.3
-23100.4
-22728.7
-11780.6
-4828.64
-489.065
307.902
-541.495
-1969.48
-3060.89
-3551.13
-3442.56
-2974.44
-2342.2
-1726.32
-1188.56
-758.541
-435.721
-203.492
-44.3878
60.25
126.204
168.785
199.784
225.752
249.129
269.335
283.468
289.298
288.11
286.23
285.67
286.258
-0.539481
7.7689
9.80683
15.1047
18.4501
22.3788
25.7592
29.4796
33.6442
38.7324
45.0952
53.0801
63.0375
75.2498
90.1498
108.004
129.148
153.765
181.374
210.466
239.818
265.41
282.218
285.928
271.437
249.71
229.49
206.722
172.384
119.107
39.1041
-75.602
-230.651
-427.672
-678.965
-1013.41
-1473.23
-2205.76
-3433.79
-4377.4
-3464.8
-413.013
3887.85
6283.82
3386.43
-4855.16
-16117.1
-21733.6
-21100.1
-10721.1
-3916.16
7.34879
732.432
-118.484
-1601.1
-2763.18
-3326.15
-3287.18
-2878.27
-2286.94
-1695.86
-1172.69
-751.303
-433.465
-204.291
-46.9235
56.9082
123.191
167.037
199.514
226.796
251.148
271.696
285.376
290.153
288.271
286.277
285.708
286.295
-0.532283
7.72509
9.75054
15.0254
18.3895
22.3739
25.8541
29.7032
34.0255
39.2868
45.8269
54.0144
64.2146
76.7339
92.0325
110.426
132.295
157.851
186.619
217.104
247.892
274.791
292.484
296.399
281.577
257.573
234.288
209.703
174.515
120.292
39.1213
-76.123
-231.083
-428.629
-682.104
-1016.78
-1467.12
-2156.39
-3234.45
-3944.72
-2859.48
400.344
4878.79
7375.56
4601.23
-3698.82
-14838.6
-20358.5
-19449.8
-9712.33
-3107.26
447.412
1106.16
254.291
-1276.49
-2503.26
-3130
-3151.8
-2793.66
-2237.99
-1668.23
-1157.82
-744.188
-430.805
-204.502
-48.8736
54.1808
120.732
165.642
199.353
227.715
252.829
273.571
286.8
290.756
288.437
286.352
285.758
286.309
-0.522334
7.69097
9.7053
14.959
18.3432
22.377
25.9449
29.9139
34.3828
39.8066
46.5151
54.8939
65.3207
78.1265
93.7943
112.689
135.235
161.669
191.52
223.301
255.392
283.424
301.843
305.913
290.967
265.342
239.128
212.204
175.94
120.76
38.615
-76.9979
-231.771
-429.778
-685.147
-1019.98
-1462.11
-2114.97
-3071.42
-3593.85
-2355.02
1092.85
5739.01
8351.21
5721.08
-2584.23
-13570.4
-19029
-17882.5
-8803.16
-2422.95
826.259
1432.04
582.39
-994.867
-2280.67
-2962.88
-3036.5
-2720.71
-2195.49
-1643.71
-1144.25
-737.395
-427.968
-204.319
-50.3588
51.9955
118.793
164.598
199.327
228.555
254.233
275.053
287.869
291.218
288.628
286.474
285.82
286.325
-0.511795
7.67245
9.67574
14.9132
18.3187
22.3967
26.0452
30.1211
34.717
40.2824
47.1404
55.6907
66.321
79.3846
95.3845
114.73
137.885
165.105
195.923
228.851
262.07
291.042
310.04
314.238
299.332
272.7
243.947
214.425
176.874
120.798
37.8295
-78.0915
-232.641
-430.953
-687.879
-1022.78
-1457.97
-2081.28
-2939.98
-3312.31
-1942.94
1668.26
6466.3
9200.39
6718.01
-1557.19
-12389
-17818.6
-16496.9
-8032.56
-1875.27
1137.23
1709.97
866.222
-756.23
-2095.28
-2825.15
-2941.48
-2659.62
-2159.56
-1622.54
-1132.27
-731.149
-425.195
-203.943
-51.4794
50.2827
117.323
163.886
199.442
229.342
255.418
276.241
288.705
291.621
288.864
286.652
285.889
286.373
-0.510905
7.66665
9.66039
14.8839
18.3079
22.4208
26.1341
30.2975
35.001
40.6882
47.6775
56.3786
67.1857
80.4716
96.7551
116.481
140.147
168.022
199.647
233.533
267.681
297.417
316.904
321.249
306.475
279.257
248.624
216.667
177.527
120.462
36.7345
-79.4739
-233.909
-432.579
-690.956
-1026.06
-1455.98
-2056.84
-2839.08
-3094.05
-1618.81
2128.73
7057.8
9908.26
7559.76
-669.387
-11368.8
-16796.8
-15359.9
-7422.26
-1464.91
1377.44
1937.75
1102.6
-561.595
-1947.01
-2716.4
-2866.79
-2610.77
-2130.42
-1605.04
-1122.18
-725.708
-422.728
-203.529
-52.3084
48.9948
116.288
163.489
199.699
230.104
256.451
277.237
289.417
292.027
289.152
286.858
285.964
286.427
-0.507524
7.69567
9.67532
14.8902
18.3336
22.4741
26.238
30.47
35.2565
41.0382
48.1331
56.956
67.905
81.3696
97.8791
117.903
141.962
170.337
202.582
237.205
272.066
302.392
322.29
326.821
312.27
284.803
253.012
219.31
178.724
120.735
36.456
-79.8355
-233.968
-432.709
-692.034
-1026.98
-1452.74
-2036.65
-2760.47
-2928.34
-1374.11
2480.16
7513.15
10461.1
8220.82
42.8511
-10551.8
-15997.9
-14500.1
-6977.67
-1180.87
1549.26
2111.49
1286.29
-412.843
-1835.91
-2635.81
-2811.96
-2574.34
-2108.29
-1591.49
-1114.26
-721.316
-420.741
-203.156
-52.8794
48.1251
115.676
163.388
200.091
230.861
257.388
278.126
290.088
292.478
289.505
287.072
286.058
286.502
-0.486411
7.74348
9.73168
14.9352
18.3927
22.5439
26.3339
30.6061
35.4497
41.3062
48.4911
57.4164
68.479
82.0761
98.7418
118.959
143.259
171.933
204.543
239.609
274.905
305.61
325.814
330.563
316.347
288.988
256.673
221.912
180.118
121.081
36.0297
-80.7667
-235.091
-434.351
-694.806
-1030.07
-1453.55
-2026.43
-2710.13
-2820.5
-1216.26
2714.51
7822.16
10837.9
8671.23
533.295
-9989.14
-15460.5
-13935.4
-6695.11
-1005.38
1656.08
2224.14
1411.19
-312.266
-1762.72
-2583.49
-2776.72
-2550.51
-2093.41
-1582.12
-1108.62
-718.09
-419.22
-202.756
-53.1088
47.7433
115.521
163.607
200.657
231.679
258.321
279.01
290.805
293.017
289.927
287.301
286.162
286.563
-0.443902
7.88367
9.85358
15.0722
18.5426
22.7052
26.507
30.798
35.6701
41.5652
48.7981
57.7781
68.9022
82.5705
99.3165
119.622
144.025
172.819
205.586
240.871
276.432
307.434
327.96
333.036
319.254
292.26
259.955
224.843
182.512
122.95
37.5969
-79.2554
-233.392
-432.633
-693.466
-1028.75
-1450.9
-2017.75
-2679.98
-2761.3
-1131.65
2845.41
7993.28
11039.2
8913.77
802.018
-9688.83
-15187.9
-13656.2
-6559.49
-923.889
1702.67
2272.46
1476.24
-258.452
-1724.57
-2557.08
-2759.16
-2538.2
-2085.27
-1576.67
-1105.1
-715.899
-418.01
-202.189
-52.8921
47.9005
115.836
164.148
201.4
232.563
259.263
279.904
291.576
293.633
290.382
287.548
286.285
286.615
)
;

boundaryField
{
    inletFace
    {
        type            zeroGradient;
    }
    inlet
    {
        type            zeroGradient;
    }
    inletWalls
    {
        type            zeroGradient;
    }
    outletInlet
    {
        type            cyclicAMI;
        value           nonuniform List<scalar> 
15
(
278.49
274.378
283.4
290.276
307.77
310.472
311.299
312.171
312.411
312.481
309.895
309.558
304.263
300.773
296.083
)
;
    }
    fineSymmetryWall
    {
        type            symmetryPlane;
    }
    fineWalls
    {
        type            zeroGradient;
    }
    fineCyclicBoundary
    {
        type            fixedValue;
        value           uniform 0;
    }
    fineplug
    {
        type            cyclicAMI;
        value           nonuniform List<scalar> 
80
(
279.348
277.314
279.89
279.725
275.768
278.918
274.879
276.813
262.592
282.331
271.145
290.275
287.272
278.295
282.062
281.499
285.479
286.706
300.23
257.218
314.789
306.068
306.954
307.751
307.997
308.539
309.543
310.588
310.885
310.973
311.097
309.409
310.587
311.102
311.226
311.284
311.889
312.853
312.726
311.844
311.256
312.099
313.159
313.495
312.911
312.247
311.495
311.552
311.671
313.894
313.417
311.803
311.534
311.985
311.26
310.186
308.393
306.196
312.602
313.342
310.744
309.074
307.043
305.532
306.213
304.671
302.875
300.69
306.278
304.973
302.749
301.79
300.315
298.824
295.312
294.451
294.971
299.105
297.052
293.743
)
;
    }
    faceFine
    {
        type            zeroGradient;
    }
}


// ************************************************************************* //
