/*--------------------------------*- C++ -*----------------------------------*\
| =========                 |                                                 |
| \\      /  F ield         | OpenFOAM: The Open Source CFD Toolbox           |
|  \\    /   O peration     | Version:  4.1                                   |
|   \\  /    A nd           | Web:      www.OpenFOAM.org                      |
|    \\/     M anipulation  |                                                 |
\*---------------------------------------------------------------------------*/
FoamFile
{
    version     2.0;
    format      ascii;
    class       volScalarField;
    location    "2";
    object      p;
}
// * * * * * * * * * * * * * * * * * * * * * * * * * * * * * * * * * * * * * //

dimensions      [0 2 -2 0 0 0 0];

internalField   nonuniform List<scalar> 
6785
(
532.394
479.058
427.251
378.823
333.886
291.812
252.384
215.294
180.099
146.612
115.51
87.2266
58.1382
23.1461
-6.35991
67.102
44.8342
38.3648
34.1713
28.5558
22.6887
17.3096
12.7082
9.04701
6.44349
5.12866
5.52725
7.54053
9.46411
9.56468
-41.918
-49.2801
-43.9373
-39.5337
-36.2917
-32.7457
-28.8701
-24.8387
-20.8003
-16.937
-13.4146
-9.97357
-6.54191
-3.89226
-2.92786
-2.21372
-4.85624
0.491812
1.64088
2.08708
2.67552
3.07376
3.17025
2.99033
2.48231
1.66719
0.696524
0.121212
0.225005
0.672182
19.6713
18.0095
20.5197
18.7354
17.2499
15.9774
14.5697
13.0779
11.6377
10.2796
9.02872
7.97221
7.32581
7.31732
7.68039
17.8007
16.2112
17.1762
15.0592
14.0156
13.4077
12.736
12.132
11.6794
11.4197
11.3183
11.3222
11.5083
11.8682
12.175
13.2768
11.9148
12.4275
11.1886
11.1767
11.535
11.7702
12.0532
12.4396
12.9253
13.4663
13.9969
14.438
14.7719
14.9748
12.6501
11.8011
12.3805
12.014
12.596
13.3027
13.7909
14.2666
14.7686
15.2741
15.7582
16.1922
16.535
16.7653
16.8621
14.3626
13.9941
14.6291
14.7074
15.3695
15.9359
16.2438
16.5268
16.8115
17.0554
17.2544
17.4009
17.4763
17.5
17.5131
16.2503
16.2035
16.8044
17.0176
17.5112
17.787
17.8415
17.9039
17.9739
18.0003
17.9873
17.9539
17.9074
17.867
17.842
17.4212
17.5099
17.999
18.1885
18.4656
18.485
18.3452
18.246
18.1631
18.0362
17.8847
17.7184
17.5727
17.4694
17.4271
17.5538
17.6917
18.0421
18.1203
18.1882
18.0352
17.8073
17.648
17.5061
17.3351
17.1488
16.9824
16.8222
16.7015
16.6205
18.4194
18.3801
18.3492
18.0593
17.7394
17.2497
16.7404
16.3298
15.9552
15.5743
15.2155
14.8835
14.6228
14.4321
14.3115
15.3095
15.7429
16.1301
15.9851
15.5579
14.986
14.4876
14.1054
13.7502
13.3839
13.022
12.6934
12.3422
11.9815
11.5998
30.7647
30.2635
29.4875
26.9823
23.3006
19.503
16.087
13.1871
10.6123
8.38777
6.4648
4.8586
3.57283
2.57424
1.75683
29.9324
29.3547
29.5271
29.0338
28.6002
27.6458
27.5498
26.6633
25.908
24.9178
24.9462
23.7466
22.1629
22.5952
21.587
20.5664
20.0249
20.8285
19.585
18.3366
19.4493
18.5553
17.5408
17.4637
19.0184
18.243
17.2861
17.2829
19.1445
18.4626
17.981
19.7406
19.3324
18.6912
18.909
20.8198
20.4562
20.2077
21.8505
21.664
21.2606
21.439
22.9969
22.8895
22.5732
22.6646
23.9006
23.7611
23.6501
24.4305
24.3304
24.1931
24.4226
25.2112
25.1324
24.9729
25.1
26.0854
26.1375
26.0706
27.2294
27.3894
27.2322
27.0453
27.7446
27.8121
27.7134
27.8182
27.658
28.2816
28.8945
25.9441
24.843
24.7982
21.955
17.6621
19.848
13.4769
-3.30382
2.12801
6.0067
6.52497
7.24225
2.17267
4.6234
8.16176
9.20577
9.40479
9.10261
9.64577
11.6048
13.2323
14.1878
8.94952
9.63255
11.5136
12.9775
13.1287
13.3504
13.5154
14.052
17.7421
14.4866
14.5785
14.403
15.0674
16.3874
17.1383
17.1252
16.7616
16.5362
21.486
19.3153
18.9685
18.2551
17.9511
18.8939
19.8565
19.1139
17.6672
20.848
21.6739
22.1185
21.8619
20.8948
20.0717
19.2779
18.6219
18.105
24.8708
23.0533
20.8488
20.0526
19.4899
18.4298
16.5715
13.7371
11.9642
18.3077
19.4676
16.6471
14.5083
11.7315
8.39398
6.06923
4.58598
3.00874
2.61309
2.82005
4.98907
3.20693
2.99561
2.4568
0.503682
-2.31906
-2.89286
-1.64068
-4.82912
1.40231
0.653672
-0.0789915
1.98423
1.06408
1.52507
1.95962
2.93338
3.74852
3.05365
4.06885
4.67782
3.89449
3.96307
4.0948
4.74782
5.17971
4.51498
4.5359
4.57712
4.95138
5.12192
4.73999
5.09061
5.18871
4.84091
4.83576
4.81158
4.9786
4.98937
4.81485
4.81507
4.7661
4.84445
4.80506
4.85462
4.94198
4.81132
4.91237
4.87677
4.71573
4.69144
4.56378
4.76919
4.53447
4.19002
4.19849
4.12834
4.501
4.09776
3.38016
3.86628
3.59278
3.14858
3.21173
3.20741
4.02086
3.30977
2.42673
2.43727
2.48274
3.57431
2.8433
1.55529
2.59637
2.06327
1.26959
1.35898
1.41622
2.96147
1.87421
0.498425
0.435283
0.450224
2.2398
1.1643
-0.748534
0.868483
-0.0522408
-1.31834
-1.41176
-1.14912
0.0494492
0.020895
0.0379032
0.0494871
0.0699484
0.0998041
0.132389
0.159842
0.179635
0.204727
0.237084
0.263791
0.273001
0.261975
0.247529
0.232118
0.205389
0.166333
0.123566
0.101151
0.0950403
0.0861292
0.0723414
0.0706844
0.08324
0.0878978
0.0693086
0.025951
0.0145698
0.0428298
-0.0160508
-0.0313526
-0.0327742
-0.0369187
-0.0141641
0.013223
-0.00590054
-0.00656701
0.0351541
0.0881958
0.150584
-0.0112091
-0.166074
0.0566887
0.268123
0.385671
0.15787
-0.462082
-0.243019
0.233605
0.198368
0.25865
0.203521
0.707905
-1.16346
0.016372
0.220614
0.178887
0.423767
0.118145
0.091166
0.0532124
0.135848
0.137598
-0.230917
-0.476691
-0.403392
-0.254433
-0.226017
-0.12595
-0.0557859
-0.0426573
0.06306
0.105404
0.0854062
0.0887457
0.17229
0.12801
0.16953
0.0733738
0.0448087
0.0690586
0.0873799
0.119909
0.154967
0.197335
0.233929
0.264626
0.305865
0.344545
0.380365
0.394114
0.385456
0.376525
0.353845
0.323928
0.276243
0.227824
0.217545
0.20709
0.194461
0.164395
0.158821
0.16903
0.173745
0.135742
0.0709082
0.0801705
0.173044
0.12644
0.0275128
0.0268157
0.022815
0.0612055
0.0844711
0.0846933
0.0769284
0.134153
0.083374
0.197196
0.113321
-0.0645182
0.038154
0.146957
0.359739
0.456024
-0.203425
-0.0566786
0.504653
0.533518
0.520325
0.541949
1.04875
-1.57091
0.261345
0.560015
0.454639
0.872237
0.291808
0.226661
0.16066
0.204541
0.185877
-0.241819
-0.153739
-0.312065
-0.334974
-0.386562
0.432127
0.00083307
-0.136619
0.207933
0.247675
0.184239
0.191493
0.334879
0.314373
0.363864
0.0835502
0.0479483
0.0759761
0.0938843
0.129151
0.171939
0.214553
0.247723
0.274153
0.313951
0.357152
0.38862
0.392004
0.371868
0.356202
0.339137
0.310196
0.259974
0.209346
0.203152
0.211078
0.200384
0.162254
0.155409
0.18051
0.191021
0.14727
0.0722741
0.0722779
0.162894
0.144922
0.063077
0.0486593
0.0716036
0.141605
0.171116
0.152374
0.142507
0.187667
0.17654
0.297946
0.22445
0.0623453
0.140207
0.214686
0.533987
0.720044
0.187358
0.170821
0.681665
0.739128
0.677313
0.825545
1.24568
-0.92766
0.525649
0.798928
0.661424
0.977661
0.427657
0.269977
0.195032
0.269071
0.221568
-0.0578969
0.289598
0.0844527
-0.0426557
-0.225545
0.496276
-0.0725089
-0.17575
0.280114
0.364276
0.282558
0.289224
0.495912
0.522923
0.613194
0.0752704
0.032073
0.0678996
0.0864588
0.121763
0.168017
0.210326
0.241095
0.263154
0.296857
0.338385
0.364228
0.360379
0.333272
0.312823
0.303512
0.28299
0.241023
0.196498
0.193583
0.215767
0.20795
0.171075
0.16696
0.204016
0.218707
0.174501
0.0978707
0.0942062
0.181388
0.17711
0.112764
0.0935435
0.145475
0.235185
0.261752
0.215123
0.203122
0.252133
0.305237
0.417625
0.309722
0.145887
0.258453
0.366537
0.760621
0.884026
0.487583
0.47523
0.919065
0.935584
0.830283
1.07815
1.45509
-0.237434
0.75235
1.00092
0.803726
1.01252
0.574883
0.325696
0.233512
0.337416
0.31971
0.1743
0.567809
0.435705
0.293511
-0.0146674
0.417485
-0.0758681
-0.182082
0.323677
0.484833
0.402788
0.41937
0.661534
0.731474
0.836979
0.0552725
0.00749158
0.0526893
0.0742818
0.109885
0.15512
0.198044
0.229095
0.250544
0.279606
0.314816
0.337608
0.333063
0.308058
0.289363
0.284209
0.274439
0.245103
0.213114
0.214855
0.237113
0.233476
0.204646
0.20491
0.240143
0.255754
0.215906
0.148279
0.150063
0.228314
0.231217
0.18496
0.173359
0.228487
0.323343
0.349126
0.293569
0.266465
0.324645
0.420727
0.528561
0.373624
0.204393
0.339142
0.501338
0.90101
0.955542
0.714782
0.794039
1.1552
1.11336
0.97898
1.26551
1.60983
0.138498
0.926312
1.15855
0.908027
1.07462
0.71565
0.402603
0.291474
0.39674
0.438674
0.382925
0.769321
0.657175
0.51192
0.161387
0.421685
-0.0103831
-0.152143
0.395444
0.591061
0.520631
0.561306
0.83147
0.934196
1.08767
0.0432616
-0.00776691
0.0441438
0.0686194
0.105278
0.148743
0.191041
0.221954
0.243861
0.270907
0.301118
0.32164
0.317972
0.297943
0.284277
0.28205
0.278856
0.258525
0.237909
0.244124
0.262079
0.260647
0.239797
0.244354
0.274394
0.288608
0.253614
0.19982
0.211314
0.278192
0.286701
0.259338
0.261212
0.311219
0.400255
0.42451
0.373261
0.336339
0.402075
0.521067
0.620906
0.437857
0.266859
0.401825
0.604489
0.978644
1.01101
0.918575
1.08038
1.35243
1.26133
1.12018
1.38494
1.69823
0.320205
1.05681
1.27638
0.996154
1.15263
0.84524
0.490777
0.354701
0.467524
0.562365
0.578822
0.940654
0.786848
0.66177
0.320968
0.497812
0.0633549
-0.0943793
0.487544
0.688363
0.642336
0.717033
1.00685
1.14016
1.29292
0.0462064
-0.00773971
0.0478788
0.0740314
0.111914
0.153929
0.194056
0.223576
0.245506
0.272008
0.299523
0.317344
0.313482
0.297358
0.288695
0.289234
0.288288
0.272426
0.259568
0.269361
0.284081
0.282244
0.266921
0.275468
0.303046
0.314969
0.283936
0.244503
0.266868
0.326216
0.339063
0.326268
0.341332
0.390443
0.467999
0.488088
0.446602
0.415985
0.488817
0.614467
0.697133
0.51404
0.346238
0.465254
0.686131
1.04762
1.10454
1.1135
1.3269
1.50803
1.38198
1.24162
1.46031
1.75508
0.45617
1.1602
1.36428
1.07621
1.22318
0.959011
0.576923
0.418148
0.535843
0.683117
0.770527
1.09126
0.882353
0.792859
0.482141
0.593428
0.142719
-0.0141717
0.58369
0.785623
0.76864
0.878241
1.18099
1.34243
1.50495
0.0573458
0.000531886
0.0582943
0.0849983
0.123582
0.16416
0.201525
0.229083
0.25043
0.276398
0.301944
0.316876
0.312122
0.298706
0.294208
0.297553
0.297598
0.284288
0.27655
0.288543
0.301119
0.298247
0.286742
0.298638
0.325717
0.336052
0.30906
0.282788
0.315183
0.371793
0.388236
0.384858
0.410004
0.460685
0.527053
0.543676
0.515955
0.503444
0.584278
0.704019
0.765716
0.598516
0.440352
0.536364
0.763274
1.13375
1.24788
1.29154
1.52875
1.63033
1.48127
1.34247
1.51913
1.80889
0.610555
1.25136
1.43549
1.16034
1.28633
1.05517
0.660091
0.487532
0.603448
0.807404
0.970277
1.24307
0.992696
0.937608
0.653939
0.701914
0.247002
0.0897707
0.687312
0.893225
0.902744
1.042
1.35324
1.53297
1.73902
0.0673644
0.00731904
0.0665977
0.0931305
0.131826
0.171006
0.205753
0.231313
0.251625
0.27658
0.300418
0.313024
0.307837
0.297031
0.296452
0.30317
0.304865
0.29396
0.289861
0.302754
0.313924
0.310708
0.302066
0.316317
0.343554
0.353412
0.331095
0.315793
0.355383
0.411196
0.430742
0.433371
0.464269
0.516274
0.574904
0.591926
0.580369
0.589957
0.678688
0.785907
0.827288
0.677505
0.535147
0.609386
0.840092
1.22894
1.40629
1.42959
1.66739
1.72276
1.5619
1.42744
1.57022
1.85816
0.780788
1.334
1.49562
1.24947
1.34118
1.12946
0.737198
0.560481
0.667681
0.925342
1.16423
1.40286
1.13572
1.09823
0.82961
0.822919
0.375743
0.210785
0.798179
1.00956
1.03957
1.19954
1.51748
1.71922
1.9202
0.071121
0.00717716
0.0677256
0.0937871
0.132289
0.170211
0.202736
0.226578
0.245805
0.26967
0.292389
0.30399
0.299742
0.292387
0.296066
0.306706
0.31088
0.302673
0.301366
0.314395
0.32491
0.322474
0.316435
0.33224
0.359492
0.370081
0.352815
0.345685
0.389347
0.444322
0.46606
0.471776
0.50486
0.557035
0.611684
0.632963
0.639279
0.670549
0.76459
0.855478
0.879818
0.743407
0.620907
0.680392
0.917261
1.31949
1.54881
1.52121
1.74717
1.79122
1.63029
1.50123
1.61941
1.9039
0.956618
1.41114
1.5534
1.34436
1.39113
1.19258
0.811188
0.636831
0.732142
1.03503
1.32453
1.55851
1.31205
1.2722
1.00981
0.963602
0.52457
0.346736
0.919531
1.13681
1.17942
1.3499
1.67348
1.90121
2.09603
0.0686103
0.000299419
0.0620496
0.0877792
0.126163
0.163192
0.194077
0.216756
0.23527
0.258421
0.280955
0.29318
0.291467
0.288378
0.296341
0.310772
0.317758
0.312499
0.313399
0.326209
0.336826
0.336087
0.332826
0.349945
0.377021
0.388728
0.375993
0.375046
0.420042
0.473273
0.495343
0.50222
0.534949
0.586889
0.640513
0.669046
0.693083
0.742922
0.837773
0.910818
0.921298
0.793815
0.691366
0.744692
0.988576
1.39065
1.65468
1.57644
1.78952
1.84262
1.68599
1.56389
1.66322
1.9386
1.12046
1.48131
1.60726
1.43652
1.43217
1.24518
0.876538
0.708689
0.79569
1.13593
1.44307
1.69123
1.49328
1.4432
1.1896
1.11624
0.679338
0.491241
1.0441
1.26704
1.31667
1.48926
1.81645
2.06823
2.2812
0.062722
-0.0100024
0.0530047
0.0786879
0.117156
0.153693
0.183605
0.205804
0.224218
0.24724
0.270386
0.284549
0.286413
0.28776
0.299481
0.316884
0.326476
0.324167
0.326795
0.339267
0.350433
0.352116
0.352257
0.370661
0.397319
0.409985
0.401591
0.405737
0.450438
0.501386
0.52157
0.528539
0.560255
0.612033
0.66717
0.70553
0.746421
0.809718
0.899863
0.954282
0.953698
0.832166
0.748134
0.803004
1.05213
1.43966
1.72372
1.61254
1.8164
1.87752
1.72665
1.62081
1.70298
1.9618
1.26634
1.5451
1.66012
1.52127
1.4622
1.28386
0.933291
0.774684
0.862188
1.23198
1.53389
1.80841
1.66362
1.61369
1.3669
1.27266
0.833694
0.643512
1.17004
1.39724
1.45112
1.6201
1.94838
2.22575
2.44953
0.0570603
-0.0196429
0.0447041
0.070652
0.109409
0.145773
0.175324
0.197593
0.216372
0.239689
0.263879
0.28046
0.286013
0.291278
0.305906
0.325305
0.336982
0.337422
0.341497
0.353637
0.365375
0.36959
0.373351
0.392637
0.41899
0.43237
0.428757
0.43755
0.481138
0.528827
0.546387
0.554116
0.585526
0.638207
0.696998
0.74732
0.802602
0.873182
0.953656
0.990632
0.979813
0.86214
0.794488
0.855995
1.10547
1.4677
1.7606
1.64032
1.83319
1.89352
1.75169
1.67575
1.73549
1.96974
1.38607
1.6014
1.70947
1.59194
1.47665
1.30363
0.975375
0.831299
0.927982
1.3228
1.61523
1.91667
1.81334
1.78054
1.53211
1.41779
0.979987
0.797351
1.28891
1.51869
1.57865
1.74169
2.0683
2.36582
2.62987
0.0538337
-0.0261611
0.0396359
0.0660205
0.105134
0.141423
0.170962
0.193567
0.212896
0.236636
0.261787
0.280589
0.289291
0.297627
0.314264
0.334731
0.347924
0.35086
0.356357
0.36824
0.38034
0.38684
0.393758
0.413513
0.43967
0.453833
0.455373
0.468882
0.511424
0.555318
0.571622
0.581883
0.61474
0.669985
0.73487
0.798262
0.865129
0.936887
1.00355
1.02445
1.0034
0.889249
0.837333
0.908041
1.15124
1.4875
1.77649
1.6634
1.83855
1.89215
1.76762
1.72496
1.76008
1.96644
1.48165
1.65216
1.75458
1.64708
1.47746
1.30574
1.0013
0.877787
0.99186
1.41357
1.69852
2.01965
1.94721
1.93679
1.67847
1.54716
1.12263
0.953543
1.40098
1.63149
1.70024
1.85756
2.18197
2.49885
2.77538
0.0536696
-0.0288687
0.0384402
0.0653277
0.104785
0.140962
0.170554
0.193476
0.21325
0.237272
0.263067
0.283578
0.294913
0.305626
0.323547
0.344377
0.358544
0.363773
0.3707
0.38216
0.394219
0.402314
0.41133
0.431511
0.457733
0.472825
0.479296
0.49774
0.539626
0.580149
0.597451
0.612585
0.648975
0.708926
0.782135
0.858054
0.932968
1.00118
1.05202
1.0583
1.02651
0.918051
0.881859
0.961381
1.19059
1.50666
1.77654
1.67423
1.83522
1.88101
1.77872
1.7603
1.77122
1.95421
1.55222
1.69348
1.79256
1.68517
1.46463
1.29218
1.01094
0.912025
1.04869
1.5018
1.77763
2.11686
2.06612
2.06772
1.80087
1.65569
1.25909
1.10655
1.49988
1.73101
1.81394
1.96831
2.29022
2.62655
2.91724
0.0557014
-0.0288319
0.0400169
0.0673159
0.106987
0.142912
0.172498
0.195641
0.215775
0.239993
0.26614
0.287937
0.301549
0.314136
0.332799
0.353557
0.368386
0.375793
0.384129
0.394887
0.406599
0.41529
0.425465
0.446334
0.472715
0.489094
0.500063
0.523371
0.565312
0.604104
0.624591
0.646633
0.68916
0.755885
0.838822
0.92533
1.00485
1.06579
1.10034
1.09273
1.05138
0.952924
0.933323
1.01963
1.2275
1.52663
1.7635
1.67858
1.8255
1.86322
1.78648
1.78073
1.7687
1.93959
1.60411
1.72269
1.82027
1.70771
1.44159
1.2659
1.00505
0.932573
1.09555
1.58554
1.85391
2.20671
2.17227
2.17571
1.90696
1.75123
1.38764
1.25365
1.58656
1.819
1.92196
2.07718
2.39711
2.74736
3.06722
0.0587973
-0.0274785
0.0428456
0.0704141
0.110142
0.145666
0.175156
0.198552
0.21909
0.24362
0.270185
0.293156
0.308859
0.322948
0.341997
0.362536
0.377914
0.38734
0.396833
0.406806
0.418092
0.426351
0.437169
0.458878
0.485314
0.503199
0.518057
0.54595
0.588689
0.627542
0.653025
0.683715
0.734572
0.809457
0.901739
0.996028
1.07689
1.12836
1.14748
1.12696
1.07895
0.995465
0.99272
1.08257
1.2619
1.5433
1.7448
1.686
1.81416
1.8417
1.7905
1.78906
1.75329
1.92265
1.63988
1.73775
1.83485
1.71606
1.40987
1.22913
0.986043
0.940597
1.12859
1.65617
1.92782
2.28504
2.26345
2.25665
2.00082
1.83457
1.5016
1.3876
1.66037
1.89418
2.02364
2.18413
2.50247
2.86832
3.18343
0.0616652
-0.0263616
0.0453847
0.0730818
0.112731
0.147751
0.177133
0.201019
0.222265
0.247446
0.27465
0.298803
0.316314
0.331502
0.350694
0.371068
0.3871
0.398402
0.409005
0.418691
0.429283
0.436853
0.448242
0.47063
0.496903
0.51639
0.534622
0.566914
0.611399
0.652027
0.683966
0.724358
0.78505
0.868518
0.968466
1.0674
1.14647
1.18721
1.19235
1.16082
1.11114
1.04638
1.06113
1.15083
1.30106
1.56024
1.73007
1.6942
1.79613
1.81388
1.79253
1.78826
1.73263
1.90726
1.66677
1.74324
1.83739
1.71269
1.37109
1.18516
0.956628
0.937221
1.15066
1.70957
2.00103
2.35447
2.34508
2.3197
2.08934
1.9143
1.60507
1.50408
1.7272
1.96112
2.11997
2.29002
2.60901
2.98902
3.29782
0.0637556
-0.0261811
0.0469146
0.0746642
0.114203
0.148764
0.178171
0.202924
0.2253
0.251538
0.279659
0.304958
0.323922
0.339989
0.359303
0.379691
0.396474
0.409494
0.42126
0.431163
0.440626
0.447806
0.459925
0.482615
0.508855
0.529867
0.551313
0.58777
0.634515
0.678036
0.717594
0.768095
0.838569
0.930025
1.03516
1.13559
1.20996
1.24013
1.23368
1.19437
1.14842
1.10492
1.13697
1.22311
1.34761
1.5706
1.71731
1.70375
1.77578
1.78457
1.79156
1.7826
1.71266
1.8972
1.68727
1.74118
1.83103
1.69991
1.32553
1.13789
0.922009
0.927781
1.16597
1.74422
2.06715
2.41224
2.413
2.3706
2.16673
1.98856
1.70338
1.5968
1.78727
2.02231
2.20947
2.39353
2.71492
3.10394
3.42975
0.0647685
-0.0273342
0.0470867
0.0748774
0.114366
0.148656
0.178399
0.204492
0.228455
0.256055
0.285131
0.311339
0.331312
0.34816
0.367793
0.388552
0.406403
0.420941
0.434171
0.444291
0.452723
0.460003
0.473147
0.495796
0.522036
0.544636
0.569703
0.609896
0.659077
0.706458
0.75424
0.814429
0.893852
0.991927
1.09957
1.19789
1.26522
1.2858
1.27079
1.22809
1.19089
1.17049
1.22046
1.29922
1.39958
1.57277
1.7063
1.71503
1.75714
1.7579
1.78564
1.77634
1.69851
1.89611
1.70653
1.73541
1.81923
1.68116
1.2758
1.0892
0.884598
0.915857
1.17593
1.76441
2.1234
2.46313
2.47072
2.41702
2.22766
2.05591
1.793
1.66999
1.8464
2.08294
2.29229
2.49399
2.82113
3.21937
3.57018
0.0651294
-0.0293845
0.0463276
0.0741877
0.113743
0.148052
0.178534
0.206417
0.232307
0.261346
0.291238
0.318115
0.338908
0.35667
0.376921
0.398321
0.416996
0.432693
0.447785
0.457739
0.465739
0.473711
0.488018
0.510604
0.536833
0.561168
0.590251
0.633523
0.685055
0.736922
0.792855
0.861812
0.948629
1.0514
1.15884
1.2521
1.31094
1.32365
1.30318
1.26136
1.23704
1.24161
1.30774
1.37445
1.45032
1.57371
1.69856
1.72789
1.75015
1.73887
1.77764
1.77186
1.68765
1.90225
1.72478
1.72653
1.80434
1.66147
1.22619
1.03958
0.849014
0.905042
1.18321
1.77495
2.16397
2.50396
2.51994
2.45885
2.27663
2.11086
1.86387
1.73175
1.90544
2.14272
2.36953
2.58957
2.92459
3.33071
3.73081
0.0650964
-0.0319734
0.0450078
0.0730097
0.112811
0.147484
0.179094
0.209019
0.236939
0.267175
0.297533
0.324956
0.346704
0.365664
0.386828
0.408692
0.427641
0.444792
0.461667
0.471367
0.479502
0.488805
0.50433
0.526994
0.553203
0.579771
0.613054
0.65906
0.712882
0.76953
0.833024
0.909658
1.00205
1.10694
1.21179
1.29806
1.34785
1.35443
1.33172
1.29481
1.28659
1.31741
1.39805
1.45262
1.50121
1.57563
1.69148
1.73841
1.7534
1.72597
1.76946
1.77332
1.67729
1.91175
1.74491
1.71932
1.78878
1.64428
1.18068
0.990765
0.816708
0.893564
1.18858
1.782
2.19077
2.53266
2.55991
2.49406
2.3178
2.15725
1.91865
1.79008
1.96652
2.20246
2.44286
2.67977
3.02628
3.44276
3.88083
0.0652106
-0.0344164
0.0437997
0.0720296
0.112295
0.147712
0.180761
0.212752
0.242514
0.27353
0.30409
0.332226
0.355349
0.37579
0.397938
0.419347
0.438185
0.457501
0.47533
0.485024
0.493709
0.504673
0.521433
0.544432
0.57091
0.60025
0.637442
0.686202
0.742164
0.803116
0.873417
0.956584
1.05235
1.15667
1.25724
1.33579
1.37679
1.37877
1.35682
1.32852
1.33934
1.39671
1.48816
1.53268
1.54617
1.58052
1.68013
1.74339
1.76541
1.72098
1.76165
1.78252
1.67043
1.92177
1.76531
1.71473
1.774
1.63188
1.14646
0.948573
0.790062
0.88169
1.18971
1.78801
2.21272
2.54868
2.58742
2.51994
2.35127
2.19581
1.9633
1.84586
2.02579
2.25958
2.51142
2.76378
3.12403
3.55165
4.01795
0.0654743
-0.0366033
0.0428627
0.0714489
0.11243
0.148936
0.183592
0.217406
0.248549
0.279914
0.31068
0.340075
0.365191
0.387231
0.409703
0.429776
0.449034
0.470643
0.488904
0.498751
0.508048
0.520704
0.539038
0.562825
0.589821
0.622144
0.662761
0.714474
0.772446
0.83702
0.913426
1.00167
1.09855
1.19997
1.29516
1.36592
1.39908
1.39796
1.37979
1.36366
1.39603
1.47949
1.58112
1.6154
1.58675
1.59027
1.66325
1.74426
1.78049
1.72098
1.75271
1.79713
1.67381
1.9359
1.78802
1.71667
1.76145
1.62585
1.12912
0.916357
0.766502
0.865966
1.18234
1.78853
2.23659
2.56271
2.60866
2.54245
2.38047
2.22977
2.00299
1.89892
2.08421
2.3148
2.57479
2.84301
3.21845
3.65641
4.14863
0.0661391
-0.0382508
0.0424869
0.0715462
0.113462
0.151327
0.187606
0.222852
0.254851
0.286389
0.317809
0.34923
0.376833
0.399994
0.421526
0.440171
0.460505
0.483494
0.502127
0.512074
0.522033
0.536222
0.556453
0.58159
0.609371
0.644313
0.687968
0.742722
0.802596
0.870072
0.951908
1.04378
1.14002
1.23707
1.32618
1.38967
1.41641
1.41325
1.40106
1.40047
1.45724
1.56589
1.67511
1.6923
1.62043
1.60098
1.64196
1.74443
1.80119
1.72886
1.74637
1.81283
1.68775
1.95416
1.81087
1.72441
1.75069
1.62785
1.13231
0.897161
0.748446
0.848117
1.16702
1.7787
2.25699
2.58015
2.62785
2.56412
2.4051
2.25829
2.04281
1.95171
2.1376
2.36729
2.63351
2.91752
3.30692
3.7577
4.26632
0.0670121
-0.0395803
0.0424436
0.0721399
0.115181
0.154514
0.192195
0.228354
0.260892
0.293062
0.326043
0.359863
0.389946
0.413251
0.433035
0.450836
0.472479
0.495833
0.514901
0.524826
0.535421
0.550953
0.573317
0.600294
0.628925
0.665762
0.71232
0.770146
0.832099
0.901872
0.98789
1.08194
1.17661
1.26852
1.35102
1.40844
1.43082
1.42711
1.42317
1.44199
1.52483
1.6562
1.77129
1.76189
1.65209
1.6098
1.6208
1.74251
1.82264
1.74008
1.74243
1.83047
1.70742
1.97161
1.83511
1.74022
1.74255
1.6385
1.1551
0.893201
0.73781
0.830348
1.14695
1.76078
2.26581
2.59475
2.64356
2.58126
2.42366
2.28362
2.08244
2.00675
2.18601
2.4184
2.68858
2.98743
3.38893
3.85332
4.37382
0.0682534
-0.0404465
0.04287
0.07332
0.117596
0.158376
0.197157
0.233929
0.267276
0.30109
0.335952
0.371645
0.403737
0.426518
0.44459
0.462182
0.484399
0.507645
0.526964
0.536832
0.547828
0.564446
0.588942
0.618148
0.647883
0.685874
0.734865
0.795498
0.859646
0.93107
1.01995
1.11523
1.20802
1.29481
1.37077
1.42344
1.44315
1.44033
1.44702
1.48944
1.59966
1.75291
1.8709
1.82548
1.68766
1.62113
1.60479
1.73566
1.83824
1.75449
1.74032
1.84776
1.72817
1.98362
1.85735
1.76193
1.73664
1.65853
1.19685
0.907049
0.74081
0.820444
1.12795
1.73798
2.26437
2.60323
2.65491
2.59146
2.43625
2.30406
2.11949
2.05622
2.2285
2.46735
2.74034
3.05099
3.46179
3.93746
4.46423
0.0696209
-0.0410944
0.043485
0.0747494
0.120261
0.162327
0.201992
0.239593
0.274544
0.310486
0.346602
0.383826
0.417342
0.43973
0.456468
0.474315
0.496033
0.518968
0.538274
0.548208
0.559123
0.576452
0.602986
0.634717
0.665962
0.7045
0.755053
0.818103
0.884468
0.957044
1.04749
1.14335
1.23441
1.31689
1.38707
1.43618
1.45512
1.45603
1.47686
1.5462
1.68325
1.85746
1.97466
1.89387
1.73103
1.63247
1.59296
1.72213
1.84297
1.7649
1.73856
1.85981
1.74877
1.99016
1.87896
1.78989
1.7357
1.68676
1.25357
0.937031
0.757331
0.821267
1.11395
1.71294
2.25454
2.60699
2.66496
2.59455
2.44411
2.31891
2.15269
2.09755
2.26711
2.51463
2.78906
3.10814
3.52587
4.01409
4.5334
0.0712204
-0.0413091
0.0444017
0.0764067
0.122999
0.166181
0.206898
0.246075
0.283245
0.32057
0.357368
0.396215
0.430539
0.453051
0.469005
0.486985
0.507398
0.529608
0.54861
0.558705
0.568961
0.586591
0.614847
0.649126
0.682249
0.720799
0.77214
0.837118
0.905676
0.97945
1.07051
1.16641
1.25617
1.33566
1.40122
1.44743
1.4676
1.47602
1.51474
1.61269
1.77604
1.96947
2.07921
1.96793
1.77948
1.64398
1.58615
1.70624
1.83781
1.77104
1.73823
1.86668
1.76947
1.99152
1.89767
1.82096
1.73935
1.71962
1.32308
0.986263
0.790767
0.835609
1.10825
1.68905
2.23535
2.59805
2.67222
2.59198
2.45053
2.32586
2.18036
2.13373
2.30181
2.55889
2.83492
3.15981
3.57962
4.07974
4.58603
0.0728052
-0.0412967
0.0451925
0.0777707
0.12531
0.169769
0.212236
0.253779
0.29273
0.330545
0.368534
0.408738
0.443586
0.466532
0.482497
0.499839
0.518724
0.539867
0.558449
0.56863
0.577603
0.595087
0.624622
0.661156
0.696286
0.73447
0.786007
0.852351
0.92312
0.998609
1.08936
1.18482
1.27396
1.35188
1.41426
1.4587
1.48336
1.50417
1.56458
1.69065
1.87844
2.0863
2.18525
2.04627
1.83071
1.65529
1.5826
1.68995
1.82413
1.77293
1.74207
1.87321
1.79142
1.99171
1.91612
1.85535
1.74758
1.75773
1.40347
1.05918
0.841711
0.865537
1.11234
1.66687
2.20831
2.57489
2.6729
2.58724
2.45367
2.32682
2.20026
2.16743
2.33515
2.60014
2.87814
3.20853
3.62476
4.13622
4.62298
0.0744396
-0.0407463
0.0459217
0.0788621
0.127501
0.173836
0.218863
0.262685
0.302258
0.340704
0.380419
0.421197
0.456631
0.480251
0.496736
0.51263
0.53002
0.549873
0.568082
0.578191
0.585589
0.602408
0.632427
0.670629
0.707806
0.745556
0.796686
0.863773
0.936795
1.01481
1.10471
1.19954
1.28859
1.36616
1.42716
1.47131
1.50364
1.54122
1.62591
1.77894
1.98892
2.20327
2.28531
2.12355
1.88197
1.66913
1.58441
1.674
1.80351
1.77157
1.75426
1.88319
1.81677
1.99733
1.93203
1.89193
1.75845
1.79984
1.49529
1.1518
0.913875
0.914301
1.12866
1.64904
2.17414
2.5385
2.66409
2.58295
2.45074
2.32639
2.2144
2.19768
2.36678
2.63851
2.91864
3.25172
3.66142
4.18217
4.64828
0.0756942
-0.0400242
0.046168
0.0796399
0.13006
0.179092
0.226992
0.272126
0.311756
0.351777
0.392885
0.433857
0.469864
0.494528
0.511265
0.525507
0.541531
0.560144
0.578228
0.588112
0.593833
0.609528
0.639279
0.678508
0.717584
0.75486
0.804984
0.872219
0.94779
1.02914
1.11795
1.21206
1.30129
1.37985
1.44201
1.48833
1.53172
1.59041
1.70104
1.87888
2.10755
2.32166
2.3812
2.19818
1.93135
1.68734
1.59002
1.65592
1.7747
1.76123
1.76594
1.89343
1.84282
2.00899
1.9467
1.92949
1.77253
1.84114
1.59773
1.25807
1.00725
0.978461
1.15286
1.63404
2.13438
2.48881
2.64092
2.57524
2.4406
2.3234
2.22388
2.22235
2.3953
2.67594
2.95725
3.28815
3.69253
4.21504
4.66619
0.0763257
-0.0388898
0.0465567
0.0813026
0.134213
0.186042
0.236185
0.281669
0.321911
0.363765
0.405496
0.446679
0.483289
0.509457
0.525746
0.538555
0.553337
0.57085
0.5889
0.598416
0.602633
0.616957
0.64588
0.685622
0.726323
0.763125
0.811753
0.878527
0.956919
1.04202
1.13025
1.22376
1.31316
1.39393
1.45978
1.51091
1.56763
1.65036
1.7868
1.9876
2.23127
2.44272
2.47752
2.26867
1.97689
1.71153
1.60052
1.63415
1.74176
1.743
1.7656
1.90441
1.86451
2.02217
1.95768
1.9636
1.78951
1.87963
1.70489
1.37288
1.119
1.05462
1.17953
1.62194
2.09077
2.42474
2.59898
2.55852
2.42582
2.3145
2.22825
2.24172
2.42172
2.71162
2.99372
3.32012
3.71897
4.23516
4.67459
0.075738
-0.0374239
0.0474772
0.0843861
0.139679
0.193879
0.245597
0.291462
0.333175
0.37645
0.418387
0.459721
0.497117
0.524928
0.540355
0.551969
0.565741
0.582425
0.600437
0.609513
0.612397
0.625214
0.65314
0.693192
0.735254
0.77163
0.818464
0.884247
0.965353
1.05432
1.14272
1.23592
1.32601
1.41056
1.48274
1.54165
1.61359
1.72178
1.88326
2.10439
2.35809
2.56698
2.57883
2.33926
2.02103
1.73868
1.61604
1.60948
1.70726
1.71975
1.75455
1.91115
1.87449
2.03258
1.96773
1.98986
1.80706
1.91375
1.80387
1.49046
1.239
1.13921
1.20598
1.60965
2.0423
2.34925
2.53487
2.52491
2.4017
2.29708
2.22667
2.25496
2.44668
2.74471
3.02847
3.35057
3.74149
4.24661
4.68069
0.074021
-0.0347506
0.0496009
0.0886603
0.145669
0.201748
0.254578
0.301729
0.345318
0.389369
0.431475
0.472897
0.511326
0.540311
0.554959
0.56557
0.578525
0.594622
0.612475
0.621162
0.622995
0.634305
0.661202
0.701592
0.744955
0.78114
0.826059
0.890384
0.973665
1.06652
1.15618
1.2497
1.34132
1.43079
1.51122
1.58055
1.6681
1.80058
1.98622
2.22467
2.48437
2.69032
2.68156
2.41411
2.06645
1.76929
1.63635
1.58817
1.67636
1.69853
1.74148
1.90858
1.86894
2.03816
1.97754
2.00305
1.82451
1.94147
1.88693
1.60649
1.35981
1.22935
1.23517
1.59547
1.98871
2.26485
2.45115
2.47309
2.36552
2.27192
2.22088
2.2641
2.46916
2.77587
3.06155
3.38053
3.7593
4.24989
4.69105
0.0712675
-0.0307699
0.0523975
0.0932926
0.151872
0.209626
0.263596
0.312852
0.358262
0.402616
0.444794
0.486387
0.526134
0.555603
0.569722
0.579463
0.591827
0.607579
0.625115
0.633531
0.634583
0.644462
0.670367
0.7112
0.755914
0.792209
0.835137
0.897788
0.982599
1.07948
1.17168
1.2665
1.36076
1.45598
1.54606
1.62852
1.7318
1.88684
2.0955
2.34807
2.6124
2.81135
2.78527
2.497
2.11534
1.80858
1.65997
1.57387
1.64683
1.67583
1.72729
1.88358
1.84426
2.03787
1.99215
2.00172
1.83727
1.95759
1.95147
1.7159
1.47659
1.31992
1.26742
1.57598
1.92855
2.17373
2.34962
2.39858
2.31273
2.23715
2.20871
2.26761
2.48654
2.80742
3.09451
3.41068
3.77501
4.25076
4.70694
0.0682183
-0.0254712
0.0557188
0.0982563
0.158401
0.217275
0.272883
0.324732
0.371564
0.41609
0.458228
0.500188
0.541208
0.570722
0.584533
0.59349
0.605382
0.620825
0.637807
0.646094
0.64665
0.655292
0.680271
0.72161
0.767821
0.80466
0.845631
0.906539
0.992188
1.09313
1.18922
1.28639
1.38421
1.48535
1.58544
1.68268
1.80136
1.97714
2.20697
2.47067
2.73948
2.92756
2.88838
2.58643
2.16982
1.85962
1.68536
1.56768
1.61912
1.64774
1.70935
1.83798
1.80953
2.03349
2.01515
1.98735
1.83998
1.96021
1.99915
1.8147
1.58789
1.4059
1.30359
1.55459
1.86162
2.07723
2.2376
2.30609
2.24725
2.19657
2.19097
2.26689
2.49804
2.83876
3.1281
3.44043
3.79128
4.253
4.71881
0.0654226
-0.0196391
0.0595066
0.104016
0.165391
0.225155
0.282966
0.337519
0.38531
0.430044
0.47207
0.514611
0.556446
0.585933
0.599575
0.607813
0.619316
0.634402
0.650629
0.658858
0.659088
0.666669
0.690806
0.732516
0.780374
0.818258
0.857455
0.916608
1.00258
1.10751
1.20866
1.30906
1.4113
1.5188
1.62919
1.7421
1.87686
2.07201
2.32021
2.59318
2.8661
3.04192
2.99236
2.68156
2.22887
1.92065
1.71441
1.56476
1.59226
1.6138
1.68194
1.77755
1.77739
2.03357
2.05376
1.96839
1.82924
1.94689
2.03113
1.89447
1.6881
1.47725
1.33929
1.53283
1.7865
1.97545
2.11794
2.1987
2.16834
2.14913
2.16626
2.26006
2.50365
2.86723
3.16251
3.46919
3.80999
4.25802
4.73498
0.0632324
-0.0137052
0.0640473
0.110464
0.172452
0.233364
0.293768
0.350738
0.399271
0.44422
0.486185
0.52954
0.571538
0.601087
0.614605
0.622147
0.633286
0.647868
0.663144
0.671342
0.671346
0.677972
0.701335
0.743255
0.792823
0.832249
0.870086
0.927566
1.01352
1.12212
1.22936
1.33342
1.44054
1.5546
1.67507
1.80303
1.95492
2.16794
2.43186
2.71374
2.98897
3.15306
3.09564
2.77965
2.2939
1.98819
1.75268
1.56411
1.57005
1.57827
1.6489
1.71665
1.76042
2.05233
2.11266
1.95789
1.81249
1.92233
2.04725
1.9497
1.77335
1.53258
1.37005
1.51059
1.70664
1.87041
1.99673
2.08501
2.08175
2.09831
2.13798
2.24906
2.50613
2.89304
3.19602
3.49644
3.83133
4.26677
4.74539
0.0614981
-0.00801283
0.0694376
0.117533
0.179768
0.242267
0.305512
0.364477
0.413773
0.458935
0.501023
0.545177
0.586797
0.616461
0.629866
0.636803
0.647537
0.661331
0.675553
0.68369
0.683477
0.689107
0.711747
0.753616
0.804714
0.846012
0.883125
0.939172
1.02497
1.13678
1.25071
1.35901
1.47139
1.59226
1.72284
1.86566
2.03542
2.26524
2.5424
2.83166
3.10876
3.26264
3.19915
2.88029
2.37097
2.06294
1.80135
1.57247
1.55489
1.54132
1.60755
1.65973
1.75899
2.09715
2.19439
1.96661
1.78916
1.89059
2.04233
1.98203
1.83782
1.57175
1.39111
1.48196
1.62534
1.76434
1.87086
1.96444
1.98715
2.04001
2.10315
2.2328
2.50456
2.91586
3.22619
3.52106
3.85609
4.27332
4.76501
0.0604627
-0.00249849
0.0754378
0.124867
0.187398
0.251859
0.317877
0.378454
0.428581
0.474037
0.516486
0.56106
0.602128
0.631922
0.645207
0.651607
0.661831
0.674464
0.687541
0.695525
0.695084
0.699689
0.72172
0.763246
0.815529
0.858833
0.895981
0.950967
1.03663
1.15109
1.27144
1.38476
1.50242
1.62982
1.77028
1.92793
2.1154
2.36109
2.64885
2.94477
3.22332
3.36957
3.30057
2.98355
2.46596
2.14418
1.85229
1.59347
1.54154
1.50358
1.56522
1.61884
1.7696
2.16821
2.29815
1.98611
1.7602
1.85448
2.02306
2.00208
1.88189
1.5969
1.40128
1.44747
1.54517
1.66242
1.74657
1.84559
1.88984
1.97777
2.06511
2.21418
2.49966
2.93556
3.25208
3.54262
3.88309
4.28041
4.783
0.0601306
0.00308367
0.081908
0.132322
0.195618
0.262418
0.330958
0.392954
0.443967
0.489862
0.532923
0.577417
0.617897
0.647758
0.66093
0.666829
0.676406
0.68749
0.699332
0.706999
0.706337
0.709858
0.73127
0.772143
0.825189
0.870549
0.90841
0.962831
1.04846
1.16521
1.29147
1.41045
1.53332
1.66696
1.81719
1.99003
2.19519
2.45559
2.75219
3.05551
3.33485
3.47647
3.40197
3.09087
2.5793
2.23026
1.90011
1.623
1.52648
1.46536
1.52015
1.59871
1.7859
2.26261
2.42357
2.01474
1.72474
1.81793
1.99789
2.01409
1.90453
1.60712
1.39732
1.40356
1.45908
1.55994
1.62227
1.72363
1.78242
1.90429
2.01818
2.18805
2.48916
2.95129
3.27481
3.56225
3.90832
4.28896
4.77775
0.0604767
0.00878203
0.0886366
0.139796
0.204321
0.273619
0.344286
0.407666
0.45961
0.506179
0.550042
0.59409
0.633974
0.663806
0.676864
0.682244
0.690994
0.700252
0.7107
0.717816
0.716919
0.719446
0.740136
0.780115
0.833469
0.880863
0.919965
0.97442
1.06016
1.17917
1.3108
1.43568
1.56338
1.70252
1.86188
2.04951
2.2723
2.54607
2.85105
3.16223
3.44202
3.58153
3.50271
3.19729
2.69825
2.32098
1.94656
1.65408
1.51072
1.43043
1.47683
1.59489
1.8029
2.38359
2.57179
2.05201
1.69174
1.78802
1.97565
2.02181
1.91363
1.60734
1.38369
1.3485
1.36264
1.44881
1.49106
1.59042
1.66165
1.81678
1.96109
2.15445
2.47522
2.9644
3.29694
3.58322
3.93239
4.29391
4.77245
0.061481
0.0145201
0.0954289
0.147615
0.213944
0.285706
0.358105
0.422925
0.475952
0.523495
0.568141
0.611498
0.650749
0.68042
0.69346
0.698284
0.705877
0.713116
0.721943
0.728205
0.726966
0.728652
0.748434
0.787155
0.840365
0.889743
0.93044
0.98556
1.07169
1.19311
1.32984
1.46084
1.59318
1.73726
1.90511
2.1066
2.34618
2.63219
2.94598
3.26591
3.54611
3.68471
3.60312
3.30102
2.81568
2.41298
1.99524
1.68325
1.49576
1.39359
1.42828
1.58908
1.8123
2.53014
2.74381
2.10186
1.65992
1.76563
1.95602
2.02089
1.91596
1.60198
1.35851
1.27378
1.2427
1.30953
1.32601
1.42409
1.51472
1.70598
1.88707
2.10823
2.45606
2.97194
3.31631
3.60437
3.95562
4.29634
4.76299
0.0631914
0.0202921
0.102081
0.155666
0.224226
0.298229
0.372067
0.438359
0.492639
0.541459
0.586784
0.629431
0.667998
0.697369
0.710518
0.714785
0.720866
0.725994
0.732904
0.737962
0.736226
0.737316
0.756046
0.793186
0.845727
0.896865
0.93937
0.995816
1.08274
1.20664
1.34836
1.48557
1.6224
1.77099
1.94649
2.16035
2.41509
2.71254
3.03509
3.3647
3.64497
3.78297
3.69998
3.40044
2.92715
2.49867
2.04515
1.70881
1.48224
1.35623
1.37514
1.56632
1.81501
2.71011
2.94492
2.16666
1.63609
1.75119
1.93862
2.01158
1.91274
1.59601
1.32312
1.17955
1.09161
1.13444
1.12118
1.22506
1.34445
1.57526
1.79497
2.05057
2.43488
2.97269
3.32996
3.62431
3.97895
4.29063
4.7309
0.065277
0.0261078
0.108751
0.164226
0.235362
0.311353
0.386457
0.454243
0.510027
0.560409
0.606292
0.648237
0.685986
0.714942
0.728275
0.732044
0.736305
0.73917
0.743797
0.747286
0.744883
0.745628
0.763173
0.798367
0.849613
0.902227
0.946579
1.00492
1.09311
1.21945
1.36605
1.50964
1.65122
1.80445
1.98719
2.21216
2.48024
2.78798
3.11894
3.45867
3.7392
3.87704
3.79403
3.49834
3.03458
2.57543
2.09885
1.73205
1.46967
1.31976
1.32559
1.52064
1.81948
2.92593
3.17839
2.2548
1.63086
1.73824
1.92492
2.0005
1.90148
1.58459
1.2703
1.05889
0.902382
0.915734
0.877918
0.992845
1.14506
1.42177
1.67789
1.97884
2.40801
2.96175
3.33456
3.63951
4.00184
4.2706
4.69373
0.0675672
0.0318575
0.115509
0.173306
0.24703
0.324675
0.400956
0.470249
0.52779
0.579882
0.626249
0.667615
0.704426
0.732866
0.746359
0.749759
0.752059
0.752547
0.754456
0.756081
0.752791
0.753425
0.769813
0.802758
0.852065
0.905814
0.952011
1.01259
1.10261
1.23098
1.38212
1.53207
1.67887
1.83724
2.02683
2.26163
2.54144
2.85803
3.19695
3.54556
3.82717
3.96511
3.88307
3.59329
3.13909
2.64651
2.15591
1.75452
1.4617
1.28997
1.28457
1.46451
1.84482
3.19057
3.44914
2.36775
1.65308
1.72612
1.92181
2.00139
1.89276
1.57031
1.20056
0.913694
0.693725
0.671227
0.620308
0.742834
0.928808
1.25635
1.54556
1.89879
2.37318
2.93966
3.33104
3.65133
4.02494
4.24859
4.6297
0.0698161
0.037398
0.122573
0.183202
0.25946
0.33851
0.415933
0.486816
0.546425
0.600232
0.647024
0.687871
0.723598
0.751432
0.765007
0.768153
0.768454
0.766431
0.765185
0.764676
0.760276
0.760765
0.776148
0.806485
0.853304
0.907913
0.956172
1.0191
1.11125
1.24098
1.39621
1.55261
1.70558
1.87009
2.06573
2.30916
2.59931
2.92298
3.27057
3.62681
3.90983
4.04756
3.96734
3.68601
3.2387
2.71389
2.20956
1.78092
1.46056
1.26825
1.25802
1.41219
1.9078
3.51064
3.7728
2.51435
1.70061
1.7205
1.93301
2.01929
1.89493
1.54913
1.10764
0.743349
0.478995
0.421823
0.369058
0.483266
0.69799
1.07967
1.40137
1.81053
2.32388
2.90407
3.31901
3.66087
4.05084
4.2276
4.56454
0.0720491
0.042561
0.129853
0.193562
0.272179
0.352495
0.431003
0.503537
0.565409
0.620908
0.66817
0.70857
0.743142
0.770357
0.78395
0.786863
0.785321
0.780745
0.775961
0.773027
0.767427
0.767665
0.782259
0.809738
0.853596
0.908736
0.959448
1.02489
1.11904
1.24959
1.40841
1.57109
1.73101
1.90204
2.10264
2.35397
2.65309
2.98197
3.3398
3.70203
3.98631
4.12327
4.04503
3.7747
3.32862
2.77455
2.25866
1.81164
1.46531
1.25578
1.25092
1.38336
2.02636
3.89218
4.16548
2.69298
1.77904
1.73264
1.9569
2.05093
1.90762
1.51829
0.998358
0.561224
0.276495
0.190552
0.145514
0.236437
0.473419
0.902638
1.25584
1.72302
2.26535
2.86371
3.30335
3.67158
4.08321
4.22592
4.49571
0.0742627
0.047525
0.137589
0.204535
0.285343
0.366864
0.446423
0.520694
0.584998
0.64217
0.689904
0.729864
0.763225
0.789823
0.803483
0.806065
0.802846
0.795636
0.786945
0.7812
0.774403
0.774336
0.788248
0.812659
0.853211
0.908596
0.962276
1.03055
1.12621
1.25711
1.41899
1.58816
1.75585
1.9331
2.13816
2.39696
2.70348
3.03603
3.40513
3.77232
4.05751
4.19299
4.11926
3.85639
3.41058
2.83183
2.31142
1.84533
1.46902
1.24692
1.25492
1.38522
2.21394
4.33616
4.63279
2.92432
1.9064
1.76826
1.98806
2.08427
1.9205
1.47153
0.876376
0.374135
0.0874369
-0.0179024
-0.0501755
0.0163664
0.26236
0.721713
1.10772
1.63281
2.20054
2.82214
3.2834
3.68431
4.11898
4.2292
4.33704
0.0765165
0.0524592
0.145747
0.21584
0.298537
0.381237
0.461815
0.537912
0.604638
0.663425
0.71171
0.751272
0.783407
0.809337
0.823233
0.825482
0.820765
0.810873
0.797992
0.789065
0.78118
0.780946
0.794233
0.815542
0.852514
0.90771
0.964755
1.03631
1.13287
1.26376
1.42826
1.60435
1.78004
1.96286
2.17258
2.43804
2.75075
3.08678
3.4656
3.83672
4.12256
4.25741
4.18989
3.92875
3.48178
2.8897
2.36605
1.87713
1.46318
1.24026
1.25982
1.42483
2.48128
4.84212
5.1681
3.22298
2.10169
1.83339
2.01779
2.11128
1.93167
1.4144
0.749943
0.201808
-0.0785301
-0.186846
-0.204545
-0.158699
0.0768189
0.54399
0.964866
1.55002
2.13888
2.77798
3.26706
3.70986
4.15757
4.22022
4.19352
0.0787868
0.0575841
0.154464
0.22762
0.312012
0.39588
0.477533
0.55559
0.624659
0.684962
0.733818
0.772977
0.803891
0.829096
0.843377
0.845315
0.839239
0.826508
0.809149
0.796638
0.787791
0.787569
0.800256
0.818429
0.851681
0.906294
0.967072
1.04211
1.13907
1.26976
1.43677
1.62033
1.80353
1.99171
2.20663
2.47686
2.79483
3.13594
3.52261
3.89546
4.18167
4.31839
4.25284
3.99332
3.54237
2.94885
2.41917
1.90153
1.45215
1.23876
1.26503
1.51321
2.83806
5.41667
5.78207
3.61342
2.37702
1.94284
2.04754
2.13401
1.9343
1.34686
0.624156
0.056116
-0.211778
-0.308536
-0.314358
-0.284864
-0.0847656
0.369872
0.829696
1.47774
2.08288
2.72905
3.24858
3.74776
4.19704
4.2785
3.78272
0.0811672
0.0629401
0.163459
0.239508
0.325411
0.410408
0.49317
0.573231
0.644529
0.706301
0.755728
0.794492
0.824245
0.848711
0.863533
0.865262
0.857989
0.842315
0.820312
0.803914
0.794257
0.794302
0.80638
0.821512
0.851044
0.904725
0.969408
1.04773
1.1448
1.27523
1.44472
1.63571
1.82546
2.02003
2.24015
2.51204
2.83405
3.18394
3.57641
3.94845
4.23457
4.37079
4.30558
4.0476
3.59641
3.00425
2.46097
1.90944
1.44304
1.24667
1.28348
1.66623
3.28538
6.06615
6.47287
4.10231
2.7343
2.10948
2.08938
2.16279
1.92091
1.27504
0.510877
-0.0531766
-0.302881
-0.379493
-0.375032
-0.357645
-0.206827
0.216062
0.715265
1.42663
2.04083
2.68177
3.22994
3.78905
4.24779
4.16265
2.5846
0.0836835
0.0687135
0.172815
0.251577
0.338945
0.425019
0.508951
0.591005
0.664456
0.727632
0.777596
0.81593
0.844624
0.868331
0.883736
0.885398
0.877088
0.858278
0.831503
0.810923
0.800525
0.80107
0.812472
0.824628
0.850604
0.903196
0.9719
1.05296
1.14984
1.28019
1.45255
1.65004
1.84646
2.04953
2.27301
2.54326
2.86739
3.23029
3.62709
3.99688
4.28044
4.41271
4.35095
4.0885
3.6402
3.05034
2.48555
1.90052
1.44045
1.26967
1.34155
1.89982
3.82504
6.79573
7.23895
4.70257
3.17316
2.33484
2.16371
2.19805
1.88558
1.20119
0.418186
-0.129557
-0.356816
-0.412391
-0.39937
-0.391216
-0.290555
0.0913612
0.626471
1.39112
2.00956
2.63964
3.2155
3.82197
4.28697
3.83431
1.81867
0.0864315
0.0749268
0.182375
0.263544
0.352272
0.43935
0.524469
0.608432
0.683928
0.748464
0.798925
0.836821
0.864621
0.887576
0.903452
0.905314
0.896163
0.874136
0.842682
0.81784
0.806632
0.807949
0.818568
0.827856
0.850466
0.901892
0.974267
1.05732
1.15416
1.28556
1.46068
1.66274
1.86709
2.07855
2.30298
2.56972
2.89434
3.27209
3.67179
4.03829
4.31717
4.44868
4.3884
4.11527
3.67128
3.08653
2.4962
1.88378
1.4488
1.31551
1.45464
2.21748
4.44024
7.59117
8.06046
5.4107
3.67856
2.60428
2.27025
2.22731
1.83865
1.13604
0.357938
-0.172891
-0.383784
-0.425591
-0.402305
-0.400332
-0.340998
0.00539172
0.57074
1.37304
1.99065
2.60781
3.21911
3.85746
4.25801
3.69963
2.77318
0.0894409
0.0816267
0.192232
0.275535
0.365572
0.453623
0.540035
0.62576
0.703159
0.76901
0.819916
0.857346
0.884412
0.906673
0.922769
0.925104
0.915264
0.889886
0.853894
0.824834
0.812482
0.814751
0.824489
0.830919
0.850273
0.900515
0.976125
1.06099
1.15892
1.29191
1.46872
1.6742
1.88756
2.10493
2.32936
2.59263
2.91782
3.30731
3.70794
4.06947
4.3437
4.47843
4.41357
4.12704
3.69157
3.10919
2.49901
1.87234
1.47317
1.38937
1.63141
2.62329
5.12591
8.45
8.93784
6.23441
4.24145
2.90549
2.39709
2.248
1.78506
1.08348
0.333905
-0.190507
-0.396062
-0.42803
-0.395278
-0.399042
-0.368412
-0.0497255
0.542828
1.36392
1.97647
2.58105
3.23323
3.90871
4.12296
4.09487
5.01535
0.0927339
0.0885848
0.20209
0.28729
0.378465
0.467492
0.555239
0.642599
0.721731
0.788847
0.840155
0.877125
0.903552
0.925221
0.941388
0.944429
0.934007
0.905354
0.865104
0.832052
0.818264
0.821427
0.830045
0.833695
0.849894
0.899057
0.977634
1.06482
1.16428
1.29821
1.47587
1.68489
1.90592
2.12632
2.35097
2.61213
2.93929
3.33471
3.73407
4.08887
4.36169
4.50164
4.42604
4.12164
3.70208
3.11798
2.49656
1.87098
1.51336
1.48734
1.86665
3.10293
5.87767
9.35119
9.8555
7.14554
4.84622
3.22659
2.52491
2.25206
1.72827
1.04369
0.341681
-0.195501
-0.400823
-0.42207
-0.386498
-0.392447
-0.375403
-0.0724025
0.54063
1.36092
1.96906
2.56298
3.24748
3.95353
3.9978
4.77882
7.99303
0.0962702
0.0957233
0.211898
0.298864
0.391073
0.481054
0.570149
0.659037
0.739799
0.808109
0.859822
0.896374
0.922238
0.943411
0.959539
0.963382
0.952382
0.920587
0.876305
0.839417
0.823853
0.827479
0.834789
0.836053
0.849413
0.897673
0.979134
1.06883
1.1692
1.30349
1.48247
1.69551
1.9218
2.14342
2.36791
2.62845
2.95809
3.3561
3.75183
4.09789
4.37064
4.51361
4.42487
4.10151
3.70162
3.11818
2.48978
1.88349
1.57515
1.61447
2.15867
3.64993
6.69517
10.287
10.8122
8.12585
5.49047
3.56718
2.65374
2.2447
1.67872
1.01533
0.359839
-0.201436
-0.406588
-0.414911
-0.381303
-0.387387
-0.366577
-0.0668841
0.551215
1.35659
1.96446
2.55026
3.25591
3.91513
4.00599
5.29074
12.9283
0.100021
0.102884
0.221387
0.310055
0.403078
0.493948
0.584294
0.674621
0.756892
0.826376
0.878509
0.914708
0.940081
0.960851
0.976898
0.981538
0.969963
0.935293
0.887244
0.846703
0.829251
0.833012
0.839398
0.838799
0.849474
0.896771
0.980657
1.07196
1.17255
1.30767
1.48869
1.7054
1.9345
2.15637
2.38047
2.64196
2.97374
3.37296
3.76343
4.09967
4.37128
4.51312
4.41188
4.07552
3.69333
3.11044
2.47953
1.90862
1.65825
1.77172
2.48678
4.241
7.54858
11.2247
11.7805
9.13032
6.14802
3.90878
2.77447
2.24009
1.65021
1.00228
0.362726
-0.214042
-0.414213
-0.410487
-0.374329
-0.382671
-0.336625
-0.0353541
0.569252
1.35784
1.96801
2.54547
3.26453
3.83719
4.19032
5.90545
20.8466
0.103946
0.110119
0.230529
0.320871
0.414575
0.506216
0.597732
0.689364
0.773046
0.843759
0.896396
0.932336
0.957296
0.977698
0.993577
0.998875
0.986625
0.949264
0.897692
0.85385
0.834739
0.838555
0.844253
0.841918
0.850083
0.896183
0.981126
1.07321
1.17454
1.31116
1.49439
1.71356
1.94418
2.16601
2.39066
2.65424
2.98793
3.38659
3.77085
4.09682
4.36369
4.50059
4.38821
4.04903
3.68023
3.08975
2.46712
1.94501
1.76396
1.96193
2.84986
4.86734
8.41783
12.165
12.7598
10.137
6.80642
4.23205
2.88913
2.26509
1.64335
0.994192
0.342357
-0.229615
-0.421935
-0.409875
-0.365075
-0.376715
-0.301501
0.000265797
0.582357
1.36035
1.97308
2.54226
3.23931
3.86579
4.62918
7.1663
27.2219
0.10793
0.117322
0.239125
0.331102
0.425293
0.517585
0.610111
0.702939
0.787931
0.859949
0.913117
0.948847
0.973393
0.993354
1.00897
1.01475
1.0019
0.962306
0.907783
0.861331
0.840914
0.844245
0.84912
0.84542
0.851529
0.895757
0.97989
1.07247
1.17542
1.31419
1.4993
1.71946
1.95074
2.17296
2.39968
2.66653
3.00265
3.3991
3.77685
4.09209
4.35061
4.48013
4.35894
4.02455
3.66477
3.06156
2.4541
1.98782
1.88693
2.1773
3.23665
5.50711
9.26795
13.0901
13.731
11.1064
7.43226
4.50894
2.99203
2.31747
1.64024
0.963882
0.314332
-0.244568
-0.426611
-0.409489
-0.356476
-0.365914
-0.272364
0.0334941
0.597566
1.36354
1.97579
2.53637
3.18122
4.1183
5.49535
8.99486
27.253
0.111813
0.124466
0.247092
0.340674
0.435311
0.528122
0.621521
0.715424
0.801683
0.875041
0.928808
0.964338
0.988412
1.00787
1.02317
1.02932
1.01599
0.97467
0.917717
0.869143
0.847215
0.849336
0.853543
0.849267
0.853768
0.895013
0.97685
1.06992
1.17546
1.31699
1.50364
1.72406
1.95532
2.1792
2.40967
2.68093
3.02028
3.41324
3.78379
4.08754
4.33455
4.4542
4.32525
3.99858
3.64394
3.02892
2.44197
2.03541
2.022
2.41497
3.64446
6.15536
10.0943
13.996
14.698
12.0217
8.01205
4.73858
3.09938
2.38169
1.61209
0.9063
0.2855
-0.262467
-0.431189
-0.40778
-0.350018
-0.352878
-0.248198
0.0620558
0.620367
1.36356
1.97759
2.52631
3.19173
4.60427
6.80629
11.1376
23.0375
0.115388
0.131427
0.254161
0.349313
0.444283
0.537514
0.631592
0.726504
0.813982
0.888712
0.94318
0.978574
1.00219
1.02124
1.03619
1.04246
1.02882
0.986261
0.92729
0.876743
0.853077
0.85362
0.857569
0.853402
0.856561
0.894136
0.972804
1.06621
1.17498
1.31962
1.50777
1.72828
1.95915
2.18594
2.42156
2.69865
3.04183
3.43087
3.79271
4.08463
4.31827
4.42585
4.28935
3.97098
3.61867
2.9942
2.43217
2.08604
2.15621
2.65981
4.05385
6.78741
10.881
14.8481
15.6389
12.8542
8.50959
4.93083
3.20988
2.43117
1.5775
0.844504
0.25748
-0.280101
-0.438766
-0.403791
-0.341919
-0.338134
-0.226837
0.0925992
0.651254
1.37088
1.97634
2.53809
3.40841
5.29042
8.29259
13.337
21.0785
0.118245
0.138135
0.260089
0.356792
0.452137
0.54575
0.640415
0.73626
0.824985
0.901119
0.956527
0.991985
1.01512
1.0337
1.04814
1.05426
1.04038
0.996911
0.936073
0.88344
0.857959
0.856821
0.860685
0.85699
0.859063
0.892851
0.967618
1.06123
1.17355
1.32162
1.51168
1.73243
1.96314
2.19345
2.43544
2.71973
3.06702
3.45216
3.80367
4.08368
4.30275
4.39616
4.25147
3.94043
3.58779
2.95826
2.423
2.1379
2.28504
2.90396
4.45586
7.38946
11.6201
15.6312
16.5337
13.5873
8.91916
5.12687
3.32187
2.45838
1.56722
0.800528
0.228576
-0.286937
-0.448354
-0.399296
-0.330578
-0.324414
-0.210266
0.126
0.680409
1.37375
1.96433
2.64988
3.91279
6.09945
9.44969
14.611
21.6875
0.119967
0.144575
0.264731
0.363041
0.458792
0.552854
0.64801
0.744697
0.834622
0.912111
0.968638
1.00433
1.02692
1.04492
1.0588
1.06458
1.05054
1.00652
0.944142
0.889287
0.861916
0.858953
0.862602
0.859568
0.860977
0.891238
0.961627
1.05516
1.17074
1.32241
1.51484
1.73624
1.96722
2.20102
2.45034
2.74296
3.09448
3.47602
3.81656
4.08475
4.28965
4.3685
4.21499
3.9099
3.55398
2.92542
2.41266
2.18532
2.40099
3.13216
4.83361
7.93933
12.2853
16.3125
17.3149
14.195
9.24052
5.35561
3.40826
2.46073
1.58026
0.787698
0.205006
-0.277764
-0.452549
-0.393206
-0.315382
-0.312411
-0.201664
0.1505
0.702604
1.38673
1.99777
3.01664
4.78892
7.02712
10.161
14.2909
20.5189
0.120562
0.150849
0.268107
0.368061
0.464353
0.558941
0.654506
0.751878
0.842983
0.921758
0.979475
1.01563
1.0377
1.05497
1.06825
1.07348
1.05917
1.015
0.951632
0.894464
0.864652
0.859641
0.862749
0.860554
0.861908
0.889137
0.954856
1.04778
1.16612
1.32155
1.51668
1.73934
1.97122
2.20839
2.46556
2.76692
3.12254
3.50046
3.83048
4.08724
4.27867
4.34311
4.18057
3.88023
3.5148
2.89466
2.39956
2.22239
2.49826
3.33415
5.17634
8.42719
12.8582
16.8674
17.9154
14.6873
9.51886
5.59619
3.45987
2.45772
1.6016
0.801992
0.211718
-0.254453
-0.447683
-0.388103
-0.302758
-0.301365
-0.196849
0.15476
0.715116
1.43161
2.23834
3.88571
6.15891
8.07363
10.5976
13.2625
18.1603
0.120348
0.156812
0.27024
0.371766
0.468573
0.563836
0.65979
0.757745
0.849896
0.929852
0.988715
1.02559
1.04734
1.06374
1.07641
1.08095
1.06633
1.02244
0.958806
0.899546
0.866723
0.859289
0.861406
0.860047
0.861973
0.887008
0.948274
1.03983
1.16009
1.31905
1.51707
1.74163
1.97499
2.2153
2.47962
2.78948
3.14883
3.52312
3.84389
4.09047
4.26973
4.32099
4.15065
3.85346
3.47131
2.86376
2.38343
2.2456
2.57145
3.49895
5.46709
8.83478
13.314
17.275
18.3117
15.0951
9.77332
5.7654
3.49301
2.45109
1.63484
0.847485
0.252841
-0.21392
-0.431266
-0.381337
-0.294769
-0.290789
-0.188727
0.149387
0.733561
1.57778
2.95687
5.59264
8.1711
9.22414
10.9473
12.7802
16.3103
0.1195
0.16234
0.271138
0.373991
0.471307
0.567395
0.663838
0.762284
0.855296
0.936323
0.996322
1.03415
1.05594
1.0714
1.08328
1.08707
1.07213
1.02881
0.965648
0.904866
0.868611
0.858175
0.858796
0.858011
0.860954
0.884731
0.942255
1.03173
1.15294
1.31466
1.51575
1.74281
1.97828
2.22136
2.49105
2.80765
3.16988
3.54072
3.8539
4.09248
4.26192
4.30239
4.12734
3.82866
3.42496
2.83082
2.36407
2.2557
2.62167
3.62311
5.69031
9.1416
13.6316
17.5275
18.5083
15.3815
9.94459
5.84888
3.52166
2.45294
1.67003
0.913868
0.325714
-0.159051
-0.40583
-0.369878
-0.288356
-0.282367
-0.179698
0.158146
0.83357
2.06532
4.54438
8.39114
10.8346
10.4061
11.1899
12.6502
14.7786
0.117542
0.167345
0.27086
0.374753
0.472381
0.569339
0.666402
0.765334
0.85899
0.940924
1.00207
1.04101
1.06334
1.07818
1.08904
1.09201
1.07684
1.03424
0.972077
0.910758
0.871354
0.857365
0.855946
0.855023
0.858867
0.882232
0.937081
1.02427
1.14549
1.30885
1.51258
1.74258
1.98083
2.2263
2.49916
2.81996
3.18391
3.55218
3.86028
4.09326
4.25568
4.28754
4.11054
3.80291
3.37459
2.79189
2.33704
2.24782
2.64172
3.69851
5.83548
9.33829
13.8133
17.6376
18.5383
15.4492
10.0508
5.92218
3.56791
2.46318
1.68049
0.974086
0.408643
-0.0988809
-0.375215
-0.350675
-0.272791
-0.264413
-0.148787
0.251785
1.21736
3.31915
7.3753
12.3577
14.0269
11.6093
11.1339
11.8328
13.252
0.113335
0.171779
0.269476
0.374261
0.471943
0.569621
0.667286
0.766633
0.86085
0.943531
1.00572
1.04583
1.06909
1.08396
1.09398
1.09595
1.08039
1.03841
0.977442
0.916556
0.875326
0.858136
0.854364
0.852579
0.856493
0.879605
0.933019
1.01866
1.13955
1.30366
1.50889
1.74123
1.98271
2.23105
2.50582
2.82816
3.19198
3.55764
3.86258
4.091
4.24657
4.2693
4.0907
3.77106
3.31814
2.74625
2.3076
2.23275
2.6458
3.74462
5.92806
9.45102
13.8804
17.601
18.4232
15.3453
10.1449
6.04996
3.65801
2.49227
1.67722
1.00182
0.460757
-0.0456054
-0.330914
-0.309092
-0.226495
-0.194522
-0.0199531
0.592558
2.2018
5.71447
11.6152
17.3368
17.4826
12.7737
10.8297
10.652
11.7812
0.105091
0.175982
0.267039
0.372377
0.469838
0.568102
0.666308
0.765937
0.860371
0.943349
1.00615
1.04725
1.07159
1.08702
1.09677
1.09803
1.08211
1.04072
0.981016
0.921112
0.879513
0.860652
0.855434
0.853212
0.857169
0.880017
0.93257
1.01769
1.13879
1.30345
1.5091
1.74214
1.98533
2.23624
2.51288
2.83569
3.19776
3.55929
3.86017
4.08283
4.22977
4.24257
4.06323
3.737
3.27005
2.71138
2.29687
2.24139
2.67328
3.80479
6.00715
9.48991
13.783
17.3112
18.0522
15.1387
10.2298
6.22606
3.80091
2.54342
1.67188
1.00239
0.486228
0.014062
-0.243729
-0.208364
-0.105562
-0.00938198
0.315644
1.36606
4.04021
9.40547
17.163
22.9813
20.9056
13.855
10.5183
9.72023
10.4947
0.0918512
0.181017
0.265332
0.370759
0.467686
0.565939
0.664074
0.763481
0.857637
0.940288
1.00315
1.04484
1.07
1.08603
1.09595
1.09685
1.08068
1.04017
0.982202
0.923996
0.883085
0.86388
0.85838
0.856821
0.861884
0.885318
0.937798
1.02346
1.14593
1.31149
1.51671
1.74846
1.99097
2.24317
2.5218
2.84456
3.20273
3.55698
3.85115
4.0672
4.20469
4.20882
4.03104
3.70709
3.24396
2.71045
2.33341
2.31162
2.77642
3.94501
6.14843
9.53922
13.6191
16.894
17.5476
14.8467
10.294
6.44127
4.00191
2.63852
1.69684
1.01667
0.519538
0.0978147
-0.105518
-0.0329317
0.125762
0.350161
0.954884
2.69444
6.80688
14.2874
23.657
28.8276
24.0491
14.8193
10.3108
9.14229
9.44574
0.0761823
0.186358
0.265686
0.370531
0.466735
0.564676
0.662229
0.760698
0.853707
0.935297
0.997774
1.03996
1.06599
1.08255
1.09235
1.0926
1.07614
1.03693
0.981662
0.926178
0.886596
0.867373
0.861879
0.861603
0.868969
0.894575
0.948454
1.03562
1.15989
1.32641
1.53088
1.76087
2.00253
2.25582
2.53583
2.85705
3.20829
3.55185
3.83691
4.04562
4.17302
4.16885
3.99416
3.67743
3.23013
2.73449
2.40433
2.42629
2.93662
4.14988
6.34694
9.61464
13.4328
16.4117
16.9642
14.492
10.3222
6.66414
4.23484
2.77396
1.75682
1.0524
0.565264
0.197186
0.0666616
0.209122
0.475421
0.903059
1.91742
4.55728
10.3556
19.9981
30.5485
34.4186
26.7833
15.6484
10.1848
8.80926
8.72915
0.0627799
0.189941
0.267506
0.371925
0.467809
0.565506
0.662395
0.759569
0.850996
0.931076
0.992892
1.03546
1.06236
1.0794
1.08886
1.08817
1.07122
1.03335
0.981119
0.928864
0.890893
0.871578
0.865756
0.866627
0.876725
0.905454
0.961855
1.05124
1.17739
1.34453
1.54802
1.77646
2.0179
2.27288
2.55417
2.87263
3.21484
3.54537
3.81961
4.01967
4.13548
4.1219
3.95
3.64195
3.21545
2.76445
2.48607
2.55524
3.11466
4.37171
6.55322
9.67976
13.2165
15.8939
16.35
14.1093
10.3222
6.88064
4.48256
2.94177
1.8517
1.11044
0.619532
0.299646
0.250675
0.492307
0.914772
1.61116
3.13098
6.79107
14.3477
25.993
37.2326
39.3988
29.0842
16.3649
10.1243
8.64945
8.44895
0.0532979
0.190956
0.269779
0.374139
0.469975
0.567569
0.663856
0.759732
0.849468
0.927945
0.988989
1.03178
1.05934
1.07662
1.08546
1.08361
1.066
1.0292
0.979637
0.930214
0.893564
0.873875
0.867315
0.868715
0.88094
0.912404
0.971186
1.06263
1.19031
1.35767
1.55991
1.78695
2.02859
2.28579
2.56889
2.88512
3.21907
3.53775
3.80228
3.99471
4.10042
4.07923
3.91063
3.61239
3.20868
2.80262
2.57488
2.69005
3.29547
4.58918
6.74644
9.72754
12.9919
15.3886
15.7626
13.7406
10.3084
7.07992
4.72391
3.12073
1.96443
1.18029
0.674377
0.393374
0.425983
0.783836
1.39094
2.38861
4.44298
9.11761
18.3255
31.6765
43.1891
43.5628
30.9989
17.0554
10.2127
8.64612
8.59837
0.0486607
0.18984
0.272091
0.376627
0.472633
0.570158
0.665954
0.760639
0.84883
0.925821
0.986117
1.02901
1.05702
1.07435
1.08248
1.07947
1.06119
1.02528
0.977952
0.930896
0.895339
0.875328
0.868158
0.870038
0.884099
0.917986
0.979002
1.07243
1.20159
1.36925
1.57062
1.7968
2.03918
2.29879
2.58381
2.89818
3.22517
3.53398
3.79047
3.9764
4.07363
4.04658
3.88104
3.59185
3.2096
2.84362
2.66077
2.81729
3.46319
4.78469
6.91292
9.7586
12.7817
14.9407
15.2507
13.4187
10.2916
7.25335
4.93931
3.28827
2.07527
1.24603
0.718696
0.466961
0.573714
1.04788
1.84138
3.13148
5.67909
11.247
21.8587
36.5639
48.0833
46.8471
32.6082
17.771
10.4437
8.77947
9.14188
0.0484488
0.187139
0.273941
0.378606
0.474778
0.572186
0.66752
0.761212
0.848081
0.923793
0.983363
1.0262
1.05442
1.07166
1.07908
1.07504
1.05618
1.02096
0.975454
0.930349
0.895816
0.875819
0.868566
0.871315
0.887383
0.923777
0.987222
1.08296
1.21405
1.3827
1.58411
1.81032
2.05396
2.31598
2.60265
2.91531
3.23622
3.53661
3.78584
3.96517
4.05412
4.02087
3.85565
3.57159
3.20466
2.86843
2.71954
2.90832
3.58608
4.92838
7.03162
9.76934
12.6061
14.5872
14.8583
13.1807
10.2918
7.40496
5.12501
3.43433
2.16978
1.29566
0.743762
0.51047
0.677597
1.25462
2.21287
3.75198
6.69667
12.9567
24.647
40.37
51.7913
49.3035
33.9975
18.4696
10.7164
9.02157
10.0431
0.0512678
0.184049
0.275323
0.379903
0.476251
0.573489
0.668466
0.761384
0.847281
0.922005
0.980978
1.02365
1.05191
1.06897
1.07581
1.07097
1.05163
1.01688
0.972669
0.928999
0.895319
0.875556
0.868541
0.872292
0.890227
0.928857
0.994558
1.09247
1.22553
1.39546
1.59746
1.82414
2.06894
2.3327
2.62028
2.93109
3.24686
3.54019
3.78282
3.95552
4.03635
3.9964
3.82879
3.5458
3.18799
2.87099
2.74481
2.95634
3.65808
5.01671
7.10553
9.7735
12.4879
14.3559
14.6081
13.0418
10.3206
7.53839
5.27563
3.54851
2.23886
1.32221
0.743791
0.518994
0.731071
1.39058
2.48002
4.20584
7.42524
14.1442
26.569
43.0259
54.3592
51.0478
35.1789
19.099
11.0017
9.34143
11.2634
0.0548534
0.181371
0.276138
0.380448
0.476981
0.574079
0.668857
0.76128
0.846598
0.92071
0.979315
1.02187
1.05013
1.06707
1.07356
1.06827
1.04868
1.01425
0.970878
0.928156
0.895134
0.875721
0.869076
0.873682
0.893003
0.933242
1.00061
1.10012
1.2347
1.40565
1.60828
1.83538
2.08091
2.34549
2.63325
2.94232
3.25432
3.5425
3.77993
3.94708
4.0212
3.97536
3.80425
3.51992
3.16639
2.85999
2.74707
2.9731
3.6916
5.06331
7.14879
9.7832
12.4331
14.2424
14.4873
12.9867
10.3648
7.64198
5.38148
3.62247
2.27674
1.32547
0.723538
0.500214
0.741992
1.45954
2.63852
4.48033
7.85057
14.8117
27.6686
44.6418
55.9284
52.1971
36.0577
19.6138
11.2603
9.69728
12.5964
0.0571856
0.179613
0.27643
0.380404
0.4771
0.574079
0.668766
0.760914
0.84595
0.919743
0.978159
1.02063
1.04888
1.06574
1.07208
1.0666
1.0469
1.01265
0.9697
0.927479
0.894865
0.875742
0.869396
0.87454
0.894644
0.935776
1.00411
1.10453
1.24001
1.41161
1.61472
1.84212
2.088
2.35285
2.64053
2.9485
3.25844
3.54369
3.77795
3.94155
4.01137
3.96153
3.78735
3.50103
3.14864
2.8465
2.73956
2.97305
3.70118
5.08148
7.16965
9.79469
12.4206
14.2077
14.4498
12.9779
10.4012
7.70305
5.4368
3.65567
2.28732
1.31368
0.695159
0.468883
0.724467
1.47265
2.69828
4.59414
8.0233
15.0771
28.1388
45.4122
56.6157
52.8337
36.6579
19.9714
11.4622
10.0121
13.6422
)
;

boundaryField
{
    inletFace
    {
        type            zeroGradient;
    }
    inlet
    {
        type            zeroGradient;
    }
    inletWalls
    {
        type            zeroGradient;
    }
    outletInlet
    {
        type            cyclicAMI;
        value           nonuniform List<scalar> 
15
(
3.74742
6.51786
7.80115
9.77811
11.2489
13.3602
15.2627
16.8792
18.4766
20.4437
19.3796
19.9673
15.8502
14.1427
13.5666
)
;
    }
    fineSymmetryWall
    {
        type            symmetryPlane;
    }
    fineWalls
    {
        type            zeroGradient;
    }
    fineCyclicBoundary
    {
        type            fixedValue;
        value           uniform 0;
    }
    fineplug
    {
        type            cyclicAMI;
        value           nonuniform List<scalar> 
80
(
4.18532
4.48147
4.89134
1.92818
3.39486
5.65029
6.36361
6.47733
6.30466
6.61503
7.87717
9.09261
7.9471
6.64526
7.03557
8.11048
9.49794
9.58433
9.71101
9.80533
10.1119
10.7972
11.0486
11.1011
11.0008
11.3805
12.4095
13.3881
13.3806
13.1729
13.0441
13.7853
15.5854
15.3873
14.9796
14.8059
15.3446
16.6303
16.5738
15.7471
16.3439
18.0366
18.705
19.387
18.8343
18.364
17.9104
17.5355
18.7041
21.715
21.5317
20.272
19.8171
20.5805
20.5173
19.4555
17.8359
16.8228
21.9646
22.6882
21.0764
19.8542
18.2674
16.3603
16.1057
15.2581
14.3569
14.1308
18.4986
15.7103
14.8029
14.6822
14.3743
13.2582
11.7167
11.5316
12.2471
16.0966
13.986
13.5582
)
;
    }
    faceFine
    {
        type            zeroGradient;
    }
}


// ************************************************************************* //
