/*--------------------------------*- C++ -*----------------------------------*\
| =========                 |                                                 |
| \\      /  F ield         | OpenFOAM: The Open Source CFD Toolbox           |
|  \\    /   O peration     | Version:  4.1                                   |
|   \\  /    A nd           | Web:      www.OpenFOAM.org                      |
|    \\/     M anipulation  |                                                 |
\*---------------------------------------------------------------------------*/
FoamFile
{
    version     2.0;
    format      ascii;
    class       volScalarField;
    location    "11";
    object      p;
}
// * * * * * * * * * * * * * * * * * * * * * * * * * * * * * * * * * * * * * //

dimensions      [0 2 -2 0 0 0 0];

internalField   nonuniform List<scalar> 
6785
(
569.025
490.131
443.096
389.532
342.701
297.592
255.613
215.925
178.496
143.183
109.183
76.2222
48.6682
20.3723
-20.0108
-49.4287
-67.8082
-58.0634
-65.5877
-65.2764
-68.0531
-69.0271
-69.8371
-69.6727
-68.611
-66.5232
-63.6284
-59.5432
-54.8702
-51.5524
-37.8415
-41.7068
-32.7289
-37.2019
-33.5181
-34.6704
-33.9412
-34.3602
-34.5861
-35.1732
-35.7964
-36.5559
-36.6515
-35.9412
-33.6954
-5.27345
-6.73198
-2.85204
-7.35477
-4.63564
-6.99128
-6.49954
-7.26854
-7.34699
-7.49862
-7.28699
-7.00554
-5.9718
-4.82508
-2.06162
4.62262
4.71094
7.93234
6.31501
10.1902
9.92639
12.6255
13.8284
15.6945
16.8245
17.6697
18.2237
19.077
20.3422
21.8164
22.5807
21.5367
23.721
21.6451
23.9909
22.3557
23.3246
22.2036
21.7218
20.4524
19.2455
18.0002
17.1165
16.7814
15.2106
4.41128
0.171643
0.747015
-2.93215
-2.90124
-5.76106
-6.35625
-8.32436
-9.13093
-10.4481
-11.599
-12.9049
-13.8473
-15.3563
-18.7166
-39.522
-44.288
-44.4523
-48.2086
-49.1774
-52.6864
-54.6723
-57.9556
-60.4622
-63.1079
-65.1649
-66.5085
-67.4302
-68.2144
-66.9023
-56.507
-58.2833
-57.0391
-59.0312
-58.1757
-59.8012
-59.7837
-60.7915
-60.9711
-60.8752
-59.9109
-58.3589
-56.0145
-54.1472
-50.9717
-31.9988
-30.5597
-28.2557
-27.8899
-25.4244
-24.5289
-22.4765
-20.9378
-19.0463
-17.1971
-15.2121
-13.3694
-11.3059
-9.84994
-7.32715
-7.23568
-5.5787
-3.98609
-3.43361
-1.64041
-0.928683
0.499226
1.49756
2.65353
3.68345
4.72992
5.62812
6.63128
7.29496
8.27122
3.7381
5.27521
6.36053
6.83697
8.11748
8.60016
9.58378
10.2299
10.9961
11.6857
12.45
13.1735
14.0991
14.7488
15.8613
23.8206
24.7735
25.2965
25.3646
25.8689
25.6545
25.7939
25.6536
25.6875
25.9695
26.6353
27.4858
28.4736
29.1358
30.0726
29.9593
30.5831
29.1188
27.9917
27.6818
27.3781
27.7197
28.2306
29.1154
29.9934
30.6234
30.8933
31.1372
31.571
31.5958
66.8227
63.0236
54.6064
47.551
43.0268
37.8134
33.3207
30.4486
27.7888
26.1035
24.8908
24.4116
24.181
24.3176
23.5442
41.8858
41.8794
42.2987
41.7921
41.8112
41.9184
41.7504
41.5924
41.5556
41.553
41.4524
41.1973
41.2953
41.1631
40.9257
40.8638
40.9559
40.9117
40.5724
40.7549
40.731
40.4619
40.4253
40.6018
40.6328
40.3715
40.3652
40.5439
40.677
40.3827
40.6312
40.7881
40.584
40.6398
40.8506
41.0503
40.871
41.1085
41.3374
41.2278
41.3302
41.5119
41.7406
41.6834
41.7923
41.9436
42.1378
42.1321
42.2946
42.3836
42.4024
42.5363
42.6468
42.8352
42.8693
42.9752
43.0723
43.307
43.3105
43.321
43.5765
43.5918
43.7591
43.5446
44.0336
44.5225
44.7785
44.802
44.5908
46.225
47.0101
43.6115
42.6306
46.6189
48.7396
34.1218
45.0455
48.0909
16.9159
31.1575
40.9387
42.1094
45.9302
35.152
42.1067
47.8392
48.8162
50.4425
51.6318
52.6609
52.7937
54.4572
53.9437
47.8565
49.9042
47.5773
46.2564
47.0805
46.8248
45.6789
47.5903
56.5771
35.5805
35.803
33.6187
32.6753
32.2062
31.3067
29.6714
26.8076
27.8909
48.295
25.0454
24.1134
21.3273
18.405
18.5011
19.786
17.0159
14.2857
25.3903
15.6558
17.5304
16.2219
13.0564
10.6225
7.58127
8.53067
6.0415
12.8851
15.7418
11.6967
11.749
11.223
8.92266
7.15855
5.53323
-0.697495
8.10815
16.9307
12.6559
11.0232
8.08223
7.21426
5.83067
4.32155
3.72717
-0.35713
-2.47648
11.7688
7.6206
7.16039
5.85116
3.89956
-1.5248
-2.40184
-0.826043
-13.8334
5.2761
0.452124
-4.402
5.48154
-1.98647
2.07051
0.831195
3.31535
6.90994
1.73953
4.93696
7.3449
3.61101
5.24932
4.19324
5.52767
8.05088
4.26425
5.69587
4.51946
5.76631
8.13805
3.71194
5.91193
7.90475
4.28277
5.49948
4.35561
5.38912
8.08476
3.8727
5.26194
3.88235
5.18474
8.05184
2.64897
5.26322
7.69515
3.21679
4.69623
3.2591
4.52827
7.68057
2.68656
4.37081
2.72795
4.28864
7.34948
1.46555
4.38697
6.76031
2.20498
3.80045
2.32609
3.66763
6.42931
1.91108
3.51106
2.04934
3.44204
5.81051
1.13183
3.46118
5.09164
1.71471
2.90588
1.8135
2.76634
4.41496
1.41647
2.44369
1.45134
2.28368
3.39574
0.66266
1.89898
2.42219
0.543386
1.05772
0.292656
0.633358
1.63622
0.000405563
0.000713735
0.00119193
0.00154815
0.00197085
0.00236326
0.00278394
0.00320203
0.00363645
0.00407768
0.00453227
0.00499773
0.00547683
0.00596947
0.0064773
0.00700104
0.00754192
0.00810073
0.00867819
0.00927449
0.0098892
0.0105209
0.0111669
0.0118227
0.0124818
0.0131354
0.0137722
0.0143787
0.0149401
0.0154417
0.0158711
0.0162203
0.0164884
0.016683
0.0168205
0.0169251
0.0170255
0.0171496
0.0173187
0.0175449
0.0178348
0.0182031
0.0186892
0.0193612
0.0202928
0.0215054
0.0229052
0.0242664
0.0253138
0.0258108
0.0254856
0.0241485
0.0216123
0.0176619
0.0120483
0.00438206
-0.00569467
-0.0184711
-0.0343107
-0.0509716
-0.0686261
-0.0875845
-0.0641048
-0.286104
-0.436477
-0.536704
-0.649737
-0.7185
-0.718744
-0.678613
-0.561776
-0.443153
-0.269798
-0.196208
-0.0033629
-0.0665261
0.0758575
0.16303
-0.511246
0.00117551
0.00205623
0.00341247
0.00445099
0.00565032
0.00677181
0.00795964
0.00913996
0.0103586
0.0115936
0.0128608
0.0141549
0.0154828
0.0168448
0.018245
0.0196855
0.0211695
0.0226989
0.0242755
0.0258994
0.0275689
0.0292794
0.0310229
0.0327861
0.0345501
0.0362892
0.0379709
0.0395569
0.0410054
0.0422754
0.0433328
0.0441572
0.0447487
0.0451324
0.0453592
0.0455021
0.0456469
0.0458765
0.046255
0.0468187
0.0475886
0.0486102
0.0500023
0.0519712
0.0547437
0.0584032
0.0627104
0.067058
0.0707263
0.0731357
0.0736263
0.0717994
0.0672742
0.059583
0.0481191
0.0317589
0.00925329
-0.0208534
-0.0608552
-0.106365
-0.162127
-0.223534
-0.194905
-0.564032
-0.837248
-1.03804
-1.25699
-1.38648
-1.39147
-1.31562
-1.11777
-0.888211
-0.60448
-0.390327
-0.108537
-0.00961325
0.207208
0.372047
0.350481
0.00183373
0.00331922
0.00562603
0.00738104
0.00941342
0.0113103
0.0133213
0.0153189
0.0173824
0.0194739
0.0216208
0.023814
0.0260652
0.0283749
0.0307504
0.0331952
0.0357147
0.0383126
0.0409917
0.0437525
0.0465924
0.0495041
0.0524739
0.0554802
0.058491
0.0614636
0.0643434
0.0670658
0.0695601
0.0717571
0.0735985
0.075049
0.0761076
0.0768151
0.0772558
0.0775516
0.0778456
0.0782767
0.0789518
0.07993
0.0812444
0.0829682
0.0852989
0.088583
0.0932026
0.0992967
0.106453
0.113627
0.119585
0.123312
0.123653
0.119888
0.111312
0.0970755
0.0760856
0.0463963
0.0058775
-0.0479158
-0.118586
-0.198449
-0.296199
-0.396864
-0.36747
-0.762673
-1.05534
-1.30053
-1.56829
-1.72286
-1.72358
-1.62575
-1.38176
-1.09658
-0.755564
-0.478407
-0.14615
0.010869
0.293856
0.420828
0.718275
0.00246645
0.00455078
0.00777162
0.0102363
0.0130784
0.0157343
0.0185448
0.0213368
0.0242184
0.0271384
0.0301344
0.0331941
0.0363338
0.0395544
0.0428659
0.0462733
0.0497842
0.0534036
0.0571356
0.060981
0.0649361
0.0689907
0.0731259
0.0773114
0.081503
0.0856408
0.0896487
0.0934364
0.0969051
0.0999576
0.102512
0.10452
0.105979
0.106946
0.10754
0.107932
0.108323
0.108909
0.109839
0.111195
0.11302
0.115412
0.118649
0.123221
0.129676
0.138224
0.148291
0.158409
0.166854
0.172215
0.172886
0.167878
0.156219
0.136735
0.10788
0.0668752
0.0106015
-0.0646719
-0.164307
-0.278277
-0.421778
-0.566229
-0.562264
-1.0244
-1.34639
-1.63958
-1.96823
-2.15669
-2.15192
-2.02639
-1.71997
-1.36278
-0.940483
-0.592186
-0.182404
0.0150023
0.382444
0.501047
0.853129
0.00304014
0.00573871
0.00987739
0.0130631
0.0167243
0.0201499
0.0237698
0.0273666
0.0310767
0.0348361
0.038692
0.0426297
0.0466696
0.0508133
0.0550734
0.0594567
0.063973
0.0686288
0.0734296
0.0783763
0.0834646
0.0886815
0.094003
0.0993904
0.104787
0.110116
0.11528
0.120162
0.124635
0.128573
0.131871
0.134463
0.136347
0.137595
0.13836
0.138863
0.139365
0.140118
0.141315
0.14306
0.1454
0.148457
0.152584
0.158425
0.166704
0.177715
0.190724
0.203808
0.214743
0.221697
0.22259
0.216153
0.201124
0.175988
0.138718
0.0856595
0.0126397
-0.0854772
-0.215802
-0.366179
-0.559679
-0.749965
-0.791669
-1.3245
-1.67446
-2.01602
-2.41013
-2.63531
-2.62387
-2.46783
-2.09431
-1.65724
-1.14903
-0.716728
-0.228992
0.0282861
0.47654
0.588328
1.17335
0.00357891
0.00689884
0.0119365
0.0158458
0.0203193
0.0245127
0.0289365
0.0333334
0.0378655
0.0424574
0.0471656
0.0519729
0.0569039
0.0619608
0.0671591
0.0725072
0.078017
0.0836966
0.0895528
0.095587
0.101794
0.108159
0.114651
0.121225
0.127812
0.134318
0.140623
0.146586
0.152049
0.156859
0.160884
0.164044
0.166335
0.167845
0.168761
0.169355
0.169947
0.170851
0.172303
0.174424
0.177266
0.180966
0.185954
0.193034
0.203125
0.216624
0.232639
0.248778
0.262313
0.270994
0.272268
0.264612
0.246484
0.216059
0.170826
0.106234
0.0169601
-0.103749
-0.26492
-0.45296
-0.70064
-0.939916
-1.05039
-1.6452
-2.01012
-2.39211
-2.84637
-3.10346
-3.08126
-2.89314
-2.45246
-1.93648
-1.34621
-0.830605
-0.271121
0.0466829
0.569401
0.681043
1.37692
0.00407865
0.00803279
0.0139569
0.0185958
0.0238806
0.028845
0.0340732
0.0392718
0.0446264
0.0500516
0.0556121
0.061289
0.0671107
0.0730805
0.0792163
0.0855284
0.0920308
0.0987334
0.105644
0.112766
0.120091
0.127604
0.135269
0.143032
0.150811
0.158498
0.16595
0.173
0.179461
0.185148
0.189907
0.193638
0.196336
0.198105
0.199166
0.199843
0.200518
0.201567
0.20327
0.205766
0.209102
0.213425
0.219242
0.227526
0.239412
0.255425
0.274518
0.293796
0.310018
0.320506
0.322222
0.313398
0.292217
0.256559
0.203424
0.127334
0.0217318
-0.12194
-0.31467
-0.54211
-0.84799
-1.13843
-1.34079
-1.99315
-2.36877
-2.78636
-3.29926
-3.58492
-3.54722
-3.32403
-2.81243
-2.21479
-1.54109
-0.940599
-0.310099
0.0671657
0.660548
0.76597
1.57428
0.00454735
0.00914682
0.0159397
0.0213121
0.0274033
0.0331393
0.0391691
0.0451678
0.0513418
0.0575973
0.0640064
0.0705489
0.0772569
0.0841345
0.0912026
0.098473
0.105962
0.113682
0.121641
0.129842
0.13828
0.146934
0.155766
0.164712
0.173681
0.182546
0.191143
0.199278
0.206735
0.213299
0.218787
0.223085
0.226182
0.228197
0.229387
0.23013
0.230872
0.232053
0.233998
0.236861
0.240679
0.2456
0.252206
0.261651
0.275312
0.293875
0.316137
0.338663
0.357695
0.370113
0.372387
0.362527
0.33845
0.297773
0.237012
0.149738
0.0280633
-0.138567
-0.363146
-0.631469
-0.999015
-1.34207
-1.66114
-2.36467
-2.75419
-3.20543
-3.77838
-4.08921
-4.03018
-3.76813
-3.18082
-2.49734
-1.73804
-1.04876
-0.348163
0.0918524
0.751199
0.845942
1.78756
0.00498679
0.0102442
0.0178887
0.0239991
0.0308925
0.0374012
0.0442307
0.051029
0.0580205
0.0651046
0.0723599
0.0797653
0.0873566
0.0951389
0.103136
0.111361
0.119832
0.128564
0.137568
0.146846
0.156392
0.166184
0.17618
0.186308
0.196466
0.206509
0.216254
0.225478
0.233935
0.24138
0.247599
0.252461
0.255951
0.258202
0.259508
0.260299
0.261092
0.262392
0.264573
0.267798
0.272087
0.277579
0.284926
0.295481
0.310894
0.332045
0.357581
0.383478
0.405453
0.419924
0.422862
0.412074
0.385223
0.339696
0.271534
0.173343
0.0358031
-0.153806
-0.410453
-0.72108
-1.1528
-1.54856
-2.01025
-2.74979
-3.16335
-3.64825
-4.28441
-4.61597
-4.52778
-4.22233
-3.55412
-2.78081
-1.93439
-1.15275
-0.384253
0.122366
0.841105
0.950234
1.93754
0.00540089
0.0113284
0.0198065
0.0266585
0.0343485
0.0416304
0.0492567
0.0568532
0.0646594
0.0725694
0.0806675
0.0889325
0.0974029
0.106086
0.115006
0.124181
0.13363
0.143369
0.153411
0.16376
0.17441
0.185336
0.196492
0.2078
0.219144
0.230367
0.241261
0.251577
0.261038
0.269364
0.276316
0.281738
0.285612
0.288087
0.28949
0.29031
0.291134
0.292538
0.294944
0.298527
0.303274
0.309304
0.317339
0.328944
0.346079
0.369863
0.398798
0.428207
0.453279
0.469943
0.473669
0.462079
0.4326
0.382436
0.307167
0.19842
0.045355
-0.16706
-0.455673
-0.809694
-1.30655
-1.75374
-2.386
-3.13688
-3.59514
-4.11655
-4.82215
-5.17014
-5.04279
-4.68821
-3.93284
-3.06513
-2.12972
-1.25194
-0.417904
0.159342
0.930018
1.04356
2.09582
0.00579207
0.0124022
0.0216958
0.0292929
0.0377738
0.0458293
0.0542493
0.0626425
0.0712607
0.0799941
0.0889317
0.0980526
0.107398
0.116977
0.126817
0.136937
0.147358
0.1581
0.169175
0.18059
0.192338
0.204394
0.216707
0.229193
0.241725
0.254128
0.266174
0.277586
0.288056
0.297269
0.304954
0.310935
0.315185
0.317868
0.31935
0.320176
0.321009
0.3225
0.325123
0.329058
0.334251
0.340786
0.349446
0.362029
0.380849
0.407319
0.439792
0.472872
0.501211
0.520222
0.524861
0.512595
0.480632
0.426044
0.343977
0.225078
0.0568975
-0.177991
-0.498155
-0.896203
-1.45695
-1.95324
-2.78617
-3.51324
-4.04955
-4.61213
-5.39716
-5.75817
-5.57961
-5.16861
-4.31856
-3.35117
-2.32436
-1.34612
-0.448895
0.203243
1.01876
1.12623
2.28655
0.00616289
0.0134679
0.0235591
0.0319043
0.0411699
0.0499988
0.059209
0.0683973
0.0778241
0.0873778
0.0971513
0.107124
0.117341
0.127811
0.138566
0.149625
0.161014
0.172752
0.184855
0.197331
0.210173
0.223354
0.236821
0.250482
0.264201
0.277787
0.290989
0.303504
0.314987
0.325092
0.333512
0.340048
0.344666
0.347542
0.349079
0.349886
0.350703
0.352262
0.355093
0.359375
0.365004
0.372004
0.381218
0.394697
0.415156
0.444369
0.480542
0.517468
0.549266
0.570787
0.576474
0.563663
0.529366
0.470586
0.382065
0.253485
0.0707204
-0.186068
-0.536957
-0.978993
-1.59992
-2.14598
-3.20314
-3.85784
-4.5239
-5.13601
-6.01431
-6.38609
-6.14228
-5.66576
-4.71206
-3.63906
-2.51812
-1.43475
-0.477289
0.255962
1.10737
1.24796
2.43213
0.00651545
0.0145274
0.0253985
0.0344948
0.0445384
0.0541404
0.0641372
0.0741183
0.0843504
0.0947214
0.105327
0.116148
0.127231
0.138588
0.150252
0.162245
0.174596
0.187324
0.20045
0.213982
0.227912
0.242215
0.256832
0.271668
0.286574
0.301345
0.315708
0.329331
0.341836
0.352838
0.361996
0.369084
0.37406
0.377112
0.378681
0.37944
0.380214
0.38182
0.384849
0.389477
0.395528
0.402954
0.412641
0.426918
0.44896
0.480979
0.521033
0.562001
0.597467
0.621674
0.628552
0.615323
0.578841
0.516104
0.421498
0.283767
0.087068
-0.190779
-0.571136
-1.05631
-1.732
-2.33475
-3.60703
-4.12647
-5.00187
-5.68811
-6.67877
-7.06043
-6.73552
-6.18241
-5.11422
-3.92894
-2.71073
-1.51724
-0.501206
0.316561
1.19579
1.34099
2.58016
0.00685165
0.0155824
0.0272162
0.037066
0.0478809
0.0582552
0.0690345
0.0798062
0.0908398
0.102025
0.113458
0.125123
0.137068
0.149307
0.161875
0.174797
0.188102
0.201816
0.215959
0.230539
0.245553
0.260973
0.276738
0.292747
0.308842
0.324801
0.340331
0.355069
0.368604
0.380509
0.390408
0.398047
0.40337
0.406579
0.408154
0.408833
0.409532
0.411163
0.41438
0.419353
0.425819
0.433625
0.443693
0.458654
0.482212
0.517107
0.561245
0.606469
0.645837
0.672915
0.681129
0.667612
0.629087
0.562628
0.46232
0.316021
0.10617
-0.191599
-0.599748
-1.12638
-1.8509
-2.51914
-3.9378
-4.31252
-5.47468
-6.26806
-7.3963
-7.78835
-7.36469
-6.72209
-5.52626
-4.22113
-2.90182
-1.59482
-0.517023
0.384564
1.28433
1.45951
2.75247
0.00717312
0.0166342
0.0290142
0.0396197
0.0511988
0.0623445
0.073902
0.0854617
0.0972928
0.109288
0.121545
0.134049
0.14685
0.159966
0.173432
0.187277
0.201532
0.216225
0.231378
0.247002
0.263094
0.279627
0.296537
0.313717
0.331002
0.348153
0.364856
0.380718
0.395292
0.408109
0.418754
0.426941
0.432601
0.435946
0.437497
0.438062
0.438652
0.440283
0.443678
0.448997
0.455871
0.46401
0.474356
0.489871
0.51486
0.552707
0.601157
0.650871
0.694395
0.724542
0.734243
0.720558
0.680117
0.610148
0.504511
0.350257
0.128149
-0.18814
-0.622056
-1.18774
-1.95578
-2.69573
-4.17207
-4.48138
-5.96778
-6.87663
-8.17283
-8.57731
-8.0355
-7.28895
-5.94967
-4.51612
-3.09079
-1.66859
-0.523939
0.459632
1.37578
1.56971
2.86184
0.00748132
0.0176842
0.0307942
0.0421573
0.0544935
0.0664092
0.0787404
0.0910852
0.10371
0.116511
0.129586
0.142925
0.156578
0.170565
0.184924
0.199685
0.214884
0.230549
0.246705
0.263368
0.280533
0.298173
0.316225
0.334577
0.353052
0.3714
0.389283
0.40628
0.421902
0.435642
0.447037
0.45577
0.461755
0.465215
0.46671
0.467121
0.467564
0.469168
0.472732
0.478404
0.485681
0.494104
0.504613
0.520527
0.546847
0.587728
0.640746
0.695206
0.743163
0.776585
0.787927
0.774179
0.731911
0.658591
0.547944
0.386334
0.152929
-0.180279
-0.637714
-1.23958
-2.04705
-2.86311
-4.34777
-4.6863
-6.43209
-7.51348
-9.01445
-9.43513
-8.75391
-7.88759
-6.38632
-4.8148
-3.27727
-1.73766
-0.521806
0.539855
1.47596
1.66877
3.05453
0.0077775
0.0187333
0.0325578
0.0446802
0.0577662
0.0704504
0.0835506
0.0966772
0.110091
0.123694
0.137584
0.151752
0.166251
0.181103
0.196348
0.21202
0.228155
0.244786
0.26194
0.279633
0.297866
0.31661
0.335801
0.355322
0.37499
0.39454
0.413611
0.431753
0.448437
0.463108
0.475261
0.484538
0.490836
0.494387
0.495791
0.496008
0.496262
0.497807
0.501533
0.507566
0.515248
0.523903
0.534444
0.550581
0.57811
0.622115
0.679984
0.739468
0.792165
0.829076
0.842209
0.828464
0.784384
0.707757
0.592301
0.423849
0.180101
-0.168325
-0.646946
-1.28193
-2.12639
-3.02181
-4.48858
-4.95788
-6.85195
-8.18886
-9.9284
-10.3698
-9.52609
-8.52304
-6.83845
-5.11806
-3.46101
-1.80125
-0.50998
0.626647
1.58532
1.81347
3.23203
0.00806273
0.0197823
0.0343066
0.0471896
0.0610182
0.074469
0.0883331
0.102238
0.116436
0.130837
0.145535
0.160528
0.175868
0.191579
0.207704
0.224279
0.241344
0.258934
0.277079
0.295797
0.315091
0.334934
0.35526
0.375951
0.396814
0.417571
0.43784
0.457138
0.474897
0.490513
0.503429
0.51325
0.519849
0.523466
0.524741
0.524716
0.524734
0.526189
0.530068
0.536478
0.544571
0.553406
0.563834
0.579987
0.608578
0.655807
0.718842
0.783655
0.841421
0.882043
0.897094
0.883346
0.837326
0.757243
0.636972
0.462026
0.208818
-0.153111
-0.650612
-1.3158
-2.19616
-3.17197
-4.62532
-5.36045
-7.26146
-8.92796
-10.9225
-11.3893
-10.3582
-9.20058
-7.3086
-5.42647
-3.64179
-1.8588
-0.487837
0.721027
1.7029
1.94697
3.33974
0.00833796
0.0208321
0.0360418
0.0496868
0.0642504
0.0784657
0.0930886
0.107769
0.122746
0.13794
0.153442
0.169253
0.185427
0.201991
0.21899
0.236462
0.25445
0.272991
0.292119
0.311856
0.332205
0.353141
0.3746
0.396459
0.41852
0.44049
0.461967
0.482435
0.501284
0.517858
0.531547
0.54191
0.548798
0.552453
0.553559
0.553241
0.552973
0.554302
0.558327
0.565133
0.573651
0.582613
0.592768
0.608698
0.638174
0.688734
0.757289
0.827761
0.890957
0.935499
0.952544
0.938636
0.890315
0.806335
0.680949
0.499636
0.237762
-0.13597
-0.650147
-1.34294
-2.25907
-3.31552
-4.79042
-5.91582
-7.63559
-9.73123
-12.006
-12.5021
-11.256
-9.92568
-7.79949
-5.74086
-3.8194
-1.90965
-0.454828
0.823376
1.83042
2.0691
3.53419
0.00860399
0.0218834
0.0377647
0.0521726
0.067464
0.0824414
0.0978178
0.113269
0.12902
0.145002
0.161302
0.177927
0.194929
0.212339
0.230205
0.248567
0.26747
0.286955
0.307059
0.327807
0.349204
0.37123
0.393818
0.416845
0.440106
0.463296
0.485991
0.507644
0.527599
0.545146
0.559618
0.570523
0.577686
0.581352
0.582245
0.581578
0.580967
0.582129
0.586295
0.593526
0.602494
0.61153
0.621232
0.636663
0.666811
0.720823
0.795288
0.871782
0.940787
0.989425
1.00841
0.993939
0.942611
0.853905
0.722757
0.535015
0.265254
-0.118574
-0.647358
-1.36562
-2.31815
-3.45621
-4.99439
-6.48103
-7.95087
-10.6064
-13.1866
-13.7167
-12.2254
-10.7038
-8.31388
-6.0624
-3.99367
-1.95308
-0.41036
0.934941
1.96939
2.25447
3.72646
0.00886148
0.0229367
0.0394764
0.0546481
0.0706597
0.0863967
0.102521
0.118739
0.135259
0.152024
0.169116
0.186548
0.204372
0.222622
0.241347
0.260591
0.280402
0.300823
0.321896
0.343647
0.366087
0.389195
0.41291
0.437103
0.461567
0.485984
0.50991
0.532763
0.553842
0.572379
0.587645
0.599095
0.606519
0.610164
0.610797
0.609721
0.608704
0.609656
0.61396
0.621652
0.631104
0.640164
0.649214
0.663827
0.694394
0.751993
0.832804
0.915711
0.990904
1.04371
1.06435
1.04853
0.993046
0.898351
0.760509
0.566242
0.289489
-0.102676
-0.64412
-1.38621
-2.37654
-3.59809
-5.23043
-6.9577
-8.28277
-11.5852
-14.4691
-15.0428
-13.2716
-11.5405
-8.85439
-6.39234
-4.16456
-1.98834
-0.353853
1.0563
2.11822
2.40342
3.83359
0.00911099
0.0239927
0.0411779
0.057114
0.0738386
0.0903321
0.107199
0.124179
0.141462
0.159005
0.176883
0.195116
0.213755
0.232838
0.252415
0.272534
0.293244
0.314594
0.336626
0.359373
0.382848
0.407035
0.431871
0.457231
0.482901
0.508552
0.533721
0.557792
0.580015
0.599561
0.615634
0.627629
0.635301
0.638895
0.639215
0.637664
0.636173
0.636867
0.641304
0.649504
0.659489
0.668528
0.676707
0.69013
0.720817
0.782154
0.869794
0.959525
1.04124
1.09808
1.1197
1.10124
1.03995
0.937655
0.792129
0.591445
0.308837
-0.0898099
-0.642066
-1.40679
-2.43706
-3.7458
-5.49807
-7.4192
-8.7369
-12.6421
-15.8762
-16.4911
-14.3996
-12.4405
-9.42352
-6.73187
-4.33214
-2.01469
-0.284696
1.18819
2.27964
2.5908
4.05125
0.00935297
0.0250517
0.0428701
0.0595711
0.0770011
0.0942482
0.111851
0.129589
0.14763
0.165944
0.184603
0.20363
0.223077
0.242986
0.263407
0.284392
0.305994
0.328264
0.351248
0.374983
0.399486
0.424744
0.450698
0.477224
0.504102
0.530996
0.557421
0.582729
0.606118
0.626694
0.643589
0.656132
0.664038
0.667546
0.667501
0.665401
0.663359
0.663741
0.668311
0.677078
0.687663
0.69664
0.703706
0.715511
0.74596
0.811211
0.906206
1.00316
1.09157
1.15191
1.17329
1.15036
1.08121
0.969644
0.815719
0.609133
0.322117
-0.0810324
-0.642322
-1.42889
-2.50187
-3.90353
-5.79986
-7.90463
-9.39126
-13.7995
-17.4422
-18.0728
-15.6137
-13.4081
-10.0235
-7.08194
-4.49665
-2.03138
-0.202255
1.33162
2.45318
2.76735
4.1482
0.00958777
0.0261142
0.0445537
0.06202
0.0801481
0.0981454
0.116479
0.134969
0.153762
0.172842
0.192275
0.21209
0.232337
0.253064
0.274322
0.296165
0.31865
0.341831
0.365758
0.390473
0.415996
0.442319
0.469387
0.497077
0.525167
0.553312
0.581008
0.607572
0.632151
0.65378
0.671514
0.684609
0.692735
0.696123
0.695653
0.692926
0.690249
0.690257
0.694961
0.704368
0.715638
0.724524
0.730212
0.739902
0.769692
0.839055
0.94196
1.04645
1.1414
1.20414
1.22341
1.19362
1.11452
0.992418
0.829937
0.618459
0.328796
-0.0767492
-0.645344
-1.45325
-2.5721
-4.07416
-6.13652
-8.43913
-10.2986
-15.0774
-19.2044
-19.7989
-16.9167
-14.4465
-10.6561
-7.44329
-4.65841
-2.03768
-0.105889
1.48743
2.6401
2.93815
4.34273
0.00981567
0.0271807
0.0462295
0.0644613
0.0832801
0.102024
0.121081
0.14032
0.159858
0.179698
0.199897
0.220493
0.241534
0.263071
0.285158
0.307851
0.331209
0.355292
0.380154
0.405839
0.432374
0.459756
0.487933
0.516785
0.546091
0.575496
0.604478
0.632319
0.658113
0.680822
0.699413
0.713066
0.721399
0.72463
0.723672
0.720232
0.716825
0.716393
0.721232
0.731367
0.743434
0.752211
0.756232
0.763233
0.791865
0.865558
0.976905
1.089
1.18978
1.25308
1.26766
1.22851
1.1379
1.00479
0.834234
0.619342
0.329068
-0.0766644
-0.650891
-1.47983
-2.64782
-4.25876
-6.50627
-9.03997
-11.5051
-16.4838
-21.2057
-21.6832
-18.3097
-15.5578
-11.3226
-7.8164
-4.81774
-2.03288
0.00508189
1.65692
2.84194
3.17264
4.55235
0.0100368
0.0282516
0.0478981
0.0668955
0.0863975
0.105884
0.12566
0.14564
0.165917
0.186511
0.20747
0.22884
0.250667
0.273006
0.295912
0.319446
0.34367
0.368645
0.394431
0.421077
0.448616
0.47705
0.506331
0.536344
0.566868
0.597541
0.627825
0.656968
0.684005
0.707821
0.72729
0.741509
0.750035
0.753071
0.751559
0.747313
0.743071
0.742121
0.7471
0.758069
0.771073
0.779741
0.781781
0.785427
0.812309
0.890552
1.01073
1.13004
1.23516
1.29628
1.30321
1.25277
1.15023
1.0065
0.828905
0.612458
0.323806
-0.0798599
-0.658111
-1.50785
-2.72804
-4.4565
-6.90487
-9.71831
-13.012
-17.9898
-23.481
-23.7453
-19.7935
-16.7431
-12.0233
-8.20153
-4.9748
-2.01628
0.13133
1.84109
3.05685
3.38192
4.65481
0.0102514
0.0293271
0.04956
0.069323
0.0895008
0.109726
0.130213
0.15093
0.17194
0.193281
0.214993
0.237128
0.259734
0.282867
0.306584
0.33095
0.356028
0.381886
0.408587
0.436185
0.464719
0.494196
0.524576
0.555748
0.587492
0.619444
0.651047
0.681514
0.709825
0.734779
0.755151
0.769944
0.778651
0.781452
0.779316
0.774161
0.768968
0.767413
0.772535
0.784466
0.798581
0.807164
0.806885
0.806403
0.830821
0.913767
1.04285
1.16826
1.27525
1.33061
1.32732
1.26513
1.15151
0.998238
0.814976
0.59909
0.314386
-0.084984
-0.665721
-1.53597
-2.81096
-4.66492
-7.32709
-10.4783
-14.737
-19.5472
-26.0672
-26.0091
-21.3694
-18.0027
-12.7576
-8.59865
-5.12947
-1.98714
0.27355
2.04071
3.2867
3.58182
4.86453
0.0104594
0.0304078
0.0512157
0.0717442
0.0925903
0.11355
0.134742
0.15619
0.177925
0.200006
0.222464
0.245358
0.268733
0.292651
0.317171
0.342359
0.368282
0.395013
0.422618
0.451158
0.480677
0.511189
0.542662
0.57499
0.607958
0.641197
0.674136
0.705956
0.735572
0.761698
0.783
0.798377
0.807253
0.809779
0.806944
0.800769
0.794495
0.792236
0.797505
0.810549
0.825991
0.834543
0.83158
0.826069
0.847138
0.934745
1.07222
1.20173
1.30686
1.35274
1.3383
1.26571
1.14279
0.981369
0.793985
0.580901
0.302449
-0.0904867
-0.672207
-1.56244
-2.89414
-4.88027
-7.76693
-11.3154
-16.5414
-21.1882
-29.0513
-28.501
-23.0387
-19.335
-13.5233
-9.00733
-5.2812
-1.94458
0.43252
2.25714
3.53406
3.85665
5.11101
0.0106608
0.031494
0.0528654
0.0741594
0.0956661
0.117357
0.139246
0.161419
0.183873
0.206687
0.229883
0.253527
0.277664
0.302358
0.327671
0.353671
0.38043
0.408023
0.436521
0.465992
0.496486
0.528025
0.560584
0.594066
0.628259
0.662794
0.697088
0.730287
0.761245
0.788579
0.810841
0.826816
0.835849
0.838059
0.834445
0.82713
0.819631
0.816553
0.821972
0.836307
0.853339
0.861956
0.855919
0.844312
0.860879
0.952717
1.09741
1.22763
1.32613
1.3602
1.33613
1.25586
1.12583
0.95768
0.767697
0.559659
0.289643
-0.0948197
-0.675955
-1.58523
-2.97461
-5.0977
-8.21684
-12.217
-18.3419
-23.0305
-32.5494
-31.2491
-24.8024
-20.7372
-14.3168
-9.42644
-5.42864
-1.88755
0.609038
2.49142
3.7954
4.09335
5.20931
0.0108554
0.0325859
0.0545096
0.0765687
0.0987285
0.121145
0.143726
0.166616
0.189782
0.213322
0.237248
0.261634
0.286524
0.311986
0.338081
0.364884
0.392467
0.420911
0.450292
0.480683
0.512141
0.544697
0.578336
0.612967
0.648387
0.684229
0.719896
0.754503
0.78684
0.815424
0.838679
0.855267
0.864448
0.866299
0.861823
0.853237
0.84435
0.840323
0.845894
0.861728
0.88067
0.889494
0.879964
0.860966
0.871454
0.966649
1.11642
1.24205
1.32958
1.3525
1.32242
1.23772
1.10272
0.929054
0.737831
0.53699
0.277446
-0.0965347
-0.675296
-1.60203
-3.04891
-5.31124
-8.66683
-13.1651
-20.13
-25.2027
-36.5777
-34.283
-26.6608
-22.205
-15.1331
-9.85383
-5.56965
-1.8148
0.803995
2.74415
4.07468
4.37046
5.48388
0.0110432
0.0336839
0.0561485
0.0789724
0.101778
0.124914
0.148179
0.171782
0.195652
0.21991
0.244558
0.269678
0.295312
0.321532
0.348401
0.375995
0.404392
0.433676
0.463928
0.495227
0.527638
0.561201
0.595911
0.631687
0.668335
0.705492
0.742552
0.778599
0.812356
0.842233
0.866518
0.883737
0.893057
0.894508
0.889083
0.879083
0.868628
0.863499
0.86922
0.886797
0.908032
0.917268
0.903774
0.875733
0.878059
0.975449
1.12623
1.2405
1.31573
1.33134
1.29975
1.21373
1.07556
0.897202
0.70584
0.514235
0.267113
-0.0942616
-0.668454
-1.61027
-3.11315
-5.51381
-9.10481
-14.1399
-21.8846
-27.7527
-41.0939
-37.6329
-28.6132
-23.7343
-15.9661
-10.2862
-5.70211
-1.72485
1.01847
3.01645
4.3711
4.63493
5.63761
0.0112239
0.0347883
0.0577821
0.0813705
0.104813
0.128666
0.152608
0.176915
0.201482
0.22645
0.251812
0.277658
0.304026
0.330995
0.358626
0.387002
0.416201
0.446313
0.477423
0.509618
0.542971
0.57753
0.613302
0.650218
0.688095
0.726576
0.765049
0.802567
0.837788
0.869007
0.894362
0.912234
0.921686
0.922695
0.916229
0.904663
0.892436
0.88603
0.891894
0.911495
0.935481
0.945395
0.927346
0.888061
0.880095
0.977772
1.12228
1.21987
1.28601
1.29979
1.27095
1.18622
1.04618
0.863486
0.672801
0.49243
0.259737
-0.0866129
-0.653493
-1.60711
-3.16307
-5.69753
-9.51827
-15.1243
-23.5721
-30.6713
-46.0349
-41.3246
-30.6575
-25.3208
-16.8088
-10.719
-5.82416
-1.61586
1.25371
3.30908
4.68578
4.89898
5.89353
0.0113973
0.0358995
0.0594107
0.0837631
0.107835
0.132399
0.15701
0.182016
0.207271
0.232942
0.259009
0.285571
0.312665
0.340372
0.368756
0.397901
0.427891
0.458818
0.490775
0.523853
0.558135
0.593679
0.630502
0.668552
0.707658
0.747471
0.787377
0.826401
0.863133
0.895746
0.922217
0.940765
0.950345
0.950869
0.943268
0.929969
0.915745
0.907857
0.913851
0.935799
0.96307
0.973969
0.950439
0.897273
0.877843
0.970761
1.09961
1.18043
1.24399
1.2612
1.23865
1.1572
1.01604
0.828853
0.639437
0.4724
0.256378
-0.0720944
-0.628325
-1.58967
-3.19441
-5.85439
-9.89572
-16.1015
-25.1577
-33.9528
-51.3172
-45.3718
-32.7884
-26.9608
-17.6533
-11.1468
-5.93355
-1.48561
1.51131
3.62306
5.02069
5.22609
6.16598
0.0115629
0.0370178
0.0610343
0.0861501
0.110844
0.136112
0.161386
0.187082
0.213018
0.239383
0.266147
0.293416
0.321226
0.349661
0.378786
0.408691
0.439459
0.471189
0.503979
0.537927
0.573124
0.609639
0.647505
0.686681
0.727014
0.768167
0.809526
0.850093
0.888384
0.922448
0.950085
0.969338
0.979043
0.979042
0.970209
0.954999
0.938524
0.928916
0.935015
0.959676
0.990837
1.00294
0.972276
0.903319
0.87144
0.949051
1.05599
1.12586
1.19375
1.21858
1.20505
1.12825
0.986206
0.793881
0.606215
0.454889
0.258167
-0.0490956
-0.590866
-1.55538
-3.20357
-5.97752
-10.2288
-17.0542
-26.6118
-37.6026
-56.8453
-49.7745
-34.9976
-28.65
-18.4921
-11.563
-6.02762
-1.33155
1.79322
3.95933
5.37283
5.52791
6.3461
0.0117205
0.0381435
0.0626528
0.0885315
0.113839
0.139806
0.165734
0.192113
0.218722
0.245773
0.273224
0.301192
0.329707
0.358859
0.388716
0.419367
0.450901
0.483421
0.51703
0.551834
0.587932
0.625406
0.664302
0.704596
0.746154
0.788653
0.831486
0.873631
0.913537
0.949114
0.977971
0.99796
1.00779
1.00723
0.997061
0.979748
0.960739
0.949135
0.955296
0.983076
1.01875
1.03175
0.991711
0.907707
0.858305
0.907007
0.994032
1.06144
1.13877
1.17436
1.17187
1.10058
0.957407
0.758887
0.573476
0.440665
0.266334
-0.0160094
-0.539388
-1.50266
-3.18866
-6.06305
-10.515
-17.9687
-27.9211
-41.6757
-62.5276
-54.5263
-37.2722
-30.3824
-19.3176
-11.9602
-6.10321
-1.1508
2.10184
4.31851
5.74401
5.82398
6.64144
0.0118696
0.0392769
0.0642662
0.090907
0.116819
0.14348
0.170054
0.197109
0.224382
0.25211
0.28024
0.308895
0.338106
0.367966
0.398541
0.429927
0.462215
0.495511
0.529924
0.565569
0.602553
0.640972
0.680884
0.722287
0.765066
0.808918
0.853245
0.897007
0.938583
0.97574
1.00588
1.02664
1.0366
1.03543
1.02384
1.00422
0.982357
0.968432
0.974586
1.00591
1.04649
1.05892
1.00834
0.912503
0.835075
0.842325
0.918805
0.991206
1.08176
1.1304
1.14036
1.07509
0.930175
0.724028
0.541507
0.430547
0.282132
0.0284885
-0.473124
-1.43188
-3.1509
-6.11219
-10.7589
-18.8336
-29.1093
-46.3213
-68.2818
-59.6219
-39.5957
-32.1493
-20.1235
-12.3307
-6.15661
-0.94022
2.44014
4.70173
6.13666
6.18478
6.9593
0.0120096
0.0404184
0.0658743
0.0932766
0.119785
0.147134
0.174345
0.202068
0.229997
0.258392
0.287191
0.316525
0.346421
0.376976
0.408259
0.440367
0.473395
0.507453
0.542657
0.579127
0.616982
0.656329
0.697245
0.739745
0.783739
0.828948
0.874789
0.920209
0.963516
1.00233
1.03381
1.05538
1.06547
1.06368
1.05055
1.02841
1.00334
0.986713
0.992748
1.02798
1.07303
1.08228
1.02232
0.911141
0.782609
0.759407
0.83394
0.91894
1.02417
1.08799
1.11151
1.05252
0.904946
0.689359
0.510572
0.425357
0.306649
0.0849617
-0.393115
-1.34652
-3.09604
-6.13258
-10.9709
-19.6383
-30.2348
-51.7575
-73.9882
-65.0507
-41.9496
-33.9379
-20.9038
-12.6665
-6.18349
-0.696388
2.81155
5.11033
6.54613
6.51147
7.17594
0.0121401
0.0415681
0.0674769
0.0956398
0.122736
0.150765
0.178607
0.206989
0.235564
0.264618
0.294077
0.324079
0.35465
0.385889
0.417868
0.450685
0.484439
0.519245
0.555223
0.592502
0.631212
0.671471
0.713374
0.756959
0.802161
0.848731
0.896105
0.943222
0.988324
1.02886
1.06177
1.08419
1.09443
1.09198
1.07722
1.05232
1.02366
1.00387
1.00959
1.04872
1.09616
1.10038
1.03273
0.894011
0.698233
0.670416
0.73881
0.846288
0.967344
1.04807
1.08613
1.03362
0.882121
0.654836
0.480872
0.425813
0.340487
0.152496
-0.303214
-1.25432
-3.03542
-6.13792
-11.1643
-20.3715
-31.3793
-58.1753
-79.422
-70.7627
-44.3113
-35.7304
-21.6529
-12.9601
-6.17893
-0.415676
3.21988
5.54513
6.97589
6.86803
7.53346
0.0122604
0.0427265
0.0690739
0.0979963
0.125671
0.154375
0.182838
0.21187
0.241084
0.270787
0.300895
0.331555
0.362789
0.394702
0.427363
0.460876
0.495342
0.530881
0.567618
0.60569
0.645235
0.686389
0.729263
0.773918
0.82032
0.868251
0.917175
0.966033
1.013
1.05535
1.08975
1.11308
1.12348
1.12035
1.10387
1.07597
1.04326
1.01975
1.02481
1.0667
1.11319
1.11468
1.04211
0.845097
0.602633
0.581827
0.640196
0.775199
0.912068
1.01163
1.06505
1.01915
0.862093
0.62028
0.452487
0.43234
0.383229
0.227797
-0.21104
-1.16818
-2.98541
-6.1454
-11.3509
-21.0225
-32.6401
-65.542
-84.096
-76.6177
-46.6601
-37.5033
-22.3646
-13.2049
-6.13748
-0.0943573
3.66931
6.00784
7.42479
7.20814
7.82116
0.0123699
0.0438938
0.0706648
0.100346
0.12859
0.157961
0.187036
0.216711
0.246553
0.276896
0.307644
0.33895
0.370837
0.40341
0.436742
0.470938
0.506102
0.542357
0.579836
0.618682
0.659046
0.701076
0.744902
0.790611
0.838201
0.887492
0.937984
0.988624
1.03752
1.08179
1.11777
1.14205
1.15263
1.14882
1.13053
1.09937
1.06208
1.03419
1.03769
1.0795
1.12327
1.12707
1.03567
0.772962
0.503674
0.490494
0.539781
0.706449
0.859362
0.979656
1.04923
1.00999
0.845231
0.585327
0.425289
0.444749
0.432658
0.30434
-0.128748
-1.10595
-2.96483
-6.17206
-11.5402
-21.5861
-34.072
-73.1374
-87.2091
-82.303
-48.9748
-39.2278
-23.0322
-13.3953
-6.05328
0.271302
4.16423
6.5
7.89364
7.53909
8.21404
0.0124678
0.0450704
0.0722493
0.102688
0.131491
0.161523
0.191202
0.221509
0.25197
0.282943
0.31432
0.346263
0.37879
0.412012
0.446001
0.480866
0.516712
0.553669
0.591872
0.631475
0.672638
0.715523
0.760281
0.807026
0.85579
0.906438
0.958513
1.01098
1.06189
1.10816
1.14581
1.17111
1.1819
1.17739
1.15721
1.12252
1.08007
1.04689
1.04673
1.08525
1.13035
1.13802
0.996128
0.698476
0.397989
0.398885
0.4402
0.640748
0.810147
0.953156
1.03969
1.00714
0.831875
0.549372
0.398806
0.461682
0.483905
0.3718
-0.0733956
-1.08815
-2.99063
-6.23167
-11.7386
-22.0664
-35.6037
-79.237
-88.9666
-87.5585
-51.2144
-40.871
-23.6488
-13.5264
-5.92034
0.684928
4.70915
7.02327
8.38395
7.91727
8.60754
0.0125534
0.0462564
0.0738271
0.105021
0.134375
0.165059
0.195333
0.226264
0.257334
0.288927
0.320922
0.35349
0.386646
0.420505
0.455138
0.490656
0.52717
0.564811
0.603721
0.644061
0.686002
0.729721
0.77539
0.82315
0.873073
0.925071
0.97874
1.03307
1.08607
1.13446
1.17389
1.20026
1.21128
1.20609
1.18395
1.14541
1.09711
1.05719
1.05001
1.08565
1.14173
1.12844
0.944933
0.621445
0.286028
0.307863
0.343235
0.579032
0.765339
0.933212
1.03763
1.01173
0.822312
0.51152
0.371945
0.479807
0.528971
0.415583
-0.0658321
-1.13311
-3.07418
-6.33328
-11.9499
-22.4721
-37.0841
-82.7731
-90.3165
-92.0152
-53.3184
-42.3977
-24.2068
-13.5925
-5.73354
1.14988
5.30855
7.57953
8.89251
8.26142
8.98868
0.0126259
0.0474523
0.0753975
0.107346
0.13724
0.168569
0.199427
0.230973
0.262643
0.294844
0.327448
0.360628
0.394402
0.428884
0.464147
0.500305
0.537471
0.575779
0.615377
0.656435
0.699132
0.743663
0.790218
0.838971
0.890032
0.943371
0.998645
1.05489
1.11006
1.16068
1.20199
1.2295
1.24079
1.23493
1.21076
1.16803
1.11297
1.06394
1.04698
1.08576
1.15502
1.0924
0.897935
0.538182
0.170526
0.216013
0.249946
0.521881
0.726052
0.921073
1.04438
1.02501
0.816784
0.470499
0.342459
0.493206
0.556705
0.416503
-0.126514
-1.25175
-3.21982
-6.48117
-12.1758
-22.8118
-38.4322
-84.6573
-91.721
-95.7114
-55.2489
-43.7649
-24.6977
-13.5887
-5.48894
1.66938
5.96677
8.17007
9.42043
8.58513
9.46774
0.0126843
0.0486582
0.0769601
0.109661
0.140085
0.17205
0.203485
0.235635
0.267894
0.300693
0.333893
0.367676
0.402055
0.437147
0.473026
0.509809
0.54761
0.586567
0.626835
0.668588
0.71202
0.757338
0.804756
0.854475
0.906653
0.961318
1.0182
1.0764
1.13383
1.1868
1.23011
1.25884
1.27044
1.26393
1.23763
1.19026
1.12718
1.06615
1.04105
1.09381
1.14911
1.0546
0.850328
0.451227
0.0536845
0.122449
0.162189
0.470064
0.69351
0.918083
1.06148
1.04848
0.815502
0.424438
0.306212
0.493739
0.552182
0.352504
-0.268777
-1.44501
-3.42564
-6.67539
-12.4147
-23.0894
-39.6049
-85.6476
-93.6244
-98.5758
-57.0137
-44.9366
-25.1144
-13.509
-5.18238
2.2462
6.68775
8.79596
9.96788
8.96787
9.90765
0.0127278
0.0498744
0.0785143
0.111966
0.142909
0.175503
0.207503
0.240247
0.273085
0.306472
0.340257
0.37463
0.409601
0.445289
0.481771
0.519163
0.557582
0.597171
0.638088
0.680516
0.724659
0.770738
0.81899
0.869649
0.922916
0.97889
1.03739
1.09757
1.15736
1.21281
1.25826
1.28828
1.30022
1.29306
1.26447
1.21188
1.13906
1.06457
1.03812
1.11021
1.12112
1.02376
0.799238
0.363955
-0.0628817
0.0251892
0.0811204
0.424417
0.669082
0.925694
1.09066
1.08385
0.818639
0.370278
0.257182
0.471913
0.495237
0.204945
-0.493584
-1.70515
-3.68496
-6.91174
-12.6614
-23.3027
-40.5635
-85.9376
-95.9088
-100.713
-58.5662
-45.8574
-25.4505
-13.3456
-4.81026
2.88261
7.47486
9.4586
10.5282
9.30361
10.3897
0.0127553
0.0511012
0.0800593
0.11426
0.14571
0.178924
0.211479
0.244807
0.278214
0.312177
0.346536
0.381486
0.417036
0.453308
0.490377
0.528363
0.567383
0.607584
0.64913
0.692211
0.737039
0.783854
0.832911
0.884477
0.938805
0.996064
1.05617
1.11838
1.18061
1.2387
1.28642
1.31781
1.3301
1.32224
1.29111
1.23244
1.14835
1.06286
1.04408
1.11892
1.09438
0.993921
0.747007
0.278367
-0.176342
-0.0780192
0.00843158
0.385678
0.654204
0.945459
1.13388
1.13326
0.82607
0.302902
0.189734
0.415069
0.362191
-0.0325437
-0.78962
-2.01886
-3.98719
-7.18102
-12.9046
-23.4412
-41.2686
-85.5674
-98.0373
-102.097
-59.8025
-46.5061
-25.6949
-13.0938
-4.37008
3.58044
8.33067
10.1572
11.1
9.67654
10.8774
0.0127658
0.0523387
0.0815945
0.116542
0.148488
0.182313
0.215413
0.249314
0.283278
0.317806
0.352727
0.388242
0.424358
0.461199
0.498841
0.537403
0.577008
0.617802
0.659956
0.703665
0.749154
0.796675
0.846506
0.898947
0.954299
1.01281
1.07452
1.13879
1.20357
1.26445
1.31459
1.3474
1.36
1.35128
1.31715
1.2514
1.1562
1.06654
1.06333
1.11178
1.07695
0.962868
0.695868
0.196184
-0.282375
-0.188332
-0.0539669
0.354738
0.650384
0.979048
1.19345
1.19929
0.836374
0.215751
0.101825
0.30204
0.13534
-0.349646
-1.13799
-2.36961
-4.31755
-7.46729
-13.1248
-23.4844
-41.6796
-84.5939
-99.6786
-102.586
-60.6999
-46.8767
-25.8378
-12.7547
-3.86005
4.3414
9.25704
10.8918
11.6768
10.0452
11.3565
0.012758
0.0535872
0.0831191
0.11881
0.151241
0.185667
0.219301
0.253765
0.288275
0.323355
0.358826
0.394894
0.431563
0.468959
0.507158
0.546281
0.586451
0.627819
0.670559
0.714873
0.760995
0.809192
0.859763
0.913041
0.969381
1.02912
1.0924
1.15877
1.22619
1.29003
1.34275
1.37701
1.38978
1.37985
1.34198
1.26854
1.16496
1.07805
1.08964
1.10302
1.06369
0.932349
0.64668
0.119548
-0.374863
-0.30265
-0.104408
0.33243
0.659201
1.02827
1.27208
1.28484
0.844598
0.106303
-0.00861492
0.103063
-0.184539
-0.723552
-1.5172
-2.73842
-4.65594
-7.74584
-13.2916
-23.4002
-41.758
-83.0821
-100.708
-102.169
-61.2525
-46.9586
-25.8733
-12.33
-3.27902
5.16726
10.2548
11.6599
12.2516
10.4094
11.9184
0.012731
0.0548469
0.0846322
0.121063
0.153967
0.188984
0.223142
0.258157
0.293201
0.328823
0.364832
0.401438
0.438647
0.476583
0.515323
0.55499
0.595707
0.637629
0.680932
0.725825
0.772553
0.821394
0.872671
0.926746
0.984028
1.04494
1.10979
1.17826
1.24844
1.31542
1.37086
1.40652
1.41913
1.40733
1.3649
1.28438
1.17735
1.09794
1.11147
1.10231
1.05175
0.90399
0.599903
0.0503874
-0.447897
-0.416661
-0.140327
0.319673
0.68226
1.09511
1.37301
1.3918
0.840686
-0.0156631
-0.158993
-0.205904
-0.574496
-1.12776
-1.90544
-3.10336
-4.97571
-7.98187
-13.3631
-23.146
-41.4701
-81.0871
-101.021
-100.865
-61.4543
-46.7419
-25.799
-11.8213
-2.62661
6.05987
11.3239
12.4593
12.8147
10.8956
12.3408
0.0126833
0.0561179
0.0861329
0.123301
0.156665
0.192263
0.226934
0.262488
0.298055
0.334205
0.370739
0.407871
0.445605
0.484066
0.523332
0.563525
0.60477
0.647225
0.691068
0.736516
0.783819
0.833273
0.885217
0.940046
0.998222
1.06026
1.12664
1.19724
1.27028
1.34058
1.39884
1.43569
1.44753
1.43293
1.38539
1.29989
1.19489
1.12585
1.12742
1.10719
1.04151
0.878328
0.55605
-0.0099165
-0.495847
-0.524687
-0.160362
0.317636
0.721186
1.18173
1.5
1.51723
0.81586
-0.128965
-0.388575
-0.623104
-0.999246
-1.53798
-2.28059
-3.43902
-5.24351
-8.13146
-13.2877
-22.6724
-40.7896
-78.6631
-100.521
-98.7162
-61.2987
-46.2317
-25.6154
-11.2322
-1.90316
7.02081
12.4622
13.2835
13.3463
11.3493
12.8705
0.0126138
0.0574004
0.0876202
0.125522
0.159333
0.195501
0.230673
0.266754
0.302832
0.339499
0.376544
0.414189
0.452433
0.491405
0.531179
0.571881
0.613636
0.656602
0.700962
0.746936
0.794786
0.844818
0.897389
0.952925
1.01194
1.07505
1.14291
1.21565
1.29165
1.36544
1.42654
1.46414
1.47423
1.45577
1.40325
1.3157
1.2166
1.15826
1.14413
1.11427
1.03362
0.855587
0.515579
-0.06077
-0.514637
-0.617589
-0.163405
0.327505
0.777563
1.29054
1.65627
1.64723
0.779032
-0.221374
-0.74472
-1.11643
-1.42753
-1.93237
-2.61982
-3.71689
-5.42138
-8.14608
-13.0114
-21.9317
-39.7032
-75.871
-99.1933
-95.8279
-60.7904
-45.4504
-25.321
-10.5691
-1.10942
8.05095
13.666
14.1293
13.8529
11.8162
12.5738
0.012521
0.0586945
0.089093
0.127724
0.161969
0.198696
0.234357
0.270953
0.30753
0.3447
0.382244
0.420388
0.459128
0.498594
0.538861
0.580054
0.622297
0.665752
0.710604
0.757079
0.805444
0.856017
0.909174
0.965367
1.02516
1.08928
1.15855
1.23343
1.31248
1.38987
1.45365
1.49122
1.49832
1.4751
1.41846
1.33185
1.24055
1.1898
1.1636
1.12252
1.02813
0.836007
0.478797
-0.102473
-0.504817
-0.687547
-0.149164
0.350717
0.852901
1.4242
1.84082
1.75462
0.757351
-0.341454
-1.2745
-1.64587
-1.83244
-2.29222
-2.8997
-3.90752
-5.47206
-7.98119
-12.4891
-20.8908
-38.2163
-72.7719
-97.0858
-92.3464
-59.9473
-44.4289
-24.9118
-9.84099
-0.246371
9.14922
14.9285
14.9824
14.2492
12.8053
13.6335
0.0124034
0.0600003
0.0905502
0.129905
0.16457
0.201846
0.237983
0.275082
0.312146
0.349805
0.387835
0.426463
0.465684
0.505629
0.546371
0.588036
0.630749
0.67467
0.719989
0.766936
0.815783
0.866861
0.92056
0.977357
1.03786
1.10291
1.17354
1.25052
1.33266
1.41365
1.47966
1.51609
1.51887
1.49039
1.43103
1.34804
1.26523
1.2184
1.18417
1.13178
1.02481
0.819772
0.445994
-0.135664
-0.471794
-0.727247
-0.118818
0.388686
0.948619
1.58532
2.04084
1.81275
0.773253
-0.64356
-1.87105
-2.20137
-2.197
-2.59848
-3.09864
-3.985
-5.36694
-7.60785
-11.6989
-19.5447
-36.3573
-69.4242
-94.2856
-88.4213
-58.7951
-43.1994
-24.3842
-9.05718
0.684853
10.3122
16.243
15.838
14.6384
12.5103
12.3213
0.0122597
0.0613179
0.0919907
0.132064
0.167136
0.204947
0.241549
0.279138
0.316675
0.354811
0.393312
0.432409
0.472097
0.512504
0.553704
0.595822
0.638983
0.683349
0.729109
0.776498
0.825795
0.877339
0.931534
0.988878
1.05003
1.11591
1.18781
1.26684
1.35204
1.43641
1.50387
1.53783
1.5351
1.5013
1.44116
1.364
1.28978
1.24482
1.2045
1.14185
1.02346
0.806936
0.417605
-0.160936
-0.428541
-0.731318
-0.0739951
0.442718
1.06602
1.77446
2.22629
1.84008
0.879981
-1.28107
-2.39633
-2.73778
-2.50383
-2.83452
-3.19934
-3.93325
-5.09466
-7.02367
-10.6549
-17.9278
-34.1779
-65.8822
-90.9287
-84.1992
-57.3701
-41.7934
-23.737
-8.22266
1.68287
11.532
17.5942
16.6333
15.1039
11.9757
13.3586
0.0120882
0.0626473
0.0934132
0.1342
0.169663
0.207997
0.245051
0.283116
0.321113
0.359712
0.398671
0.438223
0.478361
0.519214
0.560854
0.603406
0.646994
0.691781
0.737956
0.785757
0.83547
0.88744
0.942083
0.999916
1.06163
1.12825
1.2013
1.28227
1.37035
1.45757
1.52539
1.55566
1.54656
1.50798
1.44916
1.37941
1.31368
1.26978
1.22414
1.15246
1.02392
0.79743
0.39435
-0.177327
-0.394243
-0.696906
-0.0176647
0.513752
1.20618
1.98516
2.35777
1.86934
0.936507
-2.09456
-2.86153
-3.21296
-2.74238
-2.9881
-3.19362
-3.75131
-4.66658
-6.25777
-9.41138
-16.1144
-31.7484
-62.1911
-87.1785
-79.8072
-55.7181
-40.2404
-22.9683
-7.33529
2.74587
12.7978
18.976
17.399
15.2885
12.2092
13.737
0.0118874
0.0639885
0.0948162
0.136309
0.172149
0.210993
0.248485
0.287013
0.325457
0.364505
0.403907
0.443899
0.484471
0.525753
0.567816
0.610782
0.654776
0.699959
0.746522
0.794705
0.844798
0.897154
0.952196
1.01046
1.07265
1.1399
1.21395
1.29665
1.38719
1.47635
1.54324
1.56842
1.55241
1.51093
1.45593
1.39429
1.33655
1.29338
1.24304
1.1634
1.02605
0.7911
0.377371
-0.181086
-0.394437
-0.626081
0.0478616
0.602108
1.36929
2.19877
2.42526
1.98495
0.673165
-2.84806
-3.30352
-3.59106
-2.91038
-3.05467
-3.08617
-3.45474
-4.11496
-5.36565
-8.05471
-14.2079
-29.1484
-58.3802
-83.1581
-75.3231
-53.8833
-38.5634
-22.0732
-6.3865
3.87025
14.0875
20.3477
18.2145
15.1393
13.999
13.4835
0.0116554
0.0653414
0.0961983
0.138389
0.174591
0.213931
0.251849
0.290826
0.329703
0.369185
0.409015
0.449431
0.490423
0.532116
0.574582
0.617942
0.66232
0.707875
0.754799
0.803333
0.85377
0.906468
0.961859
1.02048
1.08307
1.15082
1.22567
1.30974
1.40197
1.49192
1.55681
1.57648
1.55435
1.51147
1.46173
1.4084
1.35821
1.31563
1.26126
1.17461
1.02976
0.787747
0.368636
-0.161314
-0.441601
-0.528371
0.120373
0.707257
1.55254
2.38385
2.45617
2.20261
0.0687937
-3.51157
-3.74356
-3.84977
-3.01316
-3.0402
-2.89307
-3.0706
-3.48355
-4.41537
-6.68504
-12.3203
-26.4557
-54.4624
-78.8999
-70.7655
-51.8943
-36.7739
-21.0404
-5.36271
5.05132
15.3693
21.7126
18.7385
15.4634
16.9214
12.0584
0.0113906
0.0667056
0.0975579
0.140439
0.176986
0.216809
0.255139
0.29455
0.333846
0.373747
0.413991
0.454815
0.496208
0.538295
0.581146
0.62488
0.669619
0.715521
0.762778
0.81163
0.862375
0.915373
0.971061
1.02998
1.09286
1.16095
1.23632
1.32118
1.4141
1.5036
1.56504
1.57761
1.55102
1.51087
1.46762
1.42198
1.37864
1.33671
1.27889
1.18608
1.03495
0.787154
0.370993
-0.101004
-0.509892
-0.416672
0.198614
0.827701
1.74666
2.5098
2.48924
2.3345
-0.578229
-4.10119
-4.22423
-3.99172
-3.06301
-2.95747
-2.63516
-2.62819
-2.81578
-3.47243
-5.39598
-10.5497
-23.7378
-50.4421
-74.3669
-66.1226
-49.7591
-34.867
-19.8494
-4.24583
6.26977
16.5791
23.0924
18.9547
16.6823
19.6573
18.2316
0.0110913
0.0680808
0.0988933
0.142456
0.179332
0.219622
0.25835
0.29818
0.337881
0.378187
0.418828
0.460045
0.501823
0.544286
0.587502
0.631589
0.676666
0.722889
0.77045
0.819588
0.870602
0.923857
0.979789
1.03893
1.102
1.17023
1.24573
1.33056
1.42293
1.5105
1.567
1.57325
1.54648
1.50984
1.473
1.43494
1.39785
1.35683
1.29603
1.19779
1.04148
0.788811
0.385139
-0.00262978
-0.545368
-0.30217
0.282282
0.96044
1.93352
2.57743
2.60697
2.1542
-1.13293
-4.57231
-4.76352
-4.0418
-3.07294
-2.81994
-2.33085
-2.15239
-2.14762
-2.5904
-4.25874
-8.96277
-21.047
-46.3231
-69.5268
-61.4053
-47.4714
-32.8265
-18.4744
-3.022
7.48279
17.6893
24.0278
19.5906
18.3738
22.3234
29.2292
0.0107555
0.0694663
0.100202
0.144436
0.181625
0.222367
0.261478
0.301713
0.341804
0.382498
0.423522
0.465114
0.50726
0.55008
0.593642
0.63806
0.683452
0.729971
0.777806
0.827196
0.878442
0.931909
0.988029
1.04732
1.11045
1.17859
1.25368
1.33746
1.42819
1.51359
1.56368
1.567
1.54274
1.50963
1.4785
1.44745
1.41574
1.37597
1.31265
1.2097
1.04909
0.792074
0.409449
0.0920584
-0.50393
-0.191268
0.371288
1.09982
2.08746
2.60612
2.80133
1.73743
-1.63616
-4.85753
-5.29747
-4.03004
-3.05105
-2.63772
-1.99357
-1.6627
-1.5067
-1.80816
-3.31294
-7.58553
-18.4198
-42.1105
-64.4346
-56.6905
-45.03
-30.6405
-16.9038
-1.70321
8.62757
18.6998
24.3558
21.0892
20.4221
25.5449
37.4713
0.0103817
0.0708611
0.101483
0.146376
0.183862
0.225039
0.26452
0.305142
0.345608
0.386676
0.428066
0.470017
0.512512
0.555671
0.599559
0.644287
0.689969
0.736758
0.784837
0.834446
0.885884
0.939516
0.995767
1.05512
1.11818
1.18594
1.25997
1.34178
1.43042
1.51412
1.55703
1.56142
1.53944
1.50979
1.48384
1.4593
1.43245
1.39412
1.3287
1.22171
1.05735
0.797364
0.445173
0.122564
-0.38621
-0.0856741
0.464018
1.2362
2.18741
2.62849
2.91525
1.33579
-2.13357
-4.94584
-5.72235
-3.97142
-2.99908
-2.41721
-1.63335
-1.17552
-0.914178
-1.15007
-2.56354
-6.40496
-15.8826
-37.8143
-59.3102
-52.0843
-42.4602
-28.3184
-15.1617
-0.339734
9.65428
19.4586
24.5567
23.0336
22.788
29.0796
38.8969
0.00996811
0.0722641
0.102734
0.148273
0.186038
0.227634
0.267469
0.308464
0.349289
0.390714
0.432453
0.474746
0.517573
0.561052
0.605245
0.65026
0.696209
0.74324
0.791533
0.841325
0.892915
0.946665
1.00299
1.06232
1.12515
1.19219
1.26459
1.34423
1.43199
1.51072
1.55024
1.55661
1.53707
1.51091
1.48941
1.47045
1.44796
1.41113
1.34404
1.23359
1.06582
0.808537
0.506797
0.0927143
-0.238602
0.0143464
0.556973
1.35492
2.23676
2.70777
2.79332
1.01645
-2.63161
-4.89167
-5.98184
-3.87004
-2.91501
-2.16298
-1.25985
-0.705851
-0.386325
-0.625956
-1.98484
-5.38121
-13.46
-33.4497
-54.5015
-47.5842
-39.8226
-25.9122
-13.3284
0.986247
10.5586
19.9053
25.0017
24.9397
25.1779
32.5718
38.6411
0.00951325
0.0736737
0.103952
0.150122
0.18815
0.230148
0.270321
0.311672
0.352841
0.394606
0.436678
0.479295
0.522435
0.566214
0.610691
0.655971
0.702163
0.749408
0.797884
0.847825
0.899526
0.953344
1.00967
1.06889
1.13132
1.19733
1.26781
1.34565
1.4337
1.50463
1.5446
1.5524
1.53565
1.51273
1.49505
1.48083
1.46222
1.42685
1.35839
1.24472
1.07356
0.830304
0.58438
0.0806193
-0.1041
0.107653
0.6447
1.4373
2.24976
2.83273
2.5244
0.731571
-3.11999
-4.77363
-6.07816
-3.72903
-2.79648
-1.87978
-0.884438
-0.266968
0.0645914
-0.231144
-1.53223
-4.46731
-11.1825
-29.0326
-50.2041
-43.1009
-37.3082
-23.5385
-11.5272
2.19819
11.3604
20.1918
25.6959
26.6948
27.3805
35.1424
39.9423
0.00901582
0.0750878
0.105134
0.151921
0.190194
0.232575
0.273071
0.314761
0.356258
0.398346
0.440734
0.483656
0.527091
0.57115
0.615889
0.661412
0.70782
0.755252
0.80388
0.853933
0.905702
0.959536
1.0158
1.0748
1.13667
1.20148
1.27019
1.34703
1.43361
1.49902
1.53975
1.54902
1.5353
1.51542
1.50091
1.49048
1.47511
1.44105
1.37133
1.25405
1.08
0.863185
0.61727
0.148595
0.0126372
0.193809
0.719541
1.46922
2.25302
2.88798
2.29493
0.453185
-3.58586
-4.6586
-6.03935
-3.55339
-2.64263
-1.57432
-0.520521
0.130396
0.429788
0.051736
-1.15887
-3.62891
-9.08559
-24.5914
-46.0903
-38.9516
-35.1436
-21.3614
-9.9075
3.24596
12.0819
20.558
26.6207
28.371
29.2818
36.4542
41.5941
0.00847484
0.0765039
0.106278
0.153664
0.192164
0.234911
0.275714
0.317725
0.359533
0.401927
0.444613
0.487823
0.531533
0.575851
0.620831
0.666572
0.713172
0.760763
0.80951
0.859639
0.911431
0.965224
1.02135
1.08003
1.14123
1.20485
1.27235
1.34927
1.4312
1.49477
1.53555
1.54658
1.53588
1.51885
1.50693
1.49939
1.48656
1.45346
1.3822
1.26051
1.08956
0.913784
0.60451
0.261195
0.119693
0.271202
0.771257
1.45526
2.29614
2.77216
2.14257
0.191478
-4.01397
-4.59479
-5.89443
-3.35028
-2.45448
-1.25652
-0.182365
0.477752
0.704481
0.248626
-0.82965
-2.8544
-7.20637
-20.2247
-41.3855
-35.8702
-33.0348
-19.4903
-8.54535
4.17671
12.8832
21.3449
27.9449
30.0973
30.9414
36.9887
40.9852
0.00788976
0.077919
0.107382
0.155347
0.194057
0.237149
0.278243
0.320558
0.36266
0.405342
0.448308
0.491786
0.535752
0.580308
0.625508
0.671444
0.718209
0.765929
0.814764
0.864929
0.916699
0.970394
1.02631
1.08459
1.14508
1.20772
1.27459
1.35197
1.42851
1.4915
1.53212
1.54505
1.53732
1.52299
1.51315
1.50761
1.49649
1.46375
1.39011
1.26363
1.10792
0.953937
0.616075
0.365108
0.220795
0.337355
0.786714
1.40637
2.36462
2.5689
2.02377
-0.0339967
-4.38487
-4.61466
-5.66398
-3.12627
-2.23509
-0.940309
0.117479
0.767565
0.889977
0.388286
-0.52639
-2.15122
-5.57784
-16.1407
-35.558
-33.2547
-30.3369
-17.9067
-7.1899
5.27284
14.1668
22.9715
29.9239
31.8826
32.2865
37.538
40.0897
0.00726061
0.0793292
0.108441
0.156965
0.195867
0.239285
0.280652
0.323253
0.365632
0.408583
0.451811
0.495539
0.53974
0.584514
0.62991
0.676016
0.722921
0.770742
0.819631
0.869793
0.921493
0.97503
1.03067
1.08849
1.14833
1.21031
1.27704
1.35385
1.42677
1.48894
1.52951
1.54433
1.53947
1.52769
1.5195
1.51516
1.50487
1.47161
1.39446
1.26668
1.14114
0.957378
0.683974
0.457706
0.314972
0.388826
0.757466
1.35045
2.37138
2.41211
1.91278
-0.210307
-4.67529
-4.74379
-5.36674
-2.88548
-1.98996
-0.64318
0.371312
0.992484
0.995954
0.496033
-0.245745
-1.53409
-4.21342
-12.5515
-28.9887
-29.2365
-26.6322
-15.9936
-5.34978
7.03543
16.4864
25.7665
32.5769
33.5925
33.2928
38.2213
39.6754
0.00658813
0.0807301
0.109454
0.158511
0.197588
0.241311
0.282936
0.325804
0.368441
0.411644
0.455115
0.499072
0.543488
0.588458
0.634028
0.68028
0.727298
0.77519
0.824099
0.874219
0.925799
0.979123
1.03443
1.09179
1.15112
1.21282
1.2799
1.3547
1.42593
1.487
1.52769
1.54431
1.54221
1.53282
1.52592
1.52208
1.51171
1.47684
1.39581
1.27652
1.17553
0.961256
0.764699
0.54898
0.401773
0.421007
0.691125
1.33393
2.25433
2.31995
1.81269
-0.329561
-4.84136
-4.94954
-5.01738
-2.63131
-1.72757
-0.383314
0.578136
1.14645
1.04048
0.588821
0.00648424
-1.01551
-3.10671
-9.55807
-22.6177
-23.8145
-21.8172
-12.7809
-2.39623
10.0222
20.1213
29.5614
35.5198
35.0145
34.0445
38.43
39.2758
0.00587408
0.0821161
0.110416
0.159981
0.199216
0.243223
0.285087
0.328204
0.371081
0.414517
0.458211
0.502378
0.546988
0.592132
0.637852
0.684226
0.731329
0.779263
0.828158
0.878196
0.929611
0.982674
1.03762
1.09456
1.15355
1.21524
1.28292
1.35534
1.42563
1.48567
1.52656
1.54491
1.54539
1.53823
1.53233
1.52841
1.51711
1.47962
1.39722
1.29938
1.18556
1.0047
0.839127
0.640091
0.481106
0.429499
0.602776
1.36038
2.09139
2.25919
1.73377
-0.388879
-4.84097
-5.16415
-4.61597
-2.36481
-1.46071
-0.173569
0.741889
1.22793
1.04652
0.673745
0.221783
-0.59993
-2.23712
-7.15781
-17.0611
-18.1182
-16.3617
-8.41481
1.75306
14.144
24.6314
33.72
38.2726
36.0757
34.5935
37.6154
38.8906
0.00512145
0.0834806
0.111324
0.161369
0.200745
0.245013
0.287099
0.330445
0.373544
0.417193
0.461091
0.505448
0.55023
0.595526
0.641372
0.687843
0.735005
0.782951
0.831799
0.881716
0.932927
0.985697
1.04028
1.09689
1.15571
1.21756
1.28549
1.35631
1.42569
1.4849
1.52604
1.546
1.5489
1.54379
1.53868
1.53422
1.52124
1.48083
1.40408
1.33239
1.18797
1.06774
0.913369
0.72928
0.552229
0.416237
0.515866
1.38073
1.98178
2.21378
1.68173
-0.391944
-4.6521
-5.30548
-4.15925
-2.08627
-1.20682
-0.0143821
0.865851
1.24385
1.036
0.750441
0.394306
-0.281952
-1.57282
-5.29144
-12.5349
-12.9996
-11.0873
-3.74041
6.37567
18.6868
29.2644
37.6182
40.5247
36.7787
35.1161
37.0483
38.6346
0.00433482
0.0848154
0.112174
0.162667
0.202168
0.246675
0.288966
0.33252
0.375822
0.419665
0.463747
0.508273
0.553206
0.598631
0.644581
0.691122
0.738317
0.786246
0.835015
0.884779
0.935757
0.988222
1.04248
1.09884
1.15764
1.21981
1.28744
1.35752
1.42602
1.48458
1.52604
1.5475
1.55261
1.54939
1.5449
1.53956
1.52426
1.48182
1.41885
1.35392
1.21598
1.12966
0.990207
0.815797
0.614068
0.395556
0.463099
1.34987
1.93563
2.18773
1.65884
-0.350374
-4.28798
-5.31071
-3.64162
-1.79802
-0.984904
0.108351
0.947962
1.21148
1.02433
0.815521
0.523671
-0.0479537
-1.07629
-3.87529
-9.01713
-8.81429
-6.54394
0.568285
10.7714
22.9842
33.4609
40.9064
42.2164
37.2516
35.4791
36.6892
38.4427
0.00352084
0.086111
0.112962
0.163869
0.20348
0.248202
0.290679
0.334421
0.377907
0.421924
0.46617
0.510843
0.555907
0.601438
0.647467
0.694055
0.741256
0.789141
0.837804
0.887392
0.938121
0.990294
1.04428
1.10051
1.15939
1.22201
1.28911
1.35885
1.42659
1.48469
1.52649
1.54933
1.55644
1.55496
1.55098
1.5445
1.52653
1.48498
1.44197
1.36017
1.26662
1.19089
1.06763
0.898249
0.666841
0.386636
0.463258
1.2936
1.92615
2.18798
1.66668
-0.279867
-3.79278
-5.15281
-3.06496
-1.50807
-0.80659
0.214136
0.983571
1.1551
1.01821
0.866287
0.614671
0.119757
-0.710781
-2.82225
-6.37695
-5.59734
-2.91053
4.19741
14.5668
26.6763
36.9568
43.4874
43.4273
37.6274
35.6267
36.4145
38.2448
0.00268887
0.0873555
0.113685
0.164967
0.204674
0.249588
0.292231
0.336142
0.379792
0.423962
0.468351
0.513151
0.558323
0.603938
0.650023
0.696633
0.743816
0.791634
0.84017
0.889567
0.940053
0.991967
1.04576
1.10192
1.16092
1.22391
1.29071
1.36019
1.42735
1.48513
1.52732
1.55141
1.56032
1.56042
1.55688
1.54902
1.52834
1.49176
1.46572
1.37187
1.32096
1.25359
1.14323
0.973945
0.713176
0.401703
0.51413
1.26385
1.93822
2.2172
1.70677
-0.197718
-3.2287
-4.83598
-2.43678
-1.23267
-0.66546
0.311841
0.974664
1.09774
1.01739
0.902221
0.674996
0.238172
-0.445312
-2.05333
-4.44868
-3.22941
-0.138469
7.08949
17.6389
29.6497
39.7067
45.4211
44.2922
37.9645
35.5224
36.216
38.0878
0.00185141
0.0885345
0.114337
0.165954
0.205743
0.250824
0.293615
0.337673
0.381467
0.42577
0.470282
0.515188
0.560446
0.606124
0.652243
0.698854
0.745998
0.793731
0.842129
0.891336
0.941599
0.993301
1.04696
1.10313
1.16232
1.2255
1.2923
1.36155
1.4283
1.4859
1.52847
1.55368
1.5642
1.56576
1.56259
1.55311
1.5301
1.50164
1.47795
1.40291
1.37386
1.31611
1.21397
1.04007
0.756629
0.440787
0.59455
1.27813
1.96975
2.27478
1.78027
-0.118361
-2.6608
-4.37852
-1.77534
-0.991206
-0.53901
0.393866
0.935526
1.05313
1.01861
0.924789
0.712761
0.320679
-0.255999
-1.50123
-3.0692
-1.54046
1.91458
9.31711
20.016
31.9398
41.7889
46.8367
44.9344
38.3174
35.4775
36.1379
38.0246
0.00102607
0.0896312
0.114914
0.166823
0.20668
0.251904
0.294824
0.339008
0.382924
0.42734
0.471954
0.516946
0.562269
0.607987
0.654118
0.700709
0.747796
0.795431
0.843691
0.892726
0.942804
0.994355
1.04795
1.10416
1.16356
1.22682
1.29378
1.36287
1.42937
1.48689
1.52986
1.55607
1.56802
1.57093
1.56803
1.55658
1.53242
1.51398
1.48152
1.44477
1.42574
1.37523
1.2759
1.09469
0.799029
0.496403
0.680947
1.32353
2.02023
2.35825
1.88672
-0.054598
-2.14866
-3.80313
-1.10705
-0.790051
-0.410144
0.448427
0.88688
1.02331
1.01861
0.936431
0.734666
0.376626
-0.124698
-1.1123
-2.10226
-0.367407
3.399
10.9895
21.7946
33.6489
43.3302
47.8732
45.4471
38.6932
35.5393
36.1549
38.0883
0.00023432
0.0906229
0.11541
0.167563
0.207477
0.252819
0.295847
0.340136
0.384155
0.428663
0.47336
0.518417
0.563788
0.609529
0.655656
0.702213
0.749236
0.796775
0.844908
0.893793
0.943723
0.995166
1.04873
1.10504
1.16467
1.22806
1.29519
1.36423
1.4306
1.48813
1.53146
1.55852
1.57173
1.5759
1.57317
1.55957
1.5356
1.52431
1.49077
1.48751
1.47524
1.42691
1.3252
1.13673
0.838884
0.557755
0.760401
1.38258
2.08588
2.46337
2.02472
-0.0120547
-1.7397
-3.13407
-0.469594
-0.61327
-0.284731
0.474767
0.845383
1.00418
1.01655
0.940882
0.746731
0.413903
-0.0354408
-0.842139
-1.4344
0.437999
4.45155
12.2124
23.0945
34.8992
44.4618
48.6484
45.8928
39.0743
35.666
36.2344
38.2561
-0.000491787
0.0914868
0.115822
0.16817
0.20813
0.253565
0.296681
0.341053
0.385154
0.429734
0.474492
0.519596
0.564994
0.610739
0.656844
0.703353
0.750303
0.797747
0.845772
0.894551
0.944396
0.995798
1.04938
1.10575
1.16555
1.22911
1.29641
1.36548
1.43183
1.48945
1.53314
1.56095
1.57529
1.5806
1.57766
1.56158
1.53867
1.5278
1.51151
1.52766
1.51896
1.46729
1.35964
1.16631
0.874658
0.618561
0.831083
1.44484
2.15998
2.58356
2.18808
0.000351363
-1.47005
-2.40616
0.0988372
-0.446841
-0.180563
0.482701
0.816281
0.990392
1.01214
0.940345
0.751751
0.436647
0.022063
-0.660352
-0.98444
0.983112
5.18363
13.079
24.0191
35.7926
45.287
49.2424
46.3058
39.4292
35.8378
36.3591
38.5262
-0.00111757
0.0921873
0.116138
0.16863
0.208625
0.254129
0.297312
0.341746
0.385908
0.430541
0.475344
0.52048
0.565894
0.611637
0.657719
0.704183
0.751072
0.798442
0.846387
0.895087
0.944865
0.99623
1.04983
1.10632
1.16629
1.23009
1.29757
1.36674
1.43316
1.4909
1.53488
1.56327
1.57854
1.58486
1.58159
1.56355
1.54146
1.52832
1.53657
1.56288
1.55309
1.49447
1.37989
1.18394
0.901289
0.668248
0.888435
1.50421
2.23567
2.70862
2.37027
-0.00166858
-1.34568
-1.69565
0.590773
-0.304484
-0.106188
0.483635
0.798137
0.98042
1.00784
0.938826
0.754255
0.451167
0.0592002
-0.540809
-0.690008
1.3445
5.68091
13.6743
24.6583
36.4192
45.8882
49.7045
46.6995
39.7453
36.0454
36.519
38.7896
-0.00158878
0.0926952
0.116359
0.168943
0.208964
0.254513
0.297741
0.342216
0.386418
0.431084
0.475914
0.521065
0.566482
0.61221
0.658259
0.704674
0.7515
0.798804
0.846693
0.895362
0.945149
0.996559
1.05021
1.10676
1.16682
1.23078
1.29843
1.36773
1.43426
1.49216
1.53641
1.56533
1.58145
1.58843
1.58403
1.56381
1.54151
1.53291
1.55923
1.58931
1.57355
1.50677
1.38661
1.19095
0.920198
0.709944
0.934518
1.55394
2.3032
2.82632
2.54677
-0.0137854
-1.31147
-1.05078
1.00741
-0.208176
-0.0594995
0.483702
0.786748
0.97279
1.00341
0.935893
0.753426
0.457353
0.0786687
-0.471419
-0.515759
1.56218
5.98774
14.045
25.0585
36.8149
46.2913
50.0427
47.0244
40.0089
36.2228
36.6776
38.9886
-0.00185386
0.0929607
0.116468
0.169094
0.209129
0.254699
0.297951
0.342446
0.386669
0.431352
0.476197
0.521359
0.566781
0.612505
0.658543
0.704937
0.751735
0.799007
0.846862
0.895498
0.945256
0.996653
1.05035
1.10701
1.16721
1.23132
1.29913
1.36858
1.43525
1.49328
1.5377
1.5669
1.58339
1.59045
1.58531
1.56461
1.54189
1.53877
1.57194
1.60454
1.58513
1.51251
1.38831
1.19248
0.92643
0.726324
0.957911
1.58968
2.35408
2.91177
2.67863
0.0794692
-1.25396
-0.617021
1.27834
-0.147975
-0.0380477
0.483898
0.781232
0.969084
1.00146
0.93484
0.753519
0.460909
0.0882532
-0.439033
-0.434733
1.66696
6.14009
14.2312
25.2625
37.0276
46.5351
50.254
47.2412
40.2087
36.3495
36.7908
39.3907
)
;

boundaryField
{
    inletFace
    {
        type            zeroGradient;
    }
    inlet
    {
        type            zeroGradient;
    }
    inletWalls
    {
        type            zeroGradient;
    }
    outletInlet
    {
        type            cyclicAMI;
        value           nonuniform List<scalar> 
15
(
33.1971
39.4186
38.4041
37.1845
31.4439
29.6476
24.1227
23.9378
20.9072
23.8471
23.0294
27.1511
27.0074
30.3707
30.0373
)
;
    }
    fineSymmetryWall
    {
        type            symmetryPlane;
    }
    fineWalls
    {
        type            zeroGradient;
    }
    fineCyclicBoundary
    {
        type            fixedValue;
        value           uniform 0;
    }
    fineplug
    {
        type            cyclicAMI;
        value           nonuniform List<scalar> 
80
(
33.4839
34.1529
36.3362
28.3275
34.1513
37.6478
38.3165
39.2458
39.9253
40.5134
40.57
41.4819
36.4457
37.71
38.8801
37.5505
36.8943
37.3652
37.2191
36.5643
37.6565
37.8542
30.9991
31.1262
29.8781
29.339
29.2442
29.0768
28.1423
26.5058
27.1249
35.2482
26.2211
25.6886
24.0965
22.4266
22.4816
23.9758
22.7729
21.2128
28.3642
21.9957
23.4771
23.5499
21.741
20.3501
18.6123
19.1548
19.6581
27.5407
25.2011
22.8897
22.9195
24.1087
23.5391
22.5311
21.6023
18.042
29.5239
30.0535
27.6107
26.6777
24.9971
24.5011
26.7347
25.8723
25.5327
23.1988
31.084
32.5331
31.3654
31.1024
30.3543
29.2391
26.6819
27.2653
28.1658
33.5845
31.6528
28.8962
)
;
    }
    faceFine
    {
        type            zeroGradient;
    }
}


// ************************************************************************* //
