/*--------------------------------*- C++ -*----------------------------------*\
| =========                 |                                                 |
| \\      /  F ield         | OpenFOAM: The Open Source CFD Toolbox           |
|  \\    /   O peration     | Version:  4.1                                   |
|   \\  /    A nd           | Web:      www.OpenFOAM.org                      |
|    \\/     M anipulation  |                                                 |
\*---------------------------------------------------------------------------*/
FoamFile
{
    version     2.0;
    format      ascii;
    class       volScalarField;
    location    "7";
    object      p;
}
// * * * * * * * * * * * * * * * * * * * * * * * * * * * * * * * * * * * * * //

dimensions      [0 2 -2 0 0 0 0];

internalField   nonuniform List<scalar> 
6785
(
565.246
486.893
440.135
386.98
340.497
295.776
254.168
214.836
177.678
142.502
108.602
75.5717
46.9484
17.403
-23.0493
-44.6504
-61.9865
-51.92
-58.7479
-57.9509
-60.1906
-60.7115
-61.13
-60.6518
-59.3297
-56.9302
-53.8155
-49.5802
-43.6281
-39.5317
-17.2377
-20.1367
-10.4312
-14.0872
-9.45816
-9.65093
-7.88026
-7.20418
-6.24905
-5.48407
-4.6842
-4.06493
-3.57535
-3.13765
-0.824938
22.5157
20.3619
23.6398
19.1366
21.1516
18.6865
18.8059
17.6731
17.2315
16.6824
16.3118
15.9612
15.6699
15.3089
14.5899
-2.249
-6.39477
-5.20899
-9.35769
-8.3703
-11.1929
-11.2424
-12.815
-13.3536
-14.3262
-15.158
-16.2345
-17.6163
-19.8554
-22.5166
-38.7142
-42.7829
-42.1815
-45.9038
-45.7804
-49.1146
-50.1579
-52.9893
-54.9915
-57.3301
-59.14
-60.5599
-61.6361
-62.4724
-60.9175
-48.1594
-49.8201
-47.8767
-50.1173
-48.3893
-50.1367
-49.4435
-50.3104
-50.3237
-50.5098
-49.9824
-48.8634
-46.8068
-45.0198
-41.9109
-23.5138
-22.6821
-20.0386
-20.2988
-17.4078
-16.9903
-14.7437
-13.4233
-11.5485
-9.80999
-7.90718
-6.12174
-4.11681
-2.72229
-0.414981
-1.83883
-0.673043
1.18502
1.15983
3.27195
3.5862
5.12134
5.95417
7.09588
8.07814
9.11212
10.0125
11.0435
11.7109
12.745
10.6893
11.9069
13.3697
13.4201
15.0667
15.3248
16.4841
17.1305
17.975
18.7296
19.5435
20.3274
21.3392
22.0669
23.294
27.6961
28.9858
30.0416
30.2213
31.445
31.5289
32.2578
32.3829
32.6655
32.9814
33.5352
34.3636
35.3908
36.1282
37.0079
36.0305
36.8274
37.3885
37.4305
38.1542
38.1912
38.6632
38.8111
39.0042
38.882
38.4307
37.8384
37.205
37.2533
36.8975
48.3807
46.4784
46.2351
45.0769
44.7138
43.2552
41.8966
39.6277
36.8301
33.3322
29.7939
26.8211
25.0859
24.828
22.3708
17.0637
12.3271
8.26257
2.46705
-2.84391
-8.05527
-11.8661
-14.9448
-16.8913
-18.1455
-18.5976
-18.3618
-17.3155
-16.1268
-16.9205
5.60289
1.62139
-6.18096
-12.1872
-15.491
-18.1663
-18.2355
-16.6587
-15.4384
-13.7879
-11.9923
-10.2862
-8.98888
-8.87758
-9.00595
8.12595
8.12941
8.48658
8.12448
8.14301
8.19634
8.07219
7.92954
7.92451
7.89363
7.82823
7.61335
7.70401
7.62862
7.38949
7.38495
7.52215
7.48678
7.13223
7.42891
7.37912
7.07765
7.0735
7.39238
7.3641
7.06626
7.07323
7.39558
7.45323
7.07785
7.4867
7.49638
7.23864
7.25197
7.56969
7.61733
7.33511
7.65314
7.68626
7.5122
7.51782
7.74033
7.77368
7.63603
7.63984
7.79506
7.85396
7.69731
7.85804
7.75415
7.62563
7.58701
7.688
7.53758
7.4129
7.38476
7.4674
7.51021
7.40461
7.46396
7.74768
7.71849
7.68615
7.74368
8.113
8.10393
7.99308
8.41671
8.23618
8.44924
8.98136
8.0839
6.93728
7.94019
10.219
0.87627
4.36241
9.07643
-13.1771
-9.61131
-7.22947
-7.72424
-5.12154
-7.01519
-9.59688
-5.45548
-5.45582
-4.48074
-4.39722
-3.77133
-1.50348
1.28419
1.8981
-4.18035
-3.12319
0.0477385
3.19347
3.26672
4.70877
6.0807
7.81624
10.2815
8.05764
10.8738
11.9437
14.4768
18.4442
20.9355
22.3217
25.1721
24.6895
27.9544
28.3999
31.2563
32.9326
34.5969
37.3134
41.07
43.7214
39.7812
42.8572
44.6121
49.2762
50.8962
50.8444
50.3604
49.8386
53.2672
47.9267
57.889
53.2743
49.5599
49.5819
49.0971
45.8282
43.6474
41.5569
31.2037
46.118
42.762
36.8063
33.5876
29.2348
24.7607
20.522
18.1147
15.4047
8.09032
14.2291
12.5069
8.11935
7.45616
6.11864
4.06548
-1.4428
-2.17128
-1.3595
-6.53952
1.91828
-1.50801
-6.75696
2.1895
-7.14231
-3.60192
-6.32037
-3.71898
0.272533
-7.72893
-3.65527
-0.505125
-6.72168
-4.54017
-6.60993
-4.78195
-0.883783
-7.2624
-5.07316
-7.13872
-5.22305
-1.50442
-8.60712
-5.10598
-2.22922
-7.6229
-5.72759
-7.38036
-5.85134
-2.42818
-7.7472
-5.82915
-7.45127
-5.77253
-2.66683
-8.3968
-5.33849
-2.94435
-7.28106
-5.51287
-6.85899
-5.28136
-2.2664
-6.73007
-4.9237
-6.19071
-4.61697
-1.49998
-6.67084
-3.8809
-1.2972
-5.34429
-3.73133
-4.73275
-3.43777
-0.335028
-4.49364
-2.80453
-3.81223
-2.42369
0.451387
-4.02693
-1.52025
0.672745
-2.61089
-1.18491
-1.94375
-0.81386
1.4571
-1.55286
-0.224351
-0.946711
0.10669
1.72
-0.976477
0.559539
1.41944
-0.317166
0.396498
-0.194364
0.289204
1.55904
8.36662e-05
0.000166211
0.000283542
0.000382218
0.000499258
0.000615141
0.000742389
0.00087448
0.00101605
0.00116515
0.0013238
0.00149174
0.00167015
0.00185942
0.00206053
0.00227418
0.00250132
0.00274286
0.00299982
0.00327323
0.00356424
0.00387401
0.0042038
0.00455493
0.00492878
0.00532682
0.00575058
0.00620168
0.00668179
0.00719263
0.00773595
0.0083135
0.00892691
0.00957765
0.0102668
0.010995
0.011762
0.0125662
0.0134045
0.0142713
0.0151581
0.0160531
0.0169399
0.0177983
0.018604
0.0193306
0.0199516
0.0204447
0.0207956
0.021002
0.0210749
0.0210363
0.0209122
0.0207217
0.0204636
0.0201023
0.0195569
0.0186824
0.0172455
0.0148825
0.0111465
0.00551865
-0.00220987
-0.0120101
-0.0232322
-0.0344386
-0.0417615
-0.0529339
-0.0621458
-0.170595
-0.29192
-0.38395
-0.429645
-0.507639
-0.436777
-0.6137
-0.377241
-0.736853
-1.22539
0.000245192
0.000488541
0.000829418
0.00112298
0.00146415
0.00180395
0.00217407
0.00255855
0.00296912
0.00340127
0.00386023
0.00434566
0.00486075
0.00540681
0.00598653
0.00660198
0.00725585
0.00795071
0.00868944
0.00947498
0.0103105
0.0111993
0.0121449
0.0131509
0.0142212
0.0153599
0.0165712
0.0178596
0.0192297
0.0206863
0.0222342
0.0238781
0.0256225
0.0274715
0.0294281
0.0314937
0.0336675
0.0359452
0.0383175
0.0407691
0.0432763
0.0458054
0.0483115
0.0507383
0.0530193
0.0550823
0.0568574
0.0582869
0.059339
0.0600175
0.0603671
0.0604658
0.0604051
0.0602584
0.0600456
0.0596921
0.0590026
0.0576097
0.0549022
0.0498976
0.0413473
0.0277315
0.00826667
-0.0173834
-0.0482813
-0.081529
-0.108411
-0.147756
-0.159715
-0.346916
-0.581189
-0.766747
-0.885736
-1.00447
-0.941802
-1.06108
-0.825387
-0.900624
-0.943171
0.00038417
0.000789128
0.00136635
0.00185966
0.00243404
0.00300501
0.00362718
0.00427312
0.00496298
0.00568897
0.00646005
0.00727557
0.00814096
0.00905841
0.0100324
0.0110666
0.0121653
0.013333
0.0145745
0.0158948
0.0172993
0.0187934
0.0203832
0.0220747
0.0238747
0.0257898
0.0278274
0.029995
0.0323004
0.0347516
0.0373569
0.0401244
0.0430616
0.0461755
0.0494711
0.0529512
0.0566142
0.0604531
0.0644527
0.0685869
0.072816
0.0770832
0.0813128
0.0854094
0.0892602
0.0927425
0.095736
0.0981414
0.0999012
0.101018
0.101562
0.101661
0.101462
0.101085
0.100555
0.099739
0.098296
0.0955919
0.0905748
0.0815546
0.0663773
0.0424266
0.00835192
-0.036424
-0.0902532
-0.148075
-0.195718
-0.259064
-0.253122
-0.473711
-0.748216
-0.974459
-1.12236
-1.25664
-1.18754
-1.2828
-1.02479
-1.03388
-0.831552
0.000519148
0.00108564
0.00189341
0.00258614
0.00339021
0.00419005
0.00506043
0.00596408
0.00692858
0.00794348
0.00902109
0.0101607
0.0113697
0.0126514
0.0140119
0.0154563
0.0169908
0.0186215
0.0203552
0.0221988
0.0241598
0.0262459
0.0284654
0.0308269
0.0333396
0.036013
0.0388572
0.0418826
0.0451002
0.0485213
0.0521572
0.0560192
0.0601181
0.0644633
0.0690621
0.0739183
0.0790299
0.0843873
0.0899694
0.0957401
0.101644
0.107603
0.113511
0.119234
0.124617
0.129487
0.133677
0.137046
0.139516
0.14109
0.141869
0.142032
0.141792
0.141318
0.140653
0.139616
0.137737
0.134141
0.127363
0.115031
0.0940868
0.0607792
0.0130922
-0.0500196
-0.126642
-0.209924
-0.281497
-0.37
-0.353637
-0.629687
-0.964877
-1.23986
-1.41934
-1.57702
-1.49029
-1.59047
-1.27324
-1.27558
-1.03503
0.000642852
0.00137225
0.00241134
0.00330531
0.0043406
0.005371
0.00649112
0.00765407
0.00889478
0.0102002
0.011586
0.0130513
0.0146058
0.0162535
0.0180026
0.0198593
0.0218318
0.0239279
0.0261564
0.028526
0.0310465
0.0337279
0.0365806
0.0396158
0.0428453
0.0462814
0.0499369
0.0538254
0.0579609
0.0623579
0.0670311
0.0719949
0.0772634
0.0828487
0.0887603
0.0950033
0.101575
0.108464
0.115643
0.123067
0.130664
0.138334
0.145942
0.153316
0.160254
0.166535
0.17194
0.176289
0.179477
0.181508
0.18251
0.182718
0.182407
0.1818
0.180957
0.179648
0.177276
0.172722
0.164107
0.148354
0.121445
0.0784186
0.0165241
-0.0658684
-0.166694
-0.277259
-0.376051
-0.492725
-0.468457
-0.81162
-1.20992
-1.53761
-1.75186
-1.93107
-1.82973
-1.92207
-1.5544
-1.5293
-1.11411
0.000760374
0.00165385
0.00292108
0.00401695
0.00528239
0.00654311
0.00791195
0.00933331
0.0108489
0.0124435
0.0141358
0.015925
0.017823
0.0198346
0.0219697
0.0242361
0.0266438
0.0292023
0.0319221
0.0348143
0.0378904
0.0411628
0.0446442
0.0483483
0.0522893
0.0564823
0.0609431
0.065688
0.0707342
0.0760995
0.0818017
0.0878587
0.0942874
0.101103
0.108317
0.115936
0.123957
0.132366
0.141132
0.150198
0.159478
0.168852
0.178153
0.187174
0.195666
0.203357
0.209981
0.215313
0.219223
0.221716
0.22295
0.223214
0.222854
0.222151
0.221186
0.21969
0.216945
0.211603
0.201384
0.182504
0.149948
0.0974626
0.021477
-0.0804188
-0.206285
-0.345705
-0.475547
-0.625392
-0.601936
-1.01569
-1.46601
-1.84131
-2.08428
-2.2771
-2.15963
-2.23798
-1.82284
-1.75838
-1.2674
0.000870753
0.00193012
0.00342323
0.00472201
0.00621731
0.00770879
0.00932627
0.0110061
0.0127964
0.0146799
0.0166783
0.0187911
0.021032
0.0234068
0.0259274
0.0286029
0.0314449
0.0344648
0.0376752
0.0410888
0.0447195
0.0485817
0.0526905
0.0570621
0.0617133
0.0666618
0.0719261
0.0775257
0.0834809
0.0898126
0.0965418
0.10369
0.111277
0.11932
0.127835
0.136828
0.146298
0.156227
0.166579
0.17729
0.188258
0.199341
0.210344
0.221022
0.23108
0.240197
0.248052
0.254378
0.259017
0.261973
0.263435
0.263752
0.263341
0.262546
0.261475
0.259825
0.256763
0.250727
0.239043
0.217214
0.179169
0.11727
0.0270401
-0.0949061
-0.246971
-0.417115
-0.582175
-0.769544
-0.760223
-1.24616
-1.74546
-2.16628
-2.43327
-2.63256
-2.49476
-2.55805
-2.09202
-2.00988
-1.45364
0.000975635
0.0022027
0.0039185
0.00542087
0.0071451
0.00886734
0.0107328
0.0126705
0.0147347
0.0169062
0.0192098
0.021645
0.0242274
0.0269642
0.0298686
0.0329513
0.0362259
0.0397053
0.043404
0.0473368
0.0515196
0.0559689
0.0607024
0.0657384
0.0710964
0.0767967
0.0828608
0.0893111
0.0961708
0.103464
0.111216
0.119449
0.128189
0.137455
0.147264
0.157626
0.168539
0.179983
0.191918
0.20427
0.216926
0.229719
0.242428
0.25477
0.266404
0.276955
0.286052
0.293381
0.298755
0.302175
0.303865
0.304234
0.303776
0.302905
0.301765
0.300023
0.296742
0.290161
0.277234
0.25274
0.209499
0.138383
0.0339139
-0.108494
-0.287827
-0.490605
-0.695295
-0.924421
-0.943759
-1.50294
-2.05259
-2.51917
-2.80731
-3.00479
-2.84223
-2.88667
-2.36764
-2.28022
-1.63172
0.00107533
0.00247213
0.00440749
0.0061141
0.00806635
0.0100194
0.0121321
0.0143275
0.0166648
0.0191237
0.0217314
0.024488
0.027411
0.0305084
0.0337953
0.037284
0.0409895
0.0449268
0.049112
0.053562
0.0582948
0.0633291
0.0686848
0.0743827
0.0804448
0.0868941
0.0937549
0.101052
0.108813
0.117065
0.125834
0.13515
0.145037
0.155522
0.166622
0.178349
0.1907
0.203657
0.217174
0.231168
0.245512
0.260021
0.274444
0.28846
0.301683
0.313685
0.324038
0.332381
0.338495
0.342381
0.344293
0.344707
0.344201
0.343266
0.342085
0.340306
0.336899
0.329921
0.315976
0.289119
0.240985
0.160847
0.0421295
-0.1212
-0.328936
-0.566407
-0.81532
-1.09026
-1.15353
-1.78498
-2.38798
-2.90108
-3.20791
-3.39325
-3.20023
-3.22019
-2.64666
-2.52625
-1.84293
0.00117061
0.00273919
0.00489076
0.00680213
0.00898124
0.011165
0.0135242
0.0159766
0.0185862
0.0213315
0.0242423
0.0273191
0.0305812
0.0340378
0.0377057
0.0415986
0.0457333
0.0501264
0.054796
0.059761
0.0650414
0.0706581
0.0766333
0.0829901
0.0897531
0.096948
0.104602
0.112743
0.1214
0.130605
0.140388
0.150781
0.161812
0.173509
0.185895
0.198981
0.212768
0.227234
0.24233
0.257965
0.274
0.29023
0.306376
0.322078
0.336904
0.350371
0.361996
0.371365
0.378226
0.382576
0.384704
0.385154
0.384598
0.383608
0.382421
0.380669
0.37724
0.370035
0.355338
0.326477
0.273824
0.184931
0.0520227
-0.132644
-0.369888
-0.644209
-0.942028
-1.26684
-1.39019
-2.09179
-2.75402
-3.3156
-3.63975
-3.80126
-3.57041
-3.55941
-2.92953
-2.79444
-2.09627
0.00126194
0.00300438
0.00536882
0.00748538
0.00989012
0.0123043
0.0149092
0.0176179
0.0204988
0.0235296
0.0267423
0.0301382
0.033738
0.0375524
0.0415996
0.0458949
0.0504569
0.0553039
0.0604559
0.0659336
0.0717591
0.0779556
0.0845474
0.0915602
0.0990209
0.106958
0.115401
0.124382
0.133932
0.144086
0.154878
0.166342
0.178512
0.191417
0.205084
0.219525
0.234743
0.250715
0.267388
0.284666
0.302395
0.320352
0.338229
0.355632
0.372078
0.38703
0.399943
0.410351
0.417965
0.422777
0.425111
0.425587
0.424973
0.423938
0.422775
0.421115
0.417774
0.410523
0.395363
0.3649
0.308149
0.210817
0.0638188
-0.142581
-0.410423
-0.723866
-1.0753
-1.45416
-1.65439
-2.42264
-3.15321
-3.76661
-4.10825
-4.23308
-3.95578
-3.90589
-3.21659
-3.08223
-2.32114
0.00134981
0.00326818
0.00584213
0.00816422
0.0107932
0.0134375
0.0162871
0.0192514
0.0224025
0.0257177
0.0292311
0.0329446
0.0368807
0.0410512
0.045476
0.0501719
0.0551592
0.0604579
0.0660899
0.0720779
0.078446
0.0852194
0.0924249
0.10009
0.108245
0.116921
0.12615
0.135966
0.146404
0.157503
0.169299
0.18183
0.195133
0.209241
0.224182
0.239975
0.256619
0.274094
0.292343
0.311263
0.33069
0.350381
0.370002
0.389119
0.407204
0.423661
0.437883
0.449344
0.457718
0.462988
0.465516
0.466002
0.465321
0.464247
0.463142
0.46164
0.458503
0.451401
0.436098
0.404488
0.344125
0.238734
0.0778102
-0.150672
-0.450157
-0.805093
-1.21477
-1.65212
-1.94697
-2.77651
-3.58791
-4.25738
-4.61831
-4.69232
-4.35891
-4.25972
-3.50739
-3.33041
-2.55094
0.00143463
0.00353094
0.00631112
0.00883898
0.0116908
0.0145648
0.0176579
0.020877
0.0242972
0.0278956
0.0317083
0.035738
0.0400088
0.0445338
0.0493344
0.0544289
0.0598394
0.0655876
0.0716972
0.0781929
0.0851008
0.0924483
0.100264
0.108579
0.117425
0.126836
0.136846
0.147493
0.158815
0.170853
0.183648
0.197241
0.211671
0.226977
0.243189
0.260326
0.278393
0.297367
0.317191
0.337755
0.358884
0.380317
0.401694
0.422544
0.442289
0.460273
0.475824
0.488355
0.497495
0.503219
0.505926
0.506403
0.505641
0.504532
0.503515
0.502241
0.499427
0.492679
0.477582
0.445334
0.381904
0.268902
0.0942809
-0.156576
-0.488693
-0.887582
-1.35996
-1.86077
-2.26939
-3.15273
-4.06139
-4.79152
-5.17497
-5.18275
-4.78272
-4.62193
-3.80323
-3.61705
-2.8636
0.00151674
0.00379297
0.00677617
0.00950994
0.012583
0.0156862
0.0190218
0.0224947
0.0261827
0.0300631
0.0341736
0.038518
0.0431218
0.0479994
0.0531739
0.058665
0.0644965
0.0706917
0.0772765
0.0842772
0.0917221
0.0996407
0.108064
0.117025
0.126558
0.136699
0.147487
0.15896
0.171162
0.184135
0.197923
0.212572
0.228124
0.244622
0.262098
0.280575
0.30006
0.320531
0.341928
0.364137
0.386973
0.410157
0.433305
0.455906
0.477334
0.49687
0.513775
0.527393
0.537306
0.543477
0.546345
0.546789
0.545929
0.544785
0.543887
0.542911
0.54054
0.534362
0.519848
0.487528
0.421644
0.301553
0.113538
-0.159917
-0.525578
-0.970941
-1.51019
-2.08031
-2.62319
-3.55059
-4.57804
-5.37328
-5.78362
-5.70843
-5.2305
-4.99358
-4.10273
-3.88064
-3.07708
0.00159646
0.00405451
0.00723761
0.0101774
0.0134701
0.0168019
0.0203786
0.0241043
0.0280588
0.0322198
0.0366267
0.0412841
0.0462192
0.0514475
0.0569938
0.0628793
0.0691294
0.0757694
0.0828267
0.0903296
0.0983085
0.106795
0.115822
0.125426
0.135642
0.14651
0.15807
0.170366
0.183442
0.197344
0.21212
0.227819
0.244488
0.262171
0.280906
0.300718
0.321617
0.343581
0.36655
0.390406
0.414954
0.4399
0.464832
0.489206
0.512342
0.533458
0.551742
0.566467
0.577161
0.583771
0.586778
0.587161
0.586179
0.584997
0.584248
0.583638
0.581835
0.576446
0.562922
0.531158
0.463504
0.336924
0.135899
-0.160291
-0.560322
-1.0547
-1.66462
-2.31112
-3.00828
-3.96553
-5.141
-6.00738
-6.45
-6.27361
-5.70574
-5.37598
-4.40674
-4.15895
-3.412
0.00167406
0.00431575
0.00769574
0.0108415
0.0143523
0.0179119
0.0217284
0.0257058
0.0299253
0.0343656
0.0390672
0.0440359
0.0493003
0.0548774
0.0607934
0.067071
0.0737374
0.0808194
0.0883465
0.0963488
0.104859
0.11391
0.123537
0.133779
0.144675
0.156265
0.168594
0.181707
0.195652
0.210478
0.226237
0.24298
0.260759
0.279622
0.299609
0.320751
0.343059
0.366513
0.391053
0.416557
0.442823
0.469541
0.496276
0.522444
0.547315
0.570042
0.589734
0.605587
0.617068
0.624108
0.627228
0.627517
0.626386
0.62516
0.624585
0.624409
0.623296
0.618921
0.60682
0.576308
0.507639
0.375258
0.161696
-0.157267
-0.592394
-1.1383
-1.82231
-2.55361
-3.41987
-4.38936
-5.75122
-6.69879
-7.18041
-6.88271
-6.21209
-5.77073
-4.7149
-4.45045
-3.64703
0.00174978
0.00457686
0.00815085
0.0115025
0.0152296
0.0190164
0.0230712
0.0272991
0.0317821
0.0365001
0.0414946
0.0467729
0.0523647
0.0582885
0.0645718
0.0712392
0.0783194
0.0858408
0.0938348
0.102333
0.111371
0.120983
0.131208
0.142084
0.153655
0.165964
0.179056
0.192981
0.207789
0.223534
0.240269
0.258051
0.276934
0.29697
0.318204
0.340669
0.364381
0.389322
0.415432
0.442587
0.470576
0.499079
0.527633
0.555619
0.582256
0.606627
0.627758
0.644762
0.657039
0.664497
0.667702
0.667857
0.666543
0.665261
0.664886
0.66521
0.664904
0.66177
0.651552
0.623055
0.554206
0.416806
0.191272
-0.150387
-0.621219
-1.22109
-1.98233
-2.80795
-3.84854
-4.82041
-6.41165
-7.45252
-7.98182
-7.5403
-6.75333
-6.17897
-5.02669
-4.69854
-3.84388
0.00182381
0.00483797
0.00860315
0.0121605
0.0161023
0.0201152
0.0244069
0.0288841
0.033629
0.038623
0.0439087
0.0494946
0.0554117
0.06168
0.0683284
0.0753831
0.0828744
0.0908324
0.0992903
0.108282
0.117844
0.128014
0.138831
0.150339
0.16258
0.175602
0.189454
0.204185
0.219852
0.236509
0.254215
0.273029
0.293009
0.314211
0.336685
0.360469
0.385579
0.412004
0.439682
0.46849
0.49821
0.528508
0.558901
0.588733
0.617168
0.643217
0.665822
0.684002
0.697084
0.704947
0.708203
0.708178
0.706641
0.705287
0.705132
0.706021
0.706634
0.704963
0.697115
0.671476
0.603358
0.461819
0.224981
-0.139169
-0.646187
-1.30231
-2.14378
-3.07396
-4.287
-5.27446
-7.13275
-8.27464
-8.86204
-8.25107
-7.33329
-6.60221
-5.34417
-4.96905
-4.16353
0.00189634
0.00509916
0.00905286
0.0128157
0.0169703
0.0212085
0.0257355
0.0304605
0.0354657
0.040734
0.046309
0.0522005
0.0584408
0.0650513
0.0720624
0.0795018
0.0874014
0.0957932
0.104712
0.114194
0.124276
0.135
0.146407
0.158541
0.171449
0.185179
0.199784
0.215318
0.231837
0.249401
0.268071
0.28791
0.30898
0.331342
0.35505
0.380145
0.406649
0.434553
0.463799
0.494261
0.525719
0.557827
0.590078
0.621782
0.65205
0.679818
0.703933
0.723317
0.737214
0.745468
0.748735
0.748479
0.746671
0.745223
0.745307
0.746819
0.748457
0.748464
0.743496
0.721636
0.655246
0.510555
0.263188
-0.123105
-0.666641
-1.38113
-2.30569
-3.3512
-4.73518
-5.77716
-7.92468
-9.17284
-9.82978
-9.01992
-7.9557
-7.04194
-5.66702
-5.25551
-4.38626
0.0019675
0.00536053
0.00950016
0.0134682
0.0178339
0.0222963
0.027057
0.0320282
0.0372919
0.0428329
0.0486951
0.0548901
0.0614513
0.0684017
0.075773
0.0835943
0.0918994
0.100722
0.110098
0.120066
0.130666
0.14194
0.153932
0.166688
0.180258
0.194693
0.210046
0.226376
0.243742
0.262206
0.281833
0.30269
0.324844
0.348359
0.373293
0.399693
0.427585
0.456965
0.487777
0.519896
0.553099
0.587029
0.62116
0.654767
0.686905
0.716433
0.7421
0.762719
0.777441
0.786069
0.789304
0.788757
0.786622
0.785053
0.785391
0.787581
0.790336
0.792221
0.790667
0.773598
0.710018
0.563274
0.306265
-0.101667
-0.681872
-1.45658
-2.46707
-3.63894
-5.19565
-6.34955
-8.78594
-10.1553
-10.8947
-9.852
-8.62411
-7.4985
-5.99384
-5.48564
-4.55834
0.00203743
0.00562213
0.00994518
0.0141181
0.018693
0.0233785
0.0283711
0.0335872
0.0391075
0.0449191
0.0510666
0.0575629
0.0644428
0.0717304
0.0794592
0.0876599
0.0963675
0.105618
0.115448
0.125899
0.137013
0.148833
0.161406
0.17478
0.189006
0.20414
0.220237
0.237357
0.255563
0.274921
0.295499
0.317368
0.340597
0.365257
0.39141
0.419109
0.448383
0.479234
0.511611
0.545389
0.580344
0.616111
0.652145
0.687685
0.721733
0.753067
0.78033
0.802218
0.817777
0.82676
0.829915
0.829009
0.826481
0.824758
0.825361
0.82828
0.832229
0.836172
0.838587
0.827414
0.767814
0.620237
0.35459
-0.0743085
-0.691122
-1.52756
-2.62675
-3.93583
-5.66904
-6.99642
-9.70946
-11.2299
-12.0674
-10.7529
-9.34194
-7.97279
-6.32696
-5.75528
-4.87808
0.00210622
0.00588402
0.0103881
0.0147654
0.0195477
0.0244551
0.0296779
0.0351371
0.0409122
0.0469925
0.053423
0.0602184
0.0674144
0.0750369
0.0831205
0.0916975
0.100805
0.110479
0.120761
0.131691
0.143314
0.155676
0.168826
0.182813
0.197692
0.213519
0.230353
0.248258
0.267298
0.287543
0.309065
0.331938
0.356236
0.382033
0.409398
0.438387
0.469038
0.501356
0.535294
0.570734
0.607449
0.645067
0.683026
0.720534
0.756535
0.789724
0.818632
0.841825
0.858234
0.867552
0.870571
0.869229
0.866236
0.864317
0.865193
0.868884
0.874087
0.880239
0.887195
0.88313
0.828769
0.681704
0.408541
-0.0404686
-0.693607
-1.59278
-2.78326
-4.23952
-6.15378
-7.7182
-10.6863
-12.4059
-13.3596
-11.7287
-10.1125
-8.4649
-6.66321
-5.99175
-5.02193
0.00217397
0.00614623
0.0108289
0.0154102
0.0203981
0.025526
0.0309772
0.0366778
0.0427056
0.0490526
0.0557638
0.0628561
0.0703657
0.0783203
0.0867558
0.0957062
0.10521
0.115305
0.126034
0.13744
0.149569
0.162469
0.17619
0.190786
0.206312
0.222827
0.240394
0.259077
0.278945
0.30007
0.322528
0.346397
0.371756
0.398683
0.427251
0.457524
0.489544
0.523324
0.558823
0.595925
0.634407
0.673891
0.713801
0.753311
0.79131
0.826407
0.857012
0.881553
0.898827
0.908457
0.911279
0.909414
0.90587
0.903707
0.904861
0.909364
0.915856
0.924331
0.936415
0.94078
0.89301
0.747936
0.4685
0.000423156
-0.688527
-1.65078
-2.93456
-4.54596
-6.64607
-8.51443
-11.7041
-13.695
-14.7847
-12.7863
-10.9391
-8.97453
-7.0023
-6.23842
-5.30251
0.00224073
0.00640879
0.0112678
0.0160524
0.021244
0.0265912
0.0322689
0.0382091
0.0444875
0.051099
0.0580888
0.0654752
0.0732959
0.0815799
0.0903645
0.0996851
0.109582
0.120095
0.131268
0.143145
0.155776
0.169209
0.183498
0.198697
0.214865
0.232063
0.250355
0.26981
0.2905
0.312498
0.335886
0.360743
0.387154
0.415202
0.444965
0.476514
0.509897
0.545132
0.582189
0.620956
0.661212
0.702577
0.744462
0.786012
0.826058
0.863119
0.895481
0.921414
0.93957
0.949487
0.952044
0.949557
0.945366
0.942905
0.94434
0.949686
0.957473
0.968336
0.986148
1.00039
0.960655
0.81919
0.534842
0.0489383
-0.675035
-1.69993
-3.07782
-4.84899
-7.13978
-9.37829
-12.7306
-15.1042
-16.3578
-13.9333
-11.8252
-9.50111
-7.34206
-6.49254
-5.45864
0.00230656
0.00667173
0.0117049
0.0166922
0.0220855
0.0276506
0.0335527
0.0397307
0.0462576
0.0531314
0.0603972
0.0680754
0.0762044
0.084815
0.0939456
0.103633
0.11392
0.124847
0.136459
0.148805
0.161933
0.175895
0.190747
0.206544
0.223349
0.241224
0.260236
0.280457
0.30196
0.324825
0.349133
0.374971
0.402426
0.431586
0.462536
0.495352
0.53009
0.566776
0.605387
0.645819
0.687857
0.731119
0.775005
0.818632
0.860777
0.899865
0.934045
0.961421
0.980478
0.990656
0.992872
0.989655
0.984706
0.981882
0.9836
0.989817
0.998872
1.01212
1.03627
1.06196
1.03181
0.895715
0.60793
0.10563
-0.65227
-1.73842
-3.20971
-5.14055
-7.62573
-10.28
-13.7024
-16.6246
-18.095
-15.1788
-12.7747
-10.043
-7.67901
-6.69007
-5.55116
0.0023715
0.00693504
0.0121401
0.0173295
0.0229227
0.028704
0.0348287
0.0412424
0.0480156
0.0551493
0.0626887
0.070656
0.0790906
0.0880247
0.0974982
0.10755
0.118222
0.12956
0.141609
0.154418
0.168039
0.182526
0.197935
0.214326
0.231761
0.250307
0.270034
0.291013
0.313324
0.337047
0.362268
0.389078
0.417568
0.447831
0.479959
0.514033
0.550118
0.588249
0.62841
0.670509
0.714334
0.759508
0.805423
0.851168
0.895465
0.936645
0.972712
1.00159
1.02157
1.03198
1.03377
1.0297
1.02387
1.02061
1.02261
1.02972
1.03998
1.05554
1.08664
1.1255
1.10658
0.977752
0.688094
0.170989
-0.619442
-1.76471
-3.3272
-5.41248
-8.09125
-11.1572
-14.5912
-18.2405
-20.0107
-16.5336
-13.792
-10.5988
-8.01277
-6.90541
-5.76024
0.00243557
0.00719875
0.0125734
0.0179643
0.0237553
0.0297514
0.0360964
0.0427439
0.049761
0.0571524
0.0649627
0.0732165
0.0819537
0.0912083
0.101022
0.111434
0.122489
0.134233
0.146714
0.159982
0.174092
0.189098
0.20506
0.222039
0.2401
0.259312
0.279745
0.301477
0.324587
0.34916
0.375287
0.40306
0.432576
0.463933
0.497229
0.532552
0.569975
0.609544
0.651252
0.695016
0.740636
0.787737
0.835708
0.883612
0.93012
0.973463
1.01149
1.04193
1.06286
1.07347
1.07474
1.06968
1.06283
1.05906
1.06135
1.06937
1.08071
1.09842
1.13708
1.191
1.18503
1.0655
0.775573
0.245339
-0.575985
-1.77756
-3.42819
-5.66172
-8.52823
-11.9531
-15.4513
-19.9356
-22.1083
-18.0092
-14.8821
-11.1666
-8.33896
-7.12832
-5.83093
0.00249878
0.00746286
0.013005
0.0185965
0.0245833
0.0307925
0.0373559
0.044235
0.0514936
0.0591401
0.0672187
0.0757561
0.084793
0.0943651
0.104515
0.115284
0.126718
0.138864
0.151773
0.165497
0.180091
0.195612
0.212122
0.229683
0.248364
0.268234
0.289368
0.311845
0.335747
0.361163
0.388186
0.416913
0.447446
0.479888
0.514341
0.550903
0.589657
0.630655
0.673904
0.719334
0.766754
0.815798
0.865851
0.915958
0.964737
1.01032
1.05039
1.08245
1.10437
1.11515
1.1158
1.1096
1.10156
1.09719
1.09977
1.10873
1.12099
1.14054
1.18739
1.2584
1.26723
1.1591
0.870401
0.328645
-0.521833
-1.77643
-3.51126
-5.8892
-8.94058
-12.6661
-16.3531
-21.6829
-24.3903
-19.6171
-16.0506
-11.7434
-8.65196
-7.27189
-5.86502
0.00256115
0.00772736
0.0134348
0.0192262
0.0254067
0.0318273
0.0386067
0.0457152
0.053213
0.061112
0.0694562
0.0782743
0.0876079
0.0974941
0.107977
0.119099
0.130908
0.143454
0.156786
0.170961
0.186034
0.202065
0.219117
0.237255
0.256549
0.277072
0.2989
0.322114
0.346801
0.373052
0.400963
0.430635
0.462174
0.49569
0.531291
0.569082
0.609155
0.651575
0.69636
0.743453
0.792679
0.84368
0.895844
0.948199
0.999313
1.04721
1.08942
1.12319
1.14611
1.15703
1.15696
1.14943
1.14004
1.13496
1.13786
1.14778
1.16072
1.18167
1.23733
1.32765
1.35315
1.25844
0.972175
0.4202
-0.457803
-1.76185
-3.57633
-6.09678
-9.33698
-13.3222
-17.3696
-23.4457
-26.8644
-21.3692
-17.3034
-12.3267
-8.95008
-7.44653
-5.97328
0.00262266
0.00799226
0.0138628
0.0198531
0.0262254
0.0328556
0.0398488
0.0471844
0.0549188
0.0630676
0.0716746
0.0807705
0.0903975
0.100595
0.111407
0.122879
0.135059
0.147999
0.161751
0.176372
0.191919
0.208455
0.226044
0.244754
0.264655
0.285824
0.308339
0.332283
0.357747
0.384824
0.413613
0.44422
0.476756
0.511335
0.548073
0.587083
0.628465
0.672297
0.718612
0.767366
0.818401
0.871374
0.925676
0.980325
1.03384
1.08415
1.12858
1.16414
1.18812
1.19914
1.19822
1.18918
1.17823
1.17234
1.17559
1.1865
1.19982
1.22155
1.28663
1.39864
1.44261
1.36301
1.07971
0.518207
-0.385997
-1.73587
-3.62533
-6.288
-9.71859
-13.9669
-18.5621
-25.1074
-29.4868
-23.2771
-18.6465
-12.9133
-9.22682
-7.5621
-5.95159
0.00268328
0.00825755
0.014289
0.0204773
0.0270391
0.0338771
0.0410818
0.0486421
0.0566105
0.0650065
0.0738734
0.0832439
0.0931612
0.103666
0.114804
0.126622
0.13917
0.1525
0.166667
0.181729
0.197746
0.214781
0.232901
0.252176
0.272679
0.294487
0.317681
0.342349
0.368581
0.396475
0.426134
0.457666
0.491188
0.526819
0.564683
0.604899
0.64758
0.692815
0.740651
0.791063
0.843911
0.898868
0.955337
1.01233
1.06831
1.12112
1.16789
1.20533
1.23041
1.2415
1.2396
1.22883
1.2161
1.20927
1.21291
1.22488
1.23818
1.25987
1.33496
1.47112
1.53503
1.47146
1.19054
0.619405
-0.309993
-1.70209
-3.66199
-6.46904
-10.0876
-14.6543
-19.9229
-26.6315
-32.1656
-25.3432
-20.0848
-13.5
-9.47878
-7.67055
-6.01156
0.00274301
0.00852322
0.0147132
0.0210986
0.0278479
0.0348917
0.0423055
0.0500881
0.0582878
0.0669282
0.0760519
0.0856939
0.0958982
0.106707
0.118167
0.130327
0.143238
0.156954
0.171532
0.18703
0.203512
0.221041
0.239687
0.259521
0.280618
0.303058
0.326925
0.352308
0.3793
0.408002
0.438521
0.470969
0.505466
0.542138
0.581115
0.622526
0.666494
0.71312
0.762469
0.814535
0.869197
0.926151
0.984813
1.04419
1.10272
1.15813
1.20735
1.24678
1.27302
1.28414
1.2811
1.26838
1.2536
1.2457
1.24982
1.26293
1.27572
1.29627
1.38192
1.54456
1.62912
1.58108
1.30056
0.718993
-0.23459
-1.66518
-3.69116
-6.64674
-10.4529
-15.4232
-21.392
-28.2522
-34.8921
-27.558
-21.6219
-14.0838
-9.7011
-7.76618
-5.94707
0.0028018
0.00878927
0.0151356
0.021717
0.0286515
0.035899
0.0435195
0.051522
0.0599502
0.0688321
0.0782095
0.0881199
0.0986076
0.109717
0.121495
0.133993
0.147263
0.161361
0.176345
0.192275
0.209215
0.227233
0.246399
0.266786
0.288471
0.311537
0.336069
0.362158
0.389902
0.419403
0.450771
0.484124
0.519585
0.557286
0.597365
0.639958
0.685199
0.733206
0.784058
0.837772
0.894249
0.953211
1.01409
1.07591
1.13706
1.19517
1.24696
1.2885
1.31596
1.32708
1.32276
1.3078
1.29069
1.28159
1.28629
1.30067
1.31234
1.33034
1.42694
1.61793
1.72234
1.6873
1.40386
0.811154
-0.164999
-1.62995
-3.71737
-6.82686
-10.8237
-16.2967
-23.0145
-30.2795
-37.8003
-29.9186
-23.259
-14.6608
-9.88851
-7.76509
-5.84495
0.00285961
0.00905568
0.0155559
0.0223323
0.0294497
0.036899
0.0447237
0.0529433
0.0615973
0.0707176
0.0803457
0.0905211
0.101289
0.112695
0.124788
0.13762
0.151245
0.165719
0.181104
0.197461
0.214855
0.233356
0.253035
0.273968
0.296235
0.319919
0.345108
0.371896
0.400383
0.430674
0.462882
0.497128
0.533542
0.57226
0.613426
0.657188
0.70369
0.753064
0.805409
0.860763
0.919055
0.980033
1.04316
1.10746
1.17131
1.23224
1.28674
1.33052
1.35927
1.37035
1.36458
1.34709
1.32732
1.31685
1.32229
1.33815
1.34796
1.36155
1.46914
1.68928
1.81025
1.78342
1.49354
0.890212
-0.105601
-1.59974
-3.74278
-7.0114
-11.2075
-17.288
-24.8915
-32.9927
-41.0636
-32.422
-24.9932
-15.2277
-10.039
-7.76418
-5.81578
0.00291638
0.00932244
0.0159742
0.0229444
0.0302425
0.0378914
0.0459175
0.0543517
0.0632285
0.0725843
0.0824598
0.0928967
0.103941
0.11564
0.128043
0.141205
0.15518
0.170028
0.185808
0.202586
0.220429
0.239407
0.259594
0.281067
0.303908
0.328203
0.354041
0.38152
0.41074
0.441811
0.474848
0.509977
0.547331
0.587053
0.629294
0.674211
0.721959
0.772687
0.826512
0.883497
0.943601
1.0066
1.072
1.13884
1.20547
1.26932
1.32669
1.37285
1.40299
1.414
1.40658
1.38623
1.36343
1.35141
1.35782
1.37544
1.38248
1.38926
1.50721
1.75533
1.88598
1.8613
1.56319
0.952107
-0.0585145
-1.57483
-3.76537
-7.19622
-11.6057
-18.3993
-27.1096
-36.5129
-44.8223
-35.056
-26.8124
-15.78
-10.1468
-7.74841
-5.64769
0.00297207
0.00958953
0.0163903
0.0235531
0.0310295
0.0388757
0.0471008
0.0557468
0.0648434
0.0744315
0.0845511
0.0952462
0.106563
0.118551
0.131261
0.144748
0.159069
0.174284
0.190456
0.20765
0.225936
0.245385
0.266073
0.288079
0.311488
0.336386
0.362866
0.391026
0.42097
0.452811
0.486667
0.522667
0.560949
0.601662
0.644964
0.69102
0.74
0.792066
0.847358
0.905964
0.967875
1.03291
1.1006
1.17002
1.23951
1.30643
1.36681
1.41552
1.44714
1.45805
1.44879
1.42521
1.39895
1.3852
1.39286
1.41265
1.41576
1.41262
1.5393
1.81069
1.94033
1.91344
1.60879
0.995719
-0.0223963
-1.55129
-3.7783
-7.37084
-12.0133
-19.6249
-29.7356
-40.9048
-49.156
-37.8103
-28.6922
-16.3093
-10.2059
-7.60662
-5.43457
0.0030266
0.00985694
0.0168041
0.0241584
0.0318105
0.0398519
0.0482732
0.0571281
0.0664415
0.0762588
0.086619
0.0975686
0.109155
0.121427
0.13444
0.148248
0.162911
0.178488
0.195046
0.212651
0.231373
0.251287
0.27247
0.295004
0.318972
0.344465
0.371578
0.400411
0.431071
0.463671
0.498335
0.535194
0.574392
0.616081
0.660429
0.70761
0.757805
0.811193
0.867937
0.928151
0.991862
1.05893
1.12893
1.20098
1.27343
1.34353
1.40711
1.45854
1.49176
1.50255
1.49123
1.46402
1.43381
1.41811
1.42742
1.4499
1.44755
1.43088
1.56288
1.84706
1.96389
1.93545
1.62999
1.02369
0.00796976
-1.52133
-3.7718
-7.52171
-12.421
-20.9623
-32.8046
-46.2223
-54.1194
-40.6965
-30.5983
-16.8059
-10.2149
-7.48525
-5.29016
0.00307991
0.0101247
0.0172156
0.02476
0.0325855
0.0408195
0.0494342
0.0584952
0.0680223
0.0780653
0.0886628
0.0998632
0.111714
0.124268
0.137579
0.151704
0.166703
0.182638
0.199576
0.217586
0.23674
0.257113
0.278784
0.301837
0.326358
0.352439
0.380177
0.409673
0.441038
0.474388
0.509848
0.547554
0.587654
0.630306
0.675684
0.723973
0.775366
0.83006
0.888239
0.950047
1.01555
1.08465
1.15699
1.2317
1.30719
1.38063
1.44758
1.50194
1.53689
1.54754
1.53395
1.50262
1.46791
1.45003
1.46148
1.48725
1.47734
1.44417
1.57356
1.85394
1.95053
1.92766
1.63055
1.04234
0.0406902
-1.47548
-3.73653
-7.63635
-12.8232
-22.414
-36.305
-52.5295
-59.7756
-43.7459
-32.4912
-17.2571
-10.166
-7.26654
-4.9883
0.0031319
0.0103926
0.0176246
0.0253578
0.033354
0.0417783
0.0505836
0.0598475
0.0695852
0.0798506
0.0906818
0.102129
0.114242
0.127072
0.140677
0.155114
0.170444
0.186732
0.204046
0.222455
0.242034
0.26286
0.285013
0.308578
0.333644
0.360304
0.388658
0.418809
0.450869
0.484958
0.521203
0.559743
0.600732
0.644332
0.690725
0.740104
0.792677
0.848658
0.908253
0.971639
1.03892
1.11006
1.18473
1.26217
1.34078
1.41769
1.48824
1.54575
1.58259
1.59309
1.57697
1.54103
1.50117
1.48081
1.49499
1.52431
1.50462
1.45322
1.56238
1.82244
1.90033
1.89501
1.61781
1.06039
0.08448
-1.40549
-3.66588
-7.70463
-13.2076
-23.9553
-40.1828
-59.8296
-66.1235
-46.9651
-34.3335
-17.6481
-10.058
-7.02011
-4.77768
0.00318249
0.0106609
0.0180309
0.0259515
0.0341158
0.0427279
0.0517208
0.0611847
0.0711296
0.081614
0.0926752
0.104366
0.116736
0.129839
0.143733
0.158477
0.174134
0.19077
0.208453
0.227256
0.247254
0.268526
0.291153
0.315224
0.340827
0.368059
0.397019
0.427816
0.460561
0.495377
0.532395
0.571757
0.61362
0.658153
0.705544
0.755996
0.80973
0.866978
0.927969
0.992914
1.06196
1.13512
1.21215
1.29235
1.37417
1.45471
1.52907
1.58998
1.62888
1.63924
1.62034
1.5792
1.53347
1.51028
1.52768
1.55983
1.53032
1.45712
1.51662
1.75025
1.81964
1.84584
1.60116
1.08672
0.146201
-1.30612
-3.55573
-7.71688
-13.5513
-25.5369
-44.3468
-67.9579
-72.9845
-50.3041
-36.0853
-17.9663
-9.88522
-6.73571
-4.41421
0.00323159
0.0109294
0.0184345
0.0265411
0.0348707
0.0436679
0.0528454
0.0625062
0.072655
0.0833548
0.0946423
0.106573
0.119195
0.132567
0.146746
0.161792
0.177771
0.194749
0.212797
0.231987
0.252398
0.274109
0.297204
0.321772
0.347905
0.375699
0.405258
0.43669
0.47011
0.505642
0.543421
0.583592
0.626315
0.671765
0.720136
0.771643
0.826518
0.88501
0.947377
1.01386
1.08465
1.15983
1.23922
1.32221
1.40733
1.49167
1.57007
1.63466
1.67583
1.68606
1.66413
1.61715
1.56465
1.53815
1.55852
1.59199
1.55723
1.45326
1.42856
1.64194
1.71663
1.79024
1.58989
1.12813
0.229639
-1.17487
-3.40274
-7.66149
-13.8262
-27.0913
-48.649
-76.4959
-79.9655
-53.6513
-37.6963
-18.1935
-9.64732
-6.30515
-4.00436
0.00327909
0.011198
0.0188352
0.0271261
0.0356183
0.044598
0.0539571
0.0638115
0.0741607
0.0850724
0.0965824
0.108748
0.12162
0.135255
0.149714
0.165058
0.181353
0.198668
0.217074
0.236647
0.257464
0.279607
0.303163
0.328221
0.354875
0.383224
0.413371
0.445428
0.479513
0.51575
0.554277
0.595243
0.638811
0.685162
0.734496
0.787038
0.843032
0.902747
0.966464
1.03446
1.10698
1.18416
1.26592
1.35173
1.44023
1.52852
1.61123
1.67981
1.72349
1.73363
1.70838
1.65483
1.59453
1.56382
1.58508
1.61936
1.57988
1.41085
1.28746
1.50587
1.60413
1.73629
1.59108
1.18856
0.336009
-1.01059
-3.20272
-7.5241
-14.0007
-28.5264
-52.8815
-84.7943
-86.3835
-56.857
-39.0937
-18.3282
-9.33689
-5.86075
-3.66549
0.00332487
0.0114669
0.0192328
0.0277065
0.0363584
0.0455177
0.0550553
0.0651
0.0756461
0.0867659
0.0984946
0.110891
0.124008
0.137903
0.152637
0.168274
0.18488
0.202526
0.221285
0.241233
0.26245
0.285019
0.309028
0.334568
0.361735
0.390629
0.421356
0.454029
0.488766
0.525696
0.564959
0.606706
0.651104
0.698339
0.748618
0.802174
0.859265
0.920178
0.985219
1.0547
1.12892
1.20808
1.2922
1.38086
1.47283
1.56524
1.65253
1.72545
1.77191
1.78203
1.75318
1.69223
1.62284
1.58568
1.60367
1.64055
1.59009
1.30981
1.11521
1.33855
1.49206
1.69157
1.60919
1.26968
0.465454
-0.811843
-2.94992
-7.28929
-14.0457
-29.7486
-56.8102
-92.1535
-91.5731
-59.7489
-40.1946
-18.3669
-8.9351
-5.38047
-3.16035
0.00336882
0.0117359
0.0196272
0.028282
0.0370906
0.0464268
0.0561395
0.0663712
0.0771107
0.0884348
0.100378
0.113002
0.126359
0.140509
0.155513
0.171438
0.18835
0.206322
0.225427
0.245744
0.267354
0.290342
0.314797
0.340811
0.368483
0.397913
0.42921
0.462487
0.497867
0.535478
0.575464
0.617977
0.663189
0.711291
0.762495
0.817044
0.875209
0.937294
1.00363
1.07458
1.15047
1.23159
1.31805
1.40958
1.50508
1.6018
1.69397
1.7716
1.82115
1.83135
1.79858
1.72927
1.64894
1.60053
1.61208
1.65901
1.56571
1.17178
0.9419
1.15401
1.39168
1.66152
1.64762
1.37244
0.618329
-0.576264
-2.63774
-6.94384
-13.9416
-30.7183
-60.2544
-98.0154
-94.9098
-62.1915
-40.9453
-18.2882
-8.44351
-4.72927
-2.63777
0.00341081
0.012005
0.0200181
0.0288523
0.0378146
0.0473246
0.0572093
0.0676244
0.0785536
0.0900783
0.102232
0.115079
0.128671
0.143071
0.158342
0.174548
0.191761
0.210052
0.229498
0.250178
0.272174
0.295574
0.320467
0.346947
0.375115
0.405072
0.436929
0.470801
0.506811
0.545092
0.585786
0.629051
0.675062
0.724012
0.776122
0.831642
0.890856
0.954086
1.02169
1.09406
1.17159
1.25464
1.34343
1.43784
1.53695
1.63814
1.7355
1.81827
1.87128
1.88167
1.84465
1.76579
1.67114
1.60523
1.61503
1.67355
1.48844
1.02183
0.774854
0.96104
1.31063
1.6493
1.70855
1.49779
0.795714
-0.300928
-2.2606
-6.4802
-13.6765
-31.4208
-63.0886
-102.199
-96.6127
-64.1057
-41.3263
-18.075
-7.87977
-4.10556
-2.16004
0.0034507
0.0122742
0.0204054
0.0294171
0.03853
0.0482109
0.0582642
0.0688592
0.0799743
0.0916955
0.104056
0.117121
0.130945
0.14559
0.161121
0.177605
0.195112
0.213718
0.233498
0.254534
0.276909
0.300713
0.326036
0.352974
0.381629
0.412104
0.444511
0.478966
0.515596
0.554532
0.595922
0.639925
0.686717
0.736498
0.789493
0.845961
0.906197
0.970543
1.03938
1.11314
1.19228
1.27722
1.36831
1.4656
1.56838
1.67421
1.77712
1.8655
1.92237
1.93308
1.89136
1.80124
1.6871
1.60314
1.62897
1.65319
1.39123
0.862093
0.625991
0.76928
1.25164
1.65634
1.79384
1.64711
0.999191
0.0164614
-1.81642
-5.90027
-13.2588
-31.8336
-65.1969
-104.607
-97.2865
-65.3083
-41.3359
-17.7302
-7.24672
-3.36542
-1.56588
0.00348834
0.0125435
0.0207888
0.0299762
0.0392364
0.0490851
0.0593035
0.0700747
0.0813721
0.0932858
0.105849
0.119128
0.133178
0.148064
0.16385
0.180605
0.198402
0.217315
0.237423
0.258808
0.281556
0.305757
0.331502
0.35889
0.388022
0.419006
0.451952
0.486981
0.524217
0.563797
0.605869
0.650593
0.69815
0.748742
0.802601
0.859993
0.921226
0.986657
1.0567
1.13181
1.2125
1.2993
1.39266
1.49281
1.5993
1.70996
1.81878
1.9133
1.97447
1.98557
1.93849
1.8343
1.69612
1.60272
1.65403
1.59334
1.29334
0.691034
0.50428
0.590074
1.21685
1.68428
1.90601
1.82248
1.23021
0.375862
-1.30905
-5.21942
-12.7149
-31.9487
-66.5779
-105.345
-96.8763
-65.7608
-40.9873
-17.2584
-6.56196
-2.63161
-1.01987
0.00352357
0.0128127
0.0211683
0.0305293
0.0399335
0.0499467
0.0603267
0.0712705
0.0827461
0.0948483
0.107609
0.121098
0.13537
0.150491
0.166527
0.183549
0.201629
0.220844
0.241273
0.263001
0.286114
0.310703
0.336862
0.364691
0.394292
0.425774
0.45925
0.49484
0.532671
0.572882
0.61562
0.661051
0.709355
0.76074
0.815441
0.873732
0.935932
1.00242
1.07362
1.15004
1.23225
1.32085
1.41643
1.51942
1.62966
1.74531
1.86043
1.96166
2.02758
2.039
1.98534
1.86364
1.70279
1.61537
1.66107
1.53167
1.18813
0.512362
0.408359
0.432018
1.20681
1.73624
2.04854
2.02615
1.48895
0.772976
-0.750077
-4.46983
-12.0809
-31.7651
-67.2636
-104.745
-95.477
-65.5468
-40.304
-16.6745
-5.84813
-1.87689
-0.383391
0.00355623
0.0130818
0.0215434
0.031076
0.0406209
0.0507953
0.0613332
0.0724458
0.0840957
0.0963821
0.109337
0.123031
0.137519
0.152871
0.169152
0.186434
0.204791
0.224301
0.245046
0.267109
0.29058
0.31555
0.342115
0.370376
0.400436
0.432407
0.466401
0.502541
0.540955
0.581782
0.625173
0.671294
0.720328
0.772485
0.828005
0.88717
0.950309
1.01781
1.09014
1.16783
1.2515
1.34185
1.43959
1.54537
1.65939
1.7802
1.90204
2.01057
2.08157
2.09286
2.03062
1.88974
1.71611
1.64851
1.63912
1.48036
1.07348
0.331218
0.332154
0.30517
1.22294
1.81623
2.22512
2.25972
1.77287
1.19807
-0.160491
-3.69983
-11.3904
-31.284
-67.273
-103.059
-93.2976
-64.7349
-39.3171
-15.9991
-5.11837
-0.988563
0.26215
0.00358615
0.0133509
0.021914
0.031616
0.041298
0.0516302
0.0623224
0.0735999
0.0854201
0.0978865
0.11103
0.124924
0.139625
0.155202
0.171723
0.189259
0.207888
0.227687
0.248739
0.271131
0.294951
0.320294
0.347257
0.375941
0.406451
0.4389
0.473401
0.51008
0.549064
0.590495
0.634523
0.681317
0.731063
0.783972
0.840289
0.900301
0.964348
1.03284
1.10625
1.18516
1.27024
1.36226
1.4621
1.57062
1.68841
1.81453
1.94351
2.05992
2.13606
2.14604
2.07299
1.91533
1.74037
1.68907
1.61643
1.43164
0.954227
0.151159
0.263276
0.216106
1.26618
1.92858
2.43917
2.52355
2.07516
1.6365
0.426963
-2.96676
-10.6667
-30.5097
-66.614
-100.388
-90.4134
-63.351
-38.0586
-15.2697
-4.44482
-0.176022
0.712113
0.00361313
0.0136197
0.0222798
0.0321489
0.0419644
0.052451
0.0632938
0.0747321
0.0867185
0.0993605
0.112689
0.126779
0.141687
0.157483
0.174237
0.192023
0.210916
0.230998
0.252352
0.275064
0.299227
0.324935
0.352286
0.381384
0.412334
0.44525
0.480249
0.517453
0.556995
0.599015
0.643666
0.691116
0.741555
0.795195
0.852285
0.913117
0.978041
1.04748
1.12193
1.202
1.28843
1.38207
1.48391
1.5951
1.71663
1.84821
1.98475
2.10942
2.19018
2.19683
2.11203
1.94457
1.77784
1.71926
1.60707
1.38211
0.835434
-0.0223141
0.185505
0.171038
1.33675
2.07717
2.69368
2.81582
2.38381
2.07017
0.966045
-2.3236
-9.92134
-29.4494
-65.299
-96.7885
-86.8793
-61.4123
-36.5686
-14.5107
-3.80307
0.547816
1.16097
0.00363699
0.0138883
0.0226406
0.0326744
0.0426197
0.053257
0.0642465
0.0758417
0.0879901
0.100803
0.114312
0.128592
0.143702
0.159713
0.176695
0.194724
0.213876
0.234233
0.255881
0.278907
0.303405
0.329469
0.3572
0.386702
0.418083
0.451455
0.486939
0.524657
0.564743
0.607338
0.652596
0.700686
0.751798
0.806148
0.863986
0.925611
0.991379
1.06172
1.13717
1.21836
1.30607
1.40123
1.505
1.61875
1.74398
1.88112
2.02551
2.15844
2.24238
2.24336
2.14817
1.97921
1.82673
1.74289
1.60562
1.33352
0.720545
-0.180539
0.0759147
0.173019
1.43493
2.26547
2.9911
3.13071
2.68323
2.47654
1.40122
-1.8054
-9.15898
-28.1125
-63.3669
-92.3991
-82.8246
-58.9762
-34.8986
-13.7896
-3.40297
1.62935
-2.23115
0.00365752
0.0141566
0.022996
0.033192
0.0432634
0.0540477
0.06518
0.0769279
0.0892339
0.102214
0.115897
0.130363
0.14567
0.16189
0.179095
0.19736
0.216765
0.237391
0.259326
0.282658
0.307482
0.333894
0.361995
0.391892
0.423693
0.457512
0.493468
0.531689
0.572305
0.615461
0.66131
0.710022
0.761788
0.816825
0.875387
0.937775
1.00435
1.07557
1.15196
1.2342
1.32312
1.41973
1.52531
1.6415
1.77035
1.91308
2.06539
2.20582
2.29061
2.28414
2.18149
2.01752
1.879
1.77162
1.6074
1.28746
0.612718
-0.30786
-0.083786
0.221733
1.56021
2.49614
3.3328
3.45631
2.95913
2.82368
1.68147
-1.42277
-8.38262
-26.5074
-60.8753
-87.4463
-78.4306
-56.1541
-33.1237
-13.1345
-2.97798
1.21221
-9.82621
0.0036745
0.0144244
0.0233458
0.0337014
0.043895
0.0548225
0.0660935
0.07799
0.0904493
0.103591
0.117445
0.132092
0.14759
0.164014
0.181435
0.19993
0.219581
0.240469
0.262683
0.286314
0.311455
0.338207
0.36667
0.396951
0.429162
0.463416
0.499834
0.538543
0.579677
0.623378
0.669801
0.719118
0.771518
0.827221
0.886481
0.949603
1.01696
1.089
1.16629
1.24953
1.33958
1.43754
1.54481
1.6633
1.79563
1.94383
2.10359
2.24976
2.33262
2.31768
2.21122
2.05744
1.92789
1.80594
1.61192
1.24397
0.515339
-0.38004
-0.286374
0.314134
1.71331
2.77107
3.71735
3.77479
3.20204
3.06722
1.77873
-1.16528
-7.59792
-24.643
-57.8768
-82.0929
-73.8456
-53.0647
-31.3595
-12.6108
-2.87251
0.753721
-14.3794
0.0036877
0.0146918
0.0236896
0.0342021
0.0445138
0.0555806
0.0669864
0.079027
0.0916351
0.104934
0.118954
0.133776
0.14946
0.166082
0.183713
0.202433
0.222322
0.243466
0.265952
0.289873
0.315324
0.342406
0.371221
0.401877
0.434486
0.469164
0.506032
0.545217
0.586853
0.631085
0.678066
0.727969
0.780984
0.837329
0.897261
0.961086
1.02918
1.102
1.18014
1.26431
1.35542
1.45462
1.56345
1.68408
1.81967
1.9729
2.13882
2.28806
2.3662
2.34263
2.23706
2.09716
1.97394
1.84246
1.61968
1.20231
0.430497
-0.372385
-0.490286
0.44468
1.89586
3.09121
4.13737
4.06846
3.40232
3.15849
1.6989
-1.01061
-6.81545
-22.5373
-54.4358
-76.358
-69.172
-49.8355
-29.7428
-12.1678
-3.49835
1.08675
-13.1981
0.00369691
0.0149585
0.0240272
0.0346936
0.0451194
0.0563215
0.0678578
0.0800382
0.0927907
0.106242
0.120423
0.135415
0.15128
0.168093
0.185929
0.204866
0.224988
0.246379
0.269129
0.293333
0.319085
0.346488
0.375645
0.406666
0.439663
0.474753
0.512058
0.551705
0.59383
0.638577
0.6861
0.73657
0.790178
0.847142
0.907719
0.972217
1.04101
1.11458
1.1935
1.27854
1.37062
1.47096
1.5812
1.70375
1.84224
1.99953
2.16941
2.31891
2.39015
2.3586
2.25731
2.13437
2.0191
1.87943
1.6305
1.16131
0.356534
-0.278856
-0.636413
0.608365
2.11032
3.45553
4.57633
4.32995
3.53782
3.06413
1.47754
-0.932602
-6.04845
-20.2236
-50.6354
-70.3544
-64.6194
-46.6814
-28.3648
-12.0344
-4.18247
1.20817
-6.19878
0.00370187
0.0152245
0.0243581
0.0351754
0.0457111
0.0570444
0.068707
0.0810226
0.0939149
0.107514
0.12185
0.137007
0.153047
0.170047
0.18808
0.207229
0.227575
0.249207
0.272214
0.296691
0.322736
0.35045
0.37994
0.411315
0.444689
0.480179
0.517908
0.558004
0.600604
0.645849
0.693896
0.744915
0.799095
0.856655
0.91785
0.982988
1.05245
1.12671
1.20637
1.2922
1.38517
1.48654
1.59802
1.72222
1.86299
2.02258
2.19367
2.34023
2.40093
2.36388
2.27462
2.16897
2.06232
1.91646
1.64377
1.11961
0.288409
-0.127959
-0.682106
0.798585
2.35924
3.85842
5.00962
4.56589
3.56781
2.78428
1.16351
-0.904692
-5.30313
-17.7413
-46.4794
-64.655
-60.5002
-43.8646
-27.193
-12.2212
-4.21423
0.862095
0.896254
0.00370233
0.0154895
0.024682
0.0356471
0.0462884
0.0577486
0.0695332
0.0819795
0.0950068
0.108749
0.123235
0.138552
0.154761
0.17194
0.190165
0.209518
0.230083
0.251947
0.275203
0.299945
0.326273
0.35429
0.384103
0.415821
0.44956
0.485438
0.523578
0.56411
0.607168
0.652897
0.701451
0.752998
0.80773
0.865861
0.927646
0.993392
1.06348
1.13839
1.21873
1.30529
1.39905
1.50132
1.61386
1.73935
1.88133
2.0406
2.20978
2.35072
2.39958
2.36509
2.29036
2.20093
2.10313
1.95322
1.65846
1.07612
0.222615
0.022369
-0.6116
1.00751
2.64383
4.28557
5.41382
4.78393
3.44413
2.35627
0.803246
-0.900627
-4.57081
-15.1294
-41.7809
-59.9982
-56.8034
-41.3737
-26.0564
-12.2201
-3.71413
0.437638
8.43028
0.00369805
0.0157536
0.0249986
0.036108
0.0468506
0.0584334
0.0703355
0.0829079
0.0960654
0.109945
0.124577
0.140047
0.156419
0.173773
0.192183
0.211734
0.232509
0.254598
0.278094
0.303093
0.329696
0.358005
0.38813
0.42018
0.454273
0.490526
0.529065
0.570018
0.61352
0.659715
0.708757
0.760814
0.816075
0.874752
0.937099
1.00342
1.07409
1.1496
1.23057
1.31778
1.41224
1.51528
1.62867
1.75492
1.89647
2.05241
2.21788
2.35237
2.39199
2.36691
2.30496
2.23001
2.14084
1.98867
1.67306
1.03076
0.163699
0.101522
-0.436213
1.22691
2.96219
4.71032
5.78009
4.97452
3.13785
1.84246
0.433971
-0.895273
-3.83475
-12.4483
-36.2831
-55.8726
-52.8171
-38.8614
-24.5636
-11.4897
-2.61562
1.26215
14.081
0.00368877
0.0160164
0.0253074
0.0365576
0.047397
0.0590979
0.0711131
0.0838067
0.0970896
0.111102
0.125873
0.141492
0.158022
0.175542
0.194131
0.213872
0.234851
0.257158
0.280886
0.306133
0.333
0.361592
0.392018
0.424389
0.458824
0.49544
0.534363
0.575722
0.619653
0.666297
0.71581
0.768357
0.824124
0.883323
0.946203
1.01306
1.08429
1.16035
1.24187
1.32966
1.42474
1.52841
1.64238
1.76864
1.9078
2.05888
2.22262
2.34472
2.38463
2.36861
2.31814
2.256
2.1747
2.02152
1.68563
0.98509
0.130871
0.0572616
-0.190823
1.44873
3.30696
5.09501
6.11617
5.10937
2.65437
1.30932
0.0821229
-0.8655
-3.08063
-9.78176
-30.0232
-50.3836
-47.4579
-35.7115
-22.2125
-9.78062
-0.816388
3.20717
13.5429
0.00367423
0.0162777
0.0256079
0.0369953
0.047927
0.0597414
0.0718651
0.0846751
0.0980785
0.112218
0.127124
0.142885
0.159566
0.177248
0.196009
0.215933
0.237108
0.259623
0.283575
0.309061
0.336183
0.365047
0.395764
0.428445
0.463208
0.500175
0.539468
0.581219
0.625562
0.672639
0.722603
0.775619
0.83187
0.891565
0.954948
1.02232
1.09405
1.17061
1.25264
1.34093
1.43651
1.54066
1.65489
1.78021
1.91539
2.06198
2.2248
2.33265
2.37889
2.37025
2.33027
2.27868
2.20407
2.05046
1.69406
0.94335
0.166389
-0.0776688
0.0795911
1.667
3.66224
5.39824
6.41928
5.10864
2.04919
0.804402
-0.228639
-0.792324
-2.30143
-7.2104
-23.468
-42.7002
-40.2682
-31.2142
-18.706
-7.19008
1.37904
5.48485
9.62176
0.00365418
0.0165373
0.0258998
0.0374204
0.0484397
0.060363
0.0725906
0.0855121
0.0990308
0.113293
0.128327
0.144225
0.161051
0.178888
0.197813
0.217914
0.239276
0.261993
0.286159
0.311874
0.339242
0.368368
0.399364
0.432343
0.467423
0.504726
0.544376
0.586503
0.631242
0.678734
0.72913
0.782594
0.839306
0.899471
0.963329
1.03117
1.10336
1.18038
1.26285
1.35157
1.44755
1.552
1.66609
1.78954
1.92038
2.06487
2.22104
2.32247
2.37389
2.37219
2.3414
2.29815
2.22858
2.0743
1.69638
0.908897
0.298061
-0.195517
0.344145
1.8781
4.00191
5.59246
6.6971
4.87178
1.44471
0.341113
-0.481256
-0.658465
-1.49958
-4.80488
-17.1582
-33.7127
-31.8609
-25.3835
-14.1836
-3.98382
3.73526
7.49889
7.14313
0.00362838
0.016795
0.0261826
0.0378323
0.0489346
0.0609618
0.0732886
0.0863166
0.0999456
0.114324
0.129482
0.14551
0.162475
0.18046
0.199543
0.219812
0.241354
0.264264
0.288636
0.314571
0.342174
0.371551
0.402815
0.43608
0.471464
0.50909
0.549082
0.591569
0.636687
0.684576
0.735385
0.789275
0.846424
0.907033
0.971335
1.03961
1.11223
1.18965
1.2725
1.36156
1.45782
1.56239
1.67588
1.79682
1.92416
2.06934
2.2128
2.31496
2.36957
2.37468
2.35171
2.31474
2.24826
2.09227
1.69144
0.880093
0.484717
-0.192179
0.59558
2.07926
4.2915
5.67835
6.95293
4.40096
0.902639
-0.0610233
-0.660998
-0.454058
-0.686441
-2.62877
-11.4697
-24.6146
-23.2246
-18.8413
-9.12857
-0.57708
5.69972
8.18441
8.83478
0.0035966
0.0170504
0.0264559
0.0382302
0.0494107
0.061537
0.0739582
0.0870875
0.100822
0.115311
0.130586
0.146739
0.163837
0.181962
0.201196
0.221626
0.243341
0.266434
0.291002
0.317148
0.344976
0.374593
0.406114
0.439652
0.475327
0.513261
0.55358
0.596412
0.641892
0.690159
0.741361
0.795656
0.853218
0.914243
0.978959
1.04764
1.12064
1.19841
1.28157
1.37089
1.46731
1.57176
1.68424
1.80246
1.92753
2.07341
2.20531
2.30902
2.36627
2.37776
2.36144
2.32897
2.26361
2.10431
1.68061
0.857259
0.639441
-0.0522033
0.833124
2.26612
4.4941
5.66737
7.06637
3.90499
0.41239
-0.394172
-0.76191
-0.180778
0.115643
-0.736871
-6.63717
-16.3076
-15.1696
-12.2329
-4.10402
2.5975
7.09525
7.54591
8.42745
0.00355862
0.0173033
0.026719
0.0386134
0.0498674
0.0620877
0.0745984
0.0878237
0.101658
0.116253
0.131639
0.147911
0.165134
0.183394
0.202771
0.223354
0.245232
0.2685
0.293256
0.319602
0.347644
0.377491
0.409255
0.443054
0.479006
0.517235
0.557865
0.601025
0.64685
0.695476
0.74705
0.801727
0.859678
0.921092
0.98619
1.05524
1.12858
1.20665
1.29005
1.37954
1.47599
1.58007
1.69123
1.80712
1.9313
2.0743
2.20052
2.30424
2.36415
2.38143
2.37083
2.34148
2.27549
2.11123
1.66873
0.852823
0.693056
0.172787
1.05276
2.43236
4.58873
5.64072
6.87438
3.51058
-0.00891338
-0.650511
-0.788314
0.146461
0.875736
0.832363
-2.77983
-9.38486
-8.30236
-6.18208
0.315735
5.09136
7.88514
7.23999
7.67331
0.00351424
0.0175532
0.0269716
0.0389813
0.0503037
0.0626128
0.0752081
0.0885242
0.102452
0.117147
0.132639
0.149023
0.166365
0.184752
0.204266
0.224993
0.247027
0.270461
0.295395
0.321931
0.350176
0.38024
0.412236
0.446283
0.482498
0.521006
0.561931
0.605403
0.651554
0.70052
0.752445
0.807482
0.865796
0.927572
0.993021
1.0624
1.13603
1.21435
1.29793
1.38749
1.48381
1.58731
1.69704
1.81138
1.93608
2.07286
2.19772
2.30065
2.3632
2.38572
2.38011
2.35292
2.28504
2.11451
1.66356
0.89971
0.663167
0.419781
1.24979
2.5709
4.56861
5.68894
6.41148
3.20334
-0.33444
-0.829011
-0.751645
0.504793
1.5631
2.06607
0.0986027
-4.09703
-2.96032
-1.21097
3.72271
6.73897
8.14654
7.36668
7.51048
0.00346327
0.0177997
0.0272131
0.0393328
0.0507188
0.0631115
0.0757863
0.0891878
0.103205
0.117994
0.133585
0.150074
0.167529
0.186036
0.205677
0.226542
0.248722
0.272313
0.297415
0.32413
0.352567
0.382837
0.415053
0.449333
0.485797
0.524569
0.565774
0.609539
0.655998
0.705284
0.757538
0.812911
0.871563
0.933672
0.99944
1.06911
1.143
1.22151
1.30519
1.39472
1.49076
1.5935
1.70189
1.81534
1.94107
2.07172
2.19605
2.29825
2.36331
2.39063
2.38947
2.36387
2.29343
2.11569
1.67051
1.02262
0.625933
0.655142
1.42343
2.6746
4.42058
5.80077
5.89242
2.96577
-0.546575
-0.935527
-0.666179
0.870191
2.1547
2.98067
2.10096
-0.365816
0.848522
2.44195
6.01295
7.6395
8.09704
7.50688
7.4566
0.0034056
0.0180423
0.0274429
0.0396672
0.0511119
0.0635827
0.0763319
0.0898133
0.103914
0.11879
0.134475
0.151063
0.168624
0.187243
0.207004
0.227998
0.250315
0.274054
0.299313
0.326197
0.354815
0.385278
0.4177
0.4522
0.488899
0.527919
0.569386
0.613427
0.660174
0.709759
0.762321
0.818005
0.876969
0.939381
1.00544
1.07537
1.14946
1.22811
1.31182
1.40121
1.49684
1.59874
1.70603
1.8191
1.94475
2.07186
2.19517
2.29694
2.36442
2.39613
2.39902
2.37481
2.30167
2.11591
1.68727
1.19991
0.655091
0.876329
1.57665
2.73906
4.15934
5.87414
5.44645
2.80149
-0.63665
-0.972894
-0.545471
1.22064
2.63772
3.61628
3.39786
2.09518
3.36449
4.86169
7.35266
8.04111
8.00079
7.47398
7.33539
0.00334114
0.0182803
0.0276604
0.0399834
0.0514819
0.0640253
0.0768438
0.0903995
0.104577
0.119536
0.135307
0.151988
0.169647
0.188371
0.208245
0.229358
0.251804
0.27568
0.301087
0.328129
0.356916
0.387559
0.420174
0.45488
0.491797
0.531049
0.572761
0.61706
0.664075
0.713938
0.766784
0.822755
0.882003
0.94469
1.011
1.08115
1.15541
1.23413
1.3178
1.40696
1.50207
1.60317
1.70974
1.82296
1.94697
2.07293
2.19496
2.29662
2.3664
2.40218
2.40884
2.38606
2.31054
2.11621
1.70746
1.38163
0.766842
1.08626
1.71355
2.76327
3.84618
5.78696
5.08787
2.71056
-0.608006
-0.94884
-0.400388
1.53971
3.0121
4.02892
4.18314
3.64082
4.92951
6.32557
8.03298
8.17904
7.94292
7.32002
7.16351
0.00326991
0.018513
0.0278648
0.0402806
0.0518279
0.0644383
0.0773207
0.090945
0.105195
0.120229
0.136081
0.152847
0.170597
0.189418
0.209396
0.230621
0.253186
0.277189
0.302732
0.329921
0.358865
0.389675
0.42247
0.457366
0.494486
0.533953
0.575892
0.620429
0.667692
0.717811
0.770918
0.827151
0.886655
0.949587
1.01612
1.08645
1.16082
1.23957
1.32312
1.41196
1.50652
1.60694
1.71311
1.82693
1.94881
2.07448
2.19539
2.29716
2.36918
2.40875
2.41896
2.39784
2.32055
2.11789
1.72724
1.52335
0.935707
1.28481
1.83748
2.7456
3.55346
5.51376
4.79921
2.68044
-0.481469
-0.881167
-0.239688
1.81889
3.28767
4.27612
4.62519
4.58936
5.87156
7.1464
8.33621
8.21535
7.91656
7.25186
6.98669
0.00319212
0.0187392
0.0280554
0.0405575
0.0521487
0.0648203
0.0777614
0.0914485
0.105764
0.120868
0.136794
0.153638
0.171472
0.190383
0.210456
0.231783
0.254457
0.278578
0.304247
0.33157
0.360658
0.391623
0.424582
0.459654
0.496961
0.536626
0.578773
0.623529
0.671019
0.72137
0.774713
0.831182
0.890915
0.95406
1.02078
1.09125
1.1657
1.24441
1.32777
1.41624
1.51028
1.61017
1.71611
1.83043
1.95094
2.07626
2.19637
2.29846
2.37266
2.41576
2.42938
2.41022
2.33188
2.12235
1.74803
1.60255
1.12923
1.47147
1.95
2.68521
3.33908
5.12252
4.57532
2.69461
-0.28881
-0.784462
-0.0687033
2.05548
3.47925
4.41114
4.86286
5.16098
6.42194
7.57965
8.45389
8.22721
7.90505
7.21428
6.81734
0.00310819
0.0189575
0.0282315
0.0408129
0.0524433
0.0651702
0.0781646
0.0919086
0.106284
0.121451
0.137444
0.154359
0.172269
0.191261
0.211421
0.232841
0.255616
0.279843
0.305627
0.333073
0.362292
0.393397
0.426506
0.461738
0.499215
0.53906
0.581397
0.62635
0.674045
0.724607
0.778161
0.834837
0.89477
0.958098
1.02497
1.09555
1.17003
1.24865
1.33178
1.41987
1.51345
1.61302
1.71887
1.83321
1.95339
2.07827
2.19785
2.30044
2.37673
2.42314
2.44007
2.42321
2.34452
2.13102
1.77911
1.63083
1.32492
1.64767
2.04997
2.59056
3.23515
4.72148
4.42013
2.74102
-0.0627466
-0.664456
0.108172
2.25141
3.60499
4.47871
4.99594
5.50406
6.73042
7.80029
8.49206
8.23818
7.90672
7.19652
6.68199
0.00301895
0.0191663
0.0283921
0.0410455
0.0527103
0.0654867
0.0785288
0.0923238
0.106753
0.121976
0.13803
0.155009
0.172987
0.192053
0.212291
0.233794
0.256658
0.280982
0.306868
0.334425
0.363762
0.394994
0.428237
0.463613
0.501242
0.541248
0.583755
0.628886
0.676763
0.72751
0.78125
0.838107
0.898209
0.961688
1.02868
1.09932
1.17379
1.2523
1.33517
1.42289
1.51613
1.61552
1.72146
1.83549
1.9559
2.08042
2.19974
2.30298
2.3813
2.43081
2.45097
2.43678
2.35818
2.14433
1.83057
1.64041
1.51435
1.81627
2.1334
2.48419
3.23376
4.41576
4.33393
2.8132
0.169672
-0.526095
0.284538
2.41169
3.68184
4.50769
5.07702
5.7194
6.90196
7.91288
8.50261
8.25369
7.91752
7.20134
6.6153
0.00292567
0.0193634
0.0285362
0.0412539
0.0529485
0.0657683
0.0788527
0.0926926
0.107169
0.122443
0.138549
0.155585
0.173624
0.192754
0.213061
0.234638
0.257582
0.28199
0.307968
0.335622
0.365063
0.396407
0.42977
0.465273
0.503037
0.543185
0.585841
0.631127
0.679164
0.730073
0.783972
0.840982
0.901224
0.964821
1.0319
1.10258
1.177
1.25536
1.33797
1.42539
1.51841
1.61774
1.72394
1.8377
1.95844
2.08275
2.20203
2.30602
2.38627
2.43866
2.46197
2.45082
2.37238
2.16042
1.90034
1.66523
1.69974
1.9794
2.19764
2.39924
3.28446
4.25964
4.30977
2.90737
0.387911
-0.383649
0.45409
2.5439
3.72579
4.51767
5.13062
5.85848
7.00036
7.97512
8.50841
8.2747
7.93535
7.22421
6.61011
0.00283041
0.019546
0.028663
0.0414368
0.0531567
0.0660138
0.0791348
0.0930135
0.107531
0.122848
0.139
0.156085
0.174176
0.193362
0.213729
0.235371
0.258383
0.282865
0.308922
0.33666
0.366192
0.397632
0.431099
0.466711
0.504592
0.544864
0.587648
0.633068
0.681241
0.732286
0.786318
0.843452
0.903803
0.967486
1.03461
1.10529
1.17964
1.25785
1.34024
1.42742
1.52029
1.6196
1.72605
1.83981
1.96083
2.08512
2.20456
2.30939
2.39146
2.44653
2.47291
2.46513
2.38643
2.17538
1.97411
1.7248
1.88501
2.1349
2.24954
2.36867
3.32719
4.22952
4.33534
3.01871
0.577822
-0.255738
0.611822
2.65736
3.75071
4.52077
5.17011
5.94965
7.05964
8.01559
8.51831
8.3006
7.95995
7.25699
6.63954
0.00273587
0.0197108
0.0287712
0.0415923
0.0533333
0.0662215
0.0793733
0.0932845
0.107837
0.12319
0.139381
0.156507
0.174642
0.193875
0.214293
0.235988
0.259058
0.283602
0.309725
0.337535
0.367143
0.398665
0.432218
0.467923
0.505901
0.546276
0.589168
0.634698
0.682984
0.734141
0.788279
0.84551
0.905943
0.969684
1.03684
1.10749
1.18177
1.25983
1.34203
1.42905
1.52185
1.62121
1.72787
1.8419
1.96321
2.08761
2.20736
2.31306
2.39681
2.45427
2.4836
2.47951
2.40005
2.18621
2.03372
1.82171
2.07032
2.27642
2.30322
2.40061
3.34832
4.26881
4.39769
3.14161
0.736419
-0.151659
0.754392
2.76033
3.7647
4.51958
5.19894
6.01077
7.09887
8.04786
8.53455
8.32881
7.99172
7.29811
6.69839
0.00264645
0.0198542
0.0288602
0.0417196
0.0534774
0.0663905
0.0795673
0.0935047
0.108085
0.123467
0.13969
0.15685
0.17502
0.194291
0.214749
0.236489
0.259605
0.284199
0.310376
0.338243
0.367913
0.3995
0.433124
0.468903
0.50696
0.547418
0.590396
0.636015
0.68439
0.735633
0.789851
0.847151
0.907634
0.9714
1.03855
1.10916
1.18335
1.2613
1.34338
1.43032
1.52311
1.62253
1.72932
1.84371
1.9653
2.08995
2.21014
2.31671
2.40197
2.4616
2.49376
2.49356
2.41258
2.19124
2.06385
1.94481
2.24653
2.39714
2.36432
2.47577
3.37888
4.33355
4.48275
3.26609
0.863689
-0.0715198
0.881494
2.8631
3.7756
4.51795
5.22303
6.05655
7.12818
8.07887
8.55873
8.35808
8.02648
7.34723
6.78688
0.00256694
0.0199704
0.0289281
0.0418161
0.0535865
0.0665181
0.0797139
0.093671
0.108272
0.123677
0.139923
0.157108
0.175305
0.194605
0.215094
0.236866
0.260018
0.28465
0.310867
0.338778
0.368494
0.400131
0.433807
0.469642
0.507758
0.548278
0.591321
0.637005
0.685446
0.736753
0.791029
0.848376
0.90889
0.972668
1.0398
1.11037
1.1845
1.26236
1.34436
1.43125
1.52405
1.6236
1.73059
1.84539
1.96732
2.09231
2.21299
2.32036
2.40689
2.46828
2.50297
2.50687
2.42487
2.19601
2.06993
2.07449
2.39862
2.48914
2.42215
2.56126
3.43305
4.4054
4.57833
3.38538
0.971267
-0.01066
0.986165
2.96695
3.78704
4.50952
5.23219
6.08458
7.14811
8.10593
8.58391
8.3842
8.05716
7.38968
6.88902
0.00250551
0.020055
0.0289751
0.041882
0.0536611
0.0666051
0.0798138
0.0937841
0.1084
0.123819
0.140081
0.157283
0.175499
0.194818
0.215327
0.237122
0.260297
0.284955
0.3112
0.33914
0.368887
0.400557
0.434269
0.470142
0.508298
0.548859
0.591945
0.637673
0.686157
0.737503
0.791812
0.849181
0.909702
0.973465
1.04056
1.11108
1.18514
1.26295
1.34495
1.43188
1.52475
1.62438
1.73149
1.84658
1.96882
2.09417
2.21533
2.32339
2.41091
2.47374
2.51071
2.51842
2.43468
2.20283
2.07306
2.19208
2.51305
2.54548
2.46458
2.62979
3.49053
4.47067
4.6661
3.47795
1.05132
0.0153608
1.04398
3.03189
3.7893
4.49202
5.23608
6.10603
7.16792
8.13445
8.61171
8.40917
8.08286
7.4386
6.93352
0.00246975
0.0200993
0.028998
0.0419139
0.0536974
0.0666472
0.0798623
0.0938391
0.108462
0.123888
0.140159
0.157369
0.175593
0.194922
0.215441
0.237247
0.260434
0.285104
0.311362
0.339316
0.369079
0.400766
0.434495
0.470386
0.508562
0.549144
0.592251
0.638001
0.686506
0.737873
0.7922
0.849584
0.910113
0.973875
1.04096
1.11145
1.18548
1.26327
1.34523
1.43214
1.52504
1.62483
1.73216
1.8475
1.97004
2.09572
2.21726
2.32577
2.41389
2.47757
2.516
2.52617
2.44206
2.21181
2.08193
2.26072
2.5794
2.57497
2.47995
2.66317
3.53193
4.52139
4.73217
3.54423
1.15075
0.0193797
1.12919
3.0502
3.79239
4.47974
5.22861
6.10914
7.18094
8.15796
8.63063
8.42389
8.09516
7.45728
7.15406
)
;

boundaryField
{
    inletFace
    {
        type            zeroGradient;
    }
    inlet
    {
        type            zeroGradient;
    }
    inletWalls
    {
        type            zeroGradient;
    }
    outletInlet
    {
        type            cyclicAMI;
        value           nonuniform List<scalar> 
15
(
-8.05402
-6.24159
-4.65714
-1.56657
1.13648
6.26864
12.4751
15.3154
21.2884
18.9441
16.0201
13.707
5.15779
4.24493
1.60463
)
;
    }
    fineSymmetryWall
    {
        type            symmetryPlane;
    }
    fineWalls
    {
        type            zeroGradient;
    }
    fineCyclicBoundary
    {
        type            fixedValue;
        value           uniform 0;
    }
    fineplug
    {
        type            cyclicAMI;
        value           nonuniform List<scalar> 
80
(
-7.99082
-8.27355
-6.7863
-8.18561
-9.34362
-6.94046
-6.92233
-6.36515
-6.31743
-5.95978
-4.67975
-3.11848
-4.50253
-6.24112
-5.63702
-3.82503
-2.58355
-2.54169
-1.71767
-0.933712
0.0580227
-2.47928
-0.535411
1.07381
1.68513
3.13263
5.1433
6.05431
6.84641
8.47522
8.19948
3.41344
9.61197
11.2442
12.2021
13.1531
14.7053
16.5029
17.8435
15.592
7.8657
18.3524
20.7928
21.2688
21.2392
20.9627
20.6645
22.6237
19.6009
13.1752
22.6567
20.5342
20.5468
21.0338
19.5479
18.3017
17.1072
11.1911
10.5446
19.2127
15.8094
13.9702
11.4828
8.92617
9.07781
7.70224
6.15368
1.97402
2.2295
6.72695
5.33443
4.95547
4.19119
3.01798
0.439236
1.16046
1.62433
0.599032
3.49737
1.53947
)
;
    }
    faceFine
    {
        type            zeroGradient;
    }
}


// ************************************************************************* //
