/*--------------------------------*- C++ -*----------------------------------*\
| =========                 |                                                 |
| \\      /  F ield         | OpenFOAM: The Open Source CFD Toolbox           |
|  \\    /   O peration     | Version:  4.1                                   |
|   \\  /    A nd           | Web:      www.OpenFOAM.org                      |
|    \\/     M anipulation  |                                                 |
\*---------------------------------------------------------------------------*/
FoamFile
{
    version     2.0;
    format      ascii;
    class       volScalarField;
    location    "16";
    object      p;
}
// * * * * * * * * * * * * * * * * * * * * * * * * * * * * * * * * * * * * * //

dimensions      [0 2 -2 0 0 0 0];

internalField   nonuniform List<scalar> 
6785
(
4.24318e+116
4.24318e+116
4.24318e+116
4.24318e+116
4.24318e+116
4.24318e+116
4.24318e+116
4.24318e+116
4.24318e+116
4.24318e+116
4.24318e+116
4.24318e+116
4.24318e+116
4.24318e+116
4.24318e+116
4.24318e+116
4.24318e+116
4.24318e+116
4.24318e+116
4.24318e+116
4.24318e+116
4.24318e+116
4.24318e+116
4.24318e+116
4.24318e+116
4.24318e+116
4.24318e+116
4.24318e+116
4.24318e+116
4.24318e+116
4.24318e+116
4.24318e+116
4.24318e+116
4.24318e+116
4.24318e+116
4.24318e+116
4.24318e+116
4.24318e+116
4.24318e+116
4.24318e+116
4.24318e+116
4.24318e+116
4.24318e+116
4.24318e+116
4.24318e+116
4.24318e+116
4.24318e+116
4.24318e+116
4.24318e+116
4.24318e+116
4.24318e+116
4.24318e+116
4.24318e+116
4.24318e+116
4.24318e+116
4.24318e+116
4.24318e+116
4.24318e+116
4.24318e+116
4.24318e+116
4.24318e+116
4.24318e+116
4.24318e+116
4.24318e+116
4.24318e+116
4.24318e+116
4.24318e+116
4.24318e+116
4.24318e+116
4.24318e+116
4.24318e+116
4.24318e+116
4.24318e+116
4.24318e+116
4.24318e+116
4.24318e+116
4.24318e+116
4.24318e+116
4.24318e+116
4.24318e+116
4.24318e+116
4.24318e+116
4.24318e+116
4.24318e+116
4.24318e+116
4.24318e+116
4.24318e+116
4.24318e+116
4.24318e+116
4.24318e+116
4.24318e+116
4.24318e+116
4.24318e+116
4.24318e+116
4.24318e+116
4.24318e+116
4.24318e+116
4.24318e+116
4.24318e+116
4.24318e+116
4.24318e+116
4.24318e+116
4.24318e+116
4.24318e+116
4.24318e+116
4.24318e+116
4.24318e+116
4.24318e+116
4.24318e+116
4.24318e+116
4.24318e+116
4.24318e+116
4.24318e+116
4.24317e+116
4.24317e+116
4.24317e+116
4.24317e+116
4.24317e+116
4.24317e+116
4.24317e+116
4.24317e+116
4.24317e+116
4.24317e+116
4.24317e+116
4.24317e+116
4.24317e+116
4.24317e+116
4.24317e+116
4.24317e+116
4.24317e+116
4.24317e+116
4.24317e+116
4.24317e+116
4.24317e+116
4.24317e+116
4.24317e+116
4.24317e+116
4.24317e+116
4.24317e+116
4.24317e+116
4.24317e+116
4.24317e+116
4.24317e+116
4.24317e+116
4.24316e+116
4.24316e+116
4.24316e+116
4.24316e+116
4.24316e+116
4.24316e+116
4.24314e+116
4.24313e+116
4.24313e+116
4.24313e+116
4.24312e+116
4.24312e+116
4.24311e+116
4.24311e+116
4.2431e+116
4.2431e+116
4.2431e+116
4.24309e+116
4.24309e+116
4.2431e+116
4.2431e+116
4.24308e+116
4.24307e+116
4.24307e+116
4.24306e+116
4.24306e+116
4.24305e+116
4.24305e+116
4.24305e+116
4.24305e+116
4.24305e+116
4.24306e+116
4.24306e+116
4.24307e+116
4.24307e+116
4.24308e+116
4.243e+116
4.24298e+116
4.24297e+116
4.24298e+116
4.243e+116
4.24303e+116
4.24306e+116
4.24309e+116
4.24312e+116
4.24314e+116
4.24316e+116
4.24317e+116
4.24317e+116
4.24317e+116
4.24317e+116
4.24283e+116
4.24296e+116
4.24309e+116
4.24316e+116
4.24317e+116
4.24314e+116
4.24308e+116
4.24299e+116
4.2429e+116
4.2428e+116
4.2427e+116
4.24261e+116
4.24254e+116
4.24249e+116
4.24252e+116
4.24491e+116
4.2447e+116
4.24408e+116
4.24347e+116
4.24279e+116
4.24211e+116
4.24141e+116
4.24073e+116
4.24007e+116
4.23945e+116
4.23883e+116
4.23813e+116
4.23719e+116
4.23581e+116
4.23439e+116
4.4239e+116
4.42382e+116
4.42553e+116
4.42566e+116
4.4258e+116
4.42496e+116
4.42557e+116
4.42591e+116
4.42637e+116
4.4263e+116
4.42775e+116
4.42772e+116
4.42668e+116
4.42903e+116
4.42888e+116
4.42789e+116
4.42529e+116
4.42691e+116
4.42511e+116
4.42106e+116
4.42174e+116
4.41857e+116
4.41435e+116
4.40861e+116
4.40864e+116
4.40407e+116
4.39844e+116
4.39187e+116
4.39218e+116
4.38595e+116
4.37791e+116
4.37756e+116
4.37096e+116
4.36325e+116
4.35658e+116
4.35794e+116
4.35017e+116
4.34209e+116
4.3427e+116
4.33521e+116
4.32642e+116
4.32096e+116
4.32297e+116
4.31552e+116
4.30666e+116
4.30202e+116
4.3058e+116
4.29718e+116
4.29066e+116
4.29317e+116
4.28537e+116
4.27609e+116
4.27302e+116
4.27707e+116
4.26961e+116
4.26058e+116
4.25833e+116
4.26415e+116
4.25546e+116
4.25082e+116
4.25482e+116
4.24716e+116
4.23804e+116
4.23695e+116
4.24366e+116
4.23506e+116
4.23146e+116
4.23603e+116
4.22855e+116
4.21951e+116
4.21958e+116
4.22538e+116
4.21825e+116
4.20952e+116
4.21006e+116
4.21718e+116
4.20868e+116
4.20582e+116
4.21287e+116
4.20343e+116
4.21053e+116
4.22344e+116
4.2329e+116
4.25295e+116
4.25322e+116
4.25145e+116
4.24958e+116
4.24794e+116
4.2465e+116
4.24509e+116
4.24378e+116
4.24222e+116
4.24098e+116
4.24608e+116
4.246e+116
4.24521e+116
4.2442e+116
4.24313e+116
4.24198e+116
4.24089e+116
4.23959e+116
4.2387e+116
4.24427e+116
4.24433e+116
4.2437e+116
4.24283e+116
4.24187e+116
4.24092e+116
4.23992e+116
4.23895e+116
4.23776e+116
4.23678e+116
4.24233e+116
4.2424e+116
4.24179e+116
4.24095e+116
4.24002e+116
4.23905e+116
4.23815e+116
4.23707e+116
4.23609e+116
4.24151e+116
4.24159e+116
4.24101e+116
4.2402e+116
4.23932e+116
4.23837e+116
4.23746e+116
4.23638e+116
4.23516e+116
4.24059e+116
4.24069e+116
4.24017e+116
4.23939e+116
4.23848e+116
4.23747e+116
4.23652e+116
4.23541e+116
4.23395e+116
4.23916e+116
4.23918e+116
4.23858e+116
4.23777e+116
4.23689e+116
4.2358e+116
4.23442e+116
4.23311e+116
4.23167e+116
4.22888e+116
4.23422e+116
4.2341e+116
4.23328e+116
4.23214e+116
4.23082e+116
4.22898e+116
4.22576e+116
4.22085e+116
4.2071e+116
4.21103e+116
4.20914e+116
4.1989e+116
4.19278e+116
4.20584e+116
4.20592e+116
4.2027e+116
4.20249e+116
4.20098e+116
4.21177e+116
4.21227e+116
4.20859e+116
4.21676e+116
4.21604e+116
4.21327e+116
4.21284e+116
4.21144e+116
4.21909e+116
4.21777e+116
4.21447e+116
4.21341e+116
4.2112e+116
4.21816e+116
4.21762e+116
4.21354e+116
4.21909e+116
4.21643e+116
4.21413e+116
4.21333e+116
4.21423e+116
4.23132e+116
4.23395e+116
4.23631e+116
4.23043e+116
4.21872e+116
4.2229e+116
4.20037e+116
4.16492e+116
4.16548e+116
4.14659e+116
4.1177e+116
4.10821e+116
4.09266e+116
4.12602e+116
4.15474e+116
4.16288e+116
4.19906e+116
4.21831e+116
4.29067e+116
4.36618e+116
4.41351e+116
4.50403e+116
4.54163e+116
4.56275e+116
4.64346e+116
4.7066e+116
4.78957e+116
4.87076e+116
4.91663e+116
5.02907e+116
5.05882e+116
4.89677e+116
4.96348e+116
4.85251e+116
4.20136e+116
4.02368e+116
3.76366e+116
3.68858e+116
3.35064e+116
1.63783e+116
1.19266e+116
6.97416e+115
5.90337e+115
1.94992e+115
-2.64129e+116
-2.62075e+116
-3.37863e+116
-7.70354e+116
-8.12334e+116
-7.81125e+116
-4.52162e+116
3.72425e+116
-1.45844e+110
2.99508e+110
3.5043e+111
4.11356e+111
6.26196e+111
1.27542e+112
1.59888e+112
2.85094e+112
4.95301e+111
8.752e+111
5.58661e+111
1.25008e+112
2.05603e+112
2.63352e+112
1.50436e+112
1.30288e+112
1.1964e+112
3.85903e+112
1.48849e+112
-9.26328e+111
-1.01887e+112
-2.1522e+112
-1.74172e+112
-9.83475e+111
1.46869e+112
1.75518e+112
1.15262e+112
-9.57281e+110
-4.10604e+111
-3.25471e+111
1.80371e+112
2.41036e+112
8.39558e+111
2.25681e+111
8.98031e+111
4.63567e+111
8.8444e+111
2.77804e+111
7.70368e+111
5.96569e+111
4.24935e+111
8.95185e+111
6.12098e+111
3.06514e+111
7.10632e+111
-2.75699e+111
-5.15938e+111
-6.65825e+111
-7.37036e+111
-9.84587e+111
-9.10219e+111
-6.21462e+111
-3.89729e+111
-2.19206e+111
-9.49954e+110
1.20463e+110
9.71704e+110
1.08342e+111
6.53263e+110
-1.3235e+110
-1.19533e+111
-2.43174e+111
-3.8399e+111
-5.47807e+111
-7.56423e+111
-1.04463e+112
-1.47155e+112
-2.12174e+112
-3.12985e+112
-4.65375e+112
-6.91384e+112
-9.74046e+112
-1.22227e+113
-8.60548e+112
-2.29495e+112
1.69069e+113
-3.12206e+113
-7.18385e+114
-7.74187e+115
-2.94029e+110
8.55346e+109
3.50673e+111
4.7616e+111
8.15953e+111
1.5252e+112
1.9325e+112
3.55657e+112
1.28e+112
1.40337e+112
1.24607e+112
1.75837e+112
2.5563e+112
3.26619e+112
1.52583e+112
1.12884e+112
1.63076e+112
4.3274e+112
2.05054e+112
-9.42099e+111
-1.27819e+112
-2.73886e+112
-2.43317e+112
-1.32671e+112
1.95685e+112
1.9574e+112
1.16721e+112
-2.11026e+111
-4.08271e+111
-2.95146e+111
2.15426e+112
3.08241e+112
1.41973e+112
6.15055e+111
7.32223e+111
2.7154e+111
7.59023e+111
2.48373e+111
5.85019e+111
3.01365e+111
3.61623e+111
1.16564e+112
8.42913e+111
5.37821e+111
6.942e+111
-3.74362e+111
-8.3471e+111
-1.08502e+112
-1.12622e+112
-1.35707e+112
-1.25955e+112
-8.86661e+111
-5.51012e+111
-3.42669e+111
-1.84905e+111
-3.87863e+110
8.20508e+110
8.7935e+110
1.89321e+110
-9.32838e+110
-2.41084e+111
-4.12648e+111
-6.08971e+111
-8.41016e+111
-1.14123e+112
-1.56126e+112
-2.18772e+112
-3.14631e+112
-4.6369e+112
-6.90483e+112
-1.03019e+113
-1.47277e+113
-1.93637e+113
-1.75416e+113
-1.50541e+113
-6.89892e+113
-7.98735e+114
-4.18381e+115
-1.45921e+116
-2.54598e+110
-1.01158e+110
2.78247e+111
5.03185e+111
9.7222e+111
1.69524e+112
2.20222e+112
3.85758e+112
1.99768e+112
1.74599e+112
1.76097e+112
2.09574e+112
2.85289e+112
3.32179e+112
1.52171e+112
9.69036e+111
1.83729e+112
4.63909e+112
2.58472e+112
-7.09505e+111
-1.51193e+112
-3.01266e+112
-2.69523e+112
-1.40444e+112
2.14196e+112
2.04699e+112
1.03326e+112
-3.70801e+111
-2.12432e+111
1.11497e+111
2.45882e+112
3.30151e+112
1.78021e+112
1.02008e+112
6.53702e+111
7.61444e+110
6.41522e+111
1.07407e+111
3.1079e+111
9.92792e+110
2.8409e+111
1.12881e+112
9.78538e+111
7.74111e+111
5.99309e+111
-3.95989e+111
-1.08004e+112
-1.39434e+112
-1.40824e+112
-1.58548e+112
-1.43475e+112
-1.01079e+112
-6.34128e+111
-3.90256e+111
-2.1255e+111
-4.85387e+110
8.65155e+110
9.46563e+110
1.82971e+110
-1.03747e+111
-2.63788e+111
-4.49697e+111
-6.61524e+111
-9.11418e+111
-1.23463e+112
-1.68754e+112
-2.36427e+112
-3.40199e+112
-5.01994e+112
-7.49312e+112
-1.12379e+113
-1.62775e+113
-2.23723e+113
-2.39996e+113
-2.46258e+113
-1.17867e+114
-1.16072e+115
-4.93464e+115
-1.09876e+116
-3.04052e+109
1.37043e+110
2.76356e+111
5.91099e+111
1.18303e+112
1.98314e+112
2.61196e+112
4.16234e+112
2.58936e+112
2.02188e+112
2.11291e+112
2.49489e+112
3.20185e+112
3.33388e+112
1.62836e+112
9.34853e+111
2.10582e+112
4.91259e+112
2.96388e+112
-4.69609e+111
-1.69643e+112
-3.24644e+112
-2.90112e+112
-1.45962e+112
2.23364e+112
1.7862e+112
8.42077e+111
-4.31513e+111
2.02323e+110
6.68353e+111
2.89964e+112
3.57216e+112
2.10921e+112
1.53129e+112
6.00901e+111
-7.77205e+110
5.53765e+111
4.159e+109
2.78783e+110
-7.17232e+110
2.61985e+111
1.11131e+112
1.16573e+112
1.03031e+112
5.3035e+111
-4.17775e+111
-1.26857e+112
-1.71853e+112
-1.72162e+112
-1.79534e+112
-1.58943e+112
-1.12485e+112
-7.19033e+111
-4.27875e+111
-2.25734e+111
-4.87307e+110
9.51561e+110
1.08345e+111
2.88815e+110
-9.88184e+110
-2.66159e+111
-4.60605e+111
-6.80638e+111
-9.38707e+111
-1.27144e+112
-1.7379e+112
-2.4363e+112
-3.51012e+112
-5.19087e+112
-7.77538e+112
-1.17466e+113
-1.72987e+113
-2.50361e+113
-3.14192e+113
-3.40702e+113
-1.4921e+114
-1.28311e+115
-3.84297e+115
-1.21745e+115
2.09142e+110
3.9734e+110
2.81811e+111
6.67976e+111
1.38668e+112
2.30773e+112
3.07161e+112
4.47102e+112
3.03396e+112
2.27882e+112
2.40855e+112
2.89435e+112
3.54694e+112
3.3584e+112
1.7418e+112
9.0286e+111
2.43258e+112
5.17886e+112
3.29577e+112
-2.82842e+111
-1.8775e+112
-3.49421e+112
-3.09562e+112
-1.51539e+112
2.33325e+112
1.36709e+112
6.24392e+111
-2.96938e+111
2.83919e+111
1.24821e+112
3.41871e+112
3.88206e+112
2.40354e+112
1.89574e+112
5.54958e+111
-1.77742e+111
4.68093e+111
-8.85795e+110
-3.24202e+111
-2.08571e+111
2.15837e+111
1.09393e+112
1.3881e+112
1.23109e+112
4.94215e+111
-4.57417e+111
-1.43898e+112
-2.05836e+112
-2.07699e+112
-2.01989e+112
-1.744e+112
-1.24505e+112
-8.08879e+111
-4.67174e+111
-2.3753e+111
-4.97849e+110
1.00994e+111
1.19132e+111
3.75692e+110
-9.5068e+110
-2.69169e+111
-4.71462e+111
-6.98674e+111
-9.6346e+111
-1.30387e+112
-1.78172e+112
-2.49941e+112
-3.60689e+112
-5.34884e+112
-8.0465e+112
-1.22614e+113
-1.83883e+113
-2.79088e+113
-3.96559e+113
-4.38194e+113
-1.73674e+114
-1.23605e+115
-1.68929e+115
8.99752e+115
4.39614e+110
6.28624e+110
2.91058e+111
7.53798e+111
1.58444e+112
2.64113e+112
3.54029e+112
4.78128e+112
3.39957e+112
2.56124e+112
2.68787e+112
3.29876e+112
3.89519e+112
3.45679e+112
1.88107e+112
9.2063e+111
2.77297e+112
5.37791e+112
3.57593e+112
-1.13745e+111
-2.06473e+112
-3.74452e+112
-3.20581e+112
-1.49172e+112
2.56577e+112
1.33722e+112
5.82452e+111
5.27429e+110
6.57565e+111
1.82619e+112
4.00548e+112
4.2682e+112
2.68629e+112
1.97231e+112
4.94638e+111
-2.48289e+111
3.54084e+111
-2.0417e+111
-6.69993e+111
-3.3589e+111
2.00004e+111
1.06043e+112
1.63004e+112
1.4439e+112
4.91544e+111
-4.98678e+111
-1.59681e+112
-2.39147e+112
-2.4551e+112
-2.25841e+112
-1.89425e+112
-1.3634e+112
-8.91622e+111
-5.01506e+111
-2.47208e+111
-4.89445e+110
1.06386e+111
1.27481e+111
4.37912e+110
-9.36031e+110
-2.74438e+111
-4.84423e+111
-7.18341e+111
-9.8907e+111
-1.33625e+112
-1.82471e+112
-2.56141e+112
-3.70326e+112
-5.50929e+112
-8.32765e+112
-1.28057e+113
-1.95505e+113
-3.08105e+113
-4.79115e+113
-5.42082e+113
-1.97333e+114
-1.04864e+115
1.07473e+115
1.92283e+116
6.31683e+110
8.05002e+110
3.04294e+111
8.47403e+111
1.77061e+112
2.95017e+112
3.97045e+112
5.03428e+112
3.6668e+112
2.86661e+112
2.97536e+112
3.66244e+112
4.21457e+112
3.54254e+112
1.99641e+112
1.01227e+112
3.12319e+112
5.50455e+112
3.75976e+112
-8.97638e+109
-2.27141e+112
-4.00054e+112
-3.21507e+112
-1.37307e+112
2.96382e+112
1.61939e+112
6.80646e+111
4.67757e+111
1.10886e+112
2.38755e+112
4.64726e+112
4.73521e+112
2.9393e+112
1.85748e+112
4.10171e+111
-3.12434e+111
1.86665e+111
-3.56348e+111
-1.00951e+112
-4.95545e+111
2.06694e+111
1.02413e+112
1.87151e+112
1.66495e+112
5.10838e+111
-5.4772e+111
-1.74994e+112
-2.72324e+112
-2.83544e+112
-2.50692e+112
-2.03954e+112
-1.47864e+112
-9.6204e+111
-5.27019e+111
-2.5403e+111
-4.48301e+110
1.13115e+111
1.34668e+111
4.8383e+110
-9.37011e+110
-2.81259e+111
-4.98768e+111
-7.38859e+111
-1.0146e+112
-1.36738e+112
-1.86524e+112
-2.61996e+112
-3.79562e+112
-5.6662e+112
-8.60781e+112
-1.33548e+113
-2.07245e+113
-3.35774e+113
-5.53817e+113
-6.61684e+113
-2.22027e+114
-7.4174e+114
4.01679e+115
2.81004e+116
7.71224e+110
9.3652e+110
3.24195e+111
9.50864e+111
1.94844e+112
3.20927e+112
4.31387e+112
5.195e+112
3.88258e+112
3.18787e+112
3.29546e+112
3.97774e+112
4.48132e+112
3.5997e+112
2.09931e+112
1.1714e+112
3.49883e+112
5.58363e+112
3.86023e+112
5.09646e+110
-2.5382e+112
-4.23407e+112
-3.14879e+112
-1.16426e+112
3.49433e+112
1.92551e+112
8.3894e+111
9.12276e+111
1.51463e+112
2.95128e+112
5.32055e+112
5.28193e+112
3.1654e+112
1.76215e+112
3.0806e+111
-3.71338e+111
-5.7921e+110
-5.5862e+111
-1.35989e+112
-7.04375e+111
1.76595e+111
9.75015e+111
2.09899e+112
1.88033e+112
5.44447e+111
-6.01026e+111
-1.91442e+112
-3.06982e+112
-3.20056e+112
-2.76113e+112
-2.18676e+112
-1.5942e+112
-1.02292e+112
-5.44934e+111
-2.57275e+111
-3.71466e+110
1.21826e+111
1.4129e+111
5.17987e+110
-9.49342e+110
-2.89152e+111
-5.13956e+111
-7.59573e+111
-1.03922e+112
-1.39618e+112
-1.9019e+112
-2.67312e+112
-3.88122e+112
-5.81521e+112
-8.87902e+112
-1.38905e+113
-2.18633e+113
-3.61419e+113
-6.14622e+113
-8.11032e+113
-2.45385e+114
-3.0933e+114
7.07739e+115
3.54254e+116
8.59333e+110
1.0398e+111
3.51624e+111
1.0653e+112
2.1252e+112
3.42296e+112
4.57003e+112
5.30357e+112
4.08874e+112
3.52541e+112
3.62971e+112
4.24615e+112
4.69181e+112
3.65564e+112
2.21278e+112
1.37659e+112
3.87155e+112
5.66707e+112
3.94578e+112
1.23433e+111
-2.86964e+112
-4.41482e+112
-3.00139e+112
-8.69844e+111
4.10319e+112
2.24308e+112
1.06139e+112
1.34029e+112
1.851e+112
3.51697e+112
6.01921e+112
5.89449e+112
3.3859e+112
1.65783e+112
2.0135e+111
-4.33106e+111
-3.81321e+111
-8.71732e+111
-1.7406e+112
-9.49596e+111
9.65598e+110
9.02083e+111
2.30147e+112
2.08203e+112
5.71451e+111
-6.50287e+111
-2.12195e+112
-3.43113e+112
-3.54939e+112
-3.01693e+112
-2.34502e+112
-1.7135e+112
-1.07925e+112
-5.57831e+111
-2.56854e+111
-2.60193e+110
1.32407e+111
1.47297e+111
5.40401e+110
-9.73629e+110
-2.98287e+111
-5.30251e+111
-7.80783e+111
-1.06321e+112
-1.42289e+112
-1.93487e+112
-2.72097e+112
-3.95988e+112
-5.95537e+112
-9.1382e+112
-1.44029e+113
-2.29354e+113
-3.8515e+113
-6.59453e+113
-1.00418e+114
-2.60089e+114
2.65546e+114
1.01939e+116
4.15542e+116
9.08504e+110
1.12481e+111
3.83935e+111
1.18678e+112
2.30379e+112
3.6091e+112
4.75891e+112
5.39584e+112
4.29159e+112
3.87726e+112
3.95313e+112
4.48846e+112
4.84397e+112
3.7201e+112
2.36548e+112
1.62768e+112
4.19585e+112
5.75261e+112
3.94979e+112
1.70032e+111
-3.16776e+112
-4.50966e+112
-2.75286e+112
-4.95496e+111
4.73263e+112
2.62956e+112
1.32043e+112
1.7314e+112
2.17852e+112
4.06512e+112
6.7353e+112
6.55902e+112
3.68617e+112
1.47309e+112
6.8394e+110
-4.9936e+111
-7.41078e+111
-1.33851e+112
-2.17828e+112
-1.22372e+112
-2.86032e+110
8.14728e+111
2.4652e+112
2.28158e+112
5.93279e+111
-7.16042e+111
-2.38323e+112
-3.80512e+112
-3.87735e+112
-3.2734e+112
-2.52046e+112
-1.83993e+112
-1.1345e+112
-5.67524e+111
-2.53553e+111
-1.1999e+110
1.44139e+111
1.52372e+111
5.51515e+110
-1.00815e+111
-3.0846e+111
-5.47447e+111
-8.02215e+111
-1.08615e+112
-1.44692e+112
-1.9634e+112
-2.76256e+112
-4.03033e+112
-6.08472e+112
-9.38152e+112
-1.4883e+113
-2.39148e+113
-4.07281e+113
-6.88956e+113
-1.25042e+114
-2.53866e+114
9.87571e+114
1.31461e+116
4.57454e+116
9.34724e+110
1.19262e+111
4.17752e+111
1.3105e+112
2.4801e+112
3.77439e+112
4.8954e+112
5.48115e+112
4.49068e+112
4.2354e+112
4.26925e+112
4.71506e+112
4.94596e+112
3.77767e+112
2.53929e+112
1.90647e+112
4.43719e+112
5.81619e+112
3.87262e+112
1.278e+111
-3.33348e+112
-4.49571e+112
-2.47218e+112
-6.66082e+110
5.36802e+112
3.08713e+112
1.59823e+112
2.10698e+112
2.54123e+112
4.63695e+112
7.4746e+112
7.26672e+112
4.10095e+112
1.25831e+112
-8.23653e+110
-6.02383e+111
-1.08138e+112
-1.97424e+112
-2.69974e+112
-1.48683e+112
-2.00544e+111
7.80547e+111
2.59622e+112
2.47446e+112
6.13121e+111
-8.13761e+111
-2.63593e+112
-4.18426e+112
-4.21191e+112
-3.5638e+112
-2.71871e+112
-1.97711e+112
-1.18924e+112
-5.73739e+111
-2.48191e+111
4.03828e+109
1.55427e+111
1.55578e+111
5.46695e+110
-1.05637e+111
-3.20082e+111
-5.6607e+111
-8.24426e+111
-1.10857e+112
-1.46877e+112
-1.98794e+112
-2.79832e+112
-4.09292e+112
-6.20319e+112
-9.6077e+112
-1.53265e+113
-2.47853e+113
-4.27966e+113
-7.06683e+113
-1.54869e+114
-2.11246e+114
1.86555e+115
1.59387e+116
4.83953e+116
9.50287e+110
1.23698e+111
4.50046e+111
1.4325e+112
2.64833e+112
3.91673e+112
4.99319e+112
5.56173e+112
4.68971e+112
4.59336e+112
4.5826e+112
4.92509e+112
5.01291e+112
3.79369e+112
2.67355e+112
2.16106e+112
4.58654e+112
5.86152e+112
3.77847e+112
-3.95767e+110
-3.42471e+112
-4.41341e+112
-2.21937e+112
3.78114e+111
6.01541e+112
3.61522e+112
1.90505e+112
2.48156e+112
2.94454e+112
5.29156e+112
8.24317e+112
8.00503e+112
4.56561e+112
9.73388e+111
-2.28181e+111
-7.39931e+111
-1.41914e+112
-2.67809e+112
-3.21171e+112
-1.70898e+112
-3.78597e+111
7.91465e+111
2.70965e+112
2.60881e+112
6.05047e+111
-9.1911e+111
-2.80827e+112
-4.56347e+112
-4.59257e+112
-3.88704e+112
-2.92387e+112
-2.11033e+112
-1.24058e+112
-5.7548e+111
-2.41932e+111
2.10018e+110
1.63995e+111
1.55952e+111
5.24014e+110
-1.11729e+111
-3.32975e+111
-5.85913e+111
-8.47087e+111
-1.12994e+112
-1.48769e+112
-2.00756e+112
-2.82708e+112
-4.14618e+112
-6.30875e+112
-9.8135e+112
-1.57274e+113
-2.55358e+113
-4.46671e+113
-7.20106e+113
-1.88153e+114
-1.14659e+114
2.90566e+115
1.85664e+116
4.99545e+116
9.62302e+110
1.25225e+111
4.78093e+111
1.54826e+112
2.80444e+112
4.03684e+112
5.06393e+112
5.63795e+112
4.89445e+112
4.94368e+112
4.88757e+112
5.11379e+112
5.04493e+112
3.7501e+112
2.75022e+112
2.37967e+112
4.68973e+112
5.88747e+112
3.65911e+112
-3.04282e+111
-3.51929e+112
-4.2622e+112
-1.99552e+112
8.12389e+111
6.66058e+112
4.20429e+112
2.26986e+112
2.86823e+112
3.37588e+112
5.95258e+112
9.02573e+112
8.77532e+112
4.98357e+112
6.43179e+111
-3.70118e+111
-8.60611e+111
-1.81865e+112
-3.32203e+112
-3.71044e+112
-1.8842e+112
-5.25034e+111
7.62793e+111
2.82104e+112
2.67484e+112
5.25668e+111
-1.0419e+112
-2.96095e+112
-4.95107e+112
-5.02368e+112
-4.2294e+112
-3.12469e+112
-2.22583e+112
-1.28446e+112
-5.68709e+111
-2.34183e+111
3.80419e+110
1.65533e+111
1.51794e+111
4.75317e+110
-1.1966e+111
-3.47758e+111
-6.07699e+111
-8.70907e+111
-1.15088e+112
-1.50423e+112
-2.02278e+112
-2.84935e+112
-4.19064e+112
-6.40171e+112
-9.99881e+112
-1.60837e+113
-2.61697e+113
-4.61794e+113
-7.40857e+113
-2.21278e+114
5.49098e+113
4.10843e+115
2.09418e+116
4.99835e+116
9.76712e+110
1.23978e+111
4.99811e+111
1.65272e+112
2.94567e+112
4.13847e+112
5.11985e+112
5.70563e+112
5.10433e+112
5.28131e+112
5.17937e+112
5.27871e+112
5.04527e+112
3.70135e+112
2.78797e+112
2.55528e+112
4.78163e+112
5.89069e+112
3.47209e+112
-6.35811e+111
-3.64338e+112
-4.0381e+112
-1.8044e+112
1.22527e+112
7.28962e+112
4.84397e+112
2.68737e+112
3.27759e+112
3.83472e+112
6.53969e+112
9.81366e+112
9.58078e+112
5.3342e+112
4.9638e+111
-5.09259e+111
-9.48558e+111
-2.23527e+112
-3.91597e+112
-4.20779e+112
-2.03203e+112
-6.49904e+111
7.0705e+111
2.94483e+112
2.69186e+112
3.72021e+111
-1.25588e+112
-3.16842e+112
-5.28764e+112
-5.47319e+112
-4.62327e+112
-3.32845e+112
-2.32337e+112
-1.31758e+112
-5.4623e+111
-2.20205e+111
5.03032e+110
1.52639e+111
1.41629e+111
3.96151e+110
-1.29429e+111
-3.64327e+111
-6.31287e+111
-8.95559e+111
-1.17081e+112
-1.51756e+112
-2.03254e+112
-2.86387e+112
-4.22475e+112
-6.48018e+112
-1.01614e+113
-1.63899e+113
-2.67008e+113
-4.70289e+113
-7.80592e+113
-2.4918e+114
3.15368e+114
5.46692e+115
2.30772e+116
4.92535e+116
1.00019e+111
1.20914e+111
5.14413e+111
1.7418e+112
3.07035e+112
4.22563e+112
5.17254e+112
5.75342e+112
5.31474e+112
5.60057e+112
5.45531e+112
5.4274e+112
5.0452e+112
3.71055e+112
2.82603e+112
2.67297e+112
4.85454e+112
5.84638e+112
3.23044e+112
-9.83938e+111
-3.78859e+112
-3.83207e+112
-1.67593e+112
1.60968e+112
7.89676e+112
5.51185e+112
3.10979e+112
3.71988e+112
4.34173e+112
7.08238e+112
1.05842e+113
1.04155e+113
5.63658e+112
5.46559e+111
-6.02447e+111
-1.05058e+112
-2.58358e+112
-4.45811e+112
-4.69131e+112
-2.21371e+112
-7.85612e+111
6.75122e+111
3.08699e+112
2.59274e+112
2.07171e+111
-1.56493e+112
-3.42417e+112
-5.53678e+112
-5.8804e+112
-5.0588e+112
-3.52694e+112
-2.40473e+112
-1.33937e+112
-5.11296e+111
-2.14129e+111
5.16541e+110
1.13667e+111
1.23242e+111
2.75005e+110
-1.41819e+111
-3.83516e+111
-6.57616e+111
-9.2191e+111
-1.19043e+112
-1.52828e+112
-2.03742e+112
-2.87124e+112
-4.24923e+112
-6.54485e+112
-1.03026e+113
-1.6644e+113
-2.71641e+113
-4.69108e+113
-8.58528e+113
-2.64358e+114
6.82629e+114
6.97335e+115
2.49604e+116
4.77322e+116
1.03888e+111
1.17496e+111
5.22587e+111
1.81375e+112
3.17866e+112
4.30024e+112
5.22334e+112
5.77869e+112
5.52771e+112
5.89709e+112
5.71514e+112
5.57259e+112
5.07929e+112
3.7815e+112
2.88995e+112
2.74966e+112
4.88048e+112
5.70367e+112
2.99057e+112
-1.29285e+112
-3.93478e+112
-3.68969e+112
-1.62821e+112
1.95505e+112
8.44731e+112
6.18036e+112
3.54538e+112
4.1809e+112
4.90384e+112
7.61011e+112
1.13007e+113
1.12639e+113
5.90951e+112
6.44849e+111
-6.46475e+111
-1.1911e+112
-2.88224e+112
-4.90612e+112
-5.11087e+112
-2.46325e+112
-9.70619e+111
7.06278e+111
3.24034e+112
2.25699e+112
6.3468e+110
-1.8932e+112
-3.66361e+112
-5.78053e+112
-6.25629e+112
-5.46013e+112
-3.69893e+112
-2.47272e+112
-1.35621e+112
-4.81434e+111
-2.46315e+111
4.98291e+110
4.4385e+110
9.46173e+110
1.0541e+110
-1.56901e+111
-4.05318e+111
-6.8664e+111
-9.49632e+111
-1.20908e+112
-1.53543e+112
-2.03624e+112
-2.87006e+112
-4.26253e+112
-6.59398e+112
-1.04213e+113
-1.68406e+113
-2.76078e+113
-4.54733e+113
-1.00192e+114
-2.55996e+114
1.17014e+115
8.61643e+115
2.66448e+116
4.61052e+116
1.0969e+111
1.15035e+111
5.2584e+111
1.86982e+112
3.27299e+112
4.36162e+112
5.25835e+112
5.79053e+112
5.75051e+112
6.17287e+112
5.96126e+112
5.72276e+112
5.1575e+112
3.89824e+112
2.98474e+112
2.80819e+112
4.83557e+112
5.47685e+112
2.77104e+112
-1.55808e+112
-4.0652e+112
-3.59881e+112
-1.65718e+112
2.26469e+112
8.8847e+112
6.84021e+112
4.01708e+112
4.64603e+112
5.5165e+112
8.1767e+112
1.19642e+113
1.20639e+113
6.16114e+112
7.53567e+111
-6.70529e+111
-1.36333e+112
-3.16844e+112
-5.23033e+112
-5.47586e+112
-2.74428e+112
-1.20991e+112
7.51222e+111
3.37345e+112
1.83946e+112
-5.32088e+110
-2.21816e+112
-3.88384e+112
-6.05734e+112
-6.61324e+112
-5.82316e+112
-3.87235e+112
-2.53381e+112
-1.38014e+112
-4.76829e+111
-3.16781e+111
4.60275e+110
-4.90701e+110
5.24336e+110
-1.28258e+110
-1.7564e+111
-4.30807e+111
-7.1955e+111
-9.79753e+111
-1.22753e+112
-1.53964e+112
-2.02962e+112
-2.86104e+112
-4.26552e+112
-6.62862e+112
-1.05204e+113
-1.69794e+113
-2.80942e+113
-4.2875e+113
-1.21809e+114
-2.11503e+114
1.78911e+115
1.03903e+116
2.82189e+116
4.45464e+116
1.17582e+111
1.14199e+111
5.25225e+111
1.91249e+112
3.35603e+112
4.40946e+112
5.26422e+112
5.79759e+112
5.98496e+112
6.43299e+112
6.19799e+112
5.88171e+112
5.27414e+112
4.04436e+112
3.09369e+112
2.86859e+112
4.71894e+112
5.24287e+112
2.54223e+112
-1.81511e+112
-4.1902e+112
-3.56017e+112
-1.76692e+112
2.532e+112
9.16595e+112
7.46293e+112
4.50158e+112
5.12069e+112
6.19133e+112
8.8e+112
1.25493e+113
1.27703e+113
6.38991e+112
8.60507e+111
-7.00453e+111
-1.55692e+112
-3.47268e+112
-5.42907e+112
-5.81469e+112
-3.05945e+112
-1.46941e+112
7.39507e+111
3.40211e+112
1.46572e+112
-1.58431e+111
-2.52063e+112
-4.07729e+112
-6.32651e+112
-6.94022e+112
-6.1562e+112
-4.09604e+112
-2.61142e+112
-1.4179e+112
-5.26678e+111
-4.18498e+111
1.61206e+110
-1.65045e+111
-9.28991e+109
-4.39976e+110
-1.9817e+111
-4.60145e+111
-7.56498e+111
-1.01201e+112
-1.24506e+112
-1.53986e+112
-2.01629e+112
-2.84274e+112
-4.2567e+112
-6.64724e+112
-1.05994e+113
-1.70614e+113
-2.86444e+113
-4.01664e+113
-1.47999e+114
-1.16725e+114
2.54859e+115
1.2292e+116
2.97911e+116
4.30793e+116
1.27658e+111
1.15075e+111
5.21047e+111
1.94371e+112
3.42971e+112
4.44679e+112
5.24825e+112
5.80765e+112
6.2242e+112
6.68217e+112
6.43039e+112
6.05145e+112
5.4209e+112
4.21101e+112
3.20307e+112
2.92372e+112
4.5686e+112
4.97725e+112
2.28904e+112
-2.06094e+112
-4.32824e+112
-3.5704e+112
-1.88915e+112
2.74062e+112
9.28338e+112
7.97277e+112
4.97702e+112
5.62613e+112
6.94284e+112
9.46284e+112
1.30039e+113
1.34178e+113
6.58273e+112
9.66164e+111
-7.3901e+111
-1.79283e+112
-3.84349e+112
-5.55157e+112
-6.11866e+112
-3.38737e+112
-1.72961e+112
6.50765e+111
3.32049e+112
1.13931e+112
-2.98637e+111
-2.78813e+112
-4.246e+112
-6.5609e+112
-7.18951e+112
-6.49847e+112
-4.43269e+112
-2.74817e+112
-1.45142e+112
-6.91119e+111
-5.38291e+111
-8.90094e+110
-3.25385e+111
-1.07632e+111
-8.67388e+110
-2.25761e+111
-4.94657e+111
-7.98957e+111
-1.0476e+112
-1.2625e+112
-1.53673e+112
-1.99693e+112
-2.81594e+112
-4.23712e+112
-6.6513e+112
-1.06611e+113
-1.70995e+113
-2.91709e+113
-3.90225e+113
-1.73024e+114
4.35711e+113
3.45572e+115
1.4317e+116
3.14489e+116
4.18568e+116
1.39852e+111
1.17317e+111
5.13337e+111
1.96469e+112
3.49494e+112
4.47844e+112
5.22297e+112
5.82716e+112
6.45798e+112
6.92516e+112
6.66381e+112
6.23529e+112
5.59316e+112
4.39085e+112
3.30344e+112
2.95314e+112
4.37165e+112
4.62954e+112
1.98306e+112
-2.30908e+112
-4.46026e+112
-3.61625e+112
-1.96449e+112
2.89151e+112
9.27228e+112
8.40149e+112
5.48133e+112
6.17684e+112
7.75371e+112
1.01417e+113
1.33847e+113
1.40135e+113
6.7307e+112
1.07596e+112
-7.84162e+111
-2.15556e+112
-4.39031e+112
-5.67276e+112
-6.30636e+112
-3.68016e+112
-1.97876e+112
4.91515e+111
3.1707e+112
8.77937e+111
-4.85568e+111
-3.026e+112
-4.42961e+112
-6.78685e+112
-7.36567e+112
-6.86545e+112
-4.88311e+112
-2.96567e+112
-1.46334e+112
-1.00366e+112
-6.72143e+111
-3.10124e+111
-5.32794e+111
-2.67062e+111
-1.47046e+111
-2.58851e+111
-5.34587e+111
-8.47274e+111
-1.08633e+112
-1.27904e+112
-1.52909e+112
-1.97015e+112
-2.77913e+112
-4.20528e+112
-6.6396e+112
-1.07035e+113
-1.71136e+113
-2.94157e+113
-4.07985e+113
-1.89972e+114
2.84751e+114
4.51515e+115
1.64293e+116
3.31418e+116
4.10836e+116
1.538e+111
1.20427e+111
5.02007e+111
1.97594e+112
3.55189e+112
4.5087e+112
5.19762e+112
5.85725e+112
6.67943e+112
7.16685e+112
6.90418e+112
6.43887e+112
5.7897e+112
4.57068e+112
3.39035e+112
2.95502e+112
4.11464e+112
4.17993e+112
1.60297e+112
-2.57561e+112
-4.56464e+112
-3.68725e+112
-2.00301e+112
2.99586e+112
9.20418e+112
8.78976e+112
6.04464e+112
6.77872e+112
8.58564e+112
1.08117e+113
1.37258e+113
1.4517e+113
6.83497e+112
1.17607e+112
-8.61321e+111
-2.61667e+112
-5.12109e+112
-5.7933e+112
-6.37035e+112
-3.97149e+112
-2.23574e+112
2.69246e+111
2.96692e+112
7.22814e+111
-7.34822e+111
-3.24375e+112
-4.68984e+112
-7.03118e+112
-7.53808e+112
-7.2927e+112
-5.40448e+112
-3.25627e+112
-1.51123e+112
-1.39161e+112
-8.56506e+111
-6.53314e+111
-8.08382e+111
-5.15418e+111
-2.34407e+111
-2.98678e+111
-5.81448e+111
-9.03386e+111
-1.12959e+112
-1.29551e+112
-1.51754e+112
-1.93665e+112
-2.73317e+112
-4.16231e+112
-6.61412e+112
-1.0727e+113
-1.71378e+113
-2.91166e+113
-4.72043e+113
-1.90585e+114
6.21218e+114
5.72778e+115
1.85736e+116
3.47308e+116
4.07702e+116
1.69057e+111
1.2391e+111
4.87078e+111
1.97783e+112
3.60102e+112
4.53989e+112
5.1773e+112
5.89634e+112
6.88802e+112
7.41215e+112
7.15619e+112
6.66266e+112
6.00391e+112
4.74255e+112
3.46864e+112
2.94103e+112
3.82365e+112
3.6999e+112
1.17451e+112
-2.86365e+112
-4.65935e+112
-3.79149e+112
-2.03413e+112
3.08033e+112
9.07288e+112
9.15411e+112
6.67857e+112
7.43706e+112
9.419e+112
1.15135e+113
1.4084e+113
1.47999e+113
6.89196e+112
1.25056e+112
-1.01001e+112
-3.13928e+112
-5.804e+112
-5.93145e+112
-6.40587e+112
-4.32492e+112
-2.5812e+112
-2.15381e+110
2.68568e+112
6.86748e+111
-1.10627e+112
-3.45188e+112
-5.06038e+112
-7.31264e+112
-7.74257e+112
-7.82157e+112
-5.97931e+112
-3.63201e+112
-1.7345e+112
-1.76596e+112
-1.06762e+112
-1.12478e+112
-1.18425e+112
-8.55098e+111
-3.58462e+111
-3.44002e+111
-6.3569e+111
-9.68135e+111
-1.17728e+112
-1.31102e+112
-1.5008e+112
-1.89499e+112
-2.67657e+112
-4.10673e+112
-6.57416e+112
-1.07273e+113
-1.7211e+113
-2.80771e+113
-6.05654e+113
-1.63477e+114
1.06667e+115
7.08896e+115
2.07025e+116
3.61927e+116
4.09494e+116
1.85265e+111
1.27289e+111
4.68828e+111
1.97066e+112
3.64312e+112
4.57212e+112
5.16306e+112
5.94306e+112
7.08755e+112
7.66468e+112
7.42153e+112
6.90212e+112
6.22632e+112
4.90753e+112
3.54654e+112
2.92061e+112
3.52139e+112
3.20597e+112
7.22884e+111
-3.16375e+112
-4.77618e+112
-3.92282e+112
-2.05393e+112
3.14975e+112
8.87149e+112
9.48105e+112
7.37927e+112
8.16655e+112
1.02654e+113
1.23303e+113
1.44793e+113
1.47445e+113
6.89342e+112
1.32572e+112
-1.24744e+112
-3.69649e+112
-6.29889e+112
-6.10859e+112
-6.48839e+112
-4.72547e+112
-3.01041e+112
-3.25089e+111
2.25232e+112
7.43377e+111
-1.56387e+112
-3.61385e+112
-5.46724e+112
-7.61053e+112
-7.97514e+112
-8.42013e+112
-6.52845e+112
-4.06047e+112
-2.16574e+112
-2.08477e+112
-1.26746e+112
-1.679e+112
-1.52643e+112
-1.18463e+112
-5.09316e+111
-3.91694e+111
-6.98972e+111
-1.04407e+112
-1.23097e+112
-1.32638e+112
-1.47947e+112
-1.84589e+112
-2.61026e+112
-4.03975e+112
-6.5221e+112
-1.07052e+113
-1.73648e+113
-2.67552e+113
-8.04734e+113
-9.53595e+113
1.63386e+115
8.58955e+115
2.2784e+116
3.75138e+116
4.13666e+116
2.02099e+111
1.30147e+111
4.47795e+111
1.95434e+112
3.67847e+112
4.60455e+112
5.15392e+112
5.99567e+112
7.28201e+112
7.92575e+112
7.69946e+112
7.15305e+112
6.45194e+112
5.06964e+112
3.62983e+112
2.89705e+112
3.22193e+112
2.70537e+112
2.51801e+111
-3.4543e+112
-4.93108e+112
-4.04808e+112
-1.99309e+112
3.20159e+112
8.68309e+112
9.7268e+112
8.08552e+112
8.95998e+112
1.11149e+113
1.31975e+113
1.48684e+113
1.45529e+113
6.86119e+112
1.41913e+112
-1.52783e+112
-4.22263e+112
-6.6377e+112
-6.31557e+112
-6.61776e+112
-5.09256e+112
-3.38234e+112
-5.63827e+111
1.74386e+112
8.76988e+111
-1.93852e+112
-3.70669e+112
-5.82713e+112
-7.90277e+112
-8.21181e+112
-8.95917e+112
-7.00474e+112
-4.51786e+112
-2.71605e+112
-2.34616e+112
-1.56387e+112
-2.24158e+112
-1.8403e+112
-1.44785e+112
-6.62748e+111
-4.36518e+111
-7.71325e+111
-1.13259e+112
-1.2907e+112
-1.34056e+112
-1.45208e+112
-1.78786e+112
-2.53275e+112
-3.95993e+112
-6.45715e+112
-1.06621e+113
-1.75557e+113
-2.63489e+113
-1.01944e+114
2.81934e+113
2.33418e+115
1.02173e+116
2.47959e+116
3.86902e+116
4.19267e+116
2.19225e+111
1.32072e+111
4.24699e+111
1.92843e+112
3.70684e+112
4.63644e+112
5.14945e+112
6.052e+112
7.47212e+112
8.19475e+112
7.98834e+112
7.4123e+112
6.68108e+112
5.23648e+112
3.72382e+112
2.87491e+112
2.92516e+112
2.20826e+112
-2.24078e+111
-3.72306e+112
-5.10993e+112
-4.15844e+112
-1.89511e+112
3.20637e+112
8.46031e+112
9.93315e+112
8.78326e+112
9.77512e+112
1.19473e+113
1.40598e+113
1.52324e+113
1.43644e+113
6.81313e+112
1.5177e+112
-1.77558e+112
-4.66837e+112
-6.89239e+112
-6.54822e+112
-6.76937e+112
-5.37182e+112
-3.64602e+112
-7.69943e+111
1.21984e+112
1.08593e+112
-2.19143e+112
-3.78261e+112
-6.11587e+112
-8.19283e+112
-8.45143e+112
-9.38097e+112
-7.34439e+112
-5.07421e+112
-3.33193e+112
-2.58449e+112
-2.0156e+112
-2.65479e+112
-2.16436e+112
-1.65908e+112
-8.02582e+111
-4.7925e+111
-8.54416e+111
-1.23694e+112
-1.35819e+112
-1.35429e+112
-1.41916e+112
-1.72163e+112
-2.44505e+112
-3.86861e+112
-6.38073e+112
-1.06112e+113
-1.76143e+113
-2.78597e+113
-1.17187e+114
2.22097e+114
3.17669e+115
1.19573e+116
2.67194e+116
3.97001e+116
4.25381e+116
2.36348e+111
1.32617e+111
4.00286e+111
1.89188e+112
3.72653e+112
4.6675e+112
5.1499e+112
6.1105e+112
7.65728e+112
8.47006e+112
8.28647e+112
7.67816e+112
6.91616e+112
5.4181e+112
3.83148e+112
2.85559e+112
2.628e+112
1.71487e+112
-6.94806e+111
-3.9729e+112
-5.29451e+112
-4.26849e+112
-1.83639e+112
3.15035e+112
8.23424e+112
1.01147e+113
9.48752e+112
1.06018e+113
1.27487e+113
1.48997e+113
1.56085e+113
1.4178e+113
6.75197e+112
1.61184e+112
-1.97292e+112
-5.03649e+112
-7.09599e+112
-6.79908e+112
-6.94227e+112
-5.58764e+112
-3.8914e+112
-1.04919e+112
6.44054e+111
1.31294e+112
-2.34605e+112
-3.89321e+112
-6.37932e+112
-8.48427e+112
-8.73322e+112
-9.76219e+112
-7.70163e+112
-5.66468e+112
-3.94934e+112
-2.83577e+112
-2.5284e+112
-2.83583e+112
-2.4499e+112
-1.83534e+112
-9.29979e+111
-5.30426e+111
-9.49987e+111
-1.3594e+112
-1.43348e+112
-1.36636e+112
-1.37911e+112
-1.64571e+112
-2.34573e+112
-3.76462e+112
-6.2906e+112
-1.05688e+113
-1.73978e+113
-3.26796e+113
-1.16313e+114
5.00663e+114
4.16763e+115
1.3793e+116
2.85431e+116
4.05233e+116
4.30462e+116
2.5267e+111
1.31316e+111
3.75321e+111
1.843e+112
3.73287e+112
4.69794e+112
5.15609e+112
6.17036e+112
7.83773e+112
8.74989e+112
8.5925e+112
7.95058e+112
7.1595e+112
5.6202e+112
3.95297e+112
2.83684e+112
2.33215e+112
1.22558e+112
-1.15607e+112
-4.20675e+112
-5.47196e+112
-4.38311e+112
-1.78149e+112
3.08898e+112
8.1004e+112
1.03207e+113
1.02105e+113
1.14381e+113
1.35132e+113
1.56872e+113
1.60103e+113
1.39679e+113
6.69153e+112
1.69161e+112
-2.13072e+112
-5.34763e+112
-7.27927e+112
-7.06311e+112
-7.14524e+112
-5.79646e+112
-4.16837e+112
-1.38673e+112
3.38144e+111
1.45245e+112
-2.38937e+112
-4.00942e+112
-6.64526e+112
-8.76432e+112
-9.08368e+112
-1.01418e+113
-8.14089e+112
-6.192e+112
-4.55469e+112
-3.14409e+112
-3.00345e+112
-2.86074e+112
-2.74356e+112
-2.03545e+112
-1.06399e+112
-5.99253e+111
-1.06164e+112
-1.50391e+112
-1.51835e+112
-1.37735e+112
-1.33238e+112
-1.5609e+112
-2.23589e+112
-3.64956e+112
-6.18702e+112
-1.05591e+113
-1.68174e+113
-4.27199e+113
-8.68608e+113
8.7806e+114
5.30959e+115
1.57058e+116
3.02599e+116
4.11644e+116
4.3412e+116
2.66988e+111
1.27141e+111
3.50319e+111
1.78053e+112
3.72069e+112
4.72783e+112
5.16903e+112
6.2312e+112
8.0131e+112
9.0314e+112
8.90565e+112
8.23063e+112
7.41345e+112
5.8425e+112
4.08802e+112
2.81851e+112
2.04276e+112
7.40405e+111
-1.60247e+112
-4.42394e+112
-5.63495e+112
-4.49786e+112
-1.69427e+112
3.07374e+112
8.05023e+112
1.05565e+113
1.0954e+113
1.22873e+113
1.42417e+113
1.63998e+113
1.6435e+113
1.37224e+113
6.6493e+112
1.75759e+112
-2.25541e+112
-5.60393e+112
-7.44893e+112
-7.35145e+112
-7.38396e+112
-6.00714e+112
-4.46096e+112
-1.6419e+112
5.46314e+111
1.49341e+112
-2.3532e+112
-4.10536e+112
-6.88969e+112
-9.02232e+112
-9.48002e+112
-1.05117e+113
-8.60357e+112
-6.69223e+112
-5.05842e+112
-3.4661e+112
-3.34368e+112
-2.81468e+112
-3.04918e+112
-2.2629e+112
-1.24887e+112
-6.89236e+111
-1.19256e+112
-1.67163e+112
-1.61255e+112
-1.38574e+112
-1.27721e+112
-1.46575e+112
-2.1142e+112
-3.52251e+112
-6.06854e+112
-1.05848e+113
-1.643e+113
-5.65564e+113
-1.56644e+113
1.36843e+115
6.60159e+115
1.7676e+116
3.18649e+116
4.16233e+116
4.35964e+116
2.79314e+111
1.18219e+111
3.2601e+111
1.70394e+112
3.68656e+112
4.75533e+112
5.18964e+112
6.29261e+112
8.18178e+112
9.31028e+112
9.22513e+112
8.5194e+112
7.68062e+112
6.0848e+112
4.23773e+112
2.80158e+112
1.7644e+112
2.60103e+111
-2.02656e+112
-4.62041e+112
-5.77843e+112
-4.60942e+112
-1.57816e+112
3.12095e+112
8.06398e+112
1.08132e+113
1.17041e+113
1.31445e+113
1.49403e+113
1.7042e+113
1.6873e+113
1.34509e+113
6.62544e+112
1.82142e+112
-2.34055e+112
-5.80967e+112
-7.60322e+112
-7.6657e+112
-7.64784e+112
-6.2162e+112
-4.72004e+112
-1.8039e+112
9.14471e+111
1.47761e+112
-2.267e+112
-4.18485e+112
-7.11185e+112
-9.24689e+112
-9.89832e+112
-1.08716e+113
-9.07432e+112
-7.19221e+112
-5.38629e+112
-3.75052e+112
-3.56599e+112
-2.7405e+112
-3.21827e+112
-2.45648e+112
-1.57828e+112
-8.784e+111
-1.38238e+112
-1.86498e+112
-1.71707e+112
-1.39177e+112
-1.21397e+112
-1.36117e+112
-1.98192e+112
-3.38483e+112
-5.94119e+112
-1.05725e+113
-1.70083e+113
-6.86613e+113
1.11083e+114
1.985e+115
8.03852e+115
1.96825e+116
3.33638e+116
4.19257e+116
4.35819e+116
2.91154e+111
1.02168e+111
3.03796e+111
1.61335e+112
3.62803e+112
4.77652e+112
5.21872e+112
6.35412e+112
8.342e+112
9.58497e+112
9.55043e+112
8.81757e+112
7.96297e+112
6.34869e+112
4.40398e+112
2.78793e+112
1.50368e+112
-2.05648e+111
-2.42419e+112
-4.78908e+112
-5.89448e+112
-4.7117e+112
-1.4561e+112
3.22723e+112
8.13012e+112
1.10904e+113
1.24473e+113
1.39988e+113
1.56166e+113
1.76255e+113
1.73131e+113
1.31835e+113
6.61676e+112
1.88663e+112
-2.3904e+112
-5.97987e+112
-7.74028e+112
-7.98853e+112
-7.90628e+112
-6.44626e+112
-4.90978e+112
-1.83386e+112
1.16739e+112
1.46116e+112
-2.1505e+112
-4.24562e+112
-7.31229e+112
-9.4302e+112
-1.03181e+113
-1.12369e+113
-9.55405e+112
-7.66003e+112
-5.599e+112
-3.99381e+112
-3.61433e+112
-2.63686e+112
-3.22168e+112
-2.62988e+112
-1.94744e+112
-1.2247e+112
-1.66374e+112
-2.08533e+112
-1.83063e+112
-1.39361e+112
-1.14083e+112
-1.24586e+112
-1.83799e+112
-3.23518e+112
-5.81239e+112
-1.04356e+113
-1.95979e+113
-7.03061e+113
3.07509e+114
2.73939e+115
9.61144e+115
2.17036e+116
3.47666e+116
4.21178e+116
4.34258e+116
3.04852e+111
7.58265e+110
2.84959e+111
1.50971e+112
3.54335e+112
4.78823e+112
5.25701e+112
6.41515e+112
8.49138e+112
9.85667e+112
9.8822e+112
9.12509e+112
8.26077e+112
6.63553e+112
4.58906e+112
2.78164e+112
1.26884e+112
-6.41932e+111
-2.79509e+112
-4.92742e+112
-5.97594e+112
-4.79596e+112
-1.33324e+112
3.38721e+112
8.23935e+112
1.13823e+113
1.31714e+113
1.48387e+113
1.62843e+113
1.81707e+113
1.77309e+113
1.29555e+113
6.62575e+112
1.95656e+112
-2.40966e+112
-6.12311e+112
-7.86265e+112
-8.3049e+112
-8.15032e+112
-6.69008e+112
-5.04186e+112
-1.80578e+112
1.34314e+112
1.49827e+112
-2.00987e+112
-4.29153e+112
-7.47656e+112
-9.58472e+112
-1.07292e+113
-1.16176e+113
-1.00343e+113
-8.05665e+112
-5.75875e+112
-4.18185e+112
-3.52142e+112
-2.4403e+112
-3.10826e+112
-2.80696e+112
-2.27046e+112
-1.71481e+112
-2.09793e+112
-2.34593e+112
-1.95427e+112
-1.39125e+112
-1.05815e+112
-1.12098e+112
-1.68399e+112
-3.07438e+112
-5.69707e+112
-1.00929e+113
-2.55873e+113
-5.01566e+113
5.88404e+114
3.64054e+115
1.13076e+116
2.37156e+116
3.60949e+116
4.2271e+116
4.31781e+116
3.23966e+111
3.51857e+110
2.71321e+111
1.39518e+112
3.43153e+112
4.78769e+112
5.30471e+112
6.47484e+112
8.62597e+112
1.01226e+113
1.02197e+113
9.4417e+112
8.57275e+112
6.94624e+112
4.79444e+112
2.78818e+112
1.0645e+112
-1.03717e+112
-3.13586e+112
-5.03994e+112
-6.01796e+112
-4.85474e+112
-1.19966e+112
3.59605e+112
8.38048e+112
1.1679e+113
1.38656e+113
1.56575e+113
1.6962e+113
1.87066e+113
1.80947e+113
1.2794e+113
6.65365e+112
2.03393e+112
-2.39575e+112
-6.24625e+112
-7.97806e+112
-8.60902e+112
-8.40255e+112
-6.8985e+112
-5.11439e+112
-1.76909e+112
1.48984e+112
1.58051e+112
-1.81494e+112
-4.30845e+112
-7.60812e+112
-9.7381e+112
-1.11366e+113
-1.20095e+113
-1.05027e+113
-8.34565e+112
-5.84267e+112
-4.3113e+112
-3.29693e+112
-2.16076e+112
-2.93982e+112
-2.98887e+112
-2.67195e+112
-2.50942e+112
-2.78972e+112
-2.66574e+112
-2.08741e+112
-1.38261e+112
-9.64188e+111
-9.85521e+111
-1.51927e+112
-2.90163e+112
-5.59403e+112
-9.92616e+112
-3.42254e+113
4.73541e+112
9.6931e+114
4.69428e+115
1.31102e+116
2.56922e+116
3.7383e+116
4.25305e+116
4.28442e+116
3.53293e+111
-2.52712e+110
2.64271e+111
1.27316e+112
3.29216e+112
4.76731e+112
5.36234e+112
6.53263e+112
8.74016e+112
1.03727e+113
1.05585e+113
9.76697e+112
8.8971e+112
7.28237e+112
5.02192e+112
2.81393e+112
8.8891e+111
-1.38605e+112
-3.44087e+112
-5.12979e+112
-6.02096e+112
-4.88315e+112
-1.05497e+112
3.84336e+112
8.54546e+112
1.1972e+113
1.45251e+113
1.64557e+113
1.76502e+113
1.92554e+113
1.84178e+113
1.27178e+113
6.7023e+112
2.12022e+112
-2.36008e+112
-6.35741e+112
-8.09358e+112
-8.89506e+112
-8.66367e+112
-7.04243e+112
-5.12881e+112
-1.70077e+112
1.651e+112
1.68964e+112
-1.53974e+112
-4.2736e+112
-7.71262e+112
-9.89411e+112
-1.15348e+113
-1.23984e+113
-1.09399e+113
-8.52287e+112
-5.86247e+112
-4.27158e+112
-2.70914e+112
-1.87896e+112
-2.75949e+112
-3.07535e+112
-3.22661e+112
-3.65078e+112
-3.75313e+112
-3.06416e+112
-2.22985e+112
-1.36758e+112
-8.59489e+111
-8.41011e+111
-1.34547e+112
-2.72223e+112
-5.45115e+112
-1.04171e+113
-4.08926e+113
1.08142e+114
1.46572e+115
5.9025e+115
1.50001e+116
2.76078e+116
3.85932e+116
4.2847e+116
4.24481e+116
3.98589e+111
-1.12313e+111
2.59461e+111
1.14649e+112
3.12659e+112
4.71308e+112
5.42578e+112
6.59009e+112
8.82939e+112
1.05924e+113
1.08909e+113
1.01008e+113
9.23133e+112
7.64421e+112
5.27726e+112
2.86811e+112
7.42149e+111
-1.68483e+112
-3.70891e+112
-5.19769e+112
-5.99265e+112
-4.87945e+112
-9.06683e+111
4.10907e+112
8.72875e+112
1.22561e+113
1.51487e+113
1.72362e+113
1.83382e+113
1.98189e+113
1.87404e+113
1.27371e+113
6.7761e+112
2.2188e+112
-2.31689e+112
-6.46416e+112
-8.21246e+112
-9.15671e+112
-8.91621e+112
-7.12229e+112
-5.0884e+112
-1.58656e+112
1.84502e+112
1.83912e+112
-1.20305e+112
-4.18866e+112
-7.78822e+112
-1.00372e+113
-1.19081e+113
-1.27747e+113
-1.13391e+113
-8.63357e+112
-5.8938e+112
-4.1118e+112
-2.01013e+112
-1.62286e+112
-2.55276e+112
-3.01603e+112
-3.6855e+112
-4.65639e+112
-4.75599e+112
-3.54834e+112
-2.37872e+112
-1.34391e+112
-7.4259e+111
-6.87072e+111
-1.16212e+112
-2.54144e+112
-5.23685e+112
-1.22737e+113
-3.72416e+113
2.74447e+114
2.09222e+115
7.26329e+115
1.69568e+116
2.94345e+116
3.9642e+116
4.31161e+116
4.21061e+116
4.67657e+111
-2.31293e+111
2.47907e+111
1.01715e+112
2.93958e+112
4.61494e+112
5.48234e+112
6.64751e+112
8.89282e+112
1.07704e+113
1.1206e+113
1.04424e+113
9.57113e+112
8.02385e+112
5.56607e+112
2.96226e+112
6.33098e+111
-1.92704e+112
-3.93983e+112
-5.24669e+112
-5.94059e+112
-4.84552e+112
-7.63417e+111
4.37315e+112
8.92507e+112
1.25287e+113
1.57344e+113
1.80014e+113
1.90199e+113
2.03852e+113
1.9089e+113
1.28548e+113
6.88163e+112
2.335e+112
-2.26826e+112
-6.57184e+112
-8.33621e+112
-9.38947e+112
-9.15326e+112
-7.15198e+112
-4.99159e+112
-1.41857e+112
2.07055e+112
2.03577e+112
-8.39577e+111
-4.06116e+112
-7.8318e+112
-1.01591e+113
-1.2246e+113
-1.31313e+113
-1.17099e+113
-8.75192e+112
-5.94216e+112
-3.8764e+112
-1.4564e+112
-1.33217e+112
-2.2311e+112
-2.89882e+112
-4.08823e+112
-5.64191e+112
-5.72501e+112
-4.14439e+112
-2.53632e+112
-1.31106e+112
-6.14367e+111
-5.25964e+111
-9.70847e+111
-2.36863e+112
-5.0031e+112
-1.63832e+113
-1.16746e+113
5.19413e+114
2.86128e+115
8.77042e+115
1.89574e+116
3.11462e+116
4.04811e+116
4.32927e+116
4.18799e+116
5.70905e+111
-3.87338e+111
2.23245e+111
8.87913e+111
2.7401e+112
4.47159e+112
5.51663e+112
6.70483e+112
8.93252e+112
1.09029e+113
1.14936e+113
1.07909e+113
9.91297e+112
8.40802e+112
5.88699e+112
3.10771e+112
5.73051e+111
-2.10496e+112
-4.13043e+112
-5.2815e+112
-5.86701e+112
-4.78836e+112
-6.39502e+111
4.618e+112
9.1303e+112
1.27897e+113
1.62774e+113
1.87497e+113
1.96969e+113
2.09391e+113
1.94691e+113
1.30721e+113
7.02602e+112
2.47189e+112
-2.20946e+112
-6.68392e+112
-8.46418e+112
-9.59019e+112
-9.37618e+112
-7.14385e+112
-4.83895e+112
-1.21146e+112
2.32801e+112
2.27655e+112
-4.64016e+111
-3.89013e+112
-7.83918e+112
-1.02539e+113
-1.25391e+113
-1.34567e+113
-1.20508e+113
-8.90054e+112
-5.95924e+112
-3.60254e+112
-9.83804e+111
-9.56473e+111
-1.75284e+112
-2.7972e+112
-4.61431e+112
-6.64445e+112
-6.61817e+112
-4.79527e+112
-2.71113e+112
-1.26585e+112
-4.74236e+111
-3.58269e+111
-7.73117e+111
-2.187e+112
-5.01255e+112
-2.07652e+113
4.88812e+113
8.60185e+114
3.78263e+115
1.04135e+116
2.09774e+116
3.27249e+116
4.11043e+116
4.33588e+116
4.17732e+116
7.23323e+111
-5.87982e+111
1.84718e+111
7.57393e+111
2.5405e+112
4.287e+112
5.51019e+112
6.75876e+112
8.95276e+112
1.09871e+113
1.17426e+113
1.11442e+113
1.0256e+113
8.78957e+112
6.23611e+112
3.31277e+112
5.7138e+111
-2.21461e+112
-4.27946e+112
-5.31091e+112
-5.77577e+112
-4.71721e+112
-5.49505e+111
4.82041e+112
9.33855e+112
1.30393e+113
1.67687e+113
1.94656e+113
2.03676e+113
2.14706e+113
1.98751e+113
1.3389e+113
7.21635e+112
2.62967e+112
-2.13541e+112
-6.80218e+112
-8.59475e+112
-9.76073e+112
-9.58648e+112
-7.10455e+112
-4.63867e+112
-9.87419e+111
2.61004e+112
2.55768e+112
-6.85968e+110
-3.67424e+112
-7.80672e+112
-1.0319e+113
-1.27787e+113
-1.37388e+113
-1.23532e+113
-9.04669e+112
-5.9181e+112
-3.29146e+112
-5.47045e+111
-4.80735e+111
-1.15483e+112
-2.75531e+112
-5.26008e+112
-7.50859e+112
-7.50309e+112
-5.41872e+112
-2.95239e+112
-1.20908e+112
-3.24943e+111
-1.87337e+111
-5.74047e+111
-1.97429e+112
-5.72859e+112
-1.93189e+113
1.58561e+114
1.31414e+115
4.86221e+115
1.21778e+116
2.29918e+116
3.41629e+116
4.15338e+116
4.33154e+116
4.17714e+116
9.45307e+111
-8.49067e+111
1.41179e+111
6.14218e+111
2.35216e+112
4.07366e+112
5.44534e+112
6.79821e+112
8.95832e+112
1.10232e+113
1.19328e+113
1.14901e+113
1.06023e+113
9.16879e+112
6.61297e+112
3.58012e+112
6.33883e+111
-2.26031e+112
-4.39259e+112
-5.35088e+112
-5.67885e+112
-4.63089e+112
-5.01271e+111
4.96151e+112
9.54332e+112
1.32758e+113
1.71975e+113
2.01223e+113
2.10225e+113
2.19762e+113
2.03037e+113
1.38046e+113
7.45904e+112
2.80776e+112
-2.04432e+112
-6.91689e+112
-8.72795e+112
-9.90907e+112
-9.77851e+112
-7.04332e+112
-4.41134e+112
-7.5867e+111
2.90554e+112
2.87309e+112
3.59006e+111
-3.40767e+112
-7.73063e+112
-1.03587e+113
-1.29587e+113
-1.39674e+113
-1.26093e+113
-9.16482e+112
-5.81378e+112
-2.93904e+112
-9.89037e+110
9.60674e+110
-4.74698e+111
-2.77778e+112
-5.94807e+112
-8.13237e+112
-8.48063e+112
-6.09581e+112
-3.32832e+112
-1.14154e+112
-1.67823e+111
-1.50172e+110
-3.82114e+111
-1.73818e+112
-7.66672e+112
-2.21468e+112
3.33428e+114
1.89792e+115
6.10194e+115
1.40449e+116
2.49762e+116
3.54618e+116
4.18087e+116
4.31819e+116
4.18377e+116
1.26383e+112
-1.2038e+112
1.13555e+111
4.49816e+111
2.17695e+112
3.85315e+112
5.32051e+112
6.80229e+112
8.95377e+112
1.10217e+113
1.20534e+113
1.18081e+113
1.09536e+113
9.54545e+112
7.01298e+112
3.90582e+112
7.67737e+111
-2.2506e+112
-4.4776e+112
-5.41447e+112
-5.60381e+112
-4.53441e+112
-4.95645e+111
5.03238e+112
9.73278e+112
1.34948e+113
1.75521e+113
2.06977e+113
2.16547e+113
2.2455e+113
2.0752e+113
1.43144e+113
7.76225e+112
3.00716e+112
-1.9363e+112
-7.01126e+112
-8.86441e+112
-1.00383e+113
-9.94637e+112
-6.97138e+112
-4.17674e+112
-5.33359e+111
3.20167e+112
3.21282e+112
8.20633e+111
-3.08097e+112
-7.60359e+112
-1.03759e+113
-1.30752e+113
-1.41334e+113
-1.28131e+113
-9.24496e+112
-5.64973e+112
-2.53783e+112
4.03292e+111
7.62456e+111
2.51329e+111
-2.825e+112
-6.49883e+112
-8.57284e+112
-9.53185e+112
-6.93272e+112
-3.70625e+112
-1.06677e+112
-9.36195e+109
1.52911e+111
-1.90854e+111
-1.6201e+112
-9.45275e+112
4.31754e+113
5.91494e+114
2.62609e+115
7.49905e+115
1.59932e+116
2.6907e+116
3.66312e+116
4.19799e+116
4.29882e+116
4.19441e+116
1.70988e+112
-1.692e+112
1.3118e+111
2.831e+111
2.00027e+112
3.64328e+112
5.15702e+112
6.7446e+112
8.93041e+112
1.1002e+113
1.21136e+113
1.20768e+113
1.1308e+113
9.92095e+112
7.42294e+112
4.27815e+112
9.806e+111
-2.18421e+112
-4.53356e+112
-5.50402e+112
-5.57917e+112
-4.44982e+112
-5.38809e+111
5.01376e+112
9.8826e+112
1.3696e+113
1.7824e+113
2.11744e+113
2.22558e+113
2.29093e+113
2.1213e+113
1.49066e+113
8.13417e+112
3.2287e+112
-1.81053e+112
-7.07492e+112
-9.0059e+112
-1.01458e+113
-1.00907e+113
-6.90357e+112
-3.94099e+112
-3.18419e+111
3.48236e+112
3.56753e+112
1.31199e+112
-2.68697e+112
-7.41566e+112
-1.03674e+113
-1.31317e+113
-1.42271e+113
-1.29575e+113
-9.28314e+112
-5.4302e+112
-2.0771e+112
9.79677e+111
1.50005e+112
1.00648e+112
-2.82238e+112
-6.8207e+112
-9.06406e+112
-1.05863e+113
-7.7311e+112
-3.92489e+112
-1.01049e+112
1.4482e+111
3.10401e+111
3.63565e+109
-1.83078e+112
-5.70015e+112
1.31363e+114
9.52083e+114
3.51034e+115
9.04636e+115
1.79985e+116
2.87629e+116
3.76852e+116
4.20955e+116
4.27734e+116
4.20538e+116
2.30588e+112
-2.32776e+112
2.04061e+111
1.58158e+111
1.82551e+112
3.43545e+112
4.9823e+112
6.62879e+112
8.86355e+112
1.0975e+113
1.21387e+113
1.22733e+113
1.1642e+113
1.02983e+113
7.83284e+112
4.68378e+112
1.27484e+112
-2.04908e+112
-4.55176e+112
-5.61359e+112
-5.62356e+112
-4.40247e+112
-6.31777e+111
4.88432e+112
9.95109e+112
1.38689e+113
1.80148e+113
2.15377e+113
2.28103e+113
2.33383e+113
2.16768e+113
1.55661e+113
8.5859e+112
3.47601e+112
-1.66767e+112
-7.1028e+112
-9.15345e+112
-1.02372e+113
-1.02158e+113
-6.86259e+112
-3.70611e+112
-1.21305e+111
3.72552e+112
3.93052e+112
1.82827e+112
-2.22233e+112
-7.15774e+112
-1.03236e+113
-1.31407e+113
-1.42432e+113
-1.30348e+113
-9.27764e+112
-5.15912e+112
-1.55212e+112
1.63183e+112
2.29056e+112
1.79913e+112
-2.71306e+112
-6.96415e+112
-9.60892e+112
-1.14167e+113
-8.40466e+112
-4.2409e+112
-9.47794e+111
2.82523e+111
4.40329e+111
1.82985e+111
-2.47551e+112
1.33045e+113
2.79417e+114
1.43446e+115
4.55846e+115
1.0732e+116
2.00352e+116
3.05229e+116
3.86382e+116
4.22256e+116
4.25847e+116
4.21317e+116
3.05067e+112
-3.08208e+112
3.16679e+111
1.17744e+111
1.70786e+112
3.24276e+112
4.81202e+112
6.50232e+112
8.75497e+112
1.09163e+113
1.2149e+113
1.24035e+113
1.19214e+113
1.06704e+113
8.24682e+112
5.10491e+112
1.63796e+112
-1.82766e+112
-4.51204e+112
-5.7217e+112
-5.73773e+112
-4.42194e+112
-7.72922e+111
4.64906e+112
9.89224e+112
1.39844e+113
1.81283e+113
2.17775e+113
2.32965e+113
2.37369e+113
2.2125e+113
1.62692e+113
9.13201e+112
3.76497e+112
-1.50644e+112
-7.08776e+112
-9.30593e+112
-1.0322e+113
-1.03256e+113
-6.87645e+112
-3.48686e+112
5.31449e+110
3.90775e+112
4.28889e+112
2.36399e+112
-1.68464e+112
-6.82164e+112
-1.02289e+113
-1.31057e+113
-1.41818e+113
-1.30392e+113
-9.22895e+112
-4.83994e+112
-9.69265e+111
2.35579e+112
3.12635e+112
2.63492e+112
-2.47008e+112
-6.96224e+112
-1.00707e+113
-1.1981e+113
-9.03544e+112
-4.51465e+112
-8.01051e+111
3.8992e+111
5.47874e+111
1.71326e+111
-1.19868e+112
6.06601e+113
5.07114e+114
2.05672e+115
5.77395e+115
1.25402e+116
2.20762e+116
3.21658e+116
3.95031e+116
4.24182e+116
4.23978e+116
4.2154e+116
3.87475e+112
-3.89549e+112
4.6571e+111
2.06568e+111
1.72106e+112
3.14715e+112
4.70002e+112
6.41927e+112
8.66345e+112
1.08406e+113
1.21489e+113
1.2508e+113
1.21377e+113
1.0995e+113
8.66108e+112
5.53548e+112
2.04992e+112
-1.51191e+112
-4.38353e+112
-5.78807e+112
-5.88458e+112
-4.53167e+112
-9.64004e+111
4.33323e+112
9.67689e+112
1.40027e+113
1.81706e+113
2.1896e+113
2.3681e+113
2.40996e+113
2.25451e+113
1.69723e+113
9.7731e+112
4.12359e+112
-1.31574e+112
-7.02419e+112
-9.46629e+112
-1.03991e+113
-1.04257e+113
-6.97048e+112
-3.3102e+112
2.02355e+111
4.01877e+112
4.61856e+112
2.90377e+112
-1.0769e+112
-6.39942e+112
-1.00677e+113
-1.30207e+113
-1.40509e+113
-1.29652e+113
-9.14116e+112
-4.48008e+112
-3.42097e+111
3.14956e+112
4.00845e+112
3.5174e+112
-2.08192e+112
-6.83205e+112
-1.03904e+113
-1.23343e+113
-9.36811e+112
-4.45313e+112
-7.42045e+111
4.58591e+111
6.57403e+111
-1.27906e+111
8.63186e+112
1.52552e+114
8.35958e+114
2.83442e+115
7.15541e+115
1.44511e+116
2.40952e+116
3.36768e+116
4.02449e+116
4.25673e+116
4.22103e+116
4.21521e+116
4.68487e+112
-4.71536e+112
6.01112e+111
3.89416e+111
1.86382e+112
3.19558e+112
4.71496e+112
6.44971e+112
8.67697e+112
1.083e+113
1.21777e+113
1.26218e+113
1.23388e+113
1.1286e+113
9.06419e+112
5.99014e+112
2.49768e+112
-1.12017e+112
-4.13637e+112
-5.7653e+112
-6.00495e+112
-4.70303e+112
-1.213e+112
3.97077e+112
9.32812e+112
1.38721e+113
1.81327e+113
2.19147e+113
2.39327e+113
2.44237e+113
2.29369e+113
1.76373e+113
1.04858e+113
4.57573e+112
-1.0761e+112
-6.90969e+112
-9.6441e+112
-1.04863e+113
-1.05207e+113
-7.16e+112
-3.19755e+112
3.23344e+111
4.06319e+112
4.90568e+112
3.42108e+112
-4.25615e+111
-5.89318e+112
-9.83123e+112
-1.28873e+113
-1.38751e+113
-1.28257e+113
-9.02497e+112
-4.08956e+112
3.09077e+111
4.00176e+112
4.94742e+112
4.47345e+112
-1.51577e+112
-6.58261e+112
-1.05455e+113
-1.2444e+113
-9.4233e+112
-4.16219e+112
-7.35256e+111
4.90039e+111
6.73312e+111
7.63509e+111
3.89331e+113
3.08811e+114
1.28802e+115
3.77975e+115
8.6967e+115
1.64422e+116
2.60682e+116
3.50427e+116
4.08159e+116
4.26146e+116
4.20703e+116
4.21354e+116
5.45531e+112
-5.4244e+112
7.46057e+111
6.42183e+111
2.08996e+112
3.33173e+112
4.80794e+112
6.54379e+112
8.74971e+112
1.0885e+113
1.22722e+113
1.27995e+113
1.26074e+113
1.16214e+113
9.49656e+112
6.49781e+112
3.01946e+112
-6.19995e+111
-3.73754e+112
-5.58034e+112
-6.01736e+112
-4.84619e+112
-1.49277e+112
3.57553e+112
8.90294e+112
1.35836e+113
1.79861e+113
2.18568e+113
2.40522e+113
2.46755e+113
2.32986e+113
1.8248e+113
1.1229e+113
5.12878e+112
-7.58496e+111
-6.73787e+112
-9.82324e+112
-1.06349e+113
-1.0628e+113
-7.44635e+112
-3.18108e+112
4.12391e+111
4.06036e+112
5.16098e+112
3.90376e+112
2.25661e+111
-5.32078e+112
-9.5172e+112
-1.2696e+113
-1.36884e+113
-1.26606e+113
-8.91012e+112
-3.68064e+112
9.639e+111
4.87576e+112
5.94754e+112
5.5292e+112
-7.19703e+111
-6.18903e+112
-1.05103e+113
-1.23094e+113
-9.21696e+112
-3.76986e+112
-6.3639e+111
6.97894e+111
8.42789e+111
8.75502e+112
1.05994e+114
5.52396e+114
1.8843e+115
4.90048e+115
1.03867e+116
1.84883e+116
2.79716e+116
3.62548e+116
4.12117e+116
4.25672e+116
4.19908e+116
4.21072e+116
6.15479e+112
-5.92996e+112
9.73336e+111
1.02517e+112
2.4592e+112
3.61097e+112
5.02009e+112
6.71643e+112
8.85775e+112
1.0941e+113
1.2349e+113
1.29573e+113
1.28707e+113
1.19845e+113
9.98668e+112
7.0988e+112
3.68369e+112
6.03932e+110
-3.12084e+112
-5.14017e+112
-5.79234e+112
-4.80151e+112
-1.65561e+112
3.22391e+112
8.47e+112
1.32147e+113
1.77212e+113
2.17111e+113
2.40641e+113
2.48066e+113
2.35918e+113
1.87926e+113
1.19456e+113
5.75587e+112
-3.32509e+111
-6.49709e+112
-9.95665e+112
-1.08681e+113
-1.07674e+113
-7.79319e+112
-3.31226e+112
4.51906e+111
4.02537e+112
5.38801e+112
4.36279e+112
8.58327e+111
-4.69098e+112
-9.13242e+112
-1.24443e+113
-1.35092e+113
-1.24856e+113
-8.83351e+112
-3.28771e+112
1.61315e+112
5.73147e+112
7.01676e+112
6.70192e+112
3.62332e+111
-5.58313e+112
-1.02033e+113
-1.18857e+113
-8.69196e+112
-3.18387e+112
-3.11206e+111
1.25841e+112
3.46843e+112
3.59521e+113
2.30525e+114
9.08202e+114
2.6436e+115
6.19968e+115
1.22098e+116
2.05626e+116
2.97838e+116
3.73137e+116
4.14618e+116
4.24526e+116
4.19597e+116
4.20739e+116
6.73465e+112
-6.19289e+112
1.30144e+112
1.55341e+112
2.99864e+112
4.08412e+112
5.42762e+112
7.06683e+112
9.11641e+112
1.11143e+113
1.25061e+113
1.31612e+113
1.31497e+113
1.23466e+113
1.04733e+113
7.71282e+112
4.40082e+112
8.5589e+111
-2.31793e+112
-4.44298e+112
-5.25572e+112
-4.43784e+112
-1.52499e+112
3.09725e+112
8.18504e+112
1.29202e+113
1.74577e+113
2.15184e+113
2.40208e+113
2.48739e+113
2.37856e+113
1.92449e+113
1.26125e+113
6.40287e+112
1.89966e+111
-6.15704e+112
-9.99272e+112
-1.11352e+113
-1.09752e+113
-8.15783e+112
-3.59845e+112
4.13258e+111
3.96748e+112
5.55748e+112
4.79133e+112
1.4711e+112
-3.99274e+112
-8.65818e+112
-1.2153e+113
-1.33748e+113
-1.2302e+113
-8.78517e+112
-2.98472e+112
2.21872e+112
6.54827e+112
8.15826e+112
8.00374e+112
1.78637e+112
-4.68093e+112
-9.51693e+112
-1.1118e+113
-7.80605e+112
-2.38623e+112
4.16737e+111
3.00058e+112
1.58673e+113
9.95283e+113
4.37192e+114
1.40128e+115
3.58105e+115
7.67506e+115
1.41462e+116
2.26369e+116
3.14857e+116
3.82282e+116
4.1608e+116
4.23022e+116
4.19594e+116
4.20424e+116
7.16297e+112
-6.15992e+112
1.74762e+112
2.22853e+112
3.69995e+112
4.74301e+112
6.02933e+112
7.60803e+112
9.56001e+112
1.14646e+113
1.28269e+113
1.3513e+113
1.35595e+113
1.28262e+113
1.10644e+113
8.42571e+112
5.21969e+112
1.76347e+112
-1.38173e+112
-3.58061e+112
-4.52161e+112
-3.85877e+112
-1.18095e+112
3.16031e+112
8.05354e+112
1.2747e+113
1.73016e+113
2.13864e+113
2.40125e+113
2.49834e+113
2.39625e+113
1.96736e+113
1.33096e+113
7.12531e+112
8.33014e+111
-5.63675e+112
-9.82555e+112
-1.13045e+113
-1.1228e+113
-8.52376e+112
-3.9845e+112
2.40105e+111
3.86275e+112
5.63432e+112
5.14377e+112
2.03953e+112
-3.2595e+112
-8.07654e+112
-1.18226e+113
-1.33137e+113
-1.21785e+113
-8.75583e+112
-2.83977e+112
2.7299e+112
7.28295e+112
9.37868e+112
9.46678e+112
3.64105e+112
-3.32967e+112
-8.32955e+112
-9.96091e+112
-6.65965e+112
-1.16691e+112
2.33161e+112
1.05396e+113
5.16329e+113
2.21954e+114
7.53419e+114
2.05539e+115
4.70748e+115
9.31908e+115
1.61724e+116
2.46832e+116
3.30622e+116
3.90131e+116
4.16926e+116
4.21457e+116
4.19699e+116
4.20123e+116
7.41422e+112
-5.77546e+112
2.34163e+112
3.07095e+112
4.57489e+112
5.59497e+112
6.8297e+112
8.34303e+112
1.01909e+113
1.19943e+113
1.33145e+113
1.40173e+113
1.41097e+113
1.34415e+113
1.17905e+113
9.28152e+112
6.19796e+112
2.84988e+112
-2.43415e+111
-2.48877e+112
-3.54075e+112
-3.03844e+112
-6.21829e+111
3.39058e+112
8.02192e+112
1.25957e+113
1.70994e+113
2.11716e+113
2.3906e+113
2.50239e+113
2.41232e+113
2.01317e+113
1.41131e+113
8.02553e+112
1.69797e+112
-4.80563e+112
-9.27253e+112
-1.11332e+113
-1.12587e+113
-8.74315e+112
-4.32909e+112
-1.33202e+110
3.70579e+112
5.6329e+112
5.35766e+112
2.49094e+112
-2.58795e+112
-7.42903e+112
-1.14218e+113
-1.328e+113
-1.22215e+113
-8.82851e+112
-2.92391e+112
3.06957e+112
7.87281e+112
1.05854e+113
1.10263e+113
5.8592e+112
-1.44108e+112
-6.6306e+112
-8.24928e+112
-4.75877e+112
1.58951e+112
9.33563e+112
3.5492e+113
1.30758e+114
4.30189e+114
1.2074e+115
2.8913e+115
6.02828e+115
1.11188e+116
1.82619e+116
2.66744e+116
3.45014e+116
3.96845e+116
4.17549e+116
4.20146e+116
4.19736e+116
4.19844e+116
7.46771e+112
-5.00461e+112
3.10404e+112
4.09501e+112
5.63373e+112
6.65075e+112
7.84305e+112
9.29154e+112
1.10335e+113
1.27311e+113
1.39971e+113
1.4699e+113
1.48193e+113
1.42035e+113
1.26536e+113
1.02731e+113
7.32107e+112
4.09759e+112
1.08261e+112
-1.17116e+112
-2.29781e+112
-1.93364e+112
2.32892e+111
3.91244e+112
8.25196e+112
1.26467e+113
1.70248e+113
2.10092e+113
2.37759e+113
2.49847e+113
2.41922e+113
2.0511e+113
1.48706e+113
8.94781e+112
2.67812e+112
-3.75716e+112
-8.38115e+112
-1.05715e+113
-1.09175e+113
-8.64704e+112
-4.43778e+112
-1.22234e+111
3.6419e+112
5.69993e+112
5.58131e+112
2.94149e+112
-1.8681e+112
-6.66211e+112
-1.08103e+113
-1.30432e+113
-1.22691e+113
-8.99492e+112
-3.18431e+112
3.13041e+112
8.26393e+112
1.15446e+113
1.24803e+113
8.22199e+112
1.29519e+112
-3.60262e+112
-4.72217e+112
-5.65915e+110
1.05104e+113
3.22937e+113
9.58846e+113
2.78745e+114
7.53924e+114
1.82639e+115
3.92571e+115
7.5433e+115
1.30563e+116
2.03863e+116
2.85852e+116
3.57948e+116
4.02571e+116
4.18302e+116
4.19213e+116
4.19619e+116
4.1963e+116
7.31491e+112
-3.82764e+112
4.04922e+112
5.3078e+112
6.87802e+112
7.90995e+112
9.07071e+112
1.04597e+113
1.21003e+113
1.36937e+113
1.48998e+113
1.5589e+113
1.57235e+113
1.51489e+113
1.36892e+113
1.14308e+113
8.61087e+112
5.51737e+112
2.5945e+112
3.57471e+111
-8.1739e+111
-5.71385e+111
1.36425e+112
4.72756e+112
8.77667e+112
1.29712e+113
1.71917e+113
2.10535e+113
2.38071e+113
2.50679e+113
2.43695e+113
2.09798e+113
1.57014e+113
9.95785e+112
3.78085e+112
-2.5492e+112
-7.28034e+112
-9.75988e+112
-1.03379e+113
-8.36258e+112
-4.43374e+112
-1.85682e+111
3.61487e+112
5.84311e+112
5.96085e+112
3.62935e+112
-7.83776e+111
-5.39782e+112
-9.52067e+112
-1.19409e+113
-1.14748e+113
-8.39828e+112
-2.72426e+112
3.74121e+112
9.28884e+112
1.31691e+113
1.48616e+113
1.20054e+113
6.67104e+112
3.52593e+112
4.87761e+112
1.44734e+113
3.73927e+113
8.84776e+113
2.15186e+114
5.2461e+114
1.2233e+115
2.63479e+115
5.16994e+115
9.24621e+115
1.51093e+116
2.25161e+116
3.03928e+116
3.6936e+116
4.07293e+116
4.19109e+116
4.18516e+116
4.1938e+116
4.19474e+116
6.9568e+112
-2.23848e+112
5.18721e+112
6.71359e+112
8.30726e+112
9.36911e+112
1.0509e+113
1.18458e+113
1.33921e+113
1.48865e+113
1.60304e+113
1.66986e+113
1.68377e+113
1.62963e+113
1.49184e+113
1.27776e+113
1.00902e+113
7.13126e+112
4.31199e+112
2.1125e+112
9.10877e+111
1.0548e+112
2.77595e+112
5.8384e+112
9.599e+112
1.35747e+113
1.761e+113
2.132e+113
2.40222e+113
2.53048e+113
2.46941e+113
2.15853e+113
1.66638e+113
1.11312e+113
5.09679e+112
-1.0836e+112
-5.86232e+112
-8.57461e+112
-9.37754e+112
-7.72148e+112
-4.13002e+112
-4.08999e+110
3.72111e+112
6.08001e+112
6.45547e+112
4.52084e+112
6.4095e+111
-3.57482e+112
-7.40152e+112
-9.66476e+112
-9.20124e+112
-6.06616e+112
-2.5528e+111
6.6375e+112
1.30321e+113
1.8181e+113
2.15747e+113
2.1548e+113
2.00492e+113
2.13938e+113
2.92077e+113
5.11335e+113
9.88887e+113
1.99275e+114
4.20498e+114
8.98789e+114
1.86705e+115
3.6528e+115
6.6294e+115
1.11249e+116
1.72518e+116
2.46217e+116
3.2079e+116
3.79248e+116
4.10823e+116
4.19344e+116
4.18064e+116
4.19147e+116
4.19364e+116
6.40156e+112
-2.46645e+111
6.52045e+112
8.31077e+112
9.91688e+112
1.10213e+113
1.21512e+113
1.34449e+113
1.49065e+113
1.6309e+113
1.73913e+113
1.80331e+113
1.81693e+113
1.76543e+113
1.63507e+113
1.4322e+113
1.17664e+113
8.94488e+112
6.23894e+112
4.09577e+112
2.88827e+112
2.94871e+112
4.47669e+112
7.26041e+112
1.07429e+113
1.4491e+113
1.8322e+113
2.18562e+113
2.44711e+113
2.57417e+113
2.52003e+113
2.23462e+113
1.77604e+113
1.24551e+113
6.60125e+112
6.0904e+111
-4.15386e+112
-7.02363e+112
-8.0081e+112
-6.6413e+112
-3.378e+112
5.24317e+111
4.21994e+112
6.6906e+112
7.33952e+112
5.85979e+112
2.6076e+112
-1.03302e+112
-4.3042e+112
-6.05865e+112
-5.15339e+112
-1.44416e+112
5.13536e+112
1.32684e+113
2.15976e+113
2.94642e+113
3.64839e+113
4.17182e+113
4.74862e+113
5.76184e+113
7.89515e+113
1.24372e+114
2.13622e+114
3.88744e+114
7.40288e+114
1.43087e+115
2.71045e+115
4.89496e+115
8.30283e+115
1.31616e+116
1.94547e+116
2.66748e+116
3.3629e+116
3.87641e+116
4.13206e+116
4.19113e+116
4.17873e+116
4.18923e+116
4.19267e+116
5.66485e+112
2.12398e+112
8.044e+112
1.00915e+113
1.16973e+113
1.28546e+113
1.3985e+113
1.52462e+113
1.66346e+113
1.79548e+113
1.89788e+113
1.95918e+113
1.97207e+113
1.92274e+113
1.79918e+113
1.60699e+113
1.36438e+113
1.09607e+113
8.37474e+112
6.30248e+112
5.10651e+112
5.10088e+112
6.45776e+112
8.98768e+112
1.22081e+113
1.57291e+113
1.93481e+113
2.26943e+113
2.51981e+113
2.64324e+113
2.59446e+113
2.33188e+113
1.90442e+113
1.39741e+113
8.32624e+112
2.54753e+112
-2.15042e+112
-5.11343e+112
-6.23626e+112
-5.11917e+112
-2.15412e+112
1.56416e+112
5.19902e+112
7.79815e+112
8.7717e+112
7.8408e+112
5.3529e+112
2.51249e+112
1.10772e+111
-7.14997e+111
1.181e+112
6.14656e+112
1.43757e+113
2.49059e+113
3.67291e+113
4.94344e+113
6.29569e+113
7.71729e+113
9.50541e+113
1.20506e+114
1.65924e+114
2.4969e+114
4.01971e+114
6.81943e+114
1.20248e+115
2.14783e+115
3.77396e+115
6.36945e+115
1.01825e+116
1.53336e+116
2.16877e+116
2.86485e+116
3.50314e+116
3.9463e+116
4.14717e+116
4.1861e+116
4.17811e+116
4.18733e+116
4.19187e+116
4.76879e+112
4.8364e+112
9.74609e+112
1.20421e+113
1.36344e+113
1.48529e+113
1.59937e+113
1.72336e+113
1.85612e+113
1.98103e+113
2.07813e+113
2.13657e+113
2.14855e+113
2.10115e+113
1.98394e+113
1.80201e+113
1.57213e+113
1.31767e+113
1.07157e+113
8.72621e+112
7.55666e+112
7.50124e+112
8.7087e+112
1.10101e+113
1.39866e+113
1.72855e+113
2.06909e+113
2.38429e+113
2.62193e+113
2.73993e+113
2.69517e+113
2.45295e+113
2.05433e+113
1.5714e+113
1.02941e+113
4.75217e+112
1.65466e+111
-2.82789e+112
-4.0396e+112
-3.12157e+112
-4.08392e+111
3.15142e+112
6.75429e+112
9.52268e+112
1.08963e+113
1.06367e+113
9.09269e+112
7.33959e+112
6.21303e+112
6.86839e+112
1.04931e+113
1.76614e+113
2.87754e+113
4.33175e+113
6.07758e+113
8.12088e+113
1.05133e+114
1.33399e+114
1.69812e+114
2.1965e+114
3.02691e+114
4.4352e+114
6.84575e+114
1.10303e+115
1.83247e+115
3.07214e+115
5.07177e+115
8.07723e+115
1.22539e+116
1.76137e+116
2.3919e+116
3.05185e+116
3.62791e+116
4.00365e+116
4.15668e+116
4.18007e+116
4.17768e+116
4.18563e+116
4.19125e+116
3.74067e+112
7.84181e+112
1.16082e+113
1.41435e+113
1.57099e+113
1.69962e+113
1.81569e+113
1.93866e+113
2.06666e+113
2.18561e+113
2.2781e+113
2.33391e+113
2.34501e+113
2.29946e+113
2.18831e+113
2.01628e+113
1.79889e+113
1.55824e+113
1.32502e+113
1.13532e+113
1.02231e+113
1.01335e+113
1.12133e+113
1.33119e+113
1.60649e+113
1.91515e+113
2.23473e+113
2.53049e+113
2.75444e+113
2.86573e+113
2.82383e+113
2.59965e+113
2.22763e+113
1.76896e+113
1.25136e+113
7.22724e+112
2.79288e+112
-1.71741e+111
-1.41912e+112
-6.40698e+111
1.88167e+112
5.3308e+112
8.95435e+112
1.19577e+113
1.38302e+113
1.43883e+113
1.39997e+113
1.36634e+113
1.42823e+113
1.7072e+113
2.3319e+113
3.38727e+113
4.94475e+113
7.00869e+113
9.59502e+113
1.27822e+114
1.6711e+114
2.15848e+114
2.7891e+114
3.64882e+114
5.01875e+114
7.21915e+114
1.08088e+115
1.67377e+115
2.65164e+115
4.22058e+115
6.61111e+115
1.00121e+116
1.44968e+116
1.99718e+116
2.61177e+116
3.22641e+116
3.73695e+116
4.05018e+116
4.16362e+116
4.1749e+116
4.17684e+116
4.1839e+116
4.19087e+116
2.61184e+112
1.10816e+113
1.36058e+113
1.63711e+113
1.79016e+113
1.92608e+113
2.045e+113
2.16808e+113
2.29261e+113
2.40683e+113
2.4955e+113
2.54906e+113
2.55947e+113
2.51585e+113
2.41057e+113
2.24815e+113
2.04304e+113
1.81612e+113
1.59601e+113
1.41632e+113
1.30837e+113
1.29744e+113
1.39473e+113
1.58684e+113
1.84194e+113
2.13065e+113
2.43011e+113
2.70693e+113
2.91688e+113
3.02075e+113
2.98088e+113
2.77277e+113
2.42534e+113
1.99094e+113
1.49893e+113
9.97421e+112
5.72847e+112
2.84705e+112
1.61839e+112
2.32178e+112
4.72479e+112
8.12931e+112
1.18484e+113
1.51784e+113
1.76763e+113
1.92297e+113
2.02477e+113
2.17059e+113
2.46074e+113
3.02799e+113
4.01813e+113
5.55094e+113
7.74167e+113
1.06655e+114
1.44264e+114
1.92046e+114
2.5264e+114
3.29508e+114
4.28871e+114
5.65166e+114
7.75038e+114
1.09925e+115
1.60769e+115
2.41194e+115
3.67585e+115
5.60296e+115
8.39149e+115
1.21606e+116
1.68855e+116
2.23754e+116
2.82539e+116
3.38683e+116
3.83038e+116
4.08752e+116
4.17007e+116
4.17126e+116
4.17583e+116
4.18206e+116
4.19073e+116
1.41657e+112
1.44895e+113
1.57097e+113
1.86965e+113
2.01838e+113
2.16203e+113
2.28459e+113
2.40884e+113
2.53116e+113
2.64185e+113
2.72754e+113
2.77934e+113
2.78941e+113
2.74789e+113
2.64841e+113
2.49538e+113
2.30233e+113
2.08902e+113
1.88218e+113
1.71308e+113
1.61111e+113
1.59955e+113
1.68812e+113
1.8649e+113
2.10194e+113
2.37221e+113
2.6527e+113
2.91142e+113
3.10751e+113
3.20373e+113
3.16531e+113
2.97162e+113
2.64705e+113
2.2368e+113
1.77129e+113
1.2982e+113
8.9567e+112
6.20801e+112
5.0517e+112
5.74648e+112
8.10716e+112
1.15451e+113
1.545e+113
1.92168e+113
2.24877e+113
2.52388e+113
2.79474e+113
3.16193e+113
3.73977e+113
4.67845e+113
6.14927e+113
8.31613e+113
1.13527e+114
1.54223e+114
2.07408e+114
2.76227e+114
3.64912e+114
4.78631e+114
6.25276e+114
8.28139e+114
1.13193e+115
1.58733e+115
2.27816e+115
3.33032e+115
4.91461e+115
7.22177e+115
1.04049e+116
1.45026e+116
1.93901e+116
2.4791e+116
3.03003e+116
3.53193e+116
3.90871e+116
4.11583e+116
4.17484e+116
4.16866e+116
4.17485e+116
4.18053e+116
4.19073e+116
1.90822e+111
1.79939e+113
1.78865e+113
2.10877e+113
2.25283e+113
2.40456e+113
2.5315e+113
2.65789e+113
2.77921e+113
2.88751e+113
2.97108e+113
3.02169e+113
3.03182e+113
2.99265e+113
2.89898e+113
2.75517e+113
2.57398e+113
2.37412e+113
2.18061e+113
2.02252e+113
1.92731e+113
1.91631e+113
1.99801e+113
2.16174e+113
2.38285e+113
2.63629e+113
2.89918e+113
3.14092e+113
3.32368e+113
3.41235e+113
3.3751e+113
3.19449e+113
2.89132e+113
2.50505e+113
2.06671e+113
1.62312e+113
1.24541e+113
9.88302e+112
8.85121e+112
9.60423e+112
1.20029e+113
1.55606e+113
1.97528e+113
2.40808e+113
2.82876e+113
3.24571e+113
3.71635e+113
4.34962e+113
5.27849e+113
6.67743e+113
8.75252e+113
1.17226e+114
1.58358e+114
2.13631e+114
2.86587e+114
3.82051e+114
5.06236e+114
6.66345e+114
8.72455e+114
1.15959e+115
1.57975e+115
2.19447e+115
3.10077e+115
4.43573e+115
6.37023e+115
9.07158e+115
1.26355e+116
1.7012e+116
2.19772e+116
2.71853e+116
3.22329e+116
3.66107e+116
3.97289e+116
4.13467e+116
4.17446e+116
4.16738e+116
4.174e+116
4.17964e+116
4.1903e+116
-1.02888e+112
2.15204e+113
2.01006e+113
2.35105e+113
2.49054e+113
2.65066e+113
2.78262e+113
2.91204e+113
3.03345e+113
3.14044e+113
3.22272e+113
3.27274e+113
3.28338e+113
3.24686e+113
3.15903e+113
3.0243e+113
2.85475e+113
2.66815e+113
2.48794e+113
2.34114e+113
2.25332e+113
2.24395e+113
2.32044e+113
2.47326e+113
2.68046e+113
2.91875e+113
3.16553e+113
3.39157e+113
3.56181e+113
3.64333e+113
3.60716e+113
3.43862e+113
3.15562e+113
2.79312e+113
2.38238e+113
1.96916e+113
1.61864e+113
1.38328e+113
1.29747e+113
1.38511e+113
1.63682e+113
2.01363e+113
2.47236e+113
2.97455e+113
3.50606e+113
4.08798e+113
4.79048e+113
5.73598e+113
7.08121e+113
9.03211e+113
1.18393e+114
1.57887e+114
2.12193e+114
2.8531e+114
3.82434e+114
5.10426e+114
6.77866e+114
8.9442e+114
1.17329e+115
1.56306e+115
2.12267e+115
2.92496e+115
4.07884e+115
5.72861e+115
8.03779e+115
1.11395e+116
1.50611e+116
1.96577e+116
2.46117e+116
2.95266e+116
3.40321e+116
3.77406e+116
4.02412e+116
4.14575e+116
4.17126e+116
4.167e+116
4.17318e+116
4.17928e+116
4.19067e+116
-2.20657e+112
2.49942e+113
2.23152e+113
2.59298e+113
2.72842e+113
2.89721e+113
3.03477e+113
3.16799e+113
3.29048e+113
3.39714e+113
3.47891e+113
3.52892e+113
3.54053e+113
3.50697e+113
3.42505e+113
3.29926e+113
3.14113e+113
2.96754e+113
2.80051e+113
2.66515e+113
2.58518e+113
2.57836e+113
2.65116e+113
2.79499e+113
2.99021e+113
3.21501e+113
3.44723e+113
3.65898e+113
3.81769e+113
3.89266e+113
3.85767e+113
3.7004e+113
3.43657e+113
3.09757e+113
2.7147e+113
2.3325e+113
2.01116e+113
1.801e+113
1.7371e+113
1.84324e+113
2.11462e+113
2.52155e+113
3.03073e+113
3.61579e+113
4.27556e+113
5.04571e+113
6.01227e+113
7.316e+113
9.14259e+113
1.17368e+114
1.54039e+114
2.05087e+114
2.74987e+114
3.69233e+114
4.94957e+114
6.61396e+114
8.79884e+114
1.16309e+115
1.52877e+115
2.03948e+115
2.76141e+115
3.77862e+115
5.21004e+115
7.20273e+115
9.90494e+115
1.34052e+116
1.76528e+116
2.24048e+116
2.72576e+116
3.17854e+116
3.56823e+116
3.8711e+116
4.06406e+116
4.15171e+116
4.16714e+116
4.16693e+116
4.17246e+116
4.17932e+116
4.19188e+116
-3.30789e+112
2.83426e+113
2.44935e+113
2.83107e+113
2.9634e+113
3.14113e+113
3.28479e+113
3.42247e+113
3.54687e+113
3.65406e+113
3.73604e+113
3.78658e+113
3.79961e+113
3.7693e+113
3.69333e+113
3.57634e+113
3.42937e+113
3.26851e+113
3.11444e+113
2.99055e+113
2.91877e+113
2.91526e+113
2.98569e+113
3.12227e+113
3.30727e+113
3.5202e+113
3.7394e+113
3.93829e+113
4.08656e+113
4.15571e+113
4.12212e+113
3.97553e+113
3.73003e+113
3.41424e+113
3.05931e+113
2.70854e+113
2.41795e+113
2.23594e+113
2.19801e+113
2.32832e+113
2.62672e+113
3.07252e+113
3.64277e+113
4.32386e+113
5.1288e+113
6.10973e+113
7.37141e+113
9.07762e+113
1.14481e+114
1.47737e+114
1.94238e+114
2.58545e+114
3.46381e+114
4.64942e+114
6.23563e+114
8.34185e+114
1.11126e+115
1.47108e+115
1.93768e+115
2.58704e+115
3.49313e+115
4.75072e+115
6.48651e+115
8.84543e+115
1.19526e+116
1.58421e+116
2.03772e+116
2.52158e+116
2.98796e+116
3.39358e+116
3.7173e+116
3.95284e+116
4.09459e+116
4.15489e+116
4.16354e+116
4.16686e+116
4.1719e+116
4.17974e+116
4.19399e+116
-4.30106e+112
3.14973e+113
2.66005e+113
3.06194e+113
3.19253e+113
3.37945e+113
3.52962e+113
3.67228e+113
3.79929e+113
3.90773e+113
3.99055e+113
4.04212e+113
4.05696e+113
4.03014e+113
3.96017e+113
3.8518e+113
3.7157e+113
3.5672e+113
3.42581e+113
3.31328e+113
3.24987e+113
3.25029e+113
3.31948e+113
3.45035e+113
3.62673e+113
3.8293e+113
4.03698e+113
4.22441e+113
4.36339e+113
4.42752e+113
4.39561e+113
4.25927e+113
4.03136e+113
3.73839e+113
3.4113e+113
3.09213e+113
2.83345e+113
2.68195e+113
2.67346e+113
2.83296e+113
3.16501e+113
3.65775e+113
4.29892e+113
5.0882e+113
6.05394e+113
7.26639e+113
8.85181e+113
1.10011e+114
1.39729e+114
1.81111e+114
2.3858e+114
3.17728e+114
4.25676e+114
5.71518e+114
7.67036e+114
1.02717e+115
1.36985e+115
1.8156e+115
2.39654e+115
3.2011e+115
4.31131e+115
5.83194e+115
7.89486e+115
1.06379e+116
1.41553e+116
1.84181e+116
2.31969e+116
2.80522e+116
3.24441e+116
3.59559e+116
3.84988e+116
4.02034e+116
4.11757e+116
4.15682e+116
4.16128e+116
4.16669e+116
4.1716e+116
4.18055e+116
4.19693e+116
-5.15777e+112
3.43967e+113
2.86037e+113
3.28247e+113
3.41304e+113
3.60935e+113
3.76637e+113
3.91441e+113
4.04458e+113
4.15487e+113
4.23903e+113
4.29205e+113
4.30904e+113
4.28591e+113
4.22191e+113
4.12195e+113
3.99636e+113
3.85982e+113
3.73072e+113
3.62932e+113
3.57435e+113
3.57916e+113
3.64805e+113
3.77451e+113
3.94371e+113
4.13732e+113
4.33488e+113
4.51222e+113
4.64303e+113
4.70295e+113
4.67306e+113
4.54659e+113
4.33561e+113
4.06501e+113
3.76543e+113
3.47778e+113
3.25172e+113
3.13253e+113
3.15631e+113
3.34927e+113
3.72073e+113
4.2675e+113
4.98827e+113
5.89646e+113
7.03664e+113
8.49865e+113
1.04326e+114
1.30603e+114
1.66836e+114
2.17053e+114
2.86491e+114
3.81871e+114
5.11855e+114
6.87602e+114
9.23559e+114
1.23794e+115
1.65243e+115
2.1924e+115
2.89993e+115
3.8744e+115
5.2061e+115
7.00879e+115
9.41682e+115
1.25559e+116
1.64826e+116
2.10968e+116
2.60721e+116
3.08755e+116
3.49203e+116
3.7829e+116
3.96597e+116
4.07491e+116
4.13412e+116
4.15784e+116
4.16e+116
4.16645e+116
4.17173e+116
4.18179e+116
4.20086e+116
-5.85406e+112
3.69877e+113
3.04747e+113
3.48988e+113
3.62243e+113
3.82832e+113
3.99243e+113
4.14609e+113
4.27983e+113
4.39241e+113
4.47832e+113
4.53312e+113
4.55252e+113
4.5332e+113
4.47511e+113
4.3833e+113
4.26782e+113
4.14275e+113
4.02546e+113
3.93487e+113
3.88825e+113
3.89775e+113
3.96711e+113
4.09028e+113
4.25353e+113
4.43944e+113
4.62816e+113
4.79668e+113
4.92041e+113
4.97691e+113
4.94935e+113
4.83245e+113
4.63774e+113
4.38892e+113
4.11634e+113
3.85984e+113
3.6667e+113
3.58098e+113
3.63919e+113
3.869e+113
4.2846e+113
4.8913e+113
5.69887e+113
6.73474e+113
8.06042e+113
9.78654e+113
1.20891e+114
1.52236e+114
1.9539e+114
2.55019e+114
3.37244e+114
4.50004e+114
6.0361e+114
8.11432e+114
1.09076e+115
1.4633e+115
1.95477e+115
2.59589e+115
3.44054e+115
4.59719e+115
6.16448e+115
8.26395e+115
1.10297e+116
1.45708e+116
1.88996e+116
2.38388e+116
2.89621e+116
3.36487e+116
3.72813e+116
3.95433e+116
4.06609e+116
4.11813e+116
4.14502e+116
4.157e+116
4.15951e+116
4.16627e+116
4.1723e+116
4.18352e+116
4.20572e+116
-6.37089e+112
3.92276e+113
3.21899e+113
3.68185e+113
3.81853e+113
4.03412e+113
4.20547e+113
4.36487e+113
4.50245e+113
4.61764e+113
4.70558e+113
4.7624e+113
4.78438e+113
4.76894e+113
4.71662e+113
4.63264e+113
4.52681e+113
4.41265e+113
4.30663e+113
4.2264e+113
4.18794e+113
4.20229e+113
4.27269e+113
4.39347e+113
4.55183e+113
4.73115e+113
4.9122e+113
5.07305e+113
5.19071e+113
5.24452e+113
5.21956e+113
5.11192e+113
4.93282e+113
4.70509e+113
4.45877e+113
4.23274e+113
4.07235e+113
4.0207e+113
4.11473e+113
4.38388e+113
4.84719e+113
5.51833e+113
6.41813e+113
7.58819e+113
9.10738e+113
1.1108e+114
1.37933e+114
1.74551e+114
2.24918e+114
2.94383e+114
3.89999e+114
5.20989e+114
6.99402e+114
9.40924e+114
1.26582e+115
1.69946e+115
2.27183e+115
3.01933e+115
4.0096e+115
5.35773e+115
7.17087e+115
9.57708e+115
1.27076e+116
1.66505e+116
2.13689e+116
2.66032e+116
3.18264e+116
3.63372e+116
3.95046e+116
4.10927e+116
4.15114e+116
4.1518e+116
4.15219e+116
4.15572e+116
4.15924e+116
4.16618e+116
4.17318e+116
4.18577e+116
4.21173e+116
-6.69468e+112
4.1085e+113
3.37313e+113
3.8565e+113
3.9996e+113
4.22493e+113
4.40356e+113
4.5687e+113
4.71023e+113
4.82821e+113
4.91836e+113
4.97736e+113
5.00201e+113
4.99042e+113
4.94367e+113
4.86714e+113
4.77044e+113
4.66657e+113
4.57118e+113
4.50079e+113
4.47018e+113
4.4894e+113
4.56124e+113
4.68035e+113
4.83471e+113
5.00839e+113
5.1828e+113
5.33702e+113
5.4495e+113
5.50126e+113
5.47913e+113
5.38041e+113
5.21621e+113
5.00872e+113
4.7877e+113
4.59118e+113
4.46294e+113
4.44532e+113
4.57581e+113
4.88579e+113
5.39915e+113
6.13767e+113
7.13314e+113
8.44127e+113
1.01585e+114
1.24391e+114
1.5515e+114
1.97151e+114
2.54898e+114
3.34443e+114
4.43809e+114
5.93544e+114
7.97489e+114
1.07371e+115
1.44553e+115
1.94209e+115
2.59785e+115
3.45529e+115
4.59709e+115
6.1426e+115
8.20767e+115
1.09254e+116
1.44218e+116
1.87605e+116
2.38512e+116
2.9349e+116
3.46263e+116
3.89102e+116
4.1573e+116
4.24763e+116
4.22243e+116
4.17787e+116
4.15761e+116
4.15486e+116
4.15886e+116
4.16619e+116
4.17429e+116
4.18855e+116
4.21891e+116
-6.81761e+112
4.2541e+113
3.50869e+113
4.01255e+113
4.16428e+113
4.39929e+113
4.58514e+113
4.7559e+113
4.90138e+113
5.02222e+113
5.11467e+113
5.17589e+113
5.20322e+113
5.19539e+113
5.15395e+113
5.08445e+113
4.99628e+113
4.90204e+113
4.81657e+113
4.75541e+113
4.73223e+113
4.7562e+113
4.82974e+113
4.94772e+113
5.09879e+113
5.26765e+113
5.43632e+113
5.58481e+113
5.69292e+113
5.74317e+113
5.72401e+113
5.63384e+113
5.48377e+113
5.29552e+113
5.09863e+113
4.93037e+113
4.83324e+113
4.84903e+113
5.01586e+113
5.36719e+113
5.93167e+113
6.7389e+113
7.83139e+113
9.27868e+113
1.11947e+114
1.37559e+114
1.72227e+114
2.19624e+114
2.84779e+114
3.74459e+114
4.97667e+114
6.66297e+114
8.95998e+114
1.20723e+115
1.62642e+115
2.18651e+115
2.92662e+115
3.89617e+115
5.19217e+115
6.93736e+115
9.25599e+115
1.22848e+116
1.61424e+116
2.08654e+116
2.63072e+116
3.20361e+116
3.7326e+116
4.13412e+116
4.34743e+116
4.36981e+116
4.28155e+116
4.19819e+116
4.1632e+116
4.15498e+116
4.15853e+116
4.16637e+116
4.17565e+116
4.19193e+116
4.22726e+116
-6.73788e+112
4.35895e+113
3.62511e+113
4.14923e+113
4.3117e+113
4.55621e+113
4.74911e+113
4.92525e+113
5.07457e+113
5.19823e+113
5.29295e+113
5.35637e+113
5.38633e+113
5.38209e+113
5.34565e+113
5.28267e+113
5.20242e+113
5.11706e+113
5.04077e+113
4.98814e+113
4.9719e+113
5.00042e+113
5.07577e+113
5.19302e+113
5.34136e+113
5.50607e+113
5.66976e+113
5.8133e+113
5.91772e+113
5.96694e+113
5.95081e+113
5.86874e+113
5.73195e+113
5.56183e+113
5.38769e+113
5.24615e+113
5.17871e+113
5.22675e+113
5.42909e+113
5.82135e+113
6.43677e+113
7.31248e+113
8.50123e+113
1.0086e+114
1.21977e+114
1.50348e+114
1.88859e+114
2.41566e+114
3.14016e+114
4.13687e+114
5.50561e+114
7.3786e+114
9.93024e+114
1.33889e+115
1.80492e+115
2.42788e+115
3.25178e+115
4.33397e+115
5.78354e+115
7.72699e+115
1.02963e+116
1.36305e+116
1.78392e+116
2.29299e+116
2.86987e+116
3.46269e+116
3.98931e+116
4.36084e+116
4.52016e+116
4.47669e+116
4.33027e+116
4.2139e+116
4.1697e+116
4.15561e+116
4.15855e+116
4.16679e+116
4.17729e+116
4.19596e+116
4.23698e+116
-6.4591e+112
4.42378e+113
3.72253e+113
4.26644e+113
4.4415e+113
4.69519e+113
4.89487e+113
5.07605e+113
5.22901e+113
5.35534e+113
5.45225e+113
5.51778e+113
5.55023e+113
5.54937e+113
5.51756e+113
5.46059e+113
5.38759e+113
5.31034e+113
5.24241e+113
5.19758e+113
5.1877e+113
5.22046e+113
5.29761e+113
5.41438e+113
5.56044e+113
5.72156e+113
5.88091e+113
6.02018e+113
6.12149e+113
6.17002e+113
6.15691e+113
6.08244e+113
5.95799e+113
5.80474e+113
5.65178e+113
5.53518e+113
5.49561e+113
5.57423e+113
5.81059e+113
6.24247e+113
6.9075e+113
7.8499e+113
9.13219e+113
1.08501e+114
1.3151e+114
1.62542e+114
2.04761e+114
2.62593e+114
3.42091e+114
4.51427e+114
6.01528e+114
8.0691e+114
1.08675e+115
1.46618e+115
1.97762e+115
2.6616e+115
3.56713e+115
4.7604e+115
6.35991e+115
8.49658e+115
1.13092e+116
1.49382e+116
1.94827e+116
2.49204e+116
3.09899e+116
3.70875e+116
4.23003e+116
4.56957e+116
4.67535e+116
4.56956e+116
4.37058e+116
4.2266e+116
4.17495e+116
4.15653e+116
4.15881e+116
4.16741e+116
4.17924e+116
4.20073e+116
4.24806e+116
-5.99206e+112
4.45049e+113
3.80157e+113
4.36448e+113
4.55363e+113
4.81603e+113
5.02209e+113
5.20791e+113
5.36421e+113
5.49302e+113
5.59195e+113
5.65944e+113
5.6942e+113
5.69643e+113
5.66884e+113
5.61731e+113
5.55085e+113
5.48091e+113
5.42051e+113
5.38268e+113
5.37854e+113
5.41515e+113
5.494e+113
5.61045e+113
5.75454e+113
5.91252e+113
6.06808e+113
6.20365e+113
6.30233e+113
6.35044e+113
6.34024e+113
6.27281e+113
6.1597e+113
6.02194e+113
5.88842e+113
5.79474e+113
5.78092e+113
5.88799e+113
6.15627e+113
6.62562e+113
7.33785e+113
8.34373e+113
9.7149e+113
1.15591e+114
1.4039e+114
1.73939e+114
2.19666e+114
2.82348e+114
3.68521e+114
4.87016e+114
6.49663e+114
8.72207e+114
1.17548e+115
1.58678e+115
2.14135e+115
2.88333e+115
3.86686e+115
5.16735e+115
6.91042e+115
9.23178e+115
1.22764e+116
1.61847e+116
2.10452e+116
2.68054e+116
3.31483e+116
3.93879e+116
4.45251e+116
4.75919e+116
4.8133e+116
4.64998e+116
4.4047e+116
4.23953e+116
4.17873e+116
4.1576e+116
4.15933e+116
4.16831e+116
4.18154e+116
4.20632e+116
4.26042e+116
-5.35731e+112
4.44183e+113
3.86309e+113
4.44381e+113
4.64809e+113
4.91856e+113
5.13052e+113
5.32048e+113
5.47978e+113
5.61079e+113
5.71152e+113
5.78076e+113
5.8176e+113
5.82262e+113
5.7988e+113
5.75212e+113
5.69148e+113
5.62802e+113
5.57428e+113
5.54265e+113
5.54358e+113
5.58361e+113
5.66399e+113
5.78018e+113
5.92256e+113
6.07779e+113
6.23002e+113
6.36239e+113
6.45887e+113
6.50677e+113
6.49933e+113
6.43834e+113
6.33551e+113
6.21179e+113
6.09586e+113
6.02293e+113
6.0325e+113
6.16553e+113
6.46312e+113
6.96712e+113
7.72316e+113
8.78804e+113
1.02417e+114
1.2203e+114
1.48487e+114
1.84367e+114
2.33342e+114
3.00516e+114
3.92875e+114
5.19865e+114
6.94157e+114
9.32637e+114
1.25767e+115
1.69859e+115
2.29325e+115
3.08922e+115
4.14574e+115
5.54742e+115
7.42513e+115
9.91948e+115
1.31808e+116
1.73491e+116
2.25017e+116
2.85573e+116
3.51457e+116
4.15035e+116
4.65505e+116
4.92913e+116
4.93472e+116
4.71955e+116
4.43419e+116
4.25617e+116
4.18306e+116
4.15968e+116
4.16046e+116
4.16954e+116
4.18421e+116
4.21283e+116
4.27411e+116
-4.56117e+112
4.40393e+113
3.91063e+113
4.50761e+113
4.72762e+113
5.00543e+113
5.22278e+113
5.41641e+113
5.57836e+113
5.71134e+113
5.81368e+113
5.8845e+113
5.92322e+113
5.93074e+113
5.91029e+113
5.86792e+113
5.81241e+113
5.75467e+113
5.70677e+113
5.68058e+113
5.68595e+113
5.72898e+113
5.81071e+113
5.92668e+113
6.06758e+113
6.22039e+113
6.36974e+113
6.49935e+113
6.59398e+113
6.6418e+113
6.63691e+113
6.58168e+113
6.48799e+113
6.37672e+113
6.27636e+113
6.22177e+113
6.25204e+113
6.40814e+113
6.7319e+113
7.267e+113
8.06253e+113
9.18071e+113
1.0709e+114
1.2776e+114
1.55715e+114
1.937e+114
2.45608e+114
3.16844e+114
4.148e+114
5.49481e+114
7.34321e+114
9.87247e+114
1.33202e+115
1.79981e+115
2.43086e+115
3.27594e+115
4.39923e+115
5.89418e+115
7.8953e+115
1.05482e+116
1.40077e+116
1.84132e+116
2.3831e+116
3.01526e+116
3.69588e+116
4.34148e+116
4.83651e+116
5.07932e+116
5.04063e+116
4.77994e+116
4.46029e+116
4.27347e+116
4.18799e+116
4.16241e+116
4.16182e+116
4.17095e+116
4.18728e+116
4.22034e+116
4.28893e+116
-3.64316e+112
4.34102e+113
3.94506e+113
4.55623e+113
4.79186e+113
5.07607e+113
5.29811e+113
5.49481e+113
5.65894e+113
5.79351e+113
5.89714e+113
5.96923e+113
6.00948e+113
6.01908e+113
6.00145e+113
5.9627e+113
5.91151e+113
5.85855e+113
5.81553e+113
5.79384e+113
5.80285e+113
5.84827e+113
5.93098e+113
6.04658e+113
6.186e+113
6.33655e+113
6.48326e+113
6.61038e+113
6.70333e+113
6.75105e+113
6.74835e+113
6.69809e+113
6.61232e+113
6.51182e+113
6.42495e+113
6.38624e+113
6.43449e+113
6.61069e+113
6.95734e+113
7.5198e+113
8.35021e+113
9.51551e+113
1.11097e+114
1.32702e+114
1.61978e+114
2.0182e+114
2.56315e+114
3.31132e+114
4.34023e+114
5.75486e+114
7.69633e+114
1.03531e+115
1.39751e+115
1.88904e+115
2.55224e+115
3.44083e+115
4.62378e+115
6.20242e+115
8.31382e+115
1.11084e+116
1.4745e+116
1.93622e+116
2.50157e+116
3.15728e+116
3.857e+116
4.51082e+116
4.9963e+116
5.21012e+116
5.13229e+116
4.83308e+116
4.48631e+116
4.28712e+116
4.1934e+116
4.16502e+116
4.1632e+116
4.17263e+116
4.19082e+116
4.22896e+116
4.30482e+116
-2.76913e+112
4.24624e+113
3.95532e+113
4.57787e+113
4.82817e+113
5.1174e+113
5.34309e+113
5.54194e+113
5.70749e+113
5.84296e+113
5.94726e+113
6.02002e+113
6.06118e+113
6.07216e+113
6.05655e+113
6.0205e+113
5.9726e+113
5.92333e+113
5.88409e+113
5.86585e+113
5.87759e+113
5.92471e+113
6.00794e+113
6.12296e+113
6.26088e+113
6.40929e+113
6.55359e+113
6.67848e+113
6.76996e+113
6.81761e+113
6.81682e+113
6.77086e+113
6.6919e+113
6.60068e+113
6.52538e+113
6.50027e+113
6.56388e+113
6.75724e+113
7.12346e+113
7.70932e+113
8.56957e+113
9.77516e+113
1.14257e+114
1.36658e+114
1.67062e+114
2.08486e+114
2.65187e+114
3.43057e+114
4.50158e+114
5.97412e+114
7.99509e+114
1.07609e+115
1.4532e+115
1.96505e+115
2.65582e+115
3.58183e+115
4.81675e+115
6.46813e+115
8.67523e+115
1.1593e+116
1.53837e+116
2.01849e+116
2.60433e+116
3.28045e+116
3.99671e+116
4.65757e+116
5.13432e+116
5.32221e+116
5.21086e+116
4.88033e+116
4.51604e+116
4.30008e+116
4.20037e+116
4.16855e+116
4.16522e+116
4.17477e+116
4.19484e+116
4.23883e+116
4.32153e+116
-1.34997e+112
4.19445e+113
4.01276e+113
4.64567e+113
4.91112e+113
5.20613e+113
5.43665e+113
5.63904e+113
5.80759e+113
5.94571e+113
6.05252e+113
6.12785e+113
6.17183e+113
6.18607e+113
6.17427e+113
6.14261e+113
6.09961e+113
6.05556e+113
6.02161e+113
6.0084e+113
6.02459e+113
6.07532e+113
6.1612e+113
6.27795e+113
6.41686e+113
6.56575e+113
6.71029e+113
6.83556e+113
6.92803e+113
6.97774e+113
6.98057e+113
6.94007e+113
6.86848e+113
6.78645e+113
6.722e+113
6.70917e+113
6.78625e+113
6.99432e+113
7.37698e+113
7.98217e+113
8.8668e+113
1.01051e+114
1.18012e+114
1.41057e+114
1.72372e+114
2.15078e+114
2.73566e+114
3.53916e+114
4.64441e+114
6.16411e+114
8.24995e+114
1.11048e+115
1.4998e+115
2.02831e+115
2.74173e+115
3.69866e+115
4.97717e+115
6.68929e+115
8.97647e+115
1.19977e+116
1.59181e+116
2.08744e+116
2.69059e+116
3.38402e+116
4.11442e+116
4.78148e+116
5.25095e+116
5.41652e+116
5.27744e+116
4.9219e+116
4.54538e+116
4.31416e+116
4.20899e+116
4.17297e+116
4.16768e+116
4.17711e+116
4.19929e+116
4.24998e+116
4.3388e+116
-1.23347e+112
4.00281e+113
3.92349e+113
4.5589e+113
4.83277e+113
5.12733e+113
5.35663e+113
5.55656e+113
5.72206e+113
5.85667e+113
5.95972e+113
6.03116e+113
6.0713e+113
6.08187e+113
6.06666e+113
6.03188e+113
5.98596e+113
5.93907e+113
5.90213e+113
5.88554e+113
5.89767e+113
5.94349e+113
6.02352e+113
6.13351e+113
6.2649e+113
6.40569e+113
6.54181e+113
6.65868e+113
6.74313e+113
6.78564e+113
6.78245e+113
6.73738e+113
6.66275e+113
6.57918e+113
6.51459e+113
6.50284e+113
6.58213e+113
6.79361e+113
7.18136e+113
7.79436e+113
8.69128e+113
9.94907e+113
1.16756e+114
1.40263e+114
1.72261e+114
2.15953e+114
2.7584e+114
3.58149e+114
4.71396e+114
6.27126e+114
8.40888e+114
1.13349e+115
1.53256e+115
2.07438e+115
2.80591e+115
3.78769e+115
5.10152e+115
6.86251e+115
9.21417e+115
1.23189e+116
1.63444e+116
2.1427e+116
2.76002e+116
3.46774e+116
4.21005e+116
4.88281e+116
5.34684e+116
5.49399e+116
5.33298e+116
4.95971e+116
4.57158e+116
4.32858e+116
4.21757e+116
4.17735e+116
4.1701e+116
4.1795e+116
4.20411e+116
4.26219e+116
4.35633e+116
1.1343e+112
4.06815e+113
4.08957e+113
4.73381e+113
5.02328e+113
5.32634e+113
5.56407e+113
5.7718e+113
5.94507e+113
6.08748e+113
6.19853e+113
6.2783e+113
6.32721e+113
6.3471e+113
6.34184e+113
6.31764e+113
6.28293e+113
6.24776e+113
6.22292e+113
6.21863e+113
6.24311e+113
6.3012e+113
6.39337e+113
6.51543e+113
6.65893e+113
6.81205e+113
6.96091e+113
7.09116e+113
7.18994e+113
7.24803e+113
7.26192e+113
7.23562e+113
7.18148e+113
7.12008e+113
7.07922e+113
7.09264e+113
7.1984e+113
7.43767e+113
7.85482e+113
8.49947e+113
9.43148e+113
1.07296e+114
1.2504e+114
1.49136e+114
1.81872e+114
2.26508e+114
2.87617e+114
3.71526e+114
4.86886e+114
6.45435e+114
8.62982e+114
1.1607e+115
1.56671e+115
2.11794e+115
2.86227e+115
3.86177e+115
5.20122e+115
6.99789e+115
9.39714e+115
1.25642e+116
1.6669e+116
2.18481e+116
2.81312e+116
3.53215e+116
4.28426e+116
4.96232e+116
5.42283e+116
5.55519e+116
5.37713e+116
4.99349e+116
4.59585e+116
4.34336e+116
4.2258e+116
4.18162e+116
4.17251e+116
4.18184e+116
4.20883e+116
4.27494e+116
4.37276e+116
1.76218e+111
3.80966e+113
3.90268e+113
4.53979e+113
4.82866e+113
5.12532e+113
5.35631e+113
5.55639e+113
5.7215e+113
5.85528e+113
5.9573e+113
6.02769e+113
6.06693e+113
6.07689e+113
6.06148e+113
6.02686e+113
5.98141e+113
5.93507e+113
5.89851e+113
5.8818e+113
5.89302e+113
5.93687e+113
6.01377e+113
6.11951e+113
6.24568e+113
6.3805e+113
6.51018e+113
6.62048e+113
6.69866e+113
6.73561e+113
6.72792e+113
6.67961e+113
6.60297e+113
6.51842e+113
6.45359e+113
6.44201e+113
6.52155e+113
6.73328e+113
7.12163e+113
7.73654e+113
8.63851e+113
9.90727e+113
1.16546e+114
1.40413e+114
1.72988e+114
2.17568e+114
2.78772e+114
3.62995e+114
4.78983e+114
6.38603e+114
8.57853e+114
1.15816e+115
1.56802e+115
2.12486e+115
2.87722e+115
3.8884e+115
5.24513e+115
7.06617e+115
9.49854e+115
1.27098e+116
1.68719e+116
2.21222e+116
2.84885e+116
3.5768e+116
4.33715e+116
5.02052e+116
5.47921e+116
5.59941e+116
5.41008e+116
5.0218e+116
4.61773e+116
4.35734e+116
4.23331e+116
4.18545e+116
4.17452e+116
4.18366e+116
4.21329e+116
4.28757e+116
4.38506e+116
1.87089e+112
3.89638e+113
4.04409e+113
4.68367e+113
4.98176e+113
5.28428e+113
5.52161e+113
5.72789e+113
5.89938e+113
6.03974e+113
6.14858e+113
6.22611e+113
6.27284e+113
6.29071e+113
6.28362e+113
6.2578e+113
6.22158e+113
6.18492e+113
6.15842e+113
6.15213e+113
6.17409e+113
6.22898e+113
6.31724e+113
6.43472e+113
6.57306e+113
6.72059e+113
6.86364e+113
6.9881e+113
7.0814e+113
7.13457e+113
7.14435e+113
7.1149e+113
7.05859e+113
6.99591e+113
6.95455e+113
6.9681e+113
7.07454e+113
7.31512e+113
7.73457e+113
8.38332e+113
9.32256e+113
1.0633e+114
1.24277e+114
1.48689e+114
1.81905e+114
2.27244e+114
2.89365e+114
3.74708e+114
4.92085e+114
6.53453e+114
8.74932e+114
1.17813e+115
1.59175e+115
2.15356e+115
2.91255e+115
3.93277e+115
5.30206e+115
7.13996e+115
9.59465e+115
1.28351e+116
1.70345e+116
2.2331e+116
2.87513e+116
3.60886e+116
4.37444e+116
5.0606e+116
5.51548e+116
5.62358e+116
5.43191e+116
5.04613e+116
4.63742e+116
4.37143e+116
4.2426e+116
4.19183e+116
4.17925e+116
4.18793e+116
4.21929e+116
4.29688e+116
4.39076e+116
)
;

boundaryField
{
    inletFace
    {
        type            zeroGradient;
    }
    inlet
    {
        type            zeroGradient;
    }
    inletWalls
    {
        type            zeroGradient;
    }
    outletInlet
    {
        type            cyclicAMI;
        value           nonuniform List<scalar> 
15
(
4.23507e+116
4.24241e+116
4.24086e+116
4.24015e+116
4.24105e+116
4.23924e+116
4.2408e+116
4.23967e+116
4.24027e+116
4.24026e+116
4.23958e+116
4.24044e+116
4.23811e+116
4.23763e+116
4.22933e+116
)
;
    }
    fineSymmetryWall
    {
        type            symmetryPlane;
    }
    fineWalls
    {
        type            zeroGradient;
    }
    fineCyclicBoundary
    {
        type            fixedValue;
        value           uniform 0;
    }
    fineplug
    {
        type            cyclicAMI;
        value           nonuniform List<scalar> 
80
(
4.22076e+116
4.22813e+116
4.23354e+116
4.24204e+116
4.24515e+116
4.24454e+116
4.24368e+116
4.24274e+116
4.24192e+116
4.24111e+116
4.24056e+116
4.24007e+116
4.23875e+116
4.24227e+116
4.24222e+116
4.24177e+116
4.2416e+116
4.24099e+116
4.24033e+116
4.23971e+116
4.23897e+116
4.23864e+116
4.24194e+116
4.24197e+116
4.24161e+116
4.24111e+116
4.24066e+116
4.24029e+116
4.23972e+116
4.23916e+116
4.23848e+116
4.23835e+116
4.24136e+116
4.2414e+116
4.24105e+116
4.24057e+116
4.24004e+116
4.23967e+116
4.23925e+116
4.23864e+116
4.23882e+116
4.24117e+116
4.24132e+116
4.24118e+116
4.24072e+116
4.24022e+116
4.23967e+116
4.23915e+116
4.23883e+116
4.23925e+116
4.24124e+116
4.2413e+116
4.241e+116
4.24075e+116
4.24033e+116
4.23975e+116
4.23921e+116
4.23857e+116
4.23928e+116
4.24101e+116
4.24102e+116
4.24068e+116
4.24021e+116
4.23971e+116
4.23935e+116
4.23856e+116
4.23781e+116
4.23699e+116
4.23782e+116
4.23862e+116
4.23864e+116
4.23817e+116
4.23752e+116
4.23677e+116
4.23575e+116
4.23397e+116
4.23116e+116
4.22933e+116
4.22555e+116
4.22447e+116
)
;
    }
    faceFine
    {
        type            zeroGradient;
    }
}


// ************************************************************************* //
