/*--------------------------------*- C++ -*----------------------------------*\
| =========                 |                                                 |
| \\      /  F ield         | OpenFOAM: The Open Source CFD Toolbox           |
|  \\    /   O peration     | Version:  4.1                                   |
|   \\  /    A nd           | Web:      www.OpenFOAM.org                      |
|    \\/     M anipulation  |                                                 |
\*---------------------------------------------------------------------------*/
FoamFile
{
    version     2.0;
    format      ascii;
    class       volScalarField;
    location    "6";
    object      p;
}
// * * * * * * * * * * * * * * * * * * * * * * * * * * * * * * * * * * * * * //

dimensions      [0 2 -2 0 0 0 0];

internalField   nonuniform List<scalar> 
6785
(
4415.58
4351.06
4299.67
4249.9
4203.73
4160.39
4119.73
4081.49
4045.44
4011.07
3978.13
3947.93
3919.58
3885.24
3853.44
3875.67
3857.62
3860
3855.27
3851.45
3847.58
3844.12
3841.32
3839.38
3838.39
3838.31
3839.54
3842.92
3846.06
3845.86
3816.64
3810.6
3820.12
3819.45
3822.59
3824.89
3827.35
3829.68
3831.9
3833.98
3835.79
3837.15
3838.21
3839.72
3841.56
3868.42
3866.34
3871.51
3868.15
3868.97
3867.84
3867.03
3866.07
3865.12
3864.22
3863.43
3862.75
3862.34
3862.84
3864.88
3879.66
3878.42
3881.98
3879.07
3881
3880.69
3881.13
3881.56
3882.1
3882.75
3883.54
3884.51
3885.74
3886.91
3888.37
3885.74
3885.53
3888.48
3886.8
3889.2
3889.28
3890.32
3891.05
3891.78
3892.4
3892.95
3893.52
3894.24
3894.77
3895.33
3894.43
3894.39
3896.48
3894.89
3896.63
3896.07
3896.63
3896.64
3896.73
3896.63
3896.46
3896.31
3896.3
3896.27
3896.13
3895.98
3895.24
3896.48
3894.67
3895.7
3894.66
3894.83
3894.35
3894.02
3893.42
3892.78
3892.18
3891.64
3891.09
3890.33
3886.63
3885.19
3885.62
3883.69
3884.09
3882.75
3882.56
3881.73
3881.16
3880.39
3879.68
3878.97
3878.1
3877.02
3875.91
3869.13
3867.63
3867.51
3865.66
3865.56
3863.99
3863.4
3862.21
3861.33
3860.44
3859.72
3859
3858.1
3857.33
3857.14
3854.23
3853.35
3853.25
3851.68
3851.53
3850.08
3849.62
3848.69
3848.03
3847.34
3846.74
3846.21
3845.73
3845.64
3846.33
3848.41
3848.37
3848.25
3847.21
3847.33
3846.52
3846.43
3846.07
3845.84
3845.56
3845.31
3845.11
3845.12
3845.23
3846.21
3849.45
3850
3850.81
3850.44
3851.15
3851.24
3851.97
3852.89
3854.16
3855.32
3856.12
3856.78
3857.86
3859.28
3861.39
3849.59
3855
3860.37
3865.79
3871.89
3877.5
3883.39
3888.74
3893.07
3895.27
3895.68
3896.35
3898.72
3900.46
3901.42
3875.95
3853.65
3842.27
3834.88
3828.49
3824.91
3822.73
3822.77
3824.56
3828.54
3833.67
3841.62
3854.78
3871.48
3883.44
4458.39
4458.44
4458.31
4458.08
4457.86
4458.08
4457.68
4456.28
4455.46
4455.86
4454.49
4450.02
4451.03
4448.12
4442.25
4439.34
4441.36
4437.76
4426.48
4428.56
4424.31
4412.98
4407.48
4414.23
4406.77
4392.03
4385.9
4394.67
4388.71
4367.42
4372.55
4368.82
4351.37
4343.14
4355.56
4349.96
4324.88
4330.65
4328.39
4309.52
4299.82
4314.2
4307
4285.79
4276.32
4290.01
4286.11
4260.47
4264.01
4264.1
4245.88
4235.49
4246.84
4242.18
4222.48
4212.73
4222.42
4220.74
4198.52
4199.19
4200.58
4185.12
4175.99
4181.9
4181.52
4163.69
4162.47
4164.72
4152.66
4145.39
4148.19
4148.69
4137.36
4131.18
4132.7
4132.56
4122.91
4118.97
4115.27
4110.8
4108.69
4109.94
4106.79
4139.86
4093.87
4096.5
4094.67
4091.14
4089.6
4087.1
4087.66
4085.42
4123.44
4075.26
4077.6
4078.24
4078.69
4078.63
4077.06
4069.3
4044.43
4063.93
4009.17
3999.89
3986.06
3973.47
3960.82
3948.26
3937
3925.28
3913.39
3911.97
3870.32
3855.99
3840.6
3824.48
3810.85
3798.18
3783.64
3768.96
3728.08
3718.76
3707.27
3695.02
3679.79
3666.01
3651.49
3640.31
3628.02
3555.81
3566.01
3548.55
3537.15
3523.51
3508.86
3493.23
3478.57
3466.88
3371.71
3401.91
3379.33
3364.33
3344.47
3328.26
3308.73
3286.46
3261.72
3245.51
3115.79
3170.4
3131.63
3110.34
3079.24
3051.49
3022.49
2985.57
2958.45
2788.18
2876.72
2817.02
2812.44
2813.57
2821.39
2819.6
2811.78
2817.64
2803.69
2826.54
2826.63
2804.82
2854.26
2842.53
2821.58
2838.32
2805.25
2884.28
2814.36
2754.17
2765.8
2706.53
2827.02
2713.98
2556.53
2754.34
2604.59
2474.22
2493.58
2406.12
2625.41
2417.89
2264.99
2291.31
2197.98
2449.63
2245.25
1978.68
2324.19
2100.05
1903.13
1942.46
1830.51
2167.21
1878.97
1666.03
1714.03
1599.16
1958.57
1689.09
1334.5
1808.73
1523.96
1267.04
1327.2
1193.4
1640.45
1276.46
1004.46
1073.67
938.98
1403.41
1069.89
627.802
1226.68
882.695
565.359
642.885
488.316
1042.1
601.47
268.855
354.044
198.692
765.837
362.223
-175.029
551.544
131.431
-248.578
-185.384
-297.533
0.0943284
0.539237
0.60319
0.85015
0.956601
1.05034
1.02914
0.930405
0.746606
0.508355
0.230614
-0.0693377
-0.381105
-0.709309
-1.01853
-1.31854
-1.72585
-1.8525
-1.84359
-12.8226
-17.2801
-21.302
-27.4519
-33.231
-38.3315
-42.4909
-44.9417
-44.1478
-41.7725
-37.8985
-34.4787
-28.5932
-21.1409
-12.4725
-2.69117
8.4223
17.9707
18.662
31.6262
43.8906
47.8358
50.7597
64.7825
68.3851
176.514
30.7333
27.3091
15.7641
-0.0776096
-8.83588
-7.31462
-25.2093
-39.889
-44.8516
-33.3635
4.3333
32.9322
27.5351
35.051
-20.0924
-35.3409
-41.2815
-43.225
-41.8672
-36.6457
-26.7962
-8.27952
15.2947
19.7467
9.157
9.02011
13.5113
20.0674
26.4592
31.5801
35.3203
37.8989
36.4994
35.8707
0.260632
1.43427
1.49171
1.98948
2.00096
1.9391
1.59585
1.18297
0.728862
0.281959
-0.199749
-0.729877
-1.31007
-1.98717
-2.69462
-3.36633
-3.88443
-3.63141
-4.144
-23.844
-32.0898
-40.1142
-51.8877
-62.5767
-71.9025
-79.3705
-83.7764
-82.542
-77.2668
-70.3534
-63.4113
-51.4132
-36.9446
-20.3942
-2.37462
16.4593
33.6529
41.328
59.207
75.3781
83.8698
87.6244
109.057
107.686
256.153
76.6001
72.7157
51.6648
18.63
-11.2094
-19.6228
-64.1581
-99.6667
-117.909
-107.193
-41.8512
48.6776
77.8222
86.8006
-45.3472
-83.1098
-97.4706
-101.95
-98.2335
-85.5296
-61.7712
-16.1928
29.5567
48.8585
32.0201
44.8031
57.5847
71.6614
84.4381
94.5105
102.127
107.467
109.674
106.171
0.515884
2.52095
2.65788
3.52409
3.5874
3.54558
3.04854
2.42392
1.68377
0.892246
-0.0153439
-1.04838
-2.20445
-3.56543
-5.0048
-6.39405
-7.62371
-8.0457
-8.51526
-28.1652
-36.9377
-46.5282
-60.213
-72.0519
-82.2587
-90.2957
-95.0158
-93.596
-86.391
-77.5864
-68.7894
-53.9648
-36.8294
-17.6153
2.77677
23.0735
41.7702
53.2553
70.6228
84.2396
93.0736
95.3263
117.043
106.534
235.707
111.792
109.12
73.411
29.7118
-13.0596
-42.4658
-125.507
-190.967
-220.329
-198.812
-79.5465
81.2383
136.392
103.671
-63.725
-110.839
-129.513
-135.866
-130.566
-112.496
-79.2961
-17.5456
38.2145
76.6953
49.1992
73.5683
97.0841
123.001
146.534
165.015
178.943
188.642
192.646
199.456
0.660379
3.47914
3.65856
4.83744
4.89308
4.80872
4.11123
3.25036
2.2331
1.14168
-0.118041
-1.56385
-3.20102
-5.15777
-7.25871
-9.30909
-11.1176
-11.9903
-12.85
-32.3179
-43.255
-54.4339
-69.7966
-82.882
-94.1493
-103.025
-108.621
-107.983
-98.7555
-85.8613
-75.2498
-58.0315
-38.5241
-16.8532
5.90685
28.2182
48.4948
62.2191
80.948
93.8363
102.507
103.546
125.49
108.396
213.187
131.831
139.641
89.1415
36.3309
-14.0723
-67.2872
-189.795
-289.918
-330.44
-301.557
-141.549
87.7496
192.428
117.669
-90.1592
-147.967
-171.373
-179.24
-171.629
-147.174
-103.275
-25.0474
41.697
95.4684
64.9165
104.27
138.899
175.19
207.762
233.114
252.24
265.584
271.828
274.697
0.764314
4.43205
4.63667
6.12462
6.17463
6.06545
5.20571
4.15497
2.89827
1.52296
-0.0980689
-1.98903
-4.16068
-6.79096
-9.65139
-12.4799
-15.0338
-16.6562
-18.2848
-37.1744
-51.4737
-64.5549
-82.0675
-97.2861
-110.417
-120.757
-127.598
-127.884
-117.438
-100.23
-87.8016
-67.794
-45.2124
-20.1361
6.1659
31.9293
55.1678
71.6301
93.2262
107.257
116.629
117.132
139.886
118.624
203.964
143.844
163.578
102.663
41.2994
-17.1571
-98.4181
-265.801
-407.672
-460.68
-421.656
-218.757
80.2106
224.371
125.025
-122.489
-190.042
-217.326
-225.834
-215.547
-184.849
-130.638
-37.5235
37.7572
107.478
78.6825
133.778
180.833
227.988
269.963
302.376
326.838
343.902
353.309
366.371
0.801478
5.34649
5.53527
7.3099
7.33285
7.19042
6.17752
4.95617
3.48075
1.83793
-0.134553
-2.46917
-5.18311
-8.51019
-12.1696
-15.8343
-19.2218
-21.7211
-24.2323
-42.1636
-59.9348
-74.8166
-94.498
-112.006
-127.008
-138.721
-146.549
-147.357
-136.301
-115.085
-100.631
-77.547
-51.5699
-22.7953
7.29015
36.6513
63.0478
82.5911
106.734
121.693
131.851
131.643
154.543
129.526
197.697
148.024
180.642
113.604
46.1943
-20.6919
-133.863
-351.441
-542.859
-611.481
-563.167
-320.86
47.2368
233.236
119.096
-160.851
-234.601
-264.19
-272.42
-259.179
-222.584
-159.097
-54.2968
28.0841
112.268
91.8492
163.317
223.82
281.54
332.472
371.469
400.929
421.378
431.004
441.734
0.779374
6.24274
6.36933
8.41302
8.39374
8.22125
7.07867
5.72178
4.06036
2.1701
-0.151008
-2.94515
-6.23305
-10.3076
-14.8353
-19.4241
-23.7674
-27.3022
-30.7457
-47.4248
-68.4441
-85.0709
-106.818
-126.495
-143.139
-156.018
-164.629
-165.754
-154.545
-128.989
-111.981
-85.7887
-56.3898
-23.992
9.7188
42.4579
71.757
94.2254
120.488
135.965
146.626
145.395
167.713
139.158
193.173
146.935
191.035
122.485
51.9406
-24.3435
-173.275
-448.083
-699.107
-788.034
-731.731
-451.017
-11.8742
220.055
97.9097
-207.327
-284.165
-314.377
-321.24
-304.594
-262.296
-190.364
-76.9345
12.168
110.012
104.543
192.595
267.678
335.913
395.616
440.958
475.256
499.058
514.687
521.587
0.688894
7.11624
7.12529
9.41804
9.34044
9.14316
7.89588
6.43784
4.61948
2.49707
-0.17375
-3.4459
-7.33941
-12.2078
-17.6659
-23.2572
-28.659
-33.3413
-37.7654
-53.0377
-77.1702
-95.6924
-119.47
-141.282
-159.505
-173.518
-182.87
-184.175
-173.367
-143.484
-123.143
-93.9344
-61.1127
-25.1337
12.1574
48.266
80.42
105.671
134.049
150.125
161.192
158.913
180.334
148.794
192.183
143.678
195.392
130.852
60.5146
-26.8677
-214.96
-555.212
-876.114
-994.167
-933.868
-615.785
-103.068
179.525
59.0583
-262.417
-339.075
-368.003
-372.38
-351.963
-304.369
-224.911
-106.09
-10.6208
100.685
116.952
221.866
312.536
391.107
459.26
510.613
549.483
576.428
594.768
613.22
0.527271
7.96801
7.79996
10.3229
10.1752
9.96638
8.64677
7.12686
5.18177
2.84091
-0.184611
-3.95996
-8.49853
-14.212
-20.6675
-27.3441
-33.9045
-39.8226
-45.292
-59.1502
-86.2828
-106.772
-132.542
-156.539
-176.358
-191.529
-201.583
-202.874
-192.886
-159.43
-134.735
-102.569
-66.245
-26.6237
14.3273
53.9189
89.0316
117.084
147.654
164.506
175.998
172.754
193.119
158.965
193.894
140.023
194.831
138.932
73.3261
-27.7714
-258.054
-672.897
-1073.49
-1237.06
-1178.47
-821.374
-232.565
105.836
-0.514576
-326.535
-399.237
-424.815
-425.603
-401.105
-348.723
-262.875
-141.226
-40.9675
84.4959
129.081
251.212
358.4
447.152
523.44
580.5
623.737
653.561
672.57
689.11
0.289951
8.79258
8.3863
11.1221
10.8985
10.7002
9.347
7.80573
5.76084
3.21016
-0.18019
-4.48917
-9.71713
-16.3269
-23.8451
-31.6887
-39.5024
-46.7248
-53.3291
-66.0698
-95.7703
-118.266
-145.964
-172.235
-193.654
-209.994
-220.692
-221.772
-212.745
-176.766
-146.588
-111.42
-71.4694
-28.1058
16.6058
59.7803
97.9428
128.856
161.607
179.3
191.203
187.032
206.175
169.447
196.405
137.075
190.902
145.963
89.4577
-26.4699
-301.615
-800.527
-1290.62
-1526.36
-1476.58
-1075.83
-408.603
-5.49754
-83.0829
-400.183
-464.776
-484.866
-480.999
-452.148
-395.542
-304.764
-181.976
-78.9717
61.935
141.03
280.79
405.298
504.046
588.106
650.551
697.936
730.515
754.731
768.571
-0.0245032
9.58257
8.87996
11.8151
11.519
11.3634
10.0213
8.49898
6.3769
3.61982
-0.150018
-5.02724
-10.9931
-18.5502
-27.1958
-36.2888
-45.4515
-54.0491
-61.8794
-73.9287
-105.575
-130.205
-159.794
-188.491
-211.499
-228.985
-240.255
-240.943
-232.71
-195.25
-158.719
-120.305
-76.6114
-29.4078
19.1502
65.9801
107.247
141.059
175.943
194.492
206.766
201.68
219.459
180.127
198.979
135.8
185.405
151.692
107.484
-22.6993
-345.066
-937.605
-1528.86
-1866.01
-1838.46
-1390.21
-641.217
-158.082
-190.048
-483.652
-535.618
-548.042
-538.527
-505.134
-444.919
-350.745
-228.72
-124.467
33.4465
153.029
310.77
453.25
561.806
653.24
720.746
772.03
807.166
834.39
856.655
-0.414707
10.3267
9.27783
12.4045
12.0506
11.98
10.6976
9.23171
7.04863
4.08228
-0.0860823
-5.56854
-12.3223
-20.8766
-30.7118
-41.1359
-51.7455
-61.8043
-70.9463
-82.7165
-115.856
-142.596
-174.158
-205.482
-230.092
-248.653
-260.423
-260.548
-252.634
-214.591
-171.573
-129.265
-81.7325
-30.5903
21.8985
72.455
116.878
153.63
190.61
210.042
222.658
216.687
233.007
191.184
202.252
136.59
179.993
156.817
126.858
-16.5391
-388.197
-1083.91
-1791.88
-2253.36
-2271.61
-1777.38
-940.976
-357.05
-323.039
-577.322
-611.69
-614.167
-598.089
-560.023
-496.871
-400.561
-282.131
-177.081
-0.496665
165.517
341.372
502.277
620.448
718.818
791.043
845.973
883.459
913.074
931.215
-0.874419
11.0107
9.5798
12.8983
12.5146
12.5801
11.4067
10.0293
7.79403
4.60921
0.0198629
-6.10514
-13.696
-23.2951
-34.3795
-46.2146
-58.3702
-69.998
-80.5997
-92.5674
-126.601
-155.438
-189.146
-223.227
-249.533
-269.115
-281.325
-280.743
-272.453
-234.442
-185.729
-138.419
-86.9009
-31.7037
24.8141
79.1796
126.82
166.58
205.626
225.976
238.922
232.11
246.91
202.882
207.164
139.479
175.896
162.606
147.475
-8.52318
-431.568
-1240.07
-2084.65
-2691.69
-2782.36
-2250.28
-1320.68
-607.96
-483.861
-681.841
-693.009
-683.105
-659.588
-616.735
-551.409
-453.995
-342.669
-236.169
-39.5301
179.1
372.888
552.404
679.998
784.833
861.407
919.716
959.34
992.079
1018.07
-1.39157
11.6176
9.78923
13.3102
12.9384
13.1965
12.1785
10.9146
8.62835
5.21016
0.175172
-6.628
-15.1023
-25.7905
-38.1802
-51.5039
-65.303
-78.6212
-90.8869
-103.607
-137.804
-168.846
-204.827
-241.694
-269.872
-290.472
-303.064
-301.664
-292.282
-254.555
-201.459
-147.981
-92.1379
-32.7402
27.9227
86.189
137.115
179.97
221.056
242.351
255.619
248.012
261.236
215.418
214.555
144.519
173.88
169.885
169.048
0.185355
-476.872
-1408.23
-2412.68
-3188.69
-3376.07
-2820.77
-1794.89
-916.278
-674.071
-798.097
-779.626
-754.77
-722.872
-675.114
-608.432
-510.878
-410.734
-301
-83.7277
194.414
405.694
603.672
740.49
851.291
931.812
993.232
1034.69
1067.28
1091.04
-1.94735
12.1292
9.91383
13.6593
13.3533
13.8626
13.0404
11.9065
9.56362
5.89303
0.387221
-7.12638
-16.5263
-28.3444
-42.0926
-56.979
-72.5144
-87.6456
-101.779
-115.798
-149.721
-182.881
-221.275
-260.878
-291.145
-312.815
-325.735
-323.442
-312.367
-274.875
-218.491
-158.291
-97.4839
-33.6886
31.2548
93.5209
147.798
193.856
236.947
259.205
272.79
264.431
276.022
228.891
225.067
151.842
174.321
178.825
190.86
7.66952
-527.144
-1592.49
-2781.65
-3749.36
-4056.94
-3499.65
-2377.15
-1286.92
-894.752
-927.019
-871.565
-829.073
-787.703
-734.909
-667.714
-570.908
-486.829
-371.116
-134.134
211.877
440.258
656.151
801.968
918.214
1002.24
1066.5
1109.64
1147
1167.08
-2.51638
12.5277
9.96635
13.9696
13.7925
14.6089
14.0142
13.0183
10.6081
6.66409
0.663722
-7.58789
-17.9512
-30.9368
-46.0946
-62.6144
-79.9717
-97.031
-113.204
-128.998
-162.274
-197.605
-238.569
-280.81
-313.36
-336.211
-349.438
-346.196
-332.976
-295.407
-236.277
-169.594
-103.049
-34.5596
34.8258
101.199
158.904
208.27
253.336
276.566
290.466
281.397
291.282
243.319
239.029
161.202
177.223
189.36
211.812
11.1916
-586.641
-1798.76
-3197.2
-4380.3
-4832.18
-4298.84
-3077.09
-1722.79
-1146.23
-1069.23
-968.728
-905.838
-853.775
-795.786
-728.92
-633.673
-571.764
-446.358
-192.806
231.478
477.129
709.956
864.487
985.634
1072.69
1139.45
1184.03
1223.4
1252.19
-3.06801
12.7977
9.96494
14.2679
14.2878
15.4598
15.1155
14.2575
11.7663
7.52847
1.01297
-7.9989
-19.3595
-33.5482
-50.1649
-68.3848
-87.6403
-106.73
-125.074
-143.009
-175.225
-213.105
-256.696
-301.522
-336.498
-360.691
-374.264
-370.034
-354.339
-316.024
-254.469
-181.817
-108.977
-35.3836
38.6477
109.243
170.493
223.238
270.26
294.465
308.685
298.946
307.023
258.65
256.39
171.999
182.296
201.316
230.412
7.18412
-660.506
-2033.77
-3664.71
-5090.9
-5711.99
-5229.3
-3902.34
-2224.25
-1427.46
-1224.66
-1070.77
-984.686
-920.699
-857.378
-791.554
-698.737
-666.621
-525.523
-261.152
252.777
516.902
765.261
928.121
1053.6
1143.17
1212.1
1257.78
1297.07
1324.17
-3.56859
12.9282
9.93293
14.582
14.8676
16.4328
16.3528
15.6269
13.0403
8.49092
1.44436
-8.34507
-20.7336
-36.1602
-54.2835
-74.2659
-95.4861
-116.693
-137.3
-157.609
-188.786
-229.254
-275.634
-323.05
-360.538
-386.247
-400.272
-395.054
-376.656
-336.607
-273.013
-194.686
-115.332
-36.2046
42.7382
117.678
182.627
238.784
287.765
312.936
327.491
317.114
323.236
274.768
276.704
184.129
188.889
214.384
244.532
-8.62066
-754.303
-2303.47
-4187.28
-5885.27
-6698.48
-6297.7
-4860.51
-2791.05
-1736.1
-1392.34
-1176.96
-1064.93
-987.891
-919.231
-854.966
-765.713
-772.109
-605.004
-336.594
275.282
560.168
822.301
992.957
1122.16
1213.71
1284.47
1331.01
1374.16
1398.61
-3.98439
12.9151
9.89794
14.9382
15.5546
17.5388
17.7293
17.1263
14.4309
9.5563
1.9688
-8.61021
-22.0555
-38.7556
-58.4308
-80.2332
-103.476
-126.873
-149.801
-172.593
-203.04
-245.913
-295.412
-345.417
-385.482
-412.867
-427.47
-421.335
-400.089
-357.32
-291.984
-208.043
-122.052
-37.0468
47.1215
126.55
195.35
254.946
305.902
332.019
346.94
335.927
339.892
291.504
299.167
197.536
195.888
227.913
251.308
-41.028
-873.01
-2610.7
-4760.28
-6749.37
-7774.03
-7504.01
-5955.79
-3424.24
-2069.73
-1570.55
-1286.07
-1145.54
-1054.49
-980.695
-918.34
-834.213
-887.448
-681.374
-411.071
298.988
607.48
881.367
1059.1
1191.39
1284.33
1356.52
1403.64
1448.81
1479.68
-4.28478
12.7629
9.89029
15.3601
16.3658
18.783
19.2444
18.7547
15.9395
10.7293
2.59667
-8.77622
-23.3072
-41.3182
-62.5886
-86.2611
-111.578
-137.228
-162.521
-187.802
-217.515
-263.223
-316.016
-368.682
-411.38
-440.566
-455.854
-448.908
-424.744
-378.561
-311.327
-221.935
-129.053
-37.8947
51.8412
135.941
208.69
271.767
324.721
351.778
367.083
355.406
356.943
308.669
322.655
211.72
201.942
240.79
247.29
-95.478
-1019.24
-2951.37
-5364.34
-7643.6
-8898.17
-8828.57
-7178.68
-4123.94
-2426.59
-1757.44
-1396.66
-1225.25
-1119.46
-1040.93
-980.724
-903.656
-1009.7
-755.378
-474.3
324.617
659.32
942.787
1126.67
1261.35
1355.08
1428.31
1475.66
1522.07
1549.46
-4.44513
12.4863
9.94031
15.8674
17.3117
20.1669
20.8964
20.5117
17.5702
12.0178
3.33739
-8.82692
-24.4702
-43.8328
-66.7389
-92.323
-119.763
-147.725
-175.428
-203.119
-232.17
-281.194
-337.482
-392.966
-438.326
-469.414
-485.454
-477.786
-450.691
-400.697
-330.726
-236.463
-136.323
-38.7237
56.9389
145.982
222.711
289.294
344.254
372.292
387.965
375.579
374.329
326.082
345.719
226.278
205.887
251.481
229.331
-177.185
-1191.62
-3310.2
-5960.82
-8502.37
-10003.4
-10210.1
-8500.21
-4882.87
-2803.71
-1951.03
-1507.31
-1302.79
-1181.68
-1099.01
-1041.14
-973.195
-1134.03
-828.462
-519.019
353.356
716.055
1006.91
1195.78
1332.12
1426.01
1499.87
1547.11
1595.74
1628.43
-4.44878
12.1102
10.0756
16.4753
18.3979
21.69
22.6831
22.3981
19.33
13.4369
4.20563
-8.74968
-25.5254
-46.2844
-70.8649
-98.3961
-128.008
-158.337
-188.507
-218.516
-247.573
-299.828
-359.9
-418.411
-466.472
-499.54
-516.368
-508.034
-477.995
-423.901
-350.002
-251.607
-143.92
-39.505
62.4232
156.804
237.548
307.571
364.529
393.628
409.634
396.472
391.986
343.587
366.975
240.96
207.576
258.765
195.979
-289.148
-1386.05
-3661.42
-6496.73
-9245.38
-10997.9
-11549
-9876.65
-5685.97
-3194.94
-2148.61
-1616.67
-1376.91
-1240.06
-1153.97
-1098.54
-1041.96
-1255.55
-898.772
-540.382
386.441
777.857
1074.04
1266.51
1403.75
1497.2
1571.25
1617.95
1665.59
1696.37
-4.28853
11.668
10.3197
17.1951
19.6269
23.3508
24.6039
24.4162
21.2276
15.0045
5.21939
-8.53322
-26.4595
-48.6596
-74.9515
-104.465
-136.296
-169.054
-201.76
-234.066
-263.957
-319.509
-383.355
-445.188
-496.021
-531.111
-548.733
-539.753
-506.736
-448.216
-369.442
-267.089
-151.926
-40.2344
68.3099
168.427
253.378
326.635
385.586
415.829
432.135
418.114
409.854
361.075
385.649
256.892
208.428
262.181
147.21
-430.775
-1600.7
-3982.39
-6929.2
-9812.56
-11802.5
-12745.4
-11250.5
-6518.88
-3593.23
-2347.06
-1723.58
-1446.65
-1293.82
-1205.05
-1151.94
-1109.47
-1370.39
-963.704
-533.788
425.276
844.691
1144.4
1338.96
1476.29
1568.68
1642.54
1688.38
1739.1
1766.05
-3.96747
11.1968
10.6917
18.0342
21.0008
25.1488
26.6599
26.5692
23.2709
16.7344
6.39124
-8.17091
-27.2698
-50.9494
-78.9888
-110.523
-144.622
-179.874
-215.199
-249.852
-281.238
-340.216
-407.982
-473.471
-527.215
-564.347
-582.688
-573.032
-537.004
-473.715
-389.466
-282.48
-160.366
-40.9234
74.5784
180.79
270.398
346.538
407.474
438.929
455.519
440.539
427.879
378.499
401.291
276.006
210.644
260.311
81.7548
-598.456
-1839.66
-4274.04
-7258.75
-10206.8
-12407.5
-13743.1
-12557
-7373.2
-3994.84
-2544.24
-1827.42
-1511.81
-1342.82
-1251.97
-1200.6
-1175.92
-1476.44
-1025.2
-496.07
471.57
916.381
1218.1
1413.18
1549.78
1640.52
1713.77
1758.33
1809.9
1842.1
-3.49775
10.7345
11.2076
18.9979
22.5228
27.0868
28.8569
28.86
25.4656
18.6357
7.73311
-7.66226
-27.9598
-53.1513
-82.9752
-116.571
-152.989
-190.805
-228.852
-265.986
-299.619
-361.729
-433.813
-503.395
-560.284
-599.531
-618.451
-607.951
-568.859
-500.541
-410.248
-297.659
-169.099
-41.5644
81.2034
193.852
288.583
367.405
430.242
462.962
479.84
463.785
446.019
395.755
413.321
297.871
215.127
247.708
-4.9396
-793.132
-2110.83
-4561.12
-7532.05
-10502.5
-12884.4
-14573.2
-13746.3
-8243.56
-4399.47
-2739.72
-1928.25
-1572.92
-1387.52
-1294.89
-1244.21
-1242.12
-1571.9
-1093.57
-428.419
527.205
992.738
1295.11
1489.18
1624.22
1712.77
1785.03
1827.84
1878.09
1907.79
-2.89817
10.3178
11.8808
20.0909
24.1972
29.1702
31.2087
31.2924
27.8207
20.718
9.25738
-7.00624
-28.5343
-55.2683
-86.9122
-122.612
-161.409
-201.875
-242.761
-282.619
-319.432
-384.347
-460.85
-535.01
-595.377
-636.913
-656.338
-644.713
-602.332
-528.786
-431.844
-312.871
-177.804
-42.147
88.2059
207.61
307.822
389.533
453.952
487.964
505.159
487.895
464.246
412.615
421.133
320.48
219.458
215.078
-120.455
-1024.49
-2417.48
-4866.07
-7802.71
-10798.3
-13330
-15337.1
-14792.7
-9124.76
-4806.6
-2933.78
-2026.48
-1630.62
-1428.66
-1334.24
-1282.86
-1309.53
-1653.82
-1184.18
-337.583
593.828
1073.67
1375.32
1566.94
1699.59
1785.48
1856.4
1897.04
1948.99
1974.7
-2.1916
9.97928
12.7194
21.3187
26.0278
31.408
33.7246
33.8794
30.357
22.998
10.9676
-6.20476
-29.0028
-57.3075
-90.8011
-128.648
-169.893
-213.122
-256.976
-299.872
-340.781
-407.886
-489.143
-568.346
-632.582
-676.647
-696.642
-683.673
-637.588
-558.496
-454.389
-328.333
-186.203
-42.6274
95.6211
222.138
328.165
413.198
478.739
513.977
531.546
512.916
482.556
428.781
424.554
342.873
217.703
155.571
-273.429
-1296.58
-2754.07
-5192.62
-8090.87
-11135.7
-13787.5
-16106.1
-15713.3
-10013.9
-5212.56
-3125.88
-2122.23
-1685.3
-1466.79
-1370.4
-1316.89
-1380.39
-1723.42
-1306.48
-233.357
672.427
1159.26
1458.55
1646.36
1775.88
1858.67
1927.91
1965.92
2017.82
2046.02
-1.40261
9.74734
13.7241
22.6889
28.0191
33.8203
36.4094
36.6469
33.0968
25.4917
12.8615
-5.27227
-29.3804
-59.277
-94.6452
-134.685
-178.456
-224.579
-271.561
-317.833
-363.465
-432.037
-518.636
-603.421
-671.955
-718.837
-739.57
-725.169
-674.969
-589.814
-478.079
-344.153
-194.253
-42.8485
103.511
237.471
349.666
438.56
504.942
541.052
559.08
538.905
500.978
443.829
423.951
364.983
203.008
67.9231
-470.242
-1603.21
-3112.92
-5535.16
-8389.07
-11485
-14236
-16867.2
-16578.6
-10908.2
-5609.98
-3313.86
-2214.98
-1736.97
-1502.06
-1403.4
-1346.45
-1456.41
-1783.92
-1453.51
-123.751
763.088
1249.64
1544.59
1727.35
1853.05
1932.37
1999.62
2034.49
2085.17
2108.39
-0.556243
9.64614
14.8913
24.2097
30.1751
36.421
39.2794
39.6243
36.0551
28.2006
14.9278
-4.23303
-29.6795
-61.1773
-98.4433
-140.728
-187.114
-236.265
-286.576
-336.566
-387.257
-457.124
-549.441
-640.23
-713.529
-763.558
-785.253
-769.394
-714.774
-622.971
-503.078
-360.504
-202.115
-42.589
111.965
253.611
372.386
465.64
533.075
569.275
587.847
565.923
519.583
457.302
419.894
384.426
171.187
-48.0879
-711.532
-1939.52
-3494.14
-5894.52
-8692.39
-11810.4
-14648.4
-17573.8
-17447.3
-11794.6
-5989.05
-3493.52
-2303.34
-1785.24
-1534.42
-1433.05
-1371.37
-1536.23
-1826.55
-1592.25
-11.4343
865.021
1344.91
1633.21
1809.78
1931.07
2006.54
2071.52
2102.77
2153.06
2176.3
0.322113
9.69422
16.2128
25.8859
32.4987
39.1767
42.3346
42.8244
39.2528
31.115
17.1355
-3.10935
-29.898
-62.9966
-102.183
-146.773
-195.877
-248.199
-302.068
-356.108
-412.02
-483.231
-581.6
-678.795
-757.334
-810.864
-833.76
-816.438
-757.136
-658.125
-529.482
-377.585
-209.959
-41.7434
121.093
270.593
396.297
494.352
563.662
598.838
617.944
594.048
538.473
468.871
412.754
393.606
121.397
-194.053
-993.667
-2304.62
-3903.37
-6276
-9003.85
-12109.4
-15021.7
-18220.2
-18320.3
-12647.6
-6338.87
-3658.48
-2384.91
-1829.43
-1563.78
-1459.02
-1391.2
-1613.3
-1827.29
-1667.04
107.575
976.972
1444.96
1724.18
1893.54
2009.81
2081.12
2143.6
2170.71
2217.51
2236.31
1.20737
9.90373
17.677
27.7192
35.0039
42.0535
45.5578
46.2448
42.6978
34.2122
19.4449
-1.90641
-30.0153
-64.7089
-105.842
-152.808
-204.747
-260.403
-318.071
-376.483
-437.668
-510.483
-615.157
-719.173
-803.416
-860.814
-885.165
-866.388
-802.14
-695.349
-557.329
-395.504
-217.882
-40.3325
131.056
288.48
421.355
524.7
596.81
630.199
649.473
623.37
557.765
478.112
402.591
381.649
53.8984
-371.31
-1311.96
-2700.03
-4345.65
-6682.8
-9325.31
-12395.4
-15363
-18822.6
-19155.8
-13434.5
-6647.58
-3799.74
-2455.62
-1868.47
-1589.9
-1480.91
-1405.24
-1678.53
-1776.09
-1630.41
240.799
1097.71
1549.48
1817.26
1978.49
2089.17
2156.1
2215.89
2238.43
2284.76
2296.08
2.07669
10.2818
19.2697
29.7041
37.699
45.0834
48.9588
49.8949
46.3661
37.4454
21.8301
-0.602181
-29.994
-66.2755
-109.391
-158.815
-213.718
-272.898
-334.606
-397.708
-464.207
-539.39
-650.329
-761.467
-851.89
-913.509
-939.584
-919.377
-849.919
-734.732
-586.638
-414.289
-225.946
-38.3854
142.001
307.354
447.604
556.669
632.299
664.139
682.567
653.999
577.601
484.601
389.179
340.254
-32.5444
-580.158
-1662.84
-3128.62
-4825.36
-7117.91
-9660.61
-12671
-15662.3
-19361.9
-19887.1
-14122.1
-6902.08
-3905.62
-2509.13
-1900.46
-1612.32
-1498.27
-1413.6
-1727.37
-1705.66
-1477.9
393.887
1226.23
1657.97
1912.25
2064.45
2169.08
2231.49
2288.41
2305.95
2349.9
2358.79
2.91114
10.8319
20.9759
31.8268
40.5578
48.3037
52.5692
53.7914
50.2213
40.7653
24.296
0.84784
-29.7841
-67.6534
-112.798
-164.77
-222.776
-285.675
-351.669
-419.774
-491.686
-570.251
-687.098
-805.718
-902.896
-969.127
-997.178
-975.576
-900.645
-776.411
-617.443
-433.925
-234.196
-35.9077
154.012
327.368
475.165
590.311
670.021
701.23
717.387
686.065
598.15
488.239
371.162
268.458
-143.04
-820.546
-2045.18
-3593.91
-5346.47
-7585.06
-10014.5
-12935.7
-15904.7
-19793
-20436.8
-14677.9
-7088.57
-3961.98
-2536.87
-1922.49
-1630.36
-1510.91
-1418.9
-1761.89
-1668.17
-1244.38
567.434
1361.56
1769.9
2008.91
2151.22
2249.46
2307.28
2361.19
2373.29
2412.79
2414.71
3.69527
11.5532
22.7826
34.0812
43.5453
51.7076
56.4144
57.9243
54.2104
44.1457
26.8821
2.49945
-29.3336
-68.803
-116.03
-170.644
-231.894
-298.708
-369.232
-442.64
-520.159
-603.332
-725.514
-852.009
-956.593
-1027.91
-1058.19
-1035.2
-954.479
-820.536
-649.784
-454.368
-242.637
-32.8887
167.153
348.801
504.156
625.685
710.052
741.871
754.319
719.723
619.598
489.177
346.947
173.178
-284.285
-1092.64
-2459.59
-4100.49
-5912.49
-8088.66
-10390.9
-13189.1
-16088.6
-20095.7
-20756.8
-15070.9
-7193.74
-3952.8
-2528.15
-1931.14
-1643.46
-1518.45
-1427.48
-1781.93
-1694.07
-966.987
758.239
1502.65
1884.66
2106.89
2238.57
2330.22
2383.39
2434.21
2440.54
2477.62
2468.84
4.41688
12.4403
24.6802
36.4742
46.6491
55.2809
60.4981
62.2437
58.2714
47.5954
29.6456
4.40912
-28.5992
-69.6906
-119.057
-176.402
-241.032
-311.948
-387.251
-466.248
-549.688
-638.889
-765.513
-900.354
-1013.09
-1090.11
-1122.96
-1098.57
-1011.64
-867.265
-683.716
-475.56
-251.215
-29.2919
181.521
371.971
534.682
662.821
752.701
786.516
794.075
755.175
642.163
487.799
315.521
63.9737
-455.901
-1396.11
-2906.52
-4655.02
-6528.09
-8634.63
-10792.4
-13429.4
-16213.5
-20249.4
-20861.3
-15273.3
-7206.31
-3860.94
-2469.11
-1921.95
-1651.78
-1519.75
-1446.17
-1776.07
-1748.51
-663.867
962.026
1648.32
2001.53
2205.74
2326.3
2411.19
2459.75
2507.45
2507.75
2540.94
2523.46
5.06816
13.482
26.6568
39.0008
49.8674
59.0264
64.793
66.6766
62.3647
51.1587
32.6461
6.62521
-27.5468
-70.2859
-121.846
-182.01
-250.145
-325.338
-405.663
-490.518
-580.276
-676.684
-806.935
-950.787
-1072.51
-1155.94
-1191.84
-1166.09
-1072.48
-916.828
-719.345
-497.451
-259.836
-25.0448
197.252
397.125
567.055
701.801
798.299
835.343
837.559
792.734
666.077
484.91
274.788
-52.8924
-650.688
-1731.13
-3386.01
-5264.55
-7198.61
-9228.42
-11221.6
-13655.2
-16271.3
-20187.9
-20769.8
-15247.3
-7118.06
-3669.46
-2341.11
-1884.06
-1654.8
-1516.56
-1471.41
-1734.2
-1744.39
-336.295
1175
1797.35
2119.71
2305.01
2414.11
2492.21
2536.26
2580.86
2574.96
2602.96
2572.53
5.64549
14.6635
28.7031
41.6447
53.2073
62.9552
69.2478
71.1547
66.4901
54.8962
35.9375
9.1863
-26.1461
-70.5594
-124.369
-187.433
-259.188
-338.818
-424.392
-515.362
-611.86
-716.254
-849.824
-1003.32
-1134.92
-1225.62
-1265.13
-1238.21
-1137.46
-969.553
-756.866
-520.052
-268.384
-20.015
214.504
424.461
601.846
742.782
846.881
888.819
886.252
833.144
691.593
481.694
223.521
-175.779
-864.147
-2100.29
-3899.86
-5934.18
-7929.5
-9872.86
-11681.8
-13871.8
-16266
-19866.9
-20381.5
-14941
-6928.06
-3364.15
-2121.05
-1792.52
-1641.82
-1511.54
-1482.9
-1656.89
-1604.98
17.7525
1393.75
1948.37
2238.36
2404.22
2501.7
2573.08
2612.81
2654.39
2642.28
2665.56
2618.17
6.14852
15.9687
30.8215
44.4045
56.686
67.0619
73.7983
75.6277
70.6898
58.869
39.5657
12.1264
-24.3656
-70.4804
-126.593
-192.636
-268.119
-352.332
-443.361
-540.69
-644.334
-757.174
-894.203
-1057.9
-1200.38
-1299.3
-1343.13
-1315.31
-1207.03
-1025.81
-796.539
-543.46
-276.752
-14.021
233.43
454.223
639.667
786.189
898.248
947.052
941.401
877.611
718.999
479.333
163.439
-306.378
-1097.55
-2507.86
-4452.82
-6668.78
-8727.04
-10573.2
-12176.8
-14087.3
-16215.8
-19440.6
-19771.7
-14379.5
-6646.46
-2939.58
-1786.1
-1608.51
-1577.02
-1483.03
-1448.69
-1527.74
-1305.01
393.281
1614.66
2099.88
2356.64
2502.83
2588.76
2653.61
2689.25
2727.97
2709.76
2725.76
2662.38
6.58018
17.3754
32.9984
47.2684
60.3085
71.3075
78.3761
80.086
75.0296
63.135
43.572
15.4801
-22.1706
-70.0165
-128.485
-197.58
-276.891
-365.819
-462.49
-566.411
-677.574
-799.117
-940.405
-1114.6
-1268.92
-1377.14
-1426.05
-1397.73
-1281.55
-1085.93
-838.599
-567.806
-284.841
-6.88507
254.217
486.739
680.968
832.927
952.505
1008.02
1001.95
928.001
748.809
478.712
97.3106
-447.162
-1355.04
-2956.88
-5050.99
-7476.66
-9597.83
-11338.7
-12710.6
-14309.2
-16116.3
-18943.3
-19079.5
-13810.8
-6270.24
-2403.08
-1324.24
-1291.8
-1402.21
-1372.58
-1319.96
-1295.73
-863.385
778.785
1834
2250.41
2473.72
2600.34
2674.97
2733.56
2765.44
2801.53
2777.48
2787.6
2698.28
6.94786
18.8598
35.2072
50.2195
64.0568
75.6342
82.9246
84.5712
79.5807
67.7475
47.9961
19.2833
-19.5255
-69.1336
-130.01
-202.226
-285.458
-379.214
-481.694
-592.423
-711.438
-841.891
-988.739
-1173.28
-1340.5
-1459.27
-1514.12
-1485.72
-1361.35
-1150.18
-883.21
-593.169
-292.564
1.57596
277.17
522.357
726.118
884.131
1010.25
1070.29
1063.89
985.784
781.987
480.522
27.4293
-598.667
-1639.25
-3445.42
-5699.75
-8368.47
-10548.4
-12174.2
-13284.8
-14539.4
-15970.7
-18339.9
-18282.8
-13208.1
-5780.18
-1778.99
-744.668
-823.902
-1068.85
-1116.49
-1044.82
-911.368
-322.468
1161.35
2048.31
2398.52
2588.84
2696.29
2760.04
2812.73
2841.2
2874.93
2845.56
2848.28
2727.57
7.26366
20.4095
37.4562
53.2677
67.8955
79.984
87.4271
89.1536
84.4121
72.7547
52.8762
23.5706
-16.3966
-67.7965
-131.132
-206.531
-293.765
-392.449
-500.878
-618.606
-745.764
-885.358
-1039.36
-1233.88
-1415.14
-1545.8
-1607.55
-1579.5
-1446.64
-1218.77
-930.479
-619.549
-299.82
11.626
302.715
561.404
775.578
940.62
1072.51
1135.67
1124.42
1047.41
819.387
485.308
-44.2598
-758.545
-1949.2
-3964.98
-6401.78
-9354.48
-11589
-13078.5
-13900.2
-14777
-15788.3
-17646
-17362.5
-12452.4
-5173.51
-1100.65
-78.1037
-222.885
-571.193
-691.88
-610.87
-384.129
265.608
1529.53
2254.64
2542.88
2701.31
2790.27
2843.68
2890.88
2916.35
2948.07
2914.05
2908.09
2756.76
7.54035
22.0168
39.7639
56.4104
71.7829
84.3076
91.9186
93.9123
89.5844
78.1986
58.2464
28.3734
-12.7535
-65.972
-131.815
-210.454
-301.758
-405.447
-519.939
-644.831
-780.386
-929.433
-1092.56
-1296.22
-1492.73
-1636.85
-1706.57
-1679.3
-1537.59
-1291.84
-980.464
-646.884
-306.456
23.633
331.307
604.169
829.854
1002.78
1140.64
1206.21
1185.83
1107.65
861.441
493.449
-115.502
-923.276
-2281.64
-4506.22
-7159.17
-10444.2
-12732
-14050.2
-14557.3
-15021.2
-15575.7
-16878.1
-16341
-11546.6
-4477
-401.776
632.882
464.486
51.426
-129.572
-56.9146
225.134
852.297
1874.67
2450.73
2682.31
2810.51
2881.91
2925.63
2967.78
2990.65
3020.81
2982.91
2969.16
2776.18
7.78945
23.6689
42.1194
59.6185
75.685
88.582
96.4665
98.9238
95.1469
84.1142
64.1364
33.7194
-8.56948
-63.631
-132.022
-213.947
-309.376
-418.132
-538.769
-670.952
-815.118
-974.001
-1148.07
-1360.03
-1573.16
-1732.49
-1811.44
-1785.37
-1634.35
-1369.44
-1033.16
-675.059
-312.254
38.0111
363.321
650.865
889.319
1070.92
1215.46
1281.68
1252.07
1167.43
907.629
505.334
-183.727
-1089.99
-2633.13
-5067.73
-7979.94
-11645.5
-13978.4
-15090.6
-15256
-15272.5
-15340.2
-16051
-15228.8
-10529.9
-3721.46
289.168
1346.07
1183
738.533
510.553
555.372
847.134
1401.47
2191.18
2635.08
2815.89
2915.93
2970.88
3005.63
3043.17
3063.85
3092.95
3052.08
3030.85
2791.95
8.02279
25.3551
44.5045
62.8677
79.5734
92.8269
101.147
104.251
101.138
90.5289
70.5708
39.6318
-3.82225
-60.7459
-131.712
-216.962
-316.559
-430.421
-557.261
-696.818
-849.754
-1018.84
-1205.17
-1425.11
-1656.19
-1832.73
-1922.41
-1898.01
-1737.09
-1451.58
-1088.5
-703.901
-316.95
55.148
399.002
701.671
954.109
1145.35
1296.43
1361.36
1324.26
1230.4
956.967
521.558
-247.517
-1257.24
-3000.12
-5653.04
-8881.25
-12965
-15322.7
-16203.5
-15994.8
-15531.8
-15088.9
-15187.9
-14041
-9426.31
-2922.38
949.915
2028.13
1885.9
1433.42
1169.13
1170.38
1430.17
1891.23
2476.24
2806.91
2942.91
3017.16
3056.91
3083.49
3116.83
3135.7
3164.17
3121.19
3094.24
2814.02
8.25154
27.0709
46.9162
66.1417
83.4289
97.0977
106.035
109.943
107.586
97.4638
77.569
46.1293
1.50806
-57.287
-130.844
-219.444
-323.24
-442.234
-575.302
-722.267
-884.059
-1063.63
-1263.02
-1491.33
-1741.54
-1937.53
-2039.76
-2017.55
-1846.02
-1538.25
-1146.36
-733.183
-320.256
75.3445
438.455
756.794
1024.1
1225.86
1382.29
1445.23
1400.88
1297.84
1009.62
542.922
-306.937
-1424.78
-3378.92
-6264.6
-9882.47
-14406.2
-16770.8
-17394.6
-16772.8
-15799.8
-14827.7
-14310
-12796.1
-8257.67
-2096.56
1566.11
2657.74
2541.82
2095.43
1802.31
1750.43
1946.87
2312.5
2729.36
2966.03
3062.94
3113.88
3139.79
3158.99
3188.52
3205.92
3233.98
3189.6
3160.18
2834.68
8.48437
28.8142
49.3565
69.427
87.2591
101.464
111.192
116.034
114.512
104.935
85.1454
53.2252
7.44347
-53.2207
-129.376
-221.339
-329.348
-453.484
-592.772
-747.121
-917.785
-1108.04
-1320.86
-1558.81
-1828.73
-2046.71
-2163.7
-2144.35
-1961.33
-1629.4
-1206.57
-762.653
-321.905
98.7625
481.701
816.44
1098.94
1311.36
1472.33
1532.75
1480.41
1369.38
1066.62
570.235
-361.136
-1591.9
-3766.66
-6905.87
-10997.7
-15969.1
-18338
-18668.1
-17589.3
-16076.5
-14561.3
-13437.3
-11532.4
-7063.92
-1278.19
2135.93
3224.03
3134.3
2701.46
2383.97
2275.41
2391.07
2666.53
2952.12
3112.69
3175.75
3205.88
3219.33
3232
3257.99
3274.21
3301.6
3256.6
3227.87
2867.71
8.72768
30.5808
51.8205
72.7154
91.1015
105.995
116.67
122.549
121.93
112.952
93.3098
60.9319
14.0104
-48.5119
-127.264
-222.591
-334.811
-464.075
-609.536
-771.201
-950.702
-1151.71
-1378.01
-1627.63
-1917.12
-2159.96
-2294.39
-2278.76
-2083.23
-1724.98
-1268.95
-792.061
-321.674
125.464
528.817
880.74
1178.14
1400.33
1566.3
1622.89
1562.98
1444.81
1128.6
604.367
-408.01
-1757.54
-4161.25
-7582.3
-12233.9
-17653.9
-20038.4
-20025.5
-18443.4
-16361.4
-14293.2
-12584.2
-10301.7
-5900.34
-501.497
2661.19
3725.01
3658.51
3241.96
2902.46
2738.04
2769.6
2961.4
3147.58
3247.46
3281.28
3293.01
3295.42
3302.36
3325.01
3340.24
3366.1
3321.44
3297.38
2897.07
8.98772
32.3669
54.3033
76.0054
95.0074
110.748
122.504
129.504
129.847
121.525
102.068
69.2661
21.2377
-43.1248
-124.464
-223.143
-339.551
-473.901
-625.457
-794.333
-982.579
-1194.31
-1433.96
-1697.92
-2005.96
-2276.82
-2431.94
-2421.13
-2211.97
-1825.01
-1333.36
-821.193
-319.346
155.537
579.983
949.683
1261.21
1491.87
1663.63
1715.59
1649.23
1524.29
1195.51
646.156
-445.676
-1920.02
-4560.08
-8298.37
-13590
-19460.9
-21879.9
-21464.5
-19332.7
-16653.4
-14025.9
-11755.5
-9123.43
-4797.13
217.41
3144.43
4164.03
4117.38
3716.62
3355.82
3138.83
3092.38
3207.85
3319.41
3371.03
3379.6
3375.23
3367.98
3369.95
3389.38
3403.71
3426.75
3383.91
3366.33
2902.58
9.27055
34.1698
56.8016
79.3112
99.0313
115.77
128.717
136.906
138.271
130.655
111.428
78.25
29.155
-37.0232
-120.931
-222.935
-343.486
-482.85
-640.388
-816.331
-1013.16
-1235.53
-1488.45
-1769.25
-2094.29
-2396.73
-2576.43
-2571.87
-2347.84
-1929.5
-1399.65
-849.876
-314.699
189.128
635.405
1023.11
1347.61
1586.47
1763.7
1811.77
1739.17
1608.25
1267.45
696.571
-471.692
-2075.62
-4958.79
-9056.01
-15057.5
-21397.3
-23861.6
-22977.3
-20252
-16950.1
-13761.5
-10955.3
-8000.59
-3757.99
887.767
3590.32
4546.9
4517.4
4130.52
3748
3482.7
3368.06
3415.95
3471.12
3484.13
3470.87
3452.56
3436.97
3434.68
3450.98
3464.32
3483.47
3444.66
3433.34
2906.67
9.58256
35.9877
59.315
82.6657
103.223
121.092
135.32
144.761
147.203
140.343
121.398
87.9076
37.7923
-30.1705
-116.616
-221.904
-346.529
-490.805
-654.171
-836.992
-1042.19
-1275.09
-1541.26
-1840.22
-2181.37
-2518.87
-2727.77
-2731.34
-2491.09
-2038.48
-1467.71
-877.94
-307.525
226.388
695.22
1100.81
1437.02
1685.45
1866.54
1912.52
1832.98
1697.15
1344.87
756.36
-483.114
-2220.43
-5351.33
-9854.11
-16624.3
-23473
-25968.6
-24548.4
-21191.3
-17247.8
-13500.6
-10187
-6937.69
-2789.09
1516.36
3999.53
4883.81
4866.97
4490.95
4085.92
3776.71
3604.35
3593.81
3605.63
3587.49
3555.34
3525.08
3502.43
3496.48
3509.73
3521.84
3536.74
3504.37
3503.54
3028.36
9.93089
37.8224
61.8521
86.1109
107.624
126.74
142.322
153.069
156.638
150.588
131.997
98.2632
47.1796
-22.5295
-111.474
-219.985
-348.591
-497.644
-666.644
-856.111
-1069.43
-1312.72
-1592.14
-1909.58
-2266.9
-2642.2
-2885.8
-2899.85
-2641.93
-2151.89
-1537.34
-905.208
-297.64
267.459
759.494
1182.57
1529.44
1789.32
1972.89
2018.47
1931.6
1791.27
1428.25
825.636
-478.102
-2352.24
-5731.33
-10687.4
-18270.2
-25680.2
-28165.8
-26149.8
-22134.5
-17540.4
-13242.8
-9453.08
-5935.13
-1888.8
2103.51
4373.42
5186.91
5175.23
4805.75
4377.63
4028.49
3808.15
3747.63
3725.29
3681.78
3633.3
3592.95
3564.41
3555.37
3565.65
3576.15
3587.25
3563.54
3574.2
3175.61
10.3225
39.6816
64.4351
89.6885
112.27
132.729
149.724
161.823
166.566
161.392
143.241
109.341
57.3462
-14.0632
-105.452
-217.106
-349.576
-503.237
-677.645
-873.488
-1094.64
-1348.13
-1640.84
-1976.67
-2351.47
-2765.31
-3050.18
-3077.77
-2800.52
-2269.62
-1608.34
-931.516
-284.888
312.419
828.24
1267.91
1625.09
1897.16
2083.93
2129.93
2036.2
1890.74
1518.08
904.299
-455.717
-2467.5
-6092.26
-11543.7
-19959.5
-27975.4
-30392.5
-27737.7
-23057.8
-17818.5
-12986.7
-8754.51
-4992.05
-1042.99
2654.82
4721.29
5465.95
5449.28
5081.09
4630.44
4245.28
3985.28
3882.04
3831.98
3767.68
3705.12
3656.36
3623.1
3611.44
3618.77
3627.3
3635.52
3621.54
3641.99
3342.39
10.7628
41.5762
67.093
93.4358
117.186
139.071
157.52
171.005
176.974
172.764
155.147
121.163
68.3211
-4.73426
-98.5005
-213.197
-349.383
-507.453
-687.01
-888.934
-1117.62
-1381.06
-1687.09
-2041.17
-2436.41
-2886.59
-3220.41
-3265.45
-2967.05
-2391.55
-1680.47
-956.697
-269.149
361.292
901.318
1356.51
1724.2
2008
2200.86
2247.4
2148.02
1995.54
1614.54
992.243
-414.395
-2560.76
-6427.38
-12402.6
-21640.1
-30274.1
-32563
-29253.6
-23929.4
-18069.2
-12729.9
-8090.99
-4109.39
-243.346
3173.81
5053.84
5728.04
5695.36
5321.66
4849.98
4433.24
4140.43
4000.57
3927.25
3845.86
3771.22
3715.64
3678.72
3664.81
3669.13
3675.39
3681.99
3678.41
3706.68
3500.01
11.2548
43.5183
69.855
97.3826
122.389
145.762
165.692
180.591
187.858
184.709
167.73
133.75
80.1312
5.4941
-90.5659
-208.181
-347.911
-510.161
-694.584
-902.276
-1138.19
-1411.28
-1730.59
-2103.04
-2522.92
-3004.51
-3395.63
-3463.37
-3141.87
-2517.53
-1753.46
-980.568
-250.343
414.083
978.444
1448.55
1826.88
2121.65
2324.24
2371.35
2268.25
2105.67
1717.47
1089.28
-352.569
-2630.09
-6728.74
-13238.2
-23247.6
-32458.8
-34574.6
-30632.7
-24712.3
-18275.8
-12468.4
-7461.16
-3289.21
503.983
3661.32
5375.95
5976.82
5919.03
5532.38
5041.12
4597.31
4277.29
4105.96
4012.42
3916.96
3832.1
3771.16
3731.51
3715.57
3716.73
3720.54
3727.08
3734.08
3768.91
3641.36
11.7989
45.5209
72.7456
101.549
127.885
152.788
174.207
190.565
199.215
197.234
181
147.12
92.8009
16.6569
-81.5958
-201.982
-345.056
-511.234
-700.222
-913.359
-1156.19
-1438.63
-1771.11
-2162.38
-2610.5
-3118.69
-3574.18
-3671.74
-3325.53
-2647.49
-1826.99
-1002.91
-228.391
470.737
1059.7
1544.37
1933.16
2238.63
2453.61
2501.68
2397.69
2221.36
1826.64
1195.36
-270.434
-2669.46
-6989.29
-14020.8
-24712.4
-34401.5
-36329.8
-31817.8
-25370.1
-18420.8
-12197.3
-6863.35
-2530.59
1193.57
4118.22
5682.51
6212.17
6122.92
5717.45
5208.11
4741.43
4398.64
4200.4
4088.69
3981.65
3888.34
3823.32
3781.7
3763.71
3761.55
3762.99
3771.06
3788.3
3828.1
3772.67
12.3935
47.5975
75.7809
105.941
133.663
160.119
183.035
200.915
211.043
210.34
194.964
161.284
106.35
28.7861
-71.539
-194.524
-340.72
-510.557
-703.8
-922.058
-1171.49
-1462.95
-1808.47
-2218.96
-2697.04
-3231.25
-3753.35
-3890.47
-3518.53
-2781.4
-1900.79
-1023.48
-203.216
531.345
1145.41
1644.33
2043.28
2359.79
2587.84
2637.87
2536.34
2343.14
1941.89
1310.11
-169.19
-2668.6
-7203.43
-14717.8
-25969.8
-35996.5
-37762.7
-32771.6
-25875
-18488.3
-11910.9
-6296.2
-1830.79
1823.63
4542.31
5967.39
6430.98
6307.22
5880
5354.17
4868.63
4506.67
4285.58
4157.22
4040.6
3940.5
3872.55
3829.4
3809.14
3803.69
3803.16
3813.86
3840.17
3879.37
3876.56
13.0349
49.7598
78.9678
110.555
139.702
167.717
192.155
211.631
223.335
224.026
209.624
176.248
120.791
41.9095
-60.3469
-185.735
-334.812
-508.031
-705.221
-928.282
-1183.97
-1484.15
-1842.51
-2272.37
-2780.92
-3345.98
-3929.29
-4118.53
-3721.52
-2919.35
-1974.6
-1042.02
-174.677
596.166
1235.37
1748.8
2157.75
2485.69
2725.81
2779.37
2683.84
2471.83
2063.09
1432.46
-49.543
-2625.73
-7357.71
-15302.6
-26971.6
-37179.2
-38836.6
-33480.1
-26214.4
-18468.5
-11603.8
-5758.86
-1187.09
2396.15
4931.07
6226.39
6628.81
6471.57
6022.56
5481.99
4981.24
4603.18
4362.71
4219.1
4094.57
3989.18
3919.13
3874.59
3851.8
3843.29
3841.45
3854.91
3888.72
3919.62
3918.71
13.7176
52.0153
82.3051
115.374
145.971
175.546
201.548
222.7
236.08
238.282
224.973
192.01
136.131
56.0487
-47.9749
-175.549
-327.253
-503.579
-704.419
-931.976
-1193.58
-1502.12
-1873.05
-2322.18
-2861.28
-3465.2
-4098.46
-4353.04
-3934.54
-3061.54
-2048.15
-1058.27
-142.593
665.367
1329.46
1858.21
2276.86
2616.01
2866.22
2925.77
2839.83
2608.38
2190.3
1561.25
87.632
-2542.98
-7434.12
-15754.3
-27680.9
-37904.3
-39519.2
-33946.5
-26390.5
-18358.8
-11271.9
-5251.12
-597.637
2914.72
5284.07
6458.54
6802.95
6615.99
6147.39
5593.95
5081.17
4689.72
4432.8
4275.31
4144.32
4034.89
3963.22
3917.18
3891.71
3880.54
3878.09
3893.75
3933.29
3955.91
3959.38
14.4341
54.3656
85.7852
120.378
152.436
183.578
211.198
234.105
249.262
253.091
240.994
208.555
152.364
71.2168
-34.387
-163.911
-317.982
-497.147
-701.359
-933.113
-1200.27
-1516.81
-1899.9
-2367.95
-2937.64
-3588.16
-4259.55
-4588.87
-4156.77
-3207.98
-2121.17
-1071.91
-106.756
739.056
1428.06
1972.22
2400.24
2749.81
3008.1
3077.46
3004.14
2753.67
2323.92
1695.63
240.201
-2421.89
-7423.02
-16052.5
-28093.5
-38194.3
-39804.9
-34182.9
-26414.2
-18163.1
-10913.3
-4773.11
-61.8159
3382.91
5602.76
6666.11
6953.49
6740.94
6256.31
5692.09
5170.05
4767.59
4496.71
4326.74
4190.47
4077.96
4004.86
3957.12
3928.95
3915.61
3913.04
3930.43
3973.97
3989.68
4004.29
15.1757
56.8067
89.3954
125.541
159.063
191.789
221.082
245.823
262.854
268.424
257.656
225.854
169.47
87.4145
-19.5597
-150.785
-306.961
-488.713
-696.039
-931.699
-1204.05
-1528.15
-1922.84
-2409.22
-3009.22
-3710.63
-4413.62
-4819.17
-4386.17
-3358.64
-2193.36
-1082.57
-66.9745
817.274
1531.25
2089.85
2527.15
2886.25
3151.72
3235.01
3176.33
2908.47
2464.96
1834.73
404.535
-2264.36
-7324.64
-16180.9
-28244.9
-38132
-39747
-34208.7
-26299.4
-17891
-10529.5
-4324.39
420.416
3802.93
5888.55
6850.53
7081.46
6847.11
6350.66
5778.14
5249.28
4837.89
4555.23
4374.17
4233.53
4118.6
4044.04
3994.38
3963.66
3948.7
3946.3
3965.07
4011.26
4020.27
4037.46
15.9333
59.3323
93.1186
130.835
165.817
200.153
231.175
257.821
276.819
284.238
274.911
243.858
187.412
104.626
-3.48788
-136.157
-294.186
-478.289
-688.49
-927.769
-1204.92
-1536.07
-1941.66
-2445.46
-3074.76
-3827.09
-4564.2
-5037.11
-4618.33
-3512.91
-2264.44
-1089.92
-23.1025
899.928
1638.68
2210.56
2657.04
3024.87
3298.15
3398.59
3354.22
3073.33
2615.02
1977.63
576.603
-2073.93
-7142.22
-16131.1
-28158.1
-37791
-39404.8
-34037.3
-26059
-17555.3
-10125.5
-3903.19
849.739
4175.17
6143.09
7012
7188.19
6935.42
6431.58
5853.54
5320.03
4901.55
4609.05
4418.26
4273.84
4156.91
4080.73
4028.96
3996.03
3980.03
3978.09
3997.67
4045.31
4048.27
4063.97
16.6989
61.9347
96.9341
136.229
172.669
208.641
241.441
270.058
291.106
300.471
292.687
262.493
206.13
122.815
13.8105
-120.044
-279.684
-465.923
-678.777
-921.382
-1202.91
-1540.53
-1956.14
-2476.13
-3132.94
-3933.7
-4714.66
-5239.2
-4846.69
-3669.52
-2334.09
-1093.61
24.8958
986.738
1749.96
2334.51
2790.09
3165.63
3448.56
3568
3535.9
3248.65
2774.34
2123.15
753.008
-1855.8
-6880.65
-15904.3
-27828.7
-37181.8
-38805.5
-33675.2
-25699.8
-17167.7
-9708.7
-3506.73
1227.73
4498.85
6367.32
7152.61
7276.52
7007.12
6500.42
5919.5
5383.3
4959.31
4658.74
4459.54
4311.69
4192.92
4114.89
4060.93
4026.29
4009.89
4008.64
4028.28
4076.07
4073.87
4089.84
17.4654
64.6055
100.818
141.689
179.587
217.221
251.84
282.481
305.649
317.041
310.886
281.659
225.536
141.92
32.2901
-102.494
-263.518
-451.694
-666.986
-912.613
-1198.08
-1541.49
-1966.12
-2500.78
-3182.77
-4028.56
-4864.48
-5425.8
-5065.86
-3825.29
-2402.01
-1093.35
76.982
1077.19
1864.39
2461.42
2926.17
3308.58
3603.73
3742.1
3721.7
3434.52
2942.45
2271.16
930.975
-1616.67
-6548.16
-15512.2
-27260.9
-36321.8
-37974.8
-33130.9
-25231.2
-16734.6
-9287.48
-3132.94
1556.96
4773.54
6560.62
7275.1
7350.37
7064.55
6558.59
5977.04
5439.94
5011.84
4704.78
4498.35
4347.24
4226.67
4146.52
4090.44
4054.72
4038.58
4038.02
4056.74
4103.25
4097.22
4114.13
18.227
67.3356
104.742
147.183
186.542
225.856
262.322
295.024
320.362
333.838
329.38
301.219
245.511
161.849
51.875
-83.5875
-245.783
-435.706
-653.225
-901.557
-1190.48
-1538.96
-1971.48
-2519.1
-3223.62
-4110.88
-5009.89
-5596.5
-5273.91
-3977.94
-2466.58
-1089.27
132.863
1170.54
1980.72
2590.19
3064.38
3453.59
3763.64
3919.15
3912.23
3630.56
3121.86
2424.02
1108.17
-1364.46
-6156.36
-14973.5
-26479.4
-35248.1
-36948.2
-32421.1
-24666.7
-16261.9
-8867.23
-2782.79
1842.02
5000.18
6721.54
7380.03
7412.79
7110.53
6607.18
6027.01
5490.64
5059.68
4747.55
4534.94
4380.6
4258.17
4175.71
4117.79
4081.66
4066.35
4066.07
4082.72
4126.46
4118.41
4137.34
18.9774
70.1163
108.68
152.683
193.497
234.5
272.824
307.605
335.136
350.722
348
320.998
265.9
182.479
72.4551
-63.4383
-226.601
-418.09
-637.625
-888.33
-1180.21
-1532.98
-1972.21
-2530.93
-3254.96
-4179.27
-5142.84
-5748.19
-5467.39
-4128.31
-2527.94
-1080.44
192.215
1265.54
2097.42
2719.25
3203.83
3600.61
3928.07
4098.57
4107.16
3836.13
3315.49
2585.38
1283.24
-1107.51
-5719.79
-14310.8
-25514.7
-33997.9
-35761
-31568.6
-24021
-15759.1
-8451.38
-2458.55
2088.68
5181.35
6848.94
7465.83
7464.02
7146
6646.67
6070.06
5535.96
5103.35
4787.35
4569.46
4411.88
4287.46
4202.66
4143.31
4107.45
4093.28
4092.54
4106.03
4145.67
4137.42
4159.43
19.7096
72.9393
112.608
158.157
200.411
243.094
283.269
320.12
349.832
367.513
366.536
340.782
286.512
203.648
93.8864
-42.1898
-206.118
-398.993
-620.33
-873.072
-1167.4
-1523.66
-1968.4
-2536.27
-3276.44
-4231.95
-5254.54
-5878.39
-5638.37
-4274.95
-2587.77
-1066.85
255.251
1361.27
2212.4
2846.82
3343.59
3749.96
4096.48
4280.38
4304.82
4049.94
3521.38
2758.98
1457.23
-853.025
-5254.94
-13550.6
-24398.6
-32606.6
-34448.7
-30600.3
-23310
-15236.5
-8044.62
-2160.58
2300.26
5321.96
6942.67
7530.23
7502.84
7171.11
6677.15
6106.76
5576.33
5143.23
4824.37
4601.98
4441.12
4314.67
4227.65
4167.4
4132.37
4119.23
4117.11
4126.89
4161.61
4154.57
4181.25
20.4144
75.7953
116.503
163.569
207.233
251.567
293.559
332.435
364.272
383.989
384.73
360.31
307.116
225.163
115.994
-20.009
-184.496
-378.572
-601.503
-855.951
-1152.23
-1511.2
-1960.27
-2535.3
-3287.97
-4267.69
-5339.72
-5986.02
-5779.06
-4411.66
-2645.76
-1049.9
321.667
1457.41
2324.18
2970.5
3482.92
3902.62
4268.4
4464.3
4503.71
4269.81
3736.41
2948.12
1633.24
-605.842
-4779.22
-12722.7
-23166.6
-31110.5
-33044.8
-29545.6
-22551.1
-14704.2
-7652.64
-1887.98
2478.56
5427.47
7004.55
7571.85
7528.54
7186.79
6698.93
6137.63
5612.13
5179.68
4858.77
4632.53
4468.43
4339.98
4251.04
4190.39
4156.47
4143.88
4139.69
4145.9
4175.58
4170.3
4202.44
21.0803
78.6711
120.333
168.874
213.899
259.83
303.57
344.386
378.24
399.88
402.282
379.281
327.446
246.8
138.583
2.92106
-161.909
-356.996
-581.313
-837.162
-1134.92
-1495.87
-1948.15
-2528.4
-3289.81
-4286.03
-5395.33
-6068.9
-5885.13
-4531.14
-2699.66
-1029.63
390.205
1552.93
2432.32
3088.35
3620.21
4060.04
4444.87
4650.61
4703.9
4493.17
3960.42
3152.78
1814.85
-367.294
-4309.33
-11857.5
-21858.7
-29547
-31581.6
-28434
-21762.3
-14172.2
-7280.19
-1640.46
2626.13
5502.05
7038.7
7591.34
7541.14
7194.38
6713.03
6163.2
5643.74
5212.95
4890.64
4661.12
4493.89
4363.61
4273.14
4212.46
4179.52
4166.81
4160.41
4163.9
4188.72
4185.04
4223.47
21.6923
81.5471
124.061
174.017
220.332
267.776
313.16
355.778
391.486
414.883
418.849
397.361
347.212
268.319
161.445
26.4094
-138.539
-334.433
-559.936
-816.923
-1115.75
-1478.01
-1932.52
-2516.14
-3282.57
-4287.46
-5420.57
-6124.35
-5953.49
-4627.14
-2746.96
-1006.08
459.925
1646.36
2535.95
3200.12
3753
4222.01
4626.62
4840.6
4905.37
4717.21
4191.52
3370.08
2006.12
-135.208
-3858.43
-10984.8
-20516.7
-27954.4
-30092.9
-27292.3
-20961.9
-13650.1
-6931.01
-1418.38
2746.61
5549.25
7049.41
7591.85
7541.47
7194.71
6720.88
6183.94
5671.52
5243.25
4920.02
4687.68
4517.56
4385.72
4294.08
4233.43
4200.95
4187.59
4179.42
4181.47
4201.64
4199.29
4244.68
22.2319
84.3951
127.642
178.93
226.442
275.283
322.164
366.397
403.734
428.661
434.063
414.194
366.113
289.479
184.373
50.2614
-114.575
-311.065
-537.552
-795.455
-1095
-1458.04
-1913.95
-2499.29
-3267.25
-4273.36
-5416.87
-6149.54
-5983.63
-4694.52
-2785.25
-980.119
529.374
1736.2
2633.93
3306.17
3881.57
4386.61
4811.82
5034.9
5107.37
4940.04
4424.63
3597.49
2209.46
94.0326
-3434.28
-10131.4
-19182.5
-26373.9
-28616.4
-26148.5
-20168.5
-13145.9
-6607.95
-1221.48
2842.9
5573.15
7040.02
7577.33
7531.32
7188.47
6723.62
6200.23
5695.81
5270.73
4946.92
4712.13
4539.43
4406.29
4313.64
4252.74
4220.08
4205.85
4196.77
4198.42
4214.34
4213.44
4265.68
22.6778
87.1736
131.017
183.535
232.126
282.216
330.405
376.014
414.696
440.867
447.546
429.422
383.855
310.052
207.173
74.2803
-90.2215
-287.078
-514.327
-772.945
-1072.95
-1436.45
-1893.16
-2478.78
-3245.16
-4245.53
-5386
-6139.96
-5976.84
-4730.18
-2812.07
-953.208
596.134
1820.49
2725.16
3406.58
4007.97
4551.76
4997.42
5231.7
5309.33
5161.13
4656.48
3830.69
2423.14
323.306
-3039.42
-9319.7
-17895.7
-24848.7
-27189.6
-25032.2
-19398.3
-12665.8
-6312.84
-1049.16
2917.76
5577.92
7013.9
7550.74
7512.51
7176.59
6722.08
6212.5
5716.94
5295.47
4971.29
4734.34
4559.37
4425.07
4331.35
4269.78
4236.4
4221.38
4212.36
4214.2
4226.62
4227.58
4286.58
23.0059
89.8247
134.12
187.742
237.274
288.431
337.705
384.403
424.09
451.166
458.934
442.709
400.17
329.842
229.674
98.287
-65.678
-262.651
-490.396
-749.566
-1049.94
-1413.86
-1870.98
-2455.73
-3217.91
-4206.33
-5330.82
-6093.38
-5935.5
-4733.37
-2825.38
-926.585
657.247
1896.9
2808.9
3501.89
4132.21
4713.28
5178.98
5426.53
5508.94
5378.72
4885.24
4063.49
2643.36
554.455
-2672.88
-8566.28
-16690.4
-23417.6
-25846.4
-23970.6
-18666
-12214.8
-6046.67
-900.515
2974.27
5567.47
6975.06
7514.14
7486.47
7160.04
6717.05
6221.34
5735.21
5317.46
4993.03
4754.13
4577.19
4441.74
4346.78
4284.19
4249.83
4234.15
4225.86
4228.16
4238.29
4241.81
4307.12
23.1991
92.2736
136.875
191.455
241.771
293.794
343.898
391.365
431.669
459.263
467.907
453.751
414.827
348.691
251.749
122.115
-41.1822
-238.016
-465.963
-725.585
-1026.44
-1390.95
-1848.32
-2431.51
-3187.45
-4158.96
-5256.44
-6013.62
-5864.05
-4705.04
-2823.71
-900.968
710.56
1963.98
2885.49
3593.63
4252.58
4865.09
5349.07
5610.73
5699.4
5586.71
5106.71
4289.95
2865.9
789.917
-2331.44
-7882.3
-15592.6
-22111.1
-24615
-22986.6
-17985.1
-11797.7
-5809.44
-774.159
3015.37
5545.54
6927.96
7470.18
7454.57
7139.74
6709.52
6227.52
5750.87
5336.69
5012
4771.4
4592.77
4456.15
4359.82
4296.1
4260.7
4244.4
4237.12
4239.92
4249.13
4256.27
4327.3
23.2434
94.4254
139.206
194.581
245.517
298.193
348.864
396.761
437.268
464.956
474.228
462.312
427.627
366.459
273.266
145.518
-17.0682
-213.485
-441.329
-701.346
-1002.89
-1368.33
-1826.1
-2407.6
-3156.01
-4107.23
-5169.63
-5908.52
-5768.25
-4649.03
-2806.05
-875.434
756.04
2022.28
2956.47
3683.19
4366.63
5001.7
5499.9
5773.66
5870.29
5774.56
5313.83
4503.7
3086.19
1030.57
-2011.03
-7274.69
-14619.9
-20949.9
-23516.4
-22098.2
-17368.9
-11419.1
-5600.2
-668.495
3043.75
5515.7
6877.17
7422.52
7418.5
7116.51
6700.31
6231.76
5764.08
5353.1
5028.1
4786.11
4606.1
4468.32
4370.65
4305.91
4269.6
4252.64
4246.22
4249.56
4258.91
4270.82
4346.62
23.1624
96.1826
141.054
197.053
248.45
301.576
352.566
400.57
440.867
468.202
477.809
468.24
438.391
382.995
294.059
168.249
6.40126
-189.33
-416.761
-677.118
-979.627
-1346.47
-1805.09
-2385.28
-3125.79
-4055.13
-5078.15
-5789.26
-5656.34
-4571.21
-2772.99
-847.561
796.144
2074.09
3023.16
3769.71
4471.14
5119.58
5626.54
5908.57
6012.99
5932.23
5495.84
4694.84
3294.22
1269.01
-1710.72
-6747.41
-13782.4
-19946.5
-22563.7
-21318.9
-16828.3
-11083.3
-5418.11
-581.905
3061.9
5481.62
6827.25
7375.37
7380.2
7091.02
6690.2
6234.78
5775.1
5366.82
5041.53
4798.5
4617.33
4478.49
4379.7
4314.17
4277.08
4259.38
4253.43
4257.37
4267.59
4285.3
4364.84
22.9961
97.4391
142.378
198.834
250.557
303.971
355.086
402.926
442.638
469.166
478.717
471.418
446.864
398.043
313.938
190.214
29.1052
-165.833
-392.638
-653.195
-956.942
-1325.79
-1785.94
-2365.42
-3098.42
-4006.17
-4989.5
-5668.15
-5538.97
-4481.32
-2727.31
-816.13
833.308
2120.87
3084.33
3849.05
4562.23
5216.85
5726.77
6013.02
6123.63
6054.3
5640.15
4850.36
3467.7
1480.72
-1442.69
-6306.32
-13086.1
-19108.7
-21766.1
-20660
-16371.8
-10795
-5263.4
-512.868
3072.22
5447.17
6782.71
7333.48
7341.8
7063.66
6679.71
6237.02
5784
5377.87
5052.39
4808.66
4626.59
4487
4387.45
4321.38
4283.54
4264.91
4258.95
4263.48
4275.29
4299.47
4381.75
22.8617
98.1352
143.195
199.97
251.931
305.541
356.68
404.186
443.035
468.346
477.366
472.042
452.998
411.402
332.688
211.241
50.8238
-143.361
-369.459
-630.072
-935.286
-1306.82
-1769.05
-2348.18
-3074.7
-3962.93
-4909.7
-5555.47
-5426.1
-4390.12
-2674.52
-782.068
867.963
2161.91
3137.03
3916.81
4637.28
5293.26
5801.05
6087.44
6202.14
6139.35
5739.3
4960.04
3587.91
1638.02
-1227.16
-5957.27
-12532.4
-18439
-21127.8
-20128.1
-16003.9
-10559.2
-5137.16
-460.294
3076.66
5415.69
6747.08
7301.74
7307.46
7035.02
6668.43
6238.81
5791.52
5387.01
5061.41
4817.31
4634.64
4494.51
4394.49
4327.95
4289.19
4269.37
4262.94
4268.05
4282.25
4312.9
4396.74
22.9458
98.3588
143.674
200.675
252.831
306.607
357.749
404.879
442.801
466.809
475.156
471.588
457.854
423.434
350.151
231.024
71.4059
-121.819
-347.177
-608.011
-914.949
-1289.67
-1754.35
-2333.54
-3055.09
-3927.37
-4843.83
-5460.28
-5327.45
-4307.52
-2622.06
-748.292
898.723
2195.65
3178.9
3969.95
4694.33
5348.08
5849.45
6131.74
6247.46
6185.45
5790.48
5017.41
3645.91
1723.22
-1085.66
-5708.36
-12124.1
-17940.4
-20651.8
-19728.5
-15728.2
-10381.5
-5041.6
-423.52
3077.39
5390.89
6723.68
7282.94
7281.9
7012.69
6661.11
6241.61
5797.82
5394.13
5068.41
4823.86
4640.72
4500.83
4401.1
4334.16
4294.12
4272.74
4265.54
4271.17
4288.11
4324.72
4408.76
23.3318
98.2189
143.93
201.112
253.482
307.498
358.79
405.752
442.953
465.675
472.841
469.783
459.772
431.578
363.844
247.564
88.8993
-103.501
-328.316
-589.532
-898.059
-1275.85
-1743.03
-2322.57
-3040.5
-3901.15
-4795.68
-5389.75
-5251.96
-4241.98
-2576.65
-718.018
924.231
2221.41
3209.19
4007.16
4732.92
5383.05
5876.61
6152.1
6264.31
6197.15
5798.77
5024.63
3656.05
1756.02
-1007.9
-5549.68
-11853.5
-17608.9
-20336
-19463.5
-15546.8
-10264.7
-4977.68
-400.327
3078.6
5379.2
6719.29
7281.87
7262.61
6987.1
6650.94
6244.71
5804.46
5400.73
5074.96
4831.02
4648.38
4508.39
4407.66
4339.02
4296.97
4273.75
4265.84
4272.65
4292.68
4333.76
4416.44
24.2881
98.7463
144.819
202.2
254.762
308.992
360.436
407.413
444.442
466.96
474.417
472.866
465.661
440.394
374.275
258.568
100.527
-90.6901
-314.742
-575.952
-885.226
-1265.1
-1734.09
-2313.91
-3029.89
-3884.71
-4768.43
-5351.21
-5210.6
-4205.11
-2549.1
-698.476
940.589
2237.35
3227.09
4028.25
4754.33
5401.8
5889.34
6157.85
6263.71
6189.33
5782.6
4999.51
3639.26
1761.21
-970.373
-5462.47
-11706.2
-17433.1
-20171.7
-19326.9
-15453.8
-10204.4
-4944.47
-388.715
3081.08
5377.5
6725.03
7296.88
7274.73
6990.51
6654.47
6252.41
5812.01
5406.58
5079.87
4835.23
4651.85
4511.93
4411.53
4342.67
4299.95
4276.06
4267.58
4274.23
4294.85
4337.48
4420.6
)
;

boundaryField
{
    inletFace
    {
        type            zeroGradient;
    }
    inlet
    {
        type            zeroGradient;
    }
    inletWalls
    {
        type            zeroGradient;
    }
    outletInlet
    {
        type            cyclicAMI;
        value           nonuniform List<scalar> 
15
(
4004.62
3996.91
3979.03
3968.63
3922.81
3882.22
3832.13
3784.3
3734.92
3686.1
3636.94
3572.24
3520.88
3419.57
3352.65
)
;
    }
    fineSymmetryWall
    {
        type            symmetryPlane;
    }
    fineWalls
    {
        type            zeroGradient;
    }
    fineCyclicBoundary
    {
        type            fixedValue;
        value           uniform 0;
    }
    fineplug
    {
        type            cyclicAMI;
        value           nonuniform List<scalar> 
80
(
4012.15
4012.87
4011.07
3989.1
4003.68
4001.77
3999.01
3997
3996.12
3994.69
3992.62
3986.58
3965.49
3980.77
3982.11
3982.47
3977.09
3977.05
3976.16
3971.72
3957.51
3930.12
3933.95
3928.65
3920.75
3913.56
3905.6
3896.95
3890.52
3883.82
3877.03
3862.92
3850.71
3842.52
3833.72
3824.51
3816.72
3808.97
3800.41
3792.02
3783.75
3763.33
3756.77
3749.75
3741.05
3733.17
3724.88
3718.48
3712.4
3714.02
3676.97
3666.99
3660.47
3653.71
3645.85
3636.91
3628.54
3621.86
3641.51
3587.46
3574.56
3565.99
3554.64
3545.38
3537.39
3524.66
3510.52
3501.26
3542.9
3461.6
3441.08
3428.91
3411.14
3395.28
3381.89
3367.16
3351.66
3427.68
3304.95
3270.84
)
;
    }
    faceFine
    {
        type            zeroGradient;
    }
}


// ************************************************************************* //
