/*--------------------------------*- C++ -*----------------------------------*\
| =========                 |                                                 |
| \\      /  F ield         | OpenFOAM: The Open Source CFD Toolbox           |
|  \\    /   O peration     | Version:  4.1                                   |
|   \\  /    A nd           | Web:      www.OpenFOAM.org                      |
|    \\/     M anipulation  |                                                 |
\*---------------------------------------------------------------------------*/
FoamFile
{
    version     2.0;
    format      ascii;
    class       volScalarField;
    location    "23";
    object      p;
}
// * * * * * * * * * * * * * * * * * * * * * * * * * * * * * * * * * * * * * //

dimensions      [0 2 -2 0 0 0 0];

internalField   nonuniform List<scalar> 
6785
(
584.029
508.37
460.568
408.314
361.737
317.203
275.524
236.06
198.719
163.342
129.102
96.2246
68.5217
38.7811
-1.61303
-8.00775
-26.2234
-17.3632
-23.9284
-24.0266
-26.4104
-27.348
-27.9456
-27.5948
-26.2592
-24.0047
-20.6647
-15.2565
-10.1829
-8.64242
-13.6505
-19.5608
-11.0447
-16.1776
-13.6042
-15.3215
-15.5598
-16.8047
-17.9953
-19.533
-21.1882
-22.437
-22.9176
-23.3249
-22.8668
-7.19536
-10.842
-8.17328
-13.8649
-13.1556
-16.826
-18.2893
-20.7039
-22.6156
-24.513
-26.0029
-26.8039
-25.8556
-24.892
-22.827
-6.77849
-8.27211
-4.70168
-7.20418
-3.70339
-4.28504
-2.35398
-1.3057
0.245307
1.82653
3.61971
5.33828
7.52315
9.00835
11.5214
16.2738
16.6056
20.1635
19.0852
22.5634
22.7491
24.8457
26.1269
27.6447
29.0984
30.5657
31.9148
33.4538
34.5966
36.1689
37.1311
37.8959
40.3587
39.4631
41.9346
41.6902
43.0844
43.4289
44.0061
44.3973
44.8953
45.5699
46.4748
47.183
48.1085
47.5491
48.0263
49.5103
48.759
50.5437
50.1834
51.2484
51.3442
51.7509
51.8116
51.7159
51.3962
50.9499
50.9724
50.8083
55.0741
53.3821
54.3506
52.5434
53.2719
51.7903
51.6171
50.1098
48.6702
46.4167
43.9996
41.7328
40.3808
39.8745
37.6624
27.77
23.3243
22.5611
19.0756
17.9045
14.9586
13.4213
11.27
10.0821
8.87465
8.15945
7.79339
7.69417
6.73085
4.056
-8.40663
-12.6068
-13.3837
-16.2941
-17.5115
-20.1046
-21.65
-23.649
-25.1734
-26.8424
-28.365
-29.5548
-30.7196
-31.6117
-30.5761
-19.3798
-20.1133
-19.8725
-21.1672
-21.1118
-22.1412
-22.5519
-23.3463
-23.8387
-24.1983
-24.0828
-23.4565
-22.0364
-20.5912
-17.9972
6.65338
7.71395
8.39867
8.30436
9.06756
9.16082
9.63906
10.0432
10.6337
11.373
12.3832
13.5215
15.0334
16.2891
18.1571
17.5645
20.3229
20.6637
20.4524
20.7476
21.0397
21.7647
22.4537
23.2339
23.9785
24.6958
25.2771
25.8386
26.1463
26.4546
68.8098
67.5375
63.1539
55.8564
49.835
45.0946
40.1456
35.7742
32.1303
28.8406
25.989
23.6514
21.5117
19.9906
17.363
33.7511
34.1127
34.7499
34.6363
34.8483
35.6208
36.5148
36.2814
36.1542
35.9528
36.8995
36.2102
35.7109
36.3418
35.3168
34.9376
34.883
35.2461
33.4811
33.7735
34.1211
32.4261
32.0738
33.022
33.1121
31.3212
31.0907
32.2821
32.8331
30.7203
32.0189
32.7532
31.248
31.1292
32.3889
33.1296
31.6062
32.5932
33.4814
32.5428
32.4878
33.35
33.9135
33.2112
33.1876
33.8202
34.0789
33.4373
33.9209
34.3047
33.9483
33.9663
34.3077
34.9568
34.7808
34.7684
34.922
35.8895
35.7658
35.857
35.9796
35.9663
36.0076
35.8684
36.3491
36.7088
37.9696
35.9001
34.1379
35.9758
38.2413
27.9424
23.9058
28.4514
32.153
3.8116
16.0458
22.6261
-28.8715
-13.4209
-6.02451
-8.59885
-4.19793
-12.3114
-9.16111
-4.40025
-4.33557
-3.70823
-3.23501
-2.67134
-1.93025
1.3651
2.0042
-2.95473
-1.40813
0.388791
2.39821
2.69975
3.40266
3.38086
5.22339
8.94085
4.84589
6.2127
5.9186
6.81985
8.7612
9.69347
9.60011
9.50417
8.90078
12.7663
12.3061
12.7355
12.5861
12.0962
12.9287
14.536
14.2975
11.2232
11.726
17.1932
18.6754
19.1893
18.3503
17.6924
17.0103
18.5751
15.695
15.8313
25.7089
22.8877
23.7699
23.8387
22.0751
20.6724
18.895
13.1642
19.0099
26.7192
20.5216
17.6959
13.56
10.1138
6.91434
4.63166
1.89621
-2.22456
-3.66892
6.83272
1.80343
1.04069
-0.591349
-2.96609
-9.15768
-11.1266
-8.27625
-18.5658
-2.33423
-4.72686
-5.37821
0.0374032
-0.626522
1.53239
2.25592
3.19986
3.97342
4.18776
4.46878
4.55639
4.64436
4.61527
4.42033
4.48112
4.26506
4.45601
4.16192
3.91981
4.00679
3.68628
4.26216
3.77447
3.07351
4.25574
3.41135
2.91904
3.26823
2.6701
4.21589
2.97817
2.44416
2.86331
2.21675
4.06011
2.83619
1.46169
4.10906
2.48173
1.71272
2.33174
1.50357
4.02002
2.17616
1.40309
2.0629
1.20413
3.7715
2.19728
0.442111
3.76772
1.88408
0.873267
1.67241
0.736547
3.49231
1.66722
0.568218
1.47146
0.416506
3.04541
1.74442
-0.366339
2.95762
1.55924
-0.00665823
1.14945
-0.0161258
2.66989
1.2084
-0.213499
0.846761
-0.313722
2.25113
1.00762
-1.25071
2.11004
0.547765
-1.06397
-0.234174
-1.14795
-0.00402092
0.0828391
0.0367986
0.0326202
0.0219042
0.0148028
0.00883103
0.00402318
-0.000377747
-0.00503049
-0.0103568
-0.0164377
-0.0228057
-0.0284213
-0.0318767
-0.0321032
-0.0292564
-0.0250518
-0.0255725
-0.0492216
-0.107676
-0.102137
-0.208636
-0.322227
-0.353725
-0.477835
-0.62454
-0.758194
-0.868843
-0.950732
-0.996348
-1.00597
-0.982959
-0.928206
-0.845893
-0.741632
-0.620919
-0.488924
-0.348782
-0.203679
-0.0584354
0.0839279
0.222478
0.356198
0.483058
0.602141
0.71311
0.814573
0.905992
0.988537
1.06132
1.12106
1.16577
1.19409
1.20342
1.18517
1.12731
1.01462
0.832236
0.580311
0.31074
0.122668
0.0287754
0.00291306
-0.00203383
-0.00517172
-0.0134711
-0.0239868
-0.0262354
-0.0184199
-0.0101033
-0.00499974
0.00983421
0.0193674
0.0711445
0.117455
0.0899923
-0.0696062
0.0155126
-0.107869
0.0203724
-0.0157722
-0.00172
0.00595136
0.0157668
0.024552
0.0317552
0.0368826
0.0387555
0.0361047
0.0270455
0.00968367
-0.0169647
-0.0510123
-0.0867474
-0.117143
-0.13813
-0.1529
-0.177864
-0.232007
-0.178491
-0.232885
-0.43242
-0.506976
-0.746913
-1.00942
-1.24672
-1.44057
-1.58019
-1.65222
-1.65736
-1.60138
-1.48614
-1.32054
-1.11499
-0.878169
-0.618372
-0.343226
-0.0612288
0.22051
0.498544
0.769676
1.0291
1.27405
1.50458
1.71792
1.91082
2.08522
2.24361
2.38062
2.48937
2.56912
2.61518
2.62108
2.56403
2.42141
2.16457
1.77064
1.24505
0.680522
0.28227
0.0749026
0.00913975
-0.00738286
-0.0168542
-0.0342334
-0.0537003
-0.0589434
-0.0459787
-0.0297018
-0.0183581
0.0189961
0.055855
0.183417
0.0910949
-0.0425115
0.176497
0.117311
-0.0938119
0.0772542
0.0151339
0.0279483
0.0287796
0.0347774
0.0405227
0.0451048
0.0472273
0.0446675
0.0353639
0.0168721
-0.0124871
-0.0522634
-0.0977371
-0.140468
-0.173456
-0.195413
-0.213752
-0.253671
-0.348504
-0.303476
-0.142259
-0.439157
-0.529296
-0.812609
-1.1211
-1.39934
-1.62608
-1.78907
-1.87132
-1.87444
-1.80518
-1.66532
-1.4657
-1.21823
-0.933019
-0.620433
-0.289987
0.0487195
0.387615
0.722014
1.04752
1.35892
1.6531
1.92945
2.18497
2.41676
2.62637
2.81522
2.97769
3.10708
3.20172
3.25458
3.25606
3.17938
2.99837
2.68012
2.19626
1.55615
0.86753
0.376776
0.111349
0.0166864
-0.0159405
-0.0367431
-0.0617122
-0.0839276
-0.0858181
-0.0665856
-0.0421457
-0.0210271
0.0387259
0.0940232
0.295607
0.195617
0.127607
0.37593
0.125516
-0.111863
0.0523189
0.000153123
0.0196751
0.0285637
0.0418069
0.0542339
0.0639193
0.0694481
0.0677764
0.0561103
0.0310404
-0.00965483
-0.0648781
-0.127447
-0.186071
-0.232967
-0.26756
-0.296927
-0.34297
-0.436764
-0.398154
-0.0933771
-0.534655
-0.637557
-0.969786
-1.348
-1.68708
-1.96185
-2.15882
-2.25653
-2.25787
-2.17121
-1.99859
-1.75336
-1.44973
-1.10009
-0.717544
-0.313811
0.100051
0.514287
0.92253
1.31918
1.69861
2.05707
2.39314
2.70362
2.98582
3.24068
3.46877
3.66436
3.82054
3.93434
3.99661
3.99468
3.89758
3.6744
3.28616
2.69935
1.92804
1.09577
0.494955
0.158811
0.027216
-0.0284039
-0.0651857
-0.0968866
-0.118892
-0.115423
-0.0889298
-0.0540366
-0.0231439
0.0556514
0.131183
0.389299
0.228825
0.179496
0.541989
0.172049
-0.0876892
0.0516075
0.0103039
0.02995
0.0414332
0.0562944
0.0708514
0.0818817
0.0877566
0.0843524
0.0680298
0.0345477
-0.018259
-0.0875163
-0.162703
-0.230471
-0.284306
-0.325931
-0.363477
-0.417685
-0.513513
-0.489384
-0.115014
-0.584826
-0.749398
-1.13166
-1.58866
-1.99531
-2.3243
-2.56053
-2.67684
-2.67759
-2.5727
-2.36445
-2.06903
-1.70332
-1.28213
-0.821372
-0.335332
0.162833
0.661551
1.15296
1.63008
2.08633
2.5173
2.92101
3.29374
3.63264
3.93853
4.21151
4.44505
4.63152
4.7671
4.84057
4.8362
4.71736
4.44768
3.98048
3.27869
2.35962
1.36251
0.634218
0.215206
0.0387032
-0.0471427
-0.10534
-0.144317
-0.162677
-0.150752
-0.11447
-0.0644922
-0.0210564
0.0747469
0.168368
0.47062
0.270763
0.269728
0.705963
0.233315
-0.0688644
0.0273517
0.0078723
0.0286301
0.0473658
0.0668777
0.0864852
0.101094
0.109105
0.105286
0.0851712
0.0437062
-0.0209463
-0.103598
-0.190521
-0.267728
-0.330825
-0.38312
-0.432445
-0.49599
-0.589242
-0.580119
-0.222571
-0.559112
-0.874108
-1.28791
-1.81907
-2.28771
-2.66521
-2.93631
-3.06766
-3.06586
-2.94217
-2.69891
-2.35515
-1.93016
-1.44101
-0.906261
-0.34259
0.234929
0.813062
1.38252
1.93505
2.46321
2.962
3.42889
3.85972
4.25151
4.60499
4.91971
5.18843
5.403
5.55886
5.64278
5.63626
5.49747
5.18513
4.64477
3.83741
2.78306
1.6322
0.781918
0.278677
0.0507157
-0.0733815
-0.158233
-0.204599
-0.214702
-0.190716
-0.142863
-0.0760379
-0.0171484
0.093966
0.20574
0.53461
0.30615
0.309919
0.786185
0.288659
-0.037308
0.00844122
0.0134824
0.032828
0.0581047
0.0808039
0.104485
0.121798
0.131233
0.126274
0.10154
0.0512747
-0.0253861
-0.12012
-0.216486
-0.301411
-0.372924
-0.435428
-0.496729
-0.571558
-0.666979
-0.671957
-0.363898
-0.475523
-1.02788
-1.45667
-2.06121
-2.59286
-3.0175
-3.32199
-3.4665
-3.46066
-3.31684
-3.03746
-2.64464
-2.15994
-1.60274
-0.994244
-0.353451
0.302737
0.959423
1.60589
2.23265
2.83151
3.39689
3.92569
4.41337
4.8569
5.2568
5.61208
5.91495
6.1568
6.33234
6.42653
6.41825
6.26087
5.90846
5.29916
4.39226
3.21074
1.91349
0.942913
0.350878
0.062263
-0.109856
-0.226215
-0.279902
-0.277487
-0.238019
-0.175647
-0.0897922
-0.0108365
0.114349
0.243763
0.580864
0.349422
0.339887
0.905425
0.321701
-0.00766594
-0.0162584
0.016336
0.0340743
0.067607
0.0944204
0.123236
0.144018
0.15542
0.149509
0.119953
0.0605703
-0.0276871
-0.132943
-0.237435
-0.330322
-0.411534
-0.485939
-0.561114
-0.649167
-0.750035
-0.76592
-0.506638
-0.417649
-1.19606
-1.63851
-2.31356
-2.91176
-3.38368
-3.72116
-3.87776
-3.86697
-3.70192
-3.38513
-2.94194
-2.39622
-1.76972
-1.08627
-0.367229
0.368655
1.1048
1.82906
2.53075
3.20091
3.83338
4.42451
4.96938
5.46488
5.91137
6.30736
6.64448
6.9137
7.1091
7.21391
7.20453
7.02965
6.63856
5.96349
4.95946
3.65276
2.21139
1.11836
0.43077
0.0714145
-0.159029
-0.311007
-0.371358
-0.352185
-0.293623
-0.213354
-0.106393
-0.00310731
0.135777
0.282986
0.608785
0.401187
0.335686
0.980804
0.376903
0.0238728
-0.0385936
0.0222205
0.0376391
0.0796859
0.110417
0.144369
0.16853
0.181697
0.174336
0.139136
0.070012
-0.0292515
-0.143487
-0.255384
-0.356642
-0.448183
-0.535199
-0.62522
-0.728154
-0.83893
-0.868846
-0.660518
-0.467308
-1.34126
-1.8366
-2.57426
-3.24189
-3.76081
-4.12974
-4.29628
-4.27894
-4.09122
-3.73566
-3.24097
-2.63334
-1.93686
-1.17803
-0.380483
0.435176
1.2507
2.05255
2.82888
3.56998
4.26913
4.92216
5.52376
6.07079
6.56342
6.99968
7.37069
7.66702
7.88219
7.99787
7.98807
7.79698
7.36888
6.6318
5.53352
4.10421
2.52246
1.30489
0.517691
0.0760838
-0.223545
-0.414902
-0.480827
-0.440963
-0.35943
-0.257013
-0.125589
0.00467849
0.158689
0.323392
0.621637
0.468485
0.304441
0.990605
0.432142
0.0531629
-0.0609426
0.0282191
0.0415099
0.0928112
0.127949
0.16756
0.195411
0.210343
0.201032
0.15931
0.0801023
-0.0291377
-0.151179
-0.270603
-0.380994
-0.483735
-0.584545
-0.690855
-0.810505
-0.935241
-0.985406
-0.838193
-0.634686
-1.42218
-2.05738
-2.84604
-3.58494
-4.15167
-4.55051
-4.7245
-4.6986
-4.48636
-4.09037
-3.54283
-2.87216
-2.10491
-1.2702
-0.393888
0.501584
1.39633
2.27545
3.12598
3.93751
4.70278
5.41708
6.07481
6.67276
7.21094
7.6869
8.09128
8.41434
8.64916
8.77588
8.76629
8.56027
8.09672
7.30098
6.1111
4.56216
2.84476
1.49888
0.610134
0.0729833
-0.305984
-0.540258
-0.610173
-0.545758
-0.436912
-0.307532
-0.147562
0.0110049
0.183582
0.365234
0.62653
0.549203
0.263459
1.01967
0.447094
0.0810379
-0.080814
0.0359952
0.0475425
0.108382
0.148181
0.193642
0.225172
0.241445
0.229178
0.179764
0.0903873
-0.0277463
-0.157174
-0.28465
-0.404677
-0.519229
-0.634798
-0.75863
-0.896748
-1.03917
-1.11562
-1.03381
-0.865994
-1.42851
-2.30728
-3.13277
-3.94126
-4.55825
-4.98595
-5.16491
-5.1283
-4.88946
-4.45111
-3.8491
-3.11401
-2.2749
-1.36352
-0.407931
0.567638
1.54167
2.49797
3.42247
4.3041
5.13509
5.91023
6.62364
7.27205
7.85531
8.3705
8.80786
9.15739
9.41176
9.54979
9.54103
9.32129
8.82344
7.97159
6.6917
5.02517
3.17678
1.69764
0.703892
0.0578899
-0.409016
-0.689722
-0.761612
-0.668904
-0.527786
-0.366114
-0.172985
0.0158255
0.211305
0.408778
0.631561
0.622563
0.238716
1.0108
0.497429
0.106411
-0.0983618
0.0449262
0.0556007
0.126265
0.171179
0.222726
0.257864
0.274767
0.258182
0.199979
0.100807
-0.0254171
-0.162434
-0.298345
-0.428226
-0.55522
-0.686604
-0.829283
-0.987702
-1.15107
-1.25807
-1.23793
-1.11264
-1.39812
-2.59275
-3.44002
-4.31037
-4.98134
-5.43732
-5.61881
-5.56917
-5.30128
-4.81838
-4.16003
-3.35895
-2.44675
-1.45781
-0.422334
0.633664
1.68709
2.72047
3.7187
4.6701
5.5664
6.40192
7.17054
7.86897
8.49683
9.0508
9.52074
9.89646
10.1703
10.3199
10.3126
10.0803
9.54899
8.64295
7.27352
5.49045
3.51547
1.89821
0.79456
0.0269685
-0.535651
-0.866312
-0.937618
-0.812941
-0.633863
-0.434081
-0.202765
0.0197467
0.241338
0.453783
0.641418
0.684067
0.26478
0.971665
0.522771
0.129356
-0.112439
0.0556206
0.0665881
0.147139
0.197558
0.255193
0.293506
0.309772
0.287123
0.219339
0.110965
-0.0231596
-0.168099
-0.312345
-0.452124
-0.592184
-0.74035
-0.903112
-1.08363
-1.27088
-1.41154
-1.44689
-1.36069
-1.41658
-2.91488
-3.77385
-4.69208
-5.42167
-5.90587
-6.08766
-6.02259
-5.72293
-5.19295
-4.47613
-3.60725
-2.62056
-1.55303
-0.436994
0.699809
1.83273
2.94308
4.01477
5.03557
5.99673
6.89214
7.71547
8.46341
9.13536
9.72761
10.2297
10.6313
10.9247
11.0861
11.0808
10.837
10.2726
9.3136
7.8539
5.95452
3.85625
2.09971
0.877751
-0.0235661
-0.689079
-1.07328
-1.14105
-0.980729
-0.757218
-0.512919
-0.237825
0.0228777
0.271542
0.497393
0.658817
0.744001
0.342867
0.957697
0.606882
0.149373
-0.122473
0.0681106
0.0808564
0.17122
0.227528
0.29103
0.331656
0.345459
0.314964
0.237359
0.12022
-0.0220134
-0.174699
-0.326746
-0.476508
-0.630299
-0.796174
-0.980216
-1.18461
-1.39853
-1.57566
-1.6642
-1.62917
-1.56418
-3.2474
-4.139
-5.08734
-5.87999
-6.39273
-6.57283
-6.49013
-6.15577
-5.57587
-4.79811
-3.8594
-2.79662
-1.64933
-0.45192
0.766143
1.97872
3.16595
4.31086
5.40068
6.42623
7.38101
8.25854
9.05548
9.77102
10.401
10.9349
11.3621
11.6748
11.8483
11.8455
11.5912
10.9938
9.98209
8.42995
6.41375
4.18953
2.3035
0.949349
-0.0973942
-0.872702
-1.31414
-1.37547
-1.17558
-0.900215
-0.604225
-0.278901
0.0249573
0.301247
0.537552
0.68382
0.803182
0.442378
0.955362
0.649349
0.166127
-0.127529
0.0827295
0.098975
0.19887
0.261309
0.330049
0.371496
0.380531
0.340787
0.253517
0.127621
-0.0226856
-0.182204
-0.341433
-0.50142
-0.669601
-0.85403
-1.06047
-1.29047
-1.53372
-1.75026
-1.89419
-1.93471
-1.86547
-3.54178
-4.54062
-5.49876
-6.3572
-6.89883
-7.07542
-6.97312
-6.60108
-5.96816
-5.12671
-4.11584
-2.97518
-1.74677
-0.46707
0.832794
2.12523
3.38929
4.60716
5.76562
6.85507
7.86871
8.79991
9.64534
10.4039
11.0712
11.6363
12.0889
12.4209
12.6067
12.6069
12.3429
11.712
10.6468
8.99838
6.86466
4.50521
2.50528
1.00451
-0.197473
-1.09006
-1.59274
-1.64551
-1.40135
-1.06546
-0.709631
-0.326702
0.0252503
0.330737
0.575647
0.714365
0.857508
0.544685
1.01775
0.714162
0.179075
-0.126806
0.0996396
0.121292
0.230218
0.298805
0.371603
0.411704
0.413599
0.363906
0.267113
0.132352
-0.0251254
-0.190123
-0.356149
-0.526749
-0.709954
-0.91371
-1.1436
-1.40088
-1.67602
-1.93495
-2.13817
-2.27273
-2.27844
-3.76278
-4.98343
-5.93113
-6.85465
-7.42521
-7.59629
-7.47269
-7.06013
-6.37091
-5.46267
-4.37704
-3.15645
-1.84542
-0.482387
0.899898
2.27245
3.6133
4.90388
6.13057
7.28344
8.35537
9.3397
10.2331
11.0341
11.7381
12.3341
12.8117
13.1628
13.3611
13.3648
13.0919
12.4265
11.3057
9.5555
7.30334
4.79999
2.6955
1.03751
-0.326876
-1.34486
-1.91329
-1.95662
-1.66219
-1.25566
-0.830814
-0.38212
0.0228777
0.358522
0.612593
0.749065
0.907703
0.645693
1.09236
0.853576
0.18769
-0.119478
0.119027
0.148097
0.265273
0.339634
0.414594
0.450657
0.44354
0.383766
0.27735
0.134242
-0.0286037
-0.19784
-0.370636
-0.552319
-0.751131
-0.974925
-1.22927
-1.51543
-1.82497
-2.12928
-2.39592
-2.63157
-2.74107
-3.89247
-5.47556
-6.3927
-7.37386
-7.97311
-8.13633
-7.98977
-7.53402
-6.78519
-5.80682
-4.64351
-3.34073
-1.94538
-0.497828
0.967591
2.42056
3.83819
5.20124
6.49574
7.71148
8.84113
9.87803
10.8188
11.6618
12.4018
13.0283
13.5305
13.9006
14.1117
14.1192
13.8382
13.1368
11.957
10.0973
7.72248
5.0812
2.86791
1.04468
-0.48866
-1.64096
-2.28021
-2.31412
-1.96216
-1.47349
-0.969533
-0.446346
0.0163773
0.383138
0.648057
0.787022
0.957449
0.745032
1.16454
0.935937
0.191414
-0.104854
0.140973
0.179481
0.303771
0.382966
0.457428
0.486753
0.469634
0.399756
0.283779
0.13401
-0.0320778
-0.204819
-0.384643
-0.577893
-0.792842
-1.03734
-1.31711
-1.63374
-1.98013
-2.33287
-2.66643
-2.99858
-3.19691
-3.96765
-6.03766
-6.89254
-7.91651
-8.54424
-8.69657
-8.52511
-8.02371
-7.21203
-6.15998
-4.91582
-3.5283
-2.04673
-0.513348
1.03601
2.56977
4.06419
5.49945
6.86133
8.1394
9.32617
10.415
11.4026
12.2868
13.0624
13.7188
14.2453
14.6343
14.8582
14.87
14.5814
13.8425
12.5985
10.6199
8.10542
5.35842
3.02056
1.02376
-0.685707
-1.98219
-2.69802
-2.723
-2.30515
-1.72165
-1.12774
-0.520925
0.00393238
0.40336
0.681846
0.827663
1.00881
0.84239
1.25538
1.04932
0.189735
-0.0823748
0.165482
0.215338
0.345132
0.427481
0.498258
0.518814
0.491409
0.411305
0.286799
0.133003
-0.0346045
-0.210685
-0.397946
-0.60322
-0.834787
-1.10061
-1.40677
-1.75544
-2.14115
-2.5454
-2.94879
-3.36833
-3.63046
-4.08754
-6.68659
-7.44105
-8.48452
-9.1401
-9.27852
-9.07949
-8.52996
-7.65233
-6.52298
-5.19455
-3.7195
-2.1496
-0.528902
1.10531
2.72029
4.29155
5.79877
7.22756
8.56737
9.81063
10.9508
11.9846
12.9094
13.7199
14.4056
14.956
15.3637
15.6006
15.6171
15.3215
14.5431
13.2275
11.1203
8.43926
5.62506
3.1494
0.972684
-0.920897
-2.37222
-3.17126
-3.18809
-2.69499
-2.00296
-1.30765
-0.607752
-0.0163822
0.418306
0.713919
0.870568
1.06241
0.93875
1.34115
1.19259
0.182169
-0.0516642
0.192434
0.255287
0.388345
0.471399
0.535393
0.546217
0.508402
0.418365
0.287736
0.132649
-0.0355443
-0.215193
-0.410338
-0.628044
-0.876666
-1.16443
-1.49794
-1.88026
-2.30777
-2.7667
-3.24287
-3.74497
-4.06996
-4.36028
-7.4282
-8.04687
-9.07802
-9.76293
-9.88414
-9.65388
-9.05348
-8.10682
-6.89656
-5.48029
-3.91468
-2.25411
-0.544447
1.17563
2.87233
4.52051
6.09945
7.59468
8.99561
10.2947
11.4856
12.5648
13.5296
14.3743
15.0888
15.6627
16.0887
16.3389
16.3603
16.0583
15.2379
13.841
11.5941
8.74133
5.8652
3.24822
0.889541
-1.19675
-2.81449
-3.70447
-3.71431
-3.13566
-2.32041
-1.51175
-0.709014
-0.0463777
0.427465
0.74436
0.915541
1.11855
1.03484
1.42486
1.2791
0.168241
-0.0125297
0.221559
0.298607
0.431915
0.512764
0.567727
0.568639
0.520281
0.421846
0.288382
0.134022
-0.0345562
-0.218188
-0.421632
-0.652119
-0.918196
-1.22851
-1.59036
-2.00794
-2.47975
-2.99659
-3.54902
-4.137
-4.56169
-4.86528
-8.23046
-8.71206
-9.69963
-10.4141
-10.5159
-10.2496
-9.59499
-8.5761
-7.28135
-5.7736
-4.1142
-2.36039
-0.559947
1.24715
3.02614
4.75137
6.40178
7.96295
9.42434
10.7785
12.0194
13.1435
14.1475
15.0256
15.7684
16.3653
16.8093
17.0727
17.0995
16.7915
15.9267
14.4359
12.0199
9.04017
6.07949
3.31592
0.773138
-1.51548
-3.31229
-4.30228
-4.30692
-3.63148
-2.6771
-1.74278
-0.827078
-0.0876018
0.43064
0.773402
0.962576
1.17723
1.13079
1.51778
1.44358
0.147422
0.0350273
0.252373
0.344147
0.473939
0.54992
0.5948
0.585765
0.527347
0.423536
0.290348
0.137716
-0.0314935
-0.219552
-0.431639
-0.675196
-0.959099
-1.29256
-1.68376
-2.13822
-2.6568
-3.23474
-3.86724
-4.55019
-5.12804
-5.6231
-9.04053
-9.43917
-10.348
-11.0952
-11.1766
-10.8685
-10.1554
-9.06073
-7.67783
-6.07497
-4.31841
-2.46862
-0.575373
1.32002
3.18196
4.98439
6.70604
8.33264
9.8538
11.2624
12.5525
13.7206
14.7631
15.6739
16.4443
17.0637
17.5253
17.8019
17.8347
17.521
16.6088
15.012
12.3807
9.33614
6.26988
3.35282
0.62241
-1.87911
-3.86876
-4.96946
-4.97172
-4.18699
-3.07616
-2.00366
-0.964359
-0.141263
0.427899
0.801405
1.01174
1.23837
1.22623
1.59834
1.5301
0.119046
0.090798
0.284094
0.390288
0.512427
0.581925
0.616428
0.597454
0.530919
0.425478
0.294682
0.143966
-0.0262966
-0.219165
-0.440153
-0.697009
-0.999084
-1.3563
-1.77787
-2.27083
-2.83856
-3.48062
-4.19702
-4.98593
-5.76428
-6.59176
-9.8042
-10.2144
-11.0283
-11.8078
-11.8689
-11.5126
-10.7361
-9.56133
-8.08638
-6.38476
-4.52764
-2.57894
-0.590695
1.39441
3.34005
5.21988
7.01255
8.70404
10.2843
11.7464
13.085
14.2964
15.3765
16.3191
17.1164
17.7579
18.2366
18.5264
18.5656
18.2469
17.2837
15.5663
12.7064
9.60005
6.4279
3.35765
0.43658
-2.28912
-4.4868
-5.71095
-5.71488
-4.80684
-3.52065
-2.29741
-1.12318
-0.208212
0.419543
0.828842
1.06306
1.30183
1.32136
1.69584
1.63886
0.0822088
0.154322
0.315536
0.435053
0.545833
0.608499
0.632393
0.604294
0.533086
0.429307
0.301869
0.152817
-0.0189148
-0.216873
-0.44693
-0.717266
-1.03784
-1.41942
-1.87237
-2.40541
-3.02455
-3.7335
-4.53733
-5.44273
-6.45308
-7.6918
-10.4524
-11.0462
-11.7421
-12.5522
-12.5959
-12.1843
-11.3386
-10.0788
-8.50738
-6.70323
-4.74212
-2.69149
-0.605886
1.4705
3.50068
5.45817
7.32164
9.07747
10.716
12.2309
13.6171
14.871
15.9878
16.9614
17.7848
18.4477
18.9429
19.2457
19.2922
18.969
17.952
16.0605
13.0466
9.83136
6.55191
3.33035
0.215609
-2.74632
-5.16874
-6.53154
-6.54273
-5.49565
-4.01357
-2.62708
-1.30565
-0.288959
0.406075
0.856254
1.11662
1.3672
1.41543
1.78518
1.77919
0.0356729
0.224798
0.34507
0.476481
0.573409
0.629545
0.642698
0.607908
0.53599
0.435964
0.312038
0.16427
-0.00925337
-0.212464
-0.45168
-0.735635
-1.07503
-1.48157
-1.9669
-2.54152
-3.21414
-3.99243
-4.88672
-5.91639
-7.16681
-8.83062
-10.9992
-11.9136
-12.4939
-13.3308
-13.3597
-12.8858
-11.9647
-10.6141
-8.94125
-7.03054
-4.96198
-2.80636
-0.620901
1.54847
3.66415
5.69959
7.63366
9.45326
11.1493
12.7162
14.1491
15.4445
16.5971
17.6007
18.4494
19.1331
19.644
19.9597
20.0145
19.687
18.6224
16.4473
13.4062
10.0369
6.64476
3.27166
-0.039897
-3.25062
-5.91594
-7.43532
-7.46124
-6.25776
-4.55783
-2.99565
-1.51358
-0.383715
0.388173
0.884232
1.17243
1.4342
1.50848
1.86875
1.86426
-0.0221789
0.300946
0.370781
0.513148
0.595032
0.644873
0.648181
0.610572
0.541192
0.445821
0.325182
0.178359
0.00285451
-0.205662
-0.454063
-0.751755
-1.11027
-1.54237
-2.06105
-2.67865
-3.40657
-4.25622
-5.24324
-6.40097
-7.87808
-9.90304
-11.4188
-12.817
-13.2958
-14.1421
-14.1623
-13.6195
-12.6162
-11.1687
-9.38863
-7.36685
-5.18727
-2.92356
-0.635673
1.62853
3.83076
5.94451
7.94898
9.83177
11.5846
13.2024
14.6812
16.0171
17.2046
18.2372
19.1103
19.8139
20.3397
20.668
20.7325
20.3993
19.3236
16.7651
13.7276
10.2079
6.7057
3.18235
-0.328243
-3.80036
-6.72798
-8.42484
-8.47518
-7.09677
-5.15605
-3.4059
-1.74838
-0.492425
0.366659
0.9134
1.23056
1.50238
1.60052
1.96273
1.96058
-0.0932351
0.380854
0.39093
0.544424
0.610651
0.654592
0.650723
0.614422
0.54951
0.458947
0.341292
0.195197
0.0176546
-0.196135
-0.45371
-0.765244
-1.14319
-1.60142
-2.15434
-2.81617
-3.60093
-4.52347
-5.60452
-6.89004
-8.55959
-10.8201
-11.7867
-13.772
-14.1429
-14.9873
-15.0045
-14.3872
-13.295
-11.744
-9.85034
-7.7124
-5.41798
-3.04304
-0.650087
1.71088
4.00083
6.19333
8.26801
10.2134
12.0221
13.69
15.2135
16.5891
17.8103
18.8708
19.7673
20.4902
21.0298
21.3701
21.4468
21.0999
20.0418
17.0991
13.991
10.3437
6.73453
3.06405
-0.646111
-4.39188
-7.60225
-9.50048
-9.5872
-8.0149
-5.81023
-3.86028
-2.01111
-0.614802
0.34248
0.944427
1.29112
1.57122
1.69103
2.04968
2.07692
-0.179208
0.461916
0.404524
0.570126
0.620126
0.659753
0.652723
0.620892
0.561231
0.475324
0.360425
0.214984
0.0354572
-0.183518
-0.450238
-0.775721
-1.1734
-1.65829
-2.24625
-2.95339
-3.79617
-4.79248
-5.96765
-7.37615
-9.19419
-11.5742
-12.2019
-14.7367
-15.0495
-15.8631
-15.8862
-15.1905
-14.0025
-12.3415
-10.3274
-8.06754
-5.65408
-3.16465
-0.663974
1.79578
4.17473
6.44647
8.59117
10.5985
12.4622
14.1792
15.7465
17.1606
18.4145
19.5017
20.4204
21.1619
21.7141
22.0655
22.1581
21.7813
20.6559
17.5229
14.2186
10.4495
6.73245
2.91962
-0.988666
-5.01955
-8.534
-10.6602
-10.7972
-9.01226
-6.52136
-4.36078
-2.30246
-0.750365
0.316697
0.978042
1.35427
1.64033
1.78022
2.13329
2.15047
-0.280574
0.540877
0.411495
0.589959
0.623774
0.662421
0.656267
0.630671
0.5764
0.494964
0.382725
0.237993
0.0566082
-0.167441
-0.443284
-0.782828
-1.20051
-1.71256
-2.33626
-3.08953
-3.99106
-5.06133
-6.3292
-7.85214
-9.77244
-12.1583
-12.6977
-15.7476
-16.0038
-16.7662
-16.8057
-16.0303
-14.74
-12.9625
-10.8207
-8.43275
-5.89562
-3.28824
-0.677104
1.88351
4.35281
6.70438
8.91896
10.9876
12.9054
14.6703
16.2805
17.732
19.0175
20.13
21.0698
21.8288
22.3922
22.7537
22.8684
22.4533
21.0563
17.9834
14.3993
10.5246
6.70032
2.75301
-1.34972
-5.67594
-9.51651
-11.8994
-12.102
-10.0864
-7.28898
-4.90871
-2.62278
-0.898462
0.290486
1.01507
1.42027
1.7092
1.86826
2.22153
2.25863
-0.394743
0.613861
0.412238
0.603502
0.623006
0.665
0.662661
0.643978
0.595018
0.517954
0.408415
0.264536
0.0814517
-0.147568
-0.432527
-0.786246
-1.2242
-1.76381
-2.42379
-3.22374
-4.18426
-5.32774
-6.68525
-8.31149
-10.2992
-12.6681
-13.3377
-16.743
-16.9968
-17.6917
-17.7595
-16.9067
-15.508
-13.6078
-11.3313
-8.80859
-6.14272
-3.41361
-0.689198
1.97439
4.53549
6.96753
9.25188
11.3811
13.352
15.1639
16.8157
18.3035
19.6193
20.7559
21.7153
22.491
23.0641
23.4344
23.5806
23.1853
21.3087
18.3782
14.5224
10.567
6.64005
2.56946
-1.72186
-6.35225
-10.5417
-13.2119
-13.4954
-11.2321
-8.11085
-5.5046
-2.97207
-1.05829
0.265154
1.05647
1.4895
1.77721
1.95527
2.30022
2.33327
-0.513863
0.676081
0.407085
0.610885
0.620224
0.669411
0.672498
0.660846
0.617129
0.54446
0.437765
0.294924
0.110293
-0.123618
-0.417704
-0.78571
-1.24415
-1.81163
-2.50825
-3.3551
-4.37421
-5.58912
-7.03132
-8.74776
-10.7808
-13.1691
-14.1866
-17.6331
-18.0086
-18.6328
-18.7425
-17.8187
-16.3067
-14.2781
-11.8598
-9.19559
-6.39557
-3.54065
-0.699947
2.06877
4.72318
7.23643
9.5905
11.7796
13.8025
15.6602
17.3524
18.8754
20.2204
21.3796
22.3571
23.1484
23.7294
24.107
24.2904
24.0431
21.5394
18.6748
14.603
10.5775
6.55464
2.37514
-2.09717
-7.03951
-11.6019
-14.5912
-14.9693
-12.4411
-8.98273
-6.14802
-3.35001
-1.22889
0.242168
1.10338
1.56244
1.84389
2.0411
2.38787
2.41575
-0.623754
0.721529
0.396549
0.613338
0.618003
0.676744
0.685969
0.681291
0.642843
0.574697
0.471046
0.329426
0.143369
-0.0953864
-0.398626
-0.781015
-1.26011
-1.85566
-2.58903
-3.48257
-4.55919
-5.84251
-7.36256
-9.15506
-11.2206
-13.657
-15.1494
-18.3467
-19.0151
-19.5856
-19.7484
-18.7638
-17.1349
-14.9731
-12.4066
-9.59414
-6.65439
-3.66924
-0.709034
2.16705
4.91632
7.51161
9.9354
12.1837
14.2575
16.1598
17.8913
19.4482
20.8211
22.0014
22.9953
23.8011
24.3878
24.7712
24.9749
24.8954
21.8903
18.9075
14.6541
10.5575
6.44772
2.17631
-2.46861
-7.73053
-12.6926
-16.0336
-16.5167
-13.7035
-9.89831
-6.83743
-3.7559
-1.40916
0.223184
1.15719
1.63975
1.90823
2.12431
2.46935
2.50654
-0.705917
0.74357
0.382169
0.612903
0.618299
0.687434
0.703133
0.705371
0.672325
0.608893
0.50849
0.368236
0.180831
-0.0627533
-0.375177
-0.772018
-1.27185
-1.89552
-2.66552
-3.60506
-4.73725
-6.08467
-7.6741
-9.52878
-11.6217
-14.1243
-16.1157
-18.8314
-20.0079
-20.5498
-20.771
-19.738
-17.9904
-15.6919
-12.9716
-10.0044
-6.91932
-3.79934
-0.716154
2.26966
5.11539
7.7936
10.2872
12.5941
14.7177
16.6632
18.4325
20.0221
21.4218
22.6215
23.6298
24.4492
25.0388
25.4291
25.6137
25.5257
22.358
19.0752
14.6777
10.5075
6.32326
1.97815
-2.83135
-8.42142
-13.8143
-17.5409
-18.1346
-15.009
-10.8496
-7.57012
-4.18862
-1.59782
0.21009
1.21959
1.7222
1.96983
2.20433
2.54782
2.58362
-0.743077
0.737075
0.366909
0.611608
0.622215
0.701596
0.724038
0.733192
0.705761
0.64724
0.550254
0.411457
0.222736
-0.0256838
-0.347317
-0.758636
-1.2792
-1.93087
-2.73702
-3.72131
-4.90623
-6.31223
-7.96154
-9.86627
-11.9872
-14.5567
-16.9733
-19.0793
-20.9946
-21.5328
-21.8052
-20.7364
-18.8699
-16.4324
-13.5539
-10.4261
-7.19037
-3.93085
-0.72101
2.37702
5.32085
8.08291
10.6465
13.0113
15.1836
17.1709
18.9768
20.5977
22.0227
23.2404
24.261
25.0927
25.6818
26.0861
26.2264
25.8373
22.8444
19.1609
14.6741
10.4299
6.18485
1.78396
-3.18319
-9.11163
-14.9721
-19.1218
-19.8264
-16.3491
-11.8272
-8.34223
-4.64666
-1.79339
0.205062
1.29265
1.81073
2.0286
2.28242
2.63126
2.66165
-0.725748
0.701129
0.35446
0.610861
0.63024
0.719254
0.74876
0.764886
0.743306
0.68986
0.596397
0.459092
0.269051
0.0157777
-0.315072
-0.740841
-1.28202
-1.96135
-2.80284
-3.82999
-5.06389
-6.52198
-8.22164
-10.1673
-12.3199
-14.9384
-17.6312
-19.1946
-22.0135
-22.5469
-22.8487
-21.7543
-19.7693
-17.1915
-14.1519
-10.8587
-7.46725
-4.06361
-0.723301
2.48958
5.53322
8.38008
11.0138
13.4361
15.656
17.6838
19.5246
21.1754
22.6245
23.8584
24.8889
25.732
26.3167
26.7531
26.9547
25.9522
23.2525
19.1819
14.6467
10.327
6.03448
1.59504
-3.52387
-9.80289
-16.1752
-20.791
-21.6024
-17.7175
-12.8214
-9.14885
-5.12802
-1.99415
0.210639
1.37891
1.90652
2.08403
2.35973
2.71116
2.74655
-0.655896
0.640376
0.347952
0.611463
0.642553
0.740435
0.777392
0.800569
0.785053
0.736779
0.64688
0.51105
0.319659
0.0615158
-0.278531
-0.718657
-1.28021
-1.98664
-2.86219
-3.92966
-5.20797
-6.71128
-8.45294
-10.434
-12.6234
-15.2707
-18.1059
-19.4121
-23.0748
-23.608
-23.9025
-22.7888
-20.6845
-17.9654
-14.7631
-11.3006
-7.74933
-4.19727
-0.722684
2.60781
5.753
8.68563
11.3898
13.8692
16.1356
18.2024
20.0768
21.7559
23.2276
24.4761
25.5138
26.3672
26.9429
27.4288
27.9279
26.0506
23.5721
19.1688
14.598
10.2
5.87231
1.41142
-3.85406
-10.4985
-17.4368
-22.5702
-23.4801
-19.1107
-13.8223
-9.98418
-5.63025
-2.19803
0.22982
1.48149
2.01094
2.13567
2.43711
2.79047
2.82069
-0.545644
0.56388
0.349071
0.613932
0.659205
0.76519
0.810015
0.8403
0.831
0.78792
0.701567
0.56716
0.374377
0.111351
-0.237841
-0.692163
-1.2737
-2.00639
-2.91429
-4.01888
-5.33656
-6.87861
-8.65608
-10.6707
-12.9026
-15.5729
-18.5037
-19.9257
-24.091
-24.7262
-24.9711
-23.839
-21.6129
-18.75
-15.3842
-11.7498
-8.03553
-4.33127
-0.718732
2.7322
5.98076
9.00009
11.775
14.311
16.6232
18.7277
20.634
22.34
23.8327
25.0939
26.1358
26.9985
27.5598
28.0817
29.0236
26.3029
23.8346
19.1404
14.5273
10.0487
5.69727
1.23266
-4.17487
-11.2033
-18.7751
-24.4898
-25.4872
-20.5289
-14.8206
-10.8417
-6.15043
-2.40264
0.266147
1.60426
2.12559
2.18283
2.51576
2.87323
2.89188
-0.412329
0.482217
0.358012
0.618758
0.680177
0.793575
0.84666
0.884057
0.881048
0.843115
0.760244
0.627181
0.432955
0.165046
-0.193209
-0.661492
-1.26248
-2.02029
-2.95834
-4.09638
-5.44837
-7.02387
-8.83362
-10.8825
-13.1631
-15.8642
-18.9116
-20.7778
-24.9011
-25.9095
-26.0646
-24.9073
-22.5535
-19.5421
-16.0116
-12.2038
-8.32426
-4.46474
-0.7109
2.86326
6.21708
9.32401
12.1698
14.7622
17.1192
19.2604
21.1973
22.9284
24.4405
25.7125
26.7553
27.6256
28.1693
28.6696
29.9751
26.6982
24.0405
19.1015
14.4325
9.87193
5.50761
1.05821
-4.48756
-11.9235
-20.214
-26.591
-27.6636
-21.977
-15.8077
-11.7146
-6.68522
-2.60522
0.323777
1.75197
2.25234
2.22425
2.59814
2.95438
2.96095
-0.272982
0.404572
0.373986
0.626461
0.70539
0.82562
0.887278
0.931724
0.935005
0.902118
0.822631
0.690817
0.49509
0.222299
-0.144911
-0.626845
-1.24658
-2.02805
-2.99363
-4.1612
-5.54304
-7.14844
-8.9893
-11.0746
-13.4083
-16.1518
-19.3344
-21.8
-25.4045
-27.1718
-27.1992
-25.9973
-23.5074
-20.3395
-16.642
-12.6593
-8.61347
-4.59647
-0.698482
3.00158
6.46257
9.658
12.5748
15.2232
17.6245
19.8013
21.7675
23.5221
25.0519
26.3329
27.3726
28.2476
28.7769
29.1768
30.5829
27.1311
24.1828
19.0541
14.3113
9.66774
5.30107
0.887651
-4.79301
-12.6664
-21.7826
-28.926
-30.0636
-23.4643
-16.7763
-12.5957
-7.23104
-2.80267
0.407511
1.93047
2.39328
2.25887
2.68524
3.04126
3.0238
-0.140604
0.337158
0.395788
0.637524
0.734708
0.861299
0.931727
0.983095
0.992602
0.964622
0.888395
0.757716
0.560416
0.282738
-0.0933016
-0.588499
-1.22607
-2.02942
-3.01962
-4.21302
-5.6213
-7.25478
-9.12713
-11.2512
-13.6402
-16.4341
-19.7394
-22.7547
-25.6534
-28.5321
-28.3956
-27.112
-24.4773
-21.1422
-17.2728
-13.1137
-8.90079
-4.72496
-0.680581
3.1478
6.71787
10.0027
12.9905
15.6944
18.1393
20.351
22.3455
24.1223
25.668
26.956
27.9887
28.8638
29.393
29.6417
30.8208
27.5428
24.2617
18.998
14.1607
9.43347
5.07489
0.721153
-5.0909
-13.4386
-23.515
-31.5594
-32.7579
-25.005
-17.7203
-13.4781
-7.78417
-2.99164
0.52281
2.14691
2.55074
2.28472
2.78214
3.12949
3.07169
-0.0229514
0.283106
0.422182
0.652327
0.767926
0.900509
0.979781
1.03789
1.05351
1.03027
0.957156
0.827473
0.628501
0.345909
-0.038826
-0.546813
-1.2011
-2.02427
-3.03612
-4.2522
-5.68474
-7.34579
-9.25068
-11.4151
-13.8597
-16.7069
-20.0987
-23.4946
-25.8794
-29.9947
-29.6736
-28.2527
-25.4658
-21.9511
-17.9029
-13.5646
-9.18387
-4.84844
-0.656107
3.30266
6.98364
10.3587
13.4173
16.1763
18.6641
20.9102
22.9323
24.7301
26.29
27.5829
28.6046
29.4734
30.0321
30.1848
30.8188
27.8908
24.2938
18.928
13.9767
9.1654
4.82598
0.560038
-5.37876
-14.2452
-25.4494
-34.5683
-35.836
-26.6178
-18.6348
-14.3555
-8.34104
-3.16861
0.675827
2.41
2.72729
2.29938
2.89293
3.22222
3.11788
0.0768217
0.243205
0.452081
0.671102
0.804769
0.943069
1.03114
1.09579
1.11737
1.09867
1.02849
0.899617
0.698827
0.411257
0.0179712
-0.502216
-1.17188
-2.01262
-3.04336
-4.27978
-5.73543
-7.42421
-9.36265
-11.5682
-14.0668
-16.9669
-20.4128
-24.0496
-26.3744
-31.4907
-31.0447
-29.4194
-26.4742
-22.7684
-18.5321
-14.0102
-9.46059
-4.96505
-0.623801
3.46694
7.26053
10.7267
13.856
16.6691
19.1991
21.4792
23.5287
25.3467
26.9192
28.2152
29.2219
30.0751
30.7019
30.9368
30.7485
28.1724
24.3021
18.8384
13.7551
8.85851
4.55119
0.407315
-5.65106
-15.0873
-27.6243
-38.038
-39.4045
-28.3253
-19.5158
-15.2218
-8.89844
-3.32999
0.873378
2.7304
2.92559
2.29977
3.02288
3.32209
3.14864
0.158708
0.216821
0.4846
0.693923
0.844902
0.988734
1.08546
1.15642
1.18377
1.16939
1.1019
0.9736
0.770778
0.47812
0.0764587
-0.455185
-1.13866
-1.99472
-3.04204
-4.29716
-5.77538
-7.49223
-9.46474
-11.7112
-14.2612
-17.2127
-20.7017
-24.5576
-27.3187
-32.835
-32.5107
-30.6125
-27.5022
-23.5958
-19.1609
-14.45
-9.7294
-5.07307
-0.582315
3.64153
7.54916
11.1072
14.307
17.1732
19.7445
22.0583
24.1353
25.9732
27.557
28.8543
29.8425
30.667
31.3876
31.8978
30.783
28.4325
24.3016
18.727
13.4917
8.5065
4.24763
0.268077
-5.89801
-15.9579
-30.0653
-42.0416
-43.571
-30.1506
-20.3599
-16.0722
-9.45385
-3.47244
1.12266
3.12084
3.14826
2.28148
3.18152
3.43199
3.13987
0.224376
0.202653
0.519048
0.720717
0.887942
1.03721
1.14235
1.21939
1.25228
1.24192
1.17683
1.04878
0.843624
0.545737
0.135956
-0.406203
-1.10179
-1.97105
-3.03308
-4.30577
-5.80626
-7.55133
-9.55785
-11.8441
-14.4422
-17.4433
-20.9784
-25.0787
-28.6341
-33.8157
-34.0661
-31.8367
-28.5472
-24.4342
-19.7898
-14.8837
-9.98933
-5.17107
-0.530316
3.82734
7.85012
11.5009
14.7708
17.6891
20.3005
22.6476
24.7525
26.6105
28.2048
29.5019
30.4686
31.2479
32.0589
32.9576
30.9844
28.7032
24.2995
18.5936
13.1816
8.10225
3.91294
0.149844
-6.10392
-16.8328
-32.7503
-46.5862
-48.39
-32.1087
-21.1633
-16.9025
-10.0058
-3.59331
1.43052
3.59567
3.39718
2.23829
3.37907
3.55773
3.0902
0.27607
0.199223
0.554878
0.751292
0.933486
1.08816
1.20141
1.28428
1.3224
1.31572
1.25263
1.12439
0.916533
0.613288
0.195795
-0.355732
-1.06168
-1.94225
-3.01744
-4.3068
-5.82924
-7.60236
-9.64225
-11.9665
-14.6089
-17.6569
-21.2434
-25.5818
-29.998
-34.3433
-35.7237
-33.1032
-29.6046
-25.283
-20.4189
-15.3114
-10.2399
-5.25799
-0.466592
4.02533
8.16398
11.908
15.2478
18.2169
20.8672
23.2473
25.3806
27.2594
28.8641
30.1597
31.1023
31.8178
32.6871
33.9959
31.3208
28.9884
24.2996
18.4369
12.819
7.63814
3.54569
0.0622726
-6.247
-17.6603
-35.5577
-51.5243
-53.7635
-34.1883
-21.9208
-17.7103
-10.5544
-3.69125
1.80224
4.16979
3.67199
2.16181
3.62702
3.70344
3.00084
0.315939
0.205159
0.591644
0.785369
0.981122
1.14123
1.26222
1.35061
1.3936
1.39015
1.32854
1.19957
0.988602
0.679968
0.255386
-0.304184
-1.01874
-1.90889
-2.99586
-4.30106
-5.84502
-7.64569
-9.71788
-12.078
-14.7606
-17.8518
-21.4908
-26.0189
-31.1251
-34.5767
-37.4942
-34.4263
-30.6675
-26.1395
-21.0472
-15.7326
-10.4808
-5.33315
-0.390127
4.23643
8.49132
12.329
15.7383
18.7569
21.4446
23.8572
26.0197
27.9207
29.5359
30.8293
31.746
32.3786
33.2534
34.9275
31.7421
29.2818
24.3039
18.2547
12.3974
7.10632
3.14612
0.0148281
-6.30437
-18.3658
-38.2657
-56.5155
-59.3572
-36.3295
-22.6245
-18.4951
-11.1015
-3.76672
2.24035
4.85678
3.96842
2.03962
3.94201
3.87106
2.75646
0.345729
0.219309
0.628963
0.822619
1.03044
1.19605
1.32431
1.41788
1.46526
1.46447
1.4037
1.27339
1.05893
0.745072
0.314272
-0.251879
-0.973321
-1.87138
-2.96883
-4.28903
-5.85394
-7.6814
-9.78459
-12.1782
-14.8969
-18.0265
-21.7144
-26.3638
-31.9088
-34.8666
-39.3374
-35.8226
-31.7263
-26.9995
-21.6731
-16.1466
-10.7118
-5.39606
-0.300107
4.46155
8.83278
12.764
16.2423
19.3091
22.0327
24.4772
26.6699
28.5946
30.2214
31.5123
32.4021
32.9343
33.7523
35.7135
32.2082
29.5776
24.3132
18.044
11.9095
6.49961
2.71768
0.0152721
-6.26683
-18.905
-40.6978
-61.1972
-64.7242
-38.422
-23.2623
-19.2591
-11.6516
-3.82232
2.74356
5.66706
4.27612
1.85506
4.34234
4.05596
2.34366
0.366712
0.240759
0.666492
0.862682
1.08103
1.25221
1.3872
1.4855
1.53667
1.53785
1.47717
1.3449
1.12673
0.80808
0.372173
-0.198983
-0.925552
-1.8299
-2.9366
-4.27097
-5.85614
-7.70948
-9.84223
-12.267
-15.0174
-18.1802
-21.9106
-26.6273
-32.4456
-35.5366
-41.1449
-37.2948
-32.7712
-27.8568
-22.2939
-16.5518
-10.9323
-5.44632
-0.195868
4.70156
9.18908
13.2135
16.7597
19.8732
22.6313
25.1073
27.331
29.2814
30.9213
32.2101
33.0732
33.4907
34.1861
36.3374
32.6878
29.8745
24.3285
17.8014
11.3477
5.81374
2.26907
0.050215
-6.19036
-19.2966
-42.851
-65.448
-69.626
-40.3418
-23.8181
-20.0084
-12.212
-3.86289
3.30649
6.6063
4.57817
1.58506
4.84533
4.23636
1.69228
0.379715
0.26882
0.703918
0.905182
1.13247
1.30925
1.45033
1.55283
1.60704
1.60936
1.54799
1.41324
1.19141
0.868707
0.429025
-0.145442
-0.875368
-1.78448
-2.89931
-4.24704
-5.85168
-7.72991
-9.89075
-12.3441
-15.122
-18.3122
-22.0786
-26.8367
-32.9003
-36.7211
-42.7151
-38.825
-33.7956
-28.7033
-22.9067
-16.946
-11.141
-5.48336
-0.0768118
4.95728
9.56102
13.6777
17.2905
20.4488
23.2397
25.7469
28.003
29.9813
31.6365
32.9241
33.7617
34.0552
34.5613
36.797
33.1712
30.1705
24.3513
17.5238
10.7053
5.05125
1.80387
0.0130237
-6.20944
-19.557
-44.773
-69.3083
-74.0525
-41.9726
-24.2719
-20.7523
-12.7937
-3.8954
3.91971
7.67525
4.85029
1.20571
5.45342
4.53337
0.697949
0.385183
0.302994
0.740944
0.949728
1.18434
1.36668
1.51308
1.6191
1.67548
1.67806
1.61527
1.47776
1.25266
0.926935
0.485006
-0.0909989
-0.822584
-1.7351
-2.85707
-4.21737
-5.84065
-7.74275
-9.93022
-12.4096
-15.2107
-18.4222
-22.2176
-27.0095
-33.335
-38.2594
-43.8448
-40.394
-34.7957
-29.5301
-23.5074
-17.3266
-11.3367
-5.50643
0.0576838
5.22951
9.94949
14.1573
17.8345
21.0352
23.8574
26.3955
28.6854
30.6944
32.3673
33.6552
34.4704
34.6368
34.8858
37.0901
33.6454
30.4728
24.3838
17.2086
9.98046
4.22583
1.31041
-0.24805
-6.42851
-19.7805
-46.4552
-72.6776
-77.8097
-43.1829
-24.6023
-21.5024
-13.4109
-3.92886
4.57019
8.86887
5.06577
0.678858
6.17598
4.68716
-0.551855
0.383244
0.342947
0.777286
0.995909
1.23618
1.42394
1.57475
1.68349
1.74107
1.74305
1.6783
1.5381
1.31046
0.98302
0.540512
-0.0352945
-0.76704
-1.68183
-2.81008
-4.18213
-5.8232
-7.74817
-9.96081
-12.4637
-15.2834
-18.5097
-22.3266
-27.15
-33.7252
-39.8097
-44.4612
-41.9788
-35.7747
-30.3269
-24.0915
-17.6905
-11.5172
-5.51456
0.208311
5.51904
10.3554
14.653
18.3919
21.632
24.4832
27.0522
29.3779
31.4205
33.1142
34.4044
35.2018
35.2485
35.1895
37.2572
34.0823
30.7856
24.43
16.8549
9.18233
3.37121
0.752025
-0.900169
-6.97119
-20.0706
-47.7946
-75.4552
-80.4508
-43.8121
-24.7843
-22.2714
-14.0822
-3.97439
5.24143
10.1763
5.19338
-0.0248261
6.99898
4.54993
-2.82748
0.373771
0.38846
0.812656
1.04328
1.28746
1.48039
1.63456
1.74513
1.80293
1.80359
1.73668
1.59423
1.36509
1.03745
0.596041
0.0219837
-0.708708
-1.62486
-2.75859
-4.1416
-5.79958
-7.74642
-9.98277
-12.5065
-15.3402
-18.5746
-22.4052
-27.2563
-34.0258
-41.0775
-44.6584
-43.5435
-36.741
-31.0827
-24.6537
-18.0344
-11.6806
-5.50656
0.375837
5.82664
10.7798
15.1656
18.9631
22.2386
25.1162
27.716
30.0797
32.1594
33.8773
35.1725
35.9579
35.9062
35.541
37.3899
34.5049
31.1166
24.4953
16.4666
8.32889
2.58287
-0.00247932
-2.10895
-8.00382
-20.5084
-48.6991
-77.4485
-81.6029
-43.729
-24.7912
-23.0716
-14.8301
-4.04531
5.91243
11.5782
5.20559
-0.960517
8.12664
5.22116
-4.82603
0.356423
0.43939
0.846752
1.09135
1.33762
1.5353
1.6917
1.80314
1.8603
1.85923
1.79033
1.64643
1.41711
1.09081
0.65204
0.080974
-0.647749
-1.56452
-2.70298
-4.0961
-5.7701
-7.7378
-9.99638
-12.5383
-15.3814
-18.6171
-22.4533
-27.3241
-34.2041
-41.906
-44.6399
-45.0493
-37.7014
-31.7868
-25.1876
-18.3548
-11.8243
-5.48114
0.56108
6.15308
11.2234
15.6962
19.5485
22.8546
25.7551
28.3854
30.7899
32.9109
34.6569
35.9598
36.7403
36.6224
35.9911
37.5348
34.957
31.4799
24.5869
16.0537
7.44724
1.9406
-1.11554
-4.05155
-9.70976
-21.2223
-49.1187
-78.2616
-81.3899
-42.9006
-24.5833
-23.9154
-15.6808
-4.15804
6.55476
13.0265
5.07356
-2.28791
9.33816
5.8166
-4.57619
0.330707
0.495612
0.879246
1.13956
1.38602
1.58791
1.74534
1.85681
1.91271
1.90986
1.83953
1.69527
1.46717
1.14368
0.708769
0.14158
-0.584515
-1.50126
-2.64371
-4.04608
-5.73518
-7.72269
-10.002
-12.5594
-15.4073
-18.6378
-22.4715
-27.3512
-34.2576
-42.3162
-44.6963
-46.4428
-38.6573
-32.4286
-25.6863
-18.6485
-11.9459
-5.43695
0.764858
6.49907
11.6873
16.2457
20.1487
23.4798
26.3989
29.0592
31.5074
33.6743
35.453
36.7666
37.5491
37.4047
36.5692
37.7063
35.4687
31.8888
24.7154
15.6243
6.61512
1.48475
-2.74426
-6.89287
-12.3175
-22.3544
-49.0334
-77.9174
-80.0581
-41.4026
-24.1259
-24.8159
-16.6664
-4.33184
7.11763
14.4163
4.70012
-4.21497
10.3327
6.93285
-2.44259
0.296053
0.556946
0.909768
1.18729
1.43197
1.63744
1.79476
1.90561
1.95997
1.9557
1.88481
1.74143
1.51591
1.19643
0.76622
0.203475
-0.51951
-1.43566
-2.58133
-3.99204
-5.69526
-7.70149
-9.99994
-12.5701
-15.4184
-18.6376
-22.4613
-27.3386
-34.2126
-42.4702
-45.0749
-47.6509
-39.5993
-33.0002
-26.1422
-18.9122
-12.0429
-5.37265
0.987934
6.86522
12.1721
16.8149
20.7643
24.1139
27.0466
29.736
32.231
34.4492
36.2655
37.5932
38.3833
38.2542
37.3242
38.0118
36.0644
32.3561
24.8944
15.1856
5.97549
1.23373
-5.07161
-10.7988
-16.1061
-24.0778
-48.4967
-76.8876
-77.7806
-39.353
-23.3577
-25.7868
-17.8288
-4.5874
7.47012
15.5337
3.86552
-7.00408
11.1261
8.70894
0.726019
0.25193
0.623056
0.937907
1.23384
1.47476
1.68318
1.83943
1.94932
2.00227
1.99726
1.92688
1.78564
1.56382
1.24914
0.824129
0.266152
-0.453353
-1.36833
-2.51643
-3.93454
-5.65086
-7.67465
-9.99059
-12.5707
-15.4151
-18.6177
-22.4244
-27.289
-34.0999
-42.5085
-45.8016
-48.5717
-40.5024
-33.4965
-26.5478
-19.1431
-12.1133
-5.28701
1.23095
7.25199
12.6784
17.4046
21.3959
24.7569
27.6972
30.4142
32.9595
35.2347
37.0942
38.4394
39.241
39.1652
38.2723
38.5281
36.7695
32.8936
25.1337
14.7612
5.65511
0.97474
-8.34289
-15.9889
-21.3964
-26.6081
-47.6449
-75.3628
-74.5344
-36.8274
-22.2261
-26.8392
-19.208
-4.93662
7.32225
16.3688
2.27336
-10.9257
11.6027
10.8615
6.06484
0.198014
0.693344
0.963223
1.27847
1.51377
1.72459
1.87911
1.98806
2.04007
2.03525
1.96649
1.82844
1.6111
1.30165
0.882023
0.328976
-0.386733
-1.29999
-2.44971
-3.87422
-5.60252
-7.6426
-9.97428
-12.5617
-15.3984
-18.5794
-22.363
-27.2054
-33.9383
-42.474
-46.678
-49.1421
-41.3406
-33.9164
-26.8965
-19.3386
-12.155
-5.17896
1.49436
7.65965
13.2064
18.0151
22.0436
25.4083
28.3496
31.0927
33.6916
36.0301
37.9386
39.3048
40.12
40.1286
39.3756
39.1806
37.6026
33.5109
25.4307
14.4419
5.7963
0.270374
-12.8587
-22.8243
-28.539
-30.1947
-46.67
-73.1313
-70.1491
-33.8619
-20.7899
-28.008
-20.8896
-5.36984
6.89154
17.0668
0.118745
-15.8747
11.4598
12.7479
11.4205
0.134419
0.766819
0.985289
1.32044
1.5485
1.76137
1.91387
2.02225
2.07405
2.0704
2.00425
1.87013
1.65766
1.35355
0.939292
0.391245
-0.320389
-1.23136
-2.38189
-3.81177
-5.55085
-7.60578
-9.95136
-12.5435
-15.3689
-18.5245
-22.2792
-27.0905
-33.7386
-42.3724
-47.5019
-49.3523
-42.0784
-34.2623
-27.1828
-19.4968
-12.1668
-5.04772
1.77832
8.08815
13.7562
18.6466
22.7073
26.0673
29.0025
31.77
34.4264
36.8347
38.7984
40.1888
41.0171
41.132
40.5937
39.9266
38.5544
34.2126
25.7752
14.4009
6.47836
-1.21831
-18.9196
-31.7748
-37.892
-35.0888
-45.7179
-69.7709
-64.8386
-30.4674
-19.15
-29.309
-22.9394
-5.87534
7.10315
18.0872
-2.51053
-21.3497
10.0626
13.3628
17.9824
0.0619605
0.841994
1.00375
1.35908
1.57868
1.79351
1.94407
2.05252
2.10494
2.10339
2.04055
1.91072
1.70317
1.40426
0.995255
0.452219
-0.255095
-1.16327
-2.31378
-3.74792
-5.49644
-7.56463
-9.92212
-12.5164
-15.3277
-18.4547
-22.1759
-26.9475
-33.5062
-42.1902
-48.1074
-49.2299
-42.6904
-34.5396
-27.4032
-19.6162
-12.1478
-4.89285
2.08269
8.53711
14.3274
19.2987
23.3864
26.7327
29.6544
32.4445
35.1626
37.6478
39.6731
41.0906
41.9287
42.1584
41.9057
40.8374
39.5998
34.9889
26.1796
14.7467
7.37355
-3.2298
-26.943
-43.275
-49.6234
-41.4699
-44.8664
-65.1152
-58.8653
-26.85
-17.5259
-30.8562
-25.4861
-6.45992
8.77052
19.4848
-6.26311
-26.5669
7.42408
13.2533
26.5923
-0.0175713
0.916836
1.0184
1.3939
1.60431
1.82129
1.97029
2.07958
2.13344
2.13465
2.07547
1.94999
1.74715
1.45317
1.0492
0.511141
-0.191653
-1.09654
-2.24622
-3.68347
-5.43991
-7.51955
-9.88683
-12.4809
-15.2758
-18.3721
-22.0556
-26.7797
-33.2429
-41.9145
-48.4077
-48.8414
-43.1519
-34.7533
-27.5561
-19.6956
-12.0979
-4.71428
2.40694
9.00578
14.9192
19.9705
24.0796
27.4027
30.303
33.1145
35.8993
38.4692
40.5623
42.0093
42.8516
43.1898
43.2706
41.9224
40.7188
35.814
26.7218
15.5724
7.95085
-5.4931
-37.3558
-57.4274
-63.5605
-49.2905
-44.1492
-59.2318
-52.4153
-23.2627
-16.0705
-32.5782
-28.7042
-7.2443
11.789
21.4054
-8.81872
-30.3196
4.23165
13.2072
34.2504
-0.101234
0.988826
1.02925
1.4246
1.6257
1.84519
1.99323
2.10411
2.16003
2.16437
2.10889
1.9875
1.78902
1.49961
1.10043
0.567249
-0.130892
-1.03206
-2.18011
-3.61921
-5.38187
-7.47088
-9.84569
-12.4374
-15.2143
-18.2787
-21.9213
-26.5902
-32.9488
-41.5383
-48.3827
-48.2785
-43.4549
-34.909
-27.6423
-19.7345
-12.0176
-4.51243
2.75016
9.49295
15.5304
20.6608
24.7852
28.0746
30.9455
33.7775
36.6351
39.2985
41.4661
42.9438
43.7827
44.2125
44.6314
43.1031
41.8704
36.6617
27.5078
16.9445
8.06446
-8.00042
-50.3182
-74.0532
-79.301
-58.1029
-43.5143
-52.4079
-45.7818
-19.955
-15.1096
-35.1864
-33.0881
-8.19976
15.6901
23.9496
-6.44783
-30.9202
2.09887
14.6088
35.5227
-0.184958
1.05517
1.03657
1.45112
1.64334
1.86584
2.01356
2.12664
2.18496
2.19248
2.14046
2.02276
1.82818
1.54294
1.14823
0.619779
-0.073651
-0.970725
-2.11632
-3.55591
-5.32288
-7.41894
-9.7989
-12.3863
-15.1443
-18.1767
-21.7759
-26.3824
-32.6248
-41.0658
-48.0721
-47.6368
-43.5971
-35.0092
-27.6648
-19.7331
-11.9081
-4.28815
3.11107
9.99701
16.1593
21.3678
25.5007
28.7452
31.5779
34.4305
37.3684
40.1355
42.3844
43.8934
44.7194
45.2164
45.943
44.3208
42.9996
37.5186
28.5622
18.7262
8.11909
-10.7966
-65.771
-92.5794
-95.9479
-66.9324
-42.6971
-45.2087
-39.6591
-17.7582
-15.939
-40.1182
-39.3097
-9.52626
20.0744
26.0652
0.505851
-26.929
3.24194
17.6862
31.8916
-0.263905
1.11316
1.04087
1.47363
1.65787
1.88385
2.03184
2.14745
2.20825
2.21873
2.16975
2.05525
1.86406
1.58254
1.19194
0.66798
-0.0207581
-0.913411
-2.05572
-3.49431
-5.26343
-7.36396
-9.74659
-12.3281
-15.0671
-18.068
-21.6224
-26.1598
-32.2731
-40.5109
-47.5438
-46.9941
-43.5881
-35.0571
-27.6287
-19.6923
-11.771
-4.04282
3.48799
10.5159
16.8036
22.0891
26.2232
29.4103
32.1958
35.0695
38.0972
40.9799
43.3175
44.8572
45.6593
46.1933
47.1663
45.5067
44.0432
38.3907
29.8448
20.604
8.37049
-13.8104
-83.3079
-111.799
-111.911
-74.3707
-41.2143
-37.5234
-33.1231
-16.388
-18.2979
-43.2375
-46.086
-11.3881
23.6325
27.5137
8.5862
-19.7138
6.4786
21.0385
30.4366
-0.333178
1.16066
1.04283
1.49246
1.66994
1.89974
2.0484
2.16663
2.22972
2.24276
2.1963
2.08444
1.89613
1.61783
1.23091
0.71114
0.0270164
-0.860906
-1.99903
-3.435
-5.20389
-7.3061
-9.68889
-12.2632
-14.9838
-17.9548
-21.4637
-25.9261
-31.8976
-39.8922
-46.8729
-46.4132
-43.4458
-35.0534
-27.5405
-19.6142
-11.6087
-3.77824
3.87892
11.0473
17.4607
22.8218
26.949
30.0652
32.7937
35.6898
38.8188
41.8313
44.2658
45.8347
46.6012
47.1371
48.2665
46.5567
44.9481
39.2878
31.2977
22.3447
8.78702
-16.8829
-102.027
-130.048
-125.24
-79.0495
-38.5742
-29.7385
-25.8919
-14.4632
-19.2805
-43.9742
-52.4362
-13.7116
25.6453
28.3925
16.075
-11.4138
10.2142
23.4051
32.5733
-0.388772
1.19654
1.04321
1.50805
1.68012
1.91386
2.0634
2.18407
2.24908
2.26417
2.21966
2.10989
1.92388
1.64828
1.26457
0.748635
0.0690238
-0.813836
-1.94681
-3.37835
-5.14444
-7.24541
-9.62596
-12.1922
-14.8957
-17.8391
-21.3028
-25.6851
-31.5031
-39.2283
-46.1212
-45.9083
-43.1808
-35.0001
-27.4081
-19.5015
-11.424
-3.4966
4.2816
11.5885
18.1277
23.5625
27.6738
30.7039
33.3651
36.2859
39.5299
42.6887
45.2298
46.8259
47.5443
48.0431
49.2045
47.3286
45.7028
40.2015
32.8798
23.9932
9.27188
-19.8515
-120.556
-145.969
-134.396
-80.3174
-34.6157
-22.2768
-18.2727
-11.9709
-18.008
-45.6658
-57.4622
-16.1527
26.2265
29.1063
22.147
-3.71231
13.588
23.8573
32.6682
-0.428452
1.22088
1.04275
1.52079
1.68882
1.92636
2.07677
2.19953
2.266
2.28258
2.23946
2.13119
1.94692
1.67345
1.29245
0.779992
0.104828
-0.772549
-1.89924
-3.32442
-5.08506
-7.18191
-9.55801
-12.1158
-14.804
-17.7228
-21.1426
-25.4408
-31.0951
-38.5329
-45.3167
-45.439
-42.8068
-34.8994
-27.2393
-19.3577
-11.2197
-3.20038
4.69355
12.1364
18.8011
24.3073
28.3928
31.3209
33.9037
36.8518
40.2263
43.5509
46.2096
47.8308
48.4885
48.903
49.9459
47.7629
46.3249
41.1002
34.5239
25.6612
9.77679
-22.5898
-137.225
-159.309
-138.922
-78.4507
-29.6425
-15.5646
-10.8288
-9.22709
-16.044
-49.2912
-59.3159
-18.4681
25.5996
29.8345
26.5856
2.73478
16.2179
23.7097
30.3589
-0.452223
1.23493
1.04204
1.53106
1.69628
1.93725
2.08838
2.21275
2.28016
2.29768
2.25537
2.14802
1.96491
1.69302
1.31425
0.804983
0.134324
-0.736977
-1.85609
-3.27284
-5.0254
-7.11553
-9.48545
-12.0348
-14.7102
-17.6082
-20.9859
-25.1975
-30.6796
-37.8172
-44.471
-44.9639
-42.3289
-34.7534
-27.0422
-19.1867
-10.9989
-2.89207
5.11238
12.6881
19.4773
25.052
29.1003
31.9084
34.4012
37.3803
40.9036
44.4159
47.2051
48.8496
49.4335
49.7083
50.4794
47.9418
46.8314
41.9414
36.1089
27.3522
10.2975
-25.0139
-150.176
-170.618
-139.44
-74.1736
-24.1381
-9.76392
-4.03076
-6.4159
-13.6547
-51.0925
-56.9602
-20.3486
24.5262
30.4968
29.7013
7.92229
18.1133
23.9519
28.4164
-0.462166
1.24077
1.04149
1.53912
1.70255
1.94641
2.098
2.22346
2.2913
2.3092
2.26715
2.16015
1.97765
1.70683
1.32993
0.823738
0.157875
-0.706492
-1.81651
-3.22273
-4.96489
-7.04627
-9.40891
-11.9505
-14.6161
-17.4974
-20.8359
-24.9597
-30.2636
-37.0911
-43.5877
-44.4472
-41.7496
-34.5645
-26.8233
-18.9921
-10.7639
-2.57405
5.5355
13.2401
20.1517
25.7908
29.7897
32.4597
34.8508
37.8649
41.5567
45.2815
48.2161
49.8825
50.3791
50.462
50.8294
48.0321
47.1983
42.704
37.5217
28.9921
10.8419
-27.1042
-157.396
-179.861
-137.124
-68.088
-18.486
-4.76784
1.71312
-3.73704
-10.8342
-48.2927
-51.799
-21.3626
23.6326
31.2715
31.9857
12.1127
19.3434
24.3198
27.152
-0.461705
1.24072
1.04125
1.54512
1.70759
1.95367
2.10543
2.23145
2.29924
2.317
2.27468
2.16751
1.98513
1.71502
1.33982
0.836876
0.17644
-0.679806
-1.77903
-3.17278
-4.9028
-6.97431
-9.32945
-11.8646
-14.5238
-17.3929
-20.6959
-24.7323
-29.8545
-36.364
-42.6665
-43.8558
-41.0749
-34.3328
-26.5874
-18.7765
-10.5166
-2.24831
5.96098
13.7901
20.8219
26.5206
30.456
32.967
35.2431
38.2972
42.1802
46.1448
49.2413
50.929
51.3257
51.1831
51.0877
48.1538
47.3686
43.3813
38.7216
30.4998
11.4099
-28.9967
-157.984
-186.041
-132.907
-60.4713
-12.968
-0.390153
6.18117
-1.25764
-7.65601
-41.2471
-45.2755
-20.1653
23.3678
32.6696
33.9553
15.5942
20.1325
24.0139
25.7744
-0.454588
1.23684
1.0413
1.54916
1.71128
1.9589
2.11053
2.23661
2.30389
2.32101
2.27795
2.17018
1.9876
1.71809
1.34475
0.845616
0.191655
-0.654969
-1.74168
-3.12147
-4.83857
-6.90024
-9.24867
-11.7794
-14.4359
-17.2976
-20.5693
-24.5207
-29.4604
-35.6459
-41.7097
-43.1696
-40.3309
-34.0561
-26.3372
-18.5416
-10.2579
-1.91629
6.38633
14.3329
21.4783
27.2277
31.0836
33.4179
35.5705
38.6714
42.7694
47.0034
50.2795
51.9883
52.2731
51.8916
51.3506
48.3593
47.4053
43.9524
39.7157
31.8165
11.9979
-30.9391
-153.188
-188.258
-126.933
-51.3753
-7.78355
3.5299
9.3026
1.00628
-4.35272
-31.7889
-36.5453
-14.9778
24.9208
35.5201
36.1935
18.6297
20.5178
22.4578
24.1704
-0.443972
1.23058
1.04147
1.55129
1.71351
1.962
2.11322
2.23891
2.30527
2.32133
2.27716
2.16854
1.9857
1.71698
1.3461
0.851813
0.205763
-0.629607
-1.7024
-3.06762
-4.77226
-6.82538
-9.16875
-11.6975
-14.3552
-17.2145
-20.4599
-24.3304
-29.0901
-34.9482
-40.7282
-42.3872
-39.5527
-33.729
-26.0729
-18.2886
-9.9886
-1.58
6.80922
14.8671
22.1231
27.9185
31.6785
33.8114
35.8238
38.9775
43.3188
47.8549
51.3294
53.0588
53.2198
52.5957
51.6553
48.6545
47.4306
44.4163
40.5054
32.8951
12.6181
-32.9526
-144.857
-186.584
-119.859
-40.8406
-2.9231
7.06716
11.1884
3.08322
-1.14281
-21.813
-25.3128
-5.88167
29.3969
40.2713
38.9129
21.2805
20.7532
21.3147
22.8262
-0.431857
1.22266
1.04153
1.55158
1.71423
1.96298
2.11354
2.23843
2.30354
2.31825
2.27277
2.16329
1.98046
1.7132
1.34586
0.857853
0.221308
-0.601446
-1.65974
-3.01104
-4.70503
-6.75185
-9.09241
-11.622
-14.285
-17.1466
-20.3715
-24.1674
-28.753
-34.2846
-39.7401
-41.5247
-38.7819
-33.3455
-25.7938
-18.0182
-9.70813
-1.23882
7.22909
15.3864
22.7363
28.5545
32.1947
34.1156
35.9909
39.2101
43.8228
48.6956
52.3885
54.1372
54.1622
53.2938
52.0036
49.0235
47.507
44.788
41.0859
33.7022
13.2372
-34.9261
-136.647
-181.97
-112.061
-29.0142
1.89532
10.1233
12.1319
5.02466
1.81885
-12.7212
-13.6297
4.80179
35.8584
46.0676
41.7775
23.5652
20.8526
20.5605
21.7935
-0.419006
1.21312
1.04127
1.55012
1.71343
1.96192
2.11163
2.23542
2.29907
2.31229
2.26558
2.15557
1.97347
1.70877
1.3464
0.866232
0.240482
-0.569156
-1.61371
-2.95316
-4.63932
-6.68242
-9.02232
-11.5554
-14.2272
-17.096
-20.3069
-24.0368
-28.4581
-33.67
-38.7698
-40.6095
-38.044
-32.8957
-25.4986
-17.7333
-9.42049
-0.900567
7.63354
15.8758
23.3105
29.149
32.6617
34.3531
36.075
39.3673
44.2861
49.5295
53.4558
55.2186
55.0933
53.9785
52.3824
49.4357
47.6436
45.0912
41.4805
34.2297
13.8049
-35.819
-131.872
-175.557
-102.648
-16.2069
6.99459
12.4658
12.5453
6.8542
4.44873
-5.08859
-3.2728
14.7365
42.4745
51.6385
44.3831
25.4968
20.9012
20.0835
21.2318
-0.405166
1.20172
1.04058
1.54714
1.71127
1.95909
2.1078
2.2303
2.29242
2.30426
2.25668
2.14689
1.96666
1.70597
1.35011
0.878971
0.264364
-0.5331
-1.56627
-2.89717
-4.5787
-6.62044
-8.96163
-11.5007
-14.185
-17.0657
-20.2694
-23.9432
-28.2141
-33.1206
-37.8448
-39.662
-37.3142
-32.3761
-25.1863
-17.437
-9.12536
-0.558866
8.04002
16.3643
23.8684
29.6766
32.9975
34.4529
36.0332
39.4125
44.6819
50.3495
54.5317
56.2997
56.0054
54.6397
52.7736
49.8611
47.8328
45.3533
41.7311
34.5005
14.1338
-34.8769
-127.822
-167.541
-91.5529
-3.0966
12.5839
14.0814
12.8878
8.5355
6.72586
1.04512
5.10365
22.8494
48.1726
56.3213
46.5989
27.1358
20.9811
19.8593
20.9619
-0.389677
1.18808
1.03936
1.54285
1.70792
1.9548
2.10251
2.22371
2.28451
2.29539
2.24769
2.13919
1.96216
1.70684
1.35843
0.896388
0.291685
-0.496271
-1.52172
-2.84772
-4.52706
-6.56831
-8.91116
-11.4576
-14.1571
-17.0544
-20.2583
-23.8872
-28.025
-32.65
-36.9976
-38.7137
-36.5561
-31.7898
-24.8404
-17.1194
-8.81129
-0.206838
8.42817
16.752
24.1813
29.8333
33.0033
34.3434
35.7813
39.2866
45.0069
51.1689
55.6278
57.384
56.894
55.2676
53.1571
50.2695
48.051
45.5912
41.8855
34.5921
14.2712
-32.8887
-121.912
-157.209
-78.9241
9.27332
18.6791
15.2668
13.3706
9.99436
8.67059
5.84691
11.4626
28.9419
52.6508
60.0111
48.4758
28.5391
21.096
19.8566
20.6903
-0.371876
1.17226
1.03777
1.53778
1.70386
1.94966
2.09644
2.2165
2.27637
2.28694
2.24011
2.13414
1.96155
1.71245
1.37149
0.917273
0.31982
-0.462406
-1.48431
-2.80892
-4.48808
-6.52952
-8.8745
-11.4294
-14.146
-17.0631
-20.2734
-23.8687
-27.8929
-32.2701
-36.2665
-37.8288
-35.7953
-31.1725
-24.4514
-16.7724
-8.47345
0.141984
8.75353
17.0109
24.3544
29.8735
32.8771
34.0443
35.3529
39.0454
45.2854
52.0134
56.776
58.4945
57.7668
55.8592
53.5172
50.6357
48.2688
45.7978
41.9809
34.5941
14.2796
-30.8066
-114.8
-146.027
-65.7986
20.0485
24.5316
16.1574
13.8924
11.2658
10.3384
9.49109
15.9978
33.2234
56.0022
62.8488
50.1205
29.7813
21.2472
20.0218
21.1298
-0.351981
1.15474
1.0359
1.53237
1.69948
1.94429
2.09042
2.20979
2.26942
2.28059
2.23564
2.13306
1.96525
1.72181
1.38654
0.937145
0.342915
-0.437996
-1.4602
-2.78561
-4.46449
-6.50427
-8.84948
-11.4123
-14.1468
-17.0856
-20.3053
-23.8742
-27.8042
-31.9774
-35.6802
-37.0871
-35.1244
-30.6074
-24.0605
-16.4335
-8.17081
0.403924
8.94249
17.0962
24.2906
29.6827
32.7309
33.9221
35.1708
38.8881
45.5522
52.8713
57.9741
59.6427
58.6352
56.4176
53.8432
50.938
48.4517
45.9634
42.0415
34.5161
14.1414
-28.953
-108.006
-135.317
-53.5903
28.4444
28.7204
16.3831
14.3309
12.557
11.8136
12.0669
18.9548
36.0344
58.4384
65.0122
51.5996
30.8539
21.6041
20.4733
22.3871
-0.331197
1.13718
1.03417
1.52744
1.69554
1.93958
2.08536
2.20449
2.26445
2.27685
2.23425
2.13516
1.97164
1.73259
1.401
0.95381
0.359842
-0.422774
-1.44805
-2.77654
-4.45676
-6.49561
-8.84046
-11.4087
-14.1573
-17.1141
-20.3428
-23.8914
-27.7482
-31.7692
-35.2603
-36.5561
-34.6469
-30.2075
-23.782
-16.214
-7.99655
0.540578
9.0252
17.0853
24.1579
29.4828
32.5878
33.8476
35.127
38.8611
45.8524
53.7233
59.1799
60.8051
59.4952
56.9456
54.1313
51.1636
48.5856
46.0847
42.0593
34.3746
13.9541
-27.4377
-102.216
-125.951
-43.4787
33.7079
30.3058
15.6614
14.5529
13.9157
13.1093
13.7065
20.7451
37.8817
60.2082
66.6671
52.9594
31.7647
22.0711
21.1687
23.2832
-0.312642
1.12196
1.03274
1.52356
1.69254
1.93617
2.08204
2.20145
2.26223
2.27607
2.23556
2.13902
1.97808
1.74103
1.41022
0.962106
0.365417
-0.421285
-1.45101
-2.78281
-4.46369
-6.50054
-8.84377
-11.4157
-14.1739
-17.1395
-20.3646
-23.8872
-27.6894
-31.6207
-35.0016
-36.2561
-34.3999
-30.0153
-23.6531
-16.1128
-7.91571
0.596793
9.03667
17.0318
24.0338
29.3159
32.4801
33.8643
35.2263
39.0062
46.1637
54.4363
60.2073
61.8298
60.2668
57.4144
54.3674
51.3136
48.6705
46.1462
42.0419
34.2422
13.8195
-26.3183
-97.8415
-118.834
-36.2859
35.4468
29.6876
14.5453
14.9201
15.3664
14.1399
14.5536
21.6662
39.0709
61.4003
67.8538
54.0328
32.5258
22.4562
22.1224
23.4209
-0.300639
1.11253
1.0321
1.52152
1.69107
1.93457
2.08057
2.20018
2.26139
2.27594
2.23646
2.14121
1.98164
1.74573
1.41544
0.96684
0.368411
-0.421268
-1.45474
-2.79013
-4.47329
-6.51041
-8.8523
-11.4222
-14.1783
-17.1406
-20.36
-23.8715
-27.6535
-31.5506
-34.8874
-36.1268
-34.2961
-29.9372
-23.6013
-16.0741
-7.88781
0.613877
9.03868
17.0094
23.9789
29.2453
32.4409
33.8963
35.3353
39.2132
46.5163
55.0124
60.9365
62.5186
60.7626
57.7087
54.5227
51.4127
48.7125
46.156
42.0018
34.1408
13.7334
-25.7224
-95.4233
-114.871
-32.5316
35.3489
29.485
14.7961
15.4085
16.2874
14.7826
14.9878
22.1295
39.7746
62.114
68.585
54.752
33.0986
22.7945
23.0367
28.7147
)
;

boundaryField
{
    inletFace
    {
        type            zeroGradient;
    }
    inlet
    {
        type            zeroGradient;
    }
    inletWalls
    {
        type            zeroGradient;
    }
    outletInlet
    {
        type            cyclicAMI;
        value           nonuniform List<scalar> 
15
(
3.94026
6.62088
9.92451
12.5567
15.4617
18.8068
21.0022
24.3646
27.6023
32.2416
33.2364
34.6241
30.4869
28.7028
27.3454
)
;
    }
    fineSymmetryWall
    {
        type            symmetryPlane;
    }
    fineWalls
    {
        type            zeroGradient;
    }
    fineCyclicBoundary
    {
        type            fixedValue;
        value           uniform 0;
    }
    fineplug
    {
        type            cyclicAMI;
        value           nonuniform List<scalar> 
80
(
3.99877
2.52772
5.04252
5.13495
2.20643
5.67782
6.09024
6.44871
6.71912
7.04121
7.68183
9.99921
13.473
7.53071
8.41449
9.44132
11.5068
11.6791
12.0808
12.0683
13.1212
18.5057
13.9075
14.6885
14.5204
15.0354
16.552
17.8993
17.8459
17.7911
17.4463
22.2166
20.8023
21.0476
20.9623
20.6823
21.158
23.1177
23.502
21.7454
25.8648
25.1567
26.6281
28.1705
27.691
27.3151
26.9253
27.8195
28.2949
33.0355
34.0171
32.405
32.9091
34.3029
33.9725
33.171
32.1553
28.8807
38.3124
39.2064
35.6649
34.0502
31.6868
29.7175
31.0172
29.7128
28.1497
25.7949
35.6179
32.2233
29.976
29.5401
28.6075
27.2506
23.8939
23.1313
24.7601
32.8025
28.1556
26.7883
)
;
    }
    faceFine
    {
        type            zeroGradient;
    }
}


// ************************************************************************* //
