/*--------------------------------*- C++ -*----------------------------------*\
| =========                 |                                                 |
| \\      /  F ield         | OpenFOAM: The Open Source CFD Toolbox           |
|  \\    /   O peration     | Version:  4.1                                   |
|   \\  /    A nd           | Web:      www.OpenFOAM.org                      |
|    \\/     M anipulation  |                                                 |
\*---------------------------------------------------------------------------*/
FoamFile
{
    version     2.0;
    format      ascii;
    class       volScalarField;
    location    "28";
    object      p;
}
// * * * * * * * * * * * * * * * * * * * * * * * * * * * * * * * * * * * * * //

dimensions      [0 2 -2 0 0 0 0];

internalField   nonuniform List<scalar> 
6785
(
648.247
594.05
542.184
493.475
448.309
406
366.361
329.101
293.782
260.14
228.793
200.367
171.511
136.568
106.074
175.103
153.231
148.543
145.018
139.653
134.137
129.182
124.982
121.691
119.423
118.386
119.009
121.297
123.446
123.397
76.9804
71.3382
77.2777
80.9988
83.7685
87.0877
90.6885
94.3368
97.9667
101.431
104.515
107.308
110.172
112.496
113.081
121.481
121.392
125.786
125.903
125.746
125.797
125.573
125.087
124.417
123.589
122.574
121.394
120.362
120.01
120.244
134.801
135.71
137.449
135.709
134.411
133.34
132.065
130.796
129.651
128.671
127.872
127.226
126.727
126.634
126.758
124.321
125.093
126.201
125.728
125.83
126.054
126.169
126.371
126.668
127.017
127.398
127.78
128.041
128.291
128.217
120.251
121.041
122.499
123.38
124.208
124.828
125.306
125.785
126.225
126.593
126.887
127.107
127.123
127.151
126.711
122.388
122.927
124.377
125.562
126.128
126.394
126.569
126.722
126.819
126.863
126.869
126.851
126.628
126.562
126.017
124.687
124.8
125.863
126.855
126.977
126.934
126.892
126.85
126.784
126.709
126.632
126.567
126.249
126.181
125.623
125.131
124.992
125.689
126.526
126.437
126.329
126.255
126.179
126.095
126.02
125.943
125.895
125.53
125.468
124.9
124.039
123.874
124.392
125.231
125.16
125.141
125.136
125.108
125.072
125.041
124.989
124.972
124.59
124.546
123.967
122.059
121.998
122.497
123.416
123.48
123.633
123.762
123.856
123.933
124.002
124.026
124.077
123.719
123.731
123.182
119.823
119.811
120.362
121.428
121.646
121.991
122.285
122.549
122.797
123.042
123.222
123.437
123.168
123.301
122.897
115.138
115.554
116.587
118.091
118.916
120.032
121.114
122.18
123.211
124.151
124.967
125.596
125.694
126.084
125.529
116.071
113.671
112.237
111.908
111.531
112.178
113.29
114.855
116.588
118.497
120.309
121.984
123.542
125.558
126.924
141.567
141.658
141.544
141.213
141.298
141.332
140.922
140.29
140.243
140.503
140.099
139.057
139.041
138.93
137.94
137.815
139.083
138.979
137.197
137.734
138.253
136.873
136.636
139.101
139.315
137.304
137.032
140.077
140.812
138.037
139.269
141.008
139.288
138.91
142.445
143.895
140.991
142.466
144.778
143.09
142.65
146.299
147.922
145.801
145.474
149.114
151.037
148.636
149.893
152.437
151.327
151.133
153.842
155.677
154.5
154.516
156.856
158.658
157.608
158.366
160.296
159.971
160.132
161.183
162.573
162.379
162.621
163.801
163.803
164.064
164.115
164.909
164.98
165.27
164.984
165.666
166.204
165.723
164.98
165.467
166.349
166.341
165.574
172.14
164.689
165.348
165.507
165.577
165.763
166.24
166.26
165.342
170.161
160.741
160.76
161.414
161.866
161.867
162.26
162.021
160.635
162.42
153.996
153.559
153.116
153.134
153.424
153.43
153.382
152.698
150.399
146.718
139.407
138.48
137.5
136.558
136.416
136.696
135.611
132.009
119.326
117.762
117.816
117.269
115.711
114.017
112.766
111.644
108.212
90.975
90.0501
88.2134
88.0833
87.5451
85.561
82.6981
79.0424
74.7018
55.3276
60.5544
57.6255
55.5685
53.5265
51.7593
49.1103
45.0935
40.8025
37.6257
17.6561
27.8712
24.3981
22.4096
20.0795
16.4523
12.0454
11.5096
14.5295
0.567739
14.8117
12.0686
9.45666
11.8826
12.4638
13.1561
13.4064
13.7757
13.7749
13.9395
14.0964
13.4425
13.8862
13.9666
13.272
13.3074
12.9036
13.8556
14.0456
13.251
13.1256
12.4348
13.2798
13.5371
12.3394
12.9026
12.9659
11.9317
11.529
10.6288
11.3479
11.4624
10.4819
10.0392
9.1195
9.90688
10.283
9.22115
10.0641
10.3572
9.59162
9.35015
8.70312
9.88134
10.1912
9.5475
9.42346
8.88595
10.2669
10.7049
9.86471
11.1614
11.2801
10.5851
10.3967
9.91113
11.5788
11.6774
10.9808
10.6376
9.96904
11.545
11.4232
10.2527
11.6794
11.3609
10.4587
10.0124
9.23114
10.7192
9.95439
8.74566
8.4975
7.99231
9.51143
8.38678
6.22692
7.12067
5.22094
2.87463
1.20746
-0.262763
-0.00134463
-0.00408968
-0.00388234
-0.00280911
-0.00147029
-8.91355e-05
0.00139328
0.00274103
0.00409406
0.00544571
0.00676858
0.00840858
0.0107243
0.0132159
0.0160424
0.0191445
0.0224891
0.0258809
0.0292621
0.0325295
0.0358086
0.0386313
0.0406389
0.0412944
0.0399744
0.0361476
0.028942
0.0172377
-0.000186975
-0.0241308
-0.054842
-0.0921586
-0.135139
-0.181896
-0.227907
-0.267169
-0.294445
-0.305229
-0.296219
-0.272596
-0.252057
-0.27242
-0.404217
-0.759391
-1.48713
-2.74565
-4.6498
-7.19646
-10.0985
-12.4
-13.138
-16.3517
-26.1932
-14.5628
0.859121
7.09975
1.32056
8.07513
6.73969
6.80185
5.99267
5.74568
4.64034
3.25468
2.16169
1.26159
0.407867
-0.182652
-1.71209
-3.02054
-4.27601
-4.8763
-4.90971
-4.4426
-3.38546
-2.09766
-0.733505
0.41916
0.806376
0.000479833
-0.00573576
-0.00443004
-0.00116259
0.0029491
0.00723279
0.0117135
0.0161215
0.0207506
0.0256914
0.03101
0.03768
0.0460057
0.0546215
0.06405
0.0742986
0.0851516
0.0962437
0.107667
0.119275
0.131105
0.141839
0.15047
0.155942
0.157044
0.152149
0.138568
0.113263
0.0734964
0.0169404
-0.0592922
-0.157888
-0.280795
-0.427737
-0.594827
-0.777652
-0.971857
-1.16542
-1.34862
-1.51715
-1.6716
-1.83882
-2.09011
-2.55862
-3.42441
-4.84162
-6.82336
-9.1347
-11.1761
-11.67
-9.51203
-10.3607
-21.5969
-15.1442
-2.377
6.05041
5.92952
11.2176
9.81466
10.106
8.85665
7.77829
5.99381
3.82765
1.95939
0.477616
-0.948144
-2.05365
-3.91351
-5.61142
-7.16615
-7.99849
-8.10557
-7.43464
-5.74015
-3.66339
-1.38659
0.69917
2.14953
0.00509528
-0.000844466
0.00295753
0.00845775
0.0151871
0.0222991
0.0296958
0.0374502
0.0459773
0.0556778
0.0670992
0.0810593
0.0965637
0.112932
0.13068
0.150276
0.171366
0.193942
0.218322
0.244561
0.272503
0.300552
0.327663
0.353389
0.376872
0.396138
0.407885
0.408728
0.397099
0.371137
0.326867
0.261184
0.172014
0.061266
-0.066383
-0.207846
-0.35908
-0.499232
-0.620124
-0.716869
-0.779232
-0.839718
-0.974923
-1.32996
-2.09495
-3.41645
-5.26847
-7.35159
-9.0048
-8.90583
-6.04673
-6.26644
-15.1927
-11.3423
-3.64303
6.43974
9.71071
12.0392
11.3999
12.093
10.6679
8.76391
6.52908
3.87615
1.42923
-0.517528
-2.38679
-3.88605
-5.85927
-7.60162
-9.02786
-9.79122
-9.78926
-8.74808
-6.69247
-4.20684
-1.55164
1.05086
3.23035
0.00879699
0.00479916
0.0118132
0.020088
0.0296327
0.0396244
0.050008
0.0611398
0.0737231
0.0886003
0.107097
0.129027
0.152258
0.177844
0.205261
0.235195
0.267719
0.303633
0.343775
0.388821
0.438025
0.489158
0.540906
0.594282
0.650149
0.706914
0.75994
0.805065
0.842274
0.872908
0.89353
0.899067
0.887524
0.864484
0.841173
0.817599
0.793082
0.798112
0.852763
0.94353
1.0783
1.22575
1.28868
1.10746
0.475387
-0.768528
-2.63061
-4.88419
-6.96819
-7.60118
-5.8226
-6.84735
-12.2873
-8.70344
-3.52985
7.9826
11.8509
13.3085
13.8473
14.6655
12.7968
10.2507
7.45397
4.20082
1.07791
-1.4311
-3.69265
-5.53914
-7.56505
-9.25308
-10.4548
-11.1569
-11.1047
-9.73171
-7.33505
-4.47089
-1.50327
1.47296
4.01049
0.00955991
0.00773023
0.0178267
0.0290102
0.0415555
0.0546487
0.0684021
0.0833217
0.100459
0.120944
0.146205
0.175567
0.207456
0.243061
0.28098
0.321542
0.365729
0.414944
0.470975
0.535649
0.607726
0.684338
0.76336
0.846252
0.93571
1.03189
1.12984
1.22393
1.31364
1.40281
1.49125
1.57175
1.63886
1.69974
1.77452
1.86619
1.96211
2.08882
2.28754
2.53909
2.82705
3.1212
3.30675
3.20974
2.6062
1.30091
-0.77829
-3.51679
-6.44949
-8.25926
-7.87049
-9.41991
-10.8144
-7.33068
-2.79804
9.89625
12.7694
14.9098
16.6391
17.4749
15.1527
11.9653
8.59413
4.71875
0.912841
-2.15641
-4.82372
-6.98589
-9.0533
-10.6108
-11.536
-12.2136
-12.1927
-10.5678
-7.85835
-4.62311
-1.34527
1.92878
4.6742
0.00971949
0.0100246
0.0226436
0.0362321
0.0514051
0.0674385
0.0845559
0.103396
0.125315
0.151584
0.18312
0.219711
0.261058
0.307134
0.35636
0.408589
0.465269
0.528065
0.599813
0.683647
0.778391
0.881144
0.989089
1.10307
1.22644
1.36075
1.50218
1.64473
1.78639
1.93104
2.08193
2.23229
2.37165
2.5045
2.65609
2.84004
3.0366
3.25221
3.53929
3.89479
4.28066
4.65232
4.89438
4.81688
4.17945
2.74164
0.357167
-2.95641
-6.75673
-9.58585
-10.1491
-11.4191
-9.37339
-6.20757
-1.57204
11.5564
13.5957
16.9464
19.4705
20.2099
17.5512
13.7106
9.77666
5.31277
0.855905
-2.74723
-5.81533
-8.23968
-10.3314
-11.7335
-12.3277
-12.9766
-13.0391
-11.2346
-8.2564
-4.68169
-1.11504
2.3961
5.23426
0.0102124
0.0130323
0.0277957
0.0434397
0.0609163
0.0795832
0.099767
0.122211
0.148479
0.180029
0.217607
0.261541
0.312165
0.368726
0.429782
0.494955
0.565474
0.643135
0.731443
0.834415
0.951391
1.08018
1.21803
1.36516
1.52456
1.69786
1.882
2.07202
2.26565
2.46558
2.67606
2.8925
3.10249
3.30549
3.52551
3.78717
4.07647
4.37853
4.73728
5.17033
5.63974
6.08182
6.38782
6.35493
5.72209
4.20241
1.57546
-2.20976
-6.67418
-10.2027
-11.3573
-11.391
-7.77859
-5.16081
-0.381301
12.8102
14.479
19.2993
22.0842
22.6752
19.7755
15.3797
10.9173
5.93545
0.876762
-3.21581
-6.67319
-9.31353
-11.4076
-12.6226
-12.8409
-13.4647
-13.6531
-11.7293
-8.52872
-4.65466
-0.834644
2.85785
5.82936
0.0112413
0.0171827
0.0340583
0.0518753
0.0717852
0.093156
0.116429
0.142406
0.172717
0.208976
0.252195
0.303077
0.362111
0.428598
0.501335
0.579954
0.665307
0.759235
0.865515
0.988475
1.12788
1.28257
1.45058
1.63224
1.83002
2.04496
2.2736
2.51203
2.75906
3.01694
3.28898
3.57195
3.85453
4.13262
4.42535
4.76318
5.14588
5.54859
5.99525
6.51601
7.08781
7.64084
8.06431
8.15079
7.61299
6.11879
3.37753
-0.705771
-5.59519
-9.6038
-11.3567
-10.0176
-6.45323
-4.19991
0.598924
13.4703
15.064
21.6348
24.2681
24.7998
21.7509
16.9415
11.9731
6.55685
0.93347
-3.59874
-7.42069
-10.2479
-12.2793
-13.2782
-13.162
-13.7164
-14.0521
-12.0606
-8.69208
-4.55957
-0.51655
3.31235
6.42192
0.0123964
0.0219021
0.0410514
0.0613743
0.084075
0.108558
0.135351
0.165266
0.199908
0.240907
0.289519
0.346821
0.413486
0.489196
0.573047
0.664858
0.765349
0.87641
1.00191
1.14617
1.309
1.49015
1.68868
1.90551
2.14315
2.40204
2.67799
2.96719
3.26993
3.58926
3.92745
4.28069
4.63893
4.99712
5.36953
5.78771
6.26639
6.7835
7.3428
7.97813
8.68347
9.39721
10.0009
10.2856
9.93592
8.57261
5.8394
1.60968
-3.5347
-7.95622
-10.4951
-8.31635
-5.72128
-3.40742
1.58089
13.5521
15.5654
23.7734
26.0033
26.5738
23.4611
18.351
12.9193
7.14023
0.983257
-3.92838
-8.07342
-11.0539
-12.9496
-13.7288
-13.4496
-13.7819
-14.2462
-12.2373
-8.76412
-4.41524
-0.169785
3.75367
6.92105
0.0135391
0.0267735
0.0484386
0.0715709
0.0973732
0.125399
0.156217
0.190633
0.230165
0.276402
0.330685
0.394349
0.468374
0.552865
0.647292
0.751765
0.867161
0.995545
1.14094
1.30755
1.49512
1.704
1.93407
2.18697
2.46544
2.76971
3.09499
3.43724
3.79788
4.18155
4.59025
5.0186
5.45643
5.89841
6.35496
6.85639
7.43102
8.06927
8.76029
9.53384
10.3993
11.3087
12.1446
12.6929
12.6101
11.4631
8.83041
4.55384
-0.762672
-5.63494
-9.15037
-6.82593
-5.21925
-2.72475
2.58844
13.3513
16.4273
25.6884
27.3536
27.988
24.8995
19.5737
13.7388
7.63168
1.0027
-4.22703
-8.64183
-11.7394
-13.4339
-14.007
-13.781
-13.724
-14.2379
-12.2652
-8.75287
-4.2304
0.190647
4.17134
7.37829
0.0145797
0.0315168
0.0559436
0.0821337
0.111283
0.14319
0.178486
0.217963
0.263031
0.315233
0.375908
0.446469
0.528172
0.621513
0.726334
0.843066
0.972942
1.11843
1.28384
1.47298
1.68615
1.92406
2.18712
2.47751
2.79794
3.14859
3.52434
3.92103
4.34084
4.79014
5.27176
5.77929
6.30125
6.83122
7.37553
7.96099
8.62712
9.3843
10.2161
11.1408
12.1819
13.3054
14.4073
15.2668
15.5095
14.6389
12.1618
7.88493
2.40015
-3.02433
-7.33143
-5.58723
-4.75281
-2.28657
3.35752
13.2222
17.8551
27.8166
28.5205
29.0541
26.0422
20.5864
14.4155
7.97723
0.980478
-4.51998
-9.14669
-12.3233
-13.7664
-14.1337
-14.0832
-13.6677
-14.0259
-12.1456
-8.66192
-4.00445
0.550361
4.55976
7.76639
0.015584
0.0361148
0.0634539
0.0928326
0.125443
0.161399
0.201448
0.246418
0.297629
0.356582
0.424595
0.503035
0.593307
0.696213
0.811907
0.941075
1.08539
1.24788
1.43312
1.64442
1.8833
2.15101
2.44838
2.77776
3.14159
3.53974
3.96684
4.41865
4.89794
5.41265
5.9672
6.55547
7.16523
7.78829
8.42563
9.09714
9.84823
10.7136
11.6846
12.765
13.9885
15.3355
16.7193
17.9168
18.5183
17.9521
15.644
11.3626
5.62969
-0.534427
-5.03923
-4.67105
-4.19104
-1.99176
3.77094
13.3723
19.6693
30.2159
29.6659
29.8183
26.8679
21.3523
14.9312
8.11934
0.892381
-4.83082
-9.61348
-12.8301
-13.9766
-14.1283
-14.2422
-13.764
-13.6364
-11.8826
-8.49741
-3.73862
0.908588
4.91418
8.0777
0.0167628
0.0408454
0.0712028
0.103809
0.139865
0.179859
0.224709
0.27535
0.333075
0.39937
0.475573
0.562973
0.663017
0.776705
0.904427
1.04699
1.20647
1.38651
1.59173
1.82495
2.08952
2.38741
2.72004
3.08981
3.4987
3.94586
4.42558
4.93326
5.47209
6.05117
6.67669
7.34429
8.04273
8.76278
9.49973
10.2631
11.0957
12.0542
13.1534
14.3886
15.7962
17.3731
19.043
20.5855
21.553
21.2882
19.1263
14.7901
8.66154
1.48083
-2.94265
-4.21605
-3.64469
-1.80016
3.97071
13.7966
21.6022
32.505
30.7611
30.2985
27.3466
21.8189
15.252
8.01235
0.703244
-5.17265
-10.0617
-13.2851
-14.0978
-14.0057
-14.1978
-13.9878
-13.1673
-11.4972
-8.26779
-3.43482
1.27309
5.2364
8.35774
0.0182256
0.0459465
0.0794984
0.115407
0.154895
0.198865
0.248451
0.304751
0.369102
0.443033
0.527975
0.625181
0.73608
0.861808
1.00296
1.16038
1.33649
1.53531
1.76125
2.01707
2.30781
2.63646
3.00535
3.41699
3.87291
4.37124
4.90581
5.47123
6.07054
6.71342
7.40743
8.15063
8.93486
9.75195
10.5934
11.4573
12.3748
13.4148
14.6251
16.0088
17.5984
19.4081
21.3659
23.2495
24.5725
24.5866
22.5265
18.0556
11.3666
2.91212
-1.70052
-4.00726
-3.22093
-1.70182
4.15506
14.4593
23.5045
34.4332
31.6983
30.5145
27.4486
21.9565
15.3272
7.65037
0.370911
-5.55956
-10.5057
-13.7121
-14.1821
-13.8407
-14.0862
-14.1509
-12.68
-11.0208
-7.98231
-3.09384
1.64995
5.53338
8.53427
0.0200028
0.0515108
0.0884835
0.127818
0.170788
0.218727
0.273037
0.334993
0.406026
0.487755
0.581748
0.689284
0.81177
0.950486
1.10627
1.28007
1.47445
1.69358
1.94155
2.22157
2.5397
2.9003
3.30675
3.7621
4.26746
4.81986
5.41266
6.03945
6.70216
7.41018
8.17153
8.98642
9.85085
10.7603
11.7064
12.6783
13.6905
14.8097
16.1145
17.6345
19.3999
21.4408
23.6902
25.9121
27.5767
27.842
25.8355
21.139
13.7382
4.07072
-1.11174
-3.74106
-3.00378
-1.56019
4.48437
15.2823
25.3136
35.827
32.3534
30.509
27.1966
21.7612
15.0858
7.07703
-0.155235
-6.02385
-10.9531
-14.1261
-14.2873
-13.7466
-13.9584
-14.0163
-12.2096
-10.4562
-7.65186
-2.72411
2.03985
5.80972
8.6633
0.0222087
0.0576434
0.0982278
0.141094
0.187616
0.239576
0.298683
0.366394
0.44424
0.533952
0.637254
0.75551
0.890105
1.04248
1.2138
1.40521
1.61935
1.86027
2.13182
2.43795
2.78521
3.1794
3.6251
4.1262
4.68374
5.29373
5.94897
6.64239
7.37385
8.15118
8.98166
9.86665
10.8058
11.7999
12.8447
13.9266
15.0447
16.2509
17.6408
19.2825
21.2157
23.4815
26.0262
28.5913
30.5914
31.0848
29.0848
24.0494
15.8007
5.56601
-0.722046
-3.42193
-2.91651
-1.39631
4.99277
16.2411
26.9815
36.608
32.7053
30.3419
26.6883
21.2414
14.4713
6.32623
-0.875002
-6.61341
-11.4142
-14.5373
-14.4741
-13.7171
-13.7842
-13.606
-11.7998
-9.83426
-7.29328
-2.33912
2.43728
6.07219
8.73508
0.0250097
0.0645581
0.108941
0.155422
0.205563
0.261581
0.325533
0.399096
0.483911
0.581835
0.694756
0.824163
0.971413
1.13811
1.32575
1.53582
1.77097
2.03498
2.33166
2.66566
3.04393
3.47351
3.96024
4.50907
5.12139
5.79263
6.5149
7.28087
8.08833
8.94207
9.84718
10.8047
11.8162
12.8874
14.0207
15.2069
16.4365
17.7422
19.2194
20.972
23.0659
25.5502
28.3899
31.3075
33.6468
34.3525
32.3072
26.7943
17.5431
7.26136
-0.374662
-3.21304
-2.8888
-1.30531
5.56293
17.3041
28.4821
36.88
32.7589
30.0709
26.0584
20.4381
13.4899
5.34366
-1.76484
-7.39219
-11.9264
-14.964
-14.7585
-13.6951
-13.5153
-13.0692
-11.4809
-9.23232
-6.92268
-1.94376
2.83619
6.3191
8.76923
0.0284938
0.0725024
0.12097
0.171222
0.225084
0.285168
0.353912
0.433302
0.525132
0.631429
0.754259
0.895276
1.05583
1.23764
1.44248
1.67224
1.92958
2.21798
2.54136
2.90488
3.31603
3.78278
4.31224
4.91048
5.57966
6.31524
7.10892
7.95313
8.84424
9.78333
10.7719
11.8088
12.8954
14.0397
15.251
16.5294
17.867
19.2818
20.8565
22.7172
24.9671
27.6676
30.7995
34.0751
36.7613
37.6675
35.5174
29.39
18.9903
8.61732
-0.00996982
-3.11442
-2.94516
-1.24577
6.17041
18.3944
29.7529
36.7402
32.6357
29.7458
25.395
19.4391
12.2156
4.06289
-2.87342
-8.38663
-12.5557
-15.4239
-15.1161
-13.6872
-13.2099
-12.5178
-11.1679
-8.69864
-6.54156
-1.52979
3.23625
6.54989
8.80862
0.0325816
0.0815669
0.134579
0.188938
0.24676
0.310981
0.384426
0.469498
0.568243
0.68292
0.815802
0.968746
1.1432
1.34094
1.564
1.81462
2.0954
2.4097
2.76156
3.15647
3.60248
4.10829
4.68217
5.33125
6.05879
6.86088
7.72942
8.65674
9.63822
10.6716
11.7539
12.8805
14.0502
15.2698
16.5527
17.9094
19.3427
20.8668
22.5496
24.5235
26.9273
29.8446
33.2661
36.8994
39.937
41.0318
38.7075
31.8358
20.324
9.51756
0.54914
-3.02764
-3.14111
-1.08498
6.88325
19.4428
30.6378
36.3626
32.5035
29.3945
24.7127
18.301
10.7142
2.47568
-4.25458
-9.58582
-13.3739
-15.9294
-15.5402
-13.7332
-12.9087
-11.9563
-10.7513
-8.27182
-6.13255
-1.09024
3.64393
6.77903
8.83102
0.0370105
0.0915521
0.149726
0.208738
0.270981
0.339632
0.41783
0.508485
0.614012
0.736946
0.87979
1.0447
1.23339
1.44773
1.68998
1.96266
2.26831
2.61026
2.99268
3.42135
3.90458
4.45176
5.07206
5.77352
6.56056
7.43059
8.37623
9.39023
10.4672
11.6022
12.7881
14.0159
15.28
16.5832
17.9382
19.3635
20.8762
22.499
24.2931
26.3871
28.9442
32.0782
35.788
39.7761
43.165
44.4289
41.8321
34.0861
21.9552
10.3007
1.2469
-2.99967
-3.47465
-0.728526
7.72622
20.3771
31.0273
35.8821
32.3898
28.9878
23.8659
16.9487
8.96227
0.581012
-5.99785
-11.0467
-14.4307
-16.5252
-16.018
-13.8449
-12.6039
-11.3563
-10.1295
-7.95504
-5.65575
-0.620942
4.06665
7.01384
8.83619
0.0414083
0.102007
0.166029
0.230407
0.297772
0.37145
0.454768
0.55113
0.663437
0.794494
0.947088
1.12379
1.32673
1.55798
1.82014
2.11591
2.44782
2.81927
3.2346
3.69982
4.22323
4.81475
5.48417
6.24018
7.08816
8.02726
9.0514
10.1542
11.3301
12.5721
13.8691
15.2082
16.5787
17.9772
19.4118
20.9032
22.4816
24.1862
26.0836
28.2991
31.0088
34.356
38.3531
42.6946
46.4318
47.8323
44.8266
36.0452
23.7758
11.1029
1.85779
-3.02098
-3.80671
-0.170781
8.61958
21.0732
30.9174
35.3068
32.1792
28.3335
22.5665
15.2231
6.85686
-1.65292
-8.1583
-12.8147
-15.6665
-17.2454
-16.522
-14.0112
-12.2886
-10.7754
-9.41046
-7.69017
-5.04266
-0.126289
4.50679
7.25205
8.86019
0.0454405
0.112439
0.182952
0.253463
0.326796
0.406338
0.495485
0.598032
0.717399
0.856638
1.01887
1.20715
1.42411
1.67225
1.95462
2.27412
2.63345
3.03609
3.4867
3.99145
4.55852
5.19799
5.92015
6.73393
7.64526
8.65506
9.75902
10.9517
12.2282
13.5801
14.9934
16.4513
17.9381
19.4438
20.9691
22.5316
24.169
25.9386
27.9226
30.2521
33.1102
36.6643
40.9466
45.6433
49.7269
51.222
47.6642
37.6728
25.2062
11.939
2.35088
-3.03628
-3.99173
0.470782
9.45447
21.387
30.43
34.5912
31.7058
27.2287
20.5038
12.7857
4.1988
-4.34738
-10.735
-14.857
-16.9827
-18.0171
-17.0163
-14.2276
-11.9993
-10.2614
-8.75403
-7.3953
-4.28801
0.385326
4.96139
7.49738
8.88769
0.0489503
0.122522
0.200021
0.277343
0.357485
0.443827
0.539763
0.649336
0.776389
0.924208
1.09627
1.29609
1.52687
1.79175
2.09429
2.43776
2.82524
3.2604
3.74834
4.29544
4.90976
5.60126
6.38049
7.2564
8.23489
9.3182
10.5041
11.7881
13.1657
14.6284
16.1604
17.7413
19.351
20.9732
22.6003
24.243
25.9404
27.7633
29.8153
32.2434
35.2408
38.9941
43.5582
48.6154
53.0477
54.5882
50.3318
39.1109
26.1724
12.8578
2.85906
-2.98837
-3.96363
1.07701
10.0926
21.2337
29.6548
33.7027
30.8995
25.5004
17.4402
9.11775
0.668154
-7.63619
-13.7088
-17.2624
-18.6018
-18.8661
-17.4649
-14.4567
-11.7615
-9.80317
-8.17616
-6.99816
-3.46372
0.918416
5.43145
7.75884
8.96818
0.0519797
0.132169
0.216975
0.301617
0.389272
0.483286
0.587052
0.704734
0.840396
0.997572
1.18004
1.39172
1.6364
1.91799
2.24058
2.60803
3.024
3.49256
4.01938
4.61115
5.27604
6.02368
6.86465
7.80779
8.85864
10.0199
11.2913
12.6694
14.1493
15.7227
17.3732
19.0782
20.8136
22.5574
24.2942
26.0268
27.7899
29.6619
31.7669
34.2751
37.3982
41.3414
46.1837
51.6095
56.3934
57.9024
52.7998
40.7341
27.0169
13.8588
3.45372
-2.85106
-3.72702
1.61134
10.4601
20.7236
28.6825
32.7138
29.666
22.8686
13.1932
4.20698
-3.64351
-11.2649
-16.8945
-19.916
-20.521
-19.9161
-17.9366
-14.6492
-11.561
-9.36672
-7.61843
-6.46138
-2.62892
1.48506
5.92257
8.04921
9.08721
0.0547127
0.14151
0.233821
0.326128
0.421784
0.524172
0.636721
0.763625
0.908975
1.07657
1.2704
1.49468
1.7538
2.05238
2.39511
2.78661
3.23123
3.73376
4.30047
4.93867
5.65683
6.46432
7.37154
8.38726
9.51653
10.7617
12.1236
13.6001
15.1855
16.8706
18.6389
20.4668
22.3271
24.1932
26.0432
27.8719
29.7073
31.6297
33.7781
36.3498
39.5826
43.7051
48.8229
54.6262
59.7582
61.1255
54.9823
42.3811
27.8645
14.8098
4.0761
-2.62791
-3.3239
2.12883
10.5814
20.0185
27.6067
31.5647
27.6855
19.1357
7.90447
-1.57514
-8.58722
-15.1487
-20.1636
-22.6793
-22.5881
-21.1395
-18.559
-14.8216
-11.3588
-8.90926
-7.00271
-5.73437
-1.89435
2.08514
6.43894
8.36136
9.25366
0.0573975
0.150825
0.250799
0.351001
0.454943
0.566202
0.688288
0.825369
0.981485
1.16068
1.36705
1.60504
1.87959
2.1959
2.55931
2.97524
3.44885
3.98585
4.59318
5.27904
6.05242
6.9228
7.9003
8.99357
10.2075
11.5434
13.0022
14.5828
16.279
18.0791
19.966
21.9153
23.8981
25.8837
27.8456
29.7717
31.6833
33.6579
35.8446
38.4664
41.7928
46.0833
51.474
57.6621
63.1287
64.2251
56.8329
43.599
28.696
15.6846
4.67905
-2.24138
-2.82055
2.64637
10.5793
19.2442
26.4478
29.9373
24.6673
14.4926
1.73871
-8.32387
-14.5984
-19.6256
-23.5585
-25.5525
-24.7998
-22.4821
-19.3139
-15.0579
-11.1453
-8.42562
-6.2851
-4.81855
-1.27401
2.72096
6.98353
8.68472
9.47725
0.0602676
0.160455
0.26827
0.376548
0.488956
0.60941
0.74155
0.889517
1.05733
1.24922
1.46934
1.72237
2.01366
2.34888
2.73406
3.1753
3.67868
4.25091
4.89965
5.63415
6.46417
7.39975
8.4508
9.62591
10.93
12.364
13.9272
15.6185
17.4316
19.3525
21.3614
23.4327
25.5356
27.6367
29.7057
31.7258
33.7124
35.7383
37.9588
40.6188
44.0234
48.4697
54.13
60.7062
66.4737
67.1362
58.4232
44.3938
29.5713
16.4953
5.32322
-1.63032
-2.23315
3.12813
10.542
18.4533
25.1432
27.5217
20.9049
9.1078
-5.22775
-16.064
-21.8601
-25.2497
-27.5498
-28.5435
-27.1474
-23.9708
-20.1077
-15.4258
-10.9484
-7.93986
-5.50582
-3.77803
-0.703846
3.42233
7.54651
9.0343
9.72757
0.063479
0.170706
0.286596
0.403155
0.52421
0.654095
0.796622
0.955945
1.13617
1.34163
1.57661
1.846
2.15544
2.51105
2.91949
3.38749
3.92203
4.53074
5.22211
6.0064
6.89435
7.89687
9.02407
10.2845
11.6834
13.2218
14.8973
16.7069
18.6436
20.6919
22.8287
25.0252
27.2482
29.4615
31.6318
33.739
35.7941
37.8659
40.1125
42.7983
46.2648
50.853
56.7767
63.7349
69.7304
69.7691
59.9978
45.044
30.4228
17.2192
6.02173
-0.850116
-1.62602
3.58352
10.5227
17.669
23.5508
24.5395
16.7728
3.23782
-12.519
-23.9909
-29.4383
-31.5567
-32.3513
-31.9352
-29.6015
-25.6074
-20.9368
-15.9045
-10.8467
-7.43008
-4.68669
-2.71505
-0.0738824
4.2084
8.10822
9.41651
10.0179
0.0670729
0.181769
0.306042
0.431163
0.561142
0.700712
0.853871
1.02487
1.21801
1.43767
1.68837
1.97526
2.3042
2.68177
3.11519
3.61177
4.17938
4.82642
5.56228
6.39805
7.34553
8.4167
9.62225
10.9709
12.4681
14.116
15.911
17.8469
19.9147
22.0974
24.3686
26.6957
29.0414
31.366
33.6328
35.819
37.9327
40.0399
42.2999
44.9959
48.5056
53.219
59.3966
66.7164
72.8208
71.9892
61.3321
45.6019
31.0436
17.9647
6.8944
0.0525693
-0.959884
4.01749
10.495
16.9479
21.656
21.4557
12.3493
-2.76934
-19.7351
-31.5607
-36.7061
-37.8722
-37.4974
-35.8106
-32.2419
-27.3774
-21.8677
-16.4114
-10.8913
-6.84886
-3.84298
-1.66019
0.638699
5.06949
8.66297
9.82556
10.3553
0.0709832
0.193691
0.32673
0.460803
0.600123
0.749719
0.913779
1.09676
1.30314
1.53744
1.80451
2.10976
2.45932
2.86029
3.32042
3.84761
4.4505
5.13818
5.92097
6.8106
7.81991
8.96188
10.2481
11.6877
13.2865
15.0474
16.9674
19.0372
21.2441
23.5684
25.981
28.445
30.9181
33.3554
35.716
37.9738
40.1351
42.2631
44.5196
47.2051
50.7358
55.5551
61.974
69.6178
75.6558
73.6927
62.122
46.1251
31.7925
18.9582
8.017
0.974127
-0.303837
4.37154
10.4555
16.2673
19.6772
18.3441
7.66841
-8.85223
-26.8238
-38.633
-43.393
-43.7777
-42.5259
-39.8623
-35.1449
-29.2641
-22.8782
-16.8909
-11.0733
-6.24688
-3.00458
-0.591209
1.48295
5.9856
9.22999
10.2646
10.7201
0.0750808
0.206374
0.348623
0.492152
0.641354
0.801445
0.97679
1.17211
1.39203
1.64133
1.92524
2.24949
2.62055
3.04611
3.53448
4.09426
4.7347
5.46556
6.29807
7.24453
8.31871
9.53439
10.9042
12.438
14.1419
16.0191
18.0677
20.2773
22.6307
25.1042
27.6654
30.273
32.8791
35.4327
37.8868
40.2109
42.4088
44.5415
46.7739
49.4242
52.9496
57.8533
64.497
72.3997
78.1233
74.8639
62.392
46.4443
32.2465
19.7366
9.0961
1.83416
0.27819
4.60327
10.4127
15.4216
17.7569
14.963
2.82826
-15.1077
-33.6869
-45.0115
-49.2523
-48.9898
-47.116
-43.7674
-38.1899
-31.2348
-24.0016
-17.378
-11.3446
-5.76115
-2.17016
0.457644
2.43384
6.92456
9.82505
10.7509
11.1288
0.0792277
0.219634
0.371562
0.525122
0.684823
0.856008
1.04317
1.25131
1.48519
1.74989
2.05106
2.3948
2.78805
3.23912
3.75699
4.35109
5.03119
5.80778
6.69287
7.69942
8.84202
10.1351
11.592
13.2237
15.037
17.0347
19.2154
21.5689
24.0748
26.7047
29.4216
32.1797
34.9249
37.5995
40.1487
42.5358
44.7608
46.8825
49.0683
51.6556
55.1459
60.1094
66.9521
75.0068
80.1154
75.499
62.2953
46.6618
32.5565
20.543
10.1316
2.64529
0.789931
4.7489
10.3249
14.2894
15.732
11.2314
-2.18491
-21.4804
-40.0363
-50.4744
-54.1121
-53.3646
-51.0729
-47.2738
-41.1562
-33.3488
-25.2342
-17.847
-11.6002
-5.45484
-1.23442
1.49177
3.47113
7.83805
10.4343
11.3008
11.5639
0.0833301
0.233298
0.395354
0.559518
0.730351
0.913301
1.11294
1.33451
1.58293
1.86361
2.18253
2.54626
2.96234
3.43966
3.98803
4.61782
5.33941
6.16405
7.10445
8.17438
9.38911
10.7636
12.312
14.046
15.9736
18.0972
20.4147
22.9157
25.5787
28.371
31.2505
34.1656
37.0563
39.8571
42.5042
44.9531
47.1975
49.2937
51.4098
53.9037
57.3251
62.3186
69.3199
77.3576
81.5223
75.5446
62.0229
47.0752
33.3126
21.5192
11.0585
3.43464
1.19018
4.80864
10.0992
13.0706
13.4686
7.29443
-7.40411
-27.7161
-45.5801
-54.9457
-57.9587
-56.9053
-54.3438
-50.2572
-43.8468
-35.4735
-26.4595
-18.3563
-11.7763
-5.31393
-0.192271
2.53708
4.60848
8.70365
11.0369
11.9046
12.0579
0.0873889
0.247292
0.419873
0.595151
0.777686
0.973062
1.18589
1.42159
1.68528
1.98269
2.32006
2.70444
3.14403
3.64834
4.22809
4.89467
5.65922
6.53391
7.53207
8.66843
9.9589
11.4191
13.0635
14.9046
16.9517
19.2074
21.6678
24.3217
27.1463
30.1061
33.1541
36.2326
39.2751
42.2074
44.9561
47.4661
49.7244
51.7812
53.805
56.1726
59.486
64.4711
71.5668
79.3661
82.3331
75.1185
61.4657
46.9892
33.5965
22.2013
11.8322
4.169
1.45232
4.77366
9.69855
11.9384
10.8979
3.27649
-12.7494
-33.5119
-50.1901
-58.5185
-60.9589
-59.7324
-56.9838
-52.6949
-46.1423
-37.4731
-27.7489
-18.945
-11.8352
-5.27991
0.806675
3.62678
5.79742
9.48509
11.6216
12.5484
12.6238
0.0915084
0.261688
0.445137
0.631935
0.826623
1.035
1.26167
1.5122
1.79198
2.10699
2.46373
2.86966
3.33366
3.86585
4.47793
5.18223
5.99095
6.91733
7.97537
9.18088
10.5504
12.1003
13.8455
15.799
17.9708
20.3646
22.9752
25.7888
28.7809
31.9137
35.1357
38.3836
41.5836
44.6529
47.5068
50.0782
52.345
54.3494
56.2571
58.4622
61.6204
66.5471
73.6481
80.9599
82.5293
74.2266
60.6986
46.5567
33.666
22.6491
12.4722
4.85882
1.66509
4.71092
9.30573
10.7997
8.10886
-0.774356
-18.0379
-38.6536
-53.9258
-61.3817
-63.3708
-62.0303
-59.1177
-54.647
-48.0086
-39.2229
-29.0168
-19.4227
-11.8033
-5.19401
1.65848
4.84034
7.0065
10.1796
12.1814
13.211
13.2074
0.0958656
0.276698
0.471319
0.669949
0.877115
1.0989
1.33994
1.60592
1.90254
2.23608
2.61323
3.04186
3.53139
4.09263
4.73819
5.48125
6.3353
7.31473
8.43449
9.71146
11.163
12.8061
14.6567
16.728
19.0302
21.5679
24.3356
27.3168
30.4839
33.7962
37.1984
40.6217
43.9849
47.1963
50.1588
52.7919
55.0613
57
58.7654
60.7659
63.7133
68.523
75.5146
82.0859
82.1335
73.1459
59.883
46.1531
33.824
23.0898
13.1232
5.47592
1.85668
4.71876
9.21476
9.56617
5.28106
-4.81213
-23.0597
-43.0648
-56.9656
-63.7442
-65.4181
-63.9754
-60.885
-56.2137
-49.4722
-40.6491
-30.1693
-19.8398
-11.7316
-4.91161
2.30185
6.19898
8.22962
10.861
12.7425
13.8634
13.7827
0.100653
0.292598
0.498698
0.709417
0.929283
1.16475
1.42051
1.70241
2.01653
2.36941
2.76801
3.22056
3.73695
4.32868
5.00913
5.79231
6.69301
7.72683
8.91
10.2604
11.7965
13.5361
15.496
17.6905
20.1292
22.8169
25.7481
28.9045
32.2549
35.7546
39.3442
42.9493
46.4817
49.84
52.9142
55.6082
57.8739
59.7314
61.3247
63.071
65.7446
70.3683
77.0976
82.7
81.2765
71.9831
59.0845
45.9392
34.204
23.7012
13.8902
6.0065
2.06019
4.8994
9.55985
8.39344
2.57458
-8.75534
-27.6495
-46.7843
-59.5133
-65.7864
-67.2439
-65.6923
-62.4022
-57.4997
-50.6003
-41.7382
-31.1262
-20.2087
-11.4502
-4.40121
2.74923
7.58201
9.44803
11.5936
13.3611
14.5078
14.314
0.106027
0.309666
0.527591
0.75065
0.98339
1.23268
1.50336
1.80154
2.13365
2.50653
2.92747
3.40509
3.9497
4.57347
5.29048
6.11548
7.0645
8.15433
9.40265
10.8285
12.4513
14.2902
16.363
18.6852
21.2667
24.111
27.2124
30.5513
34.0933
37.789
41.5739
45.368
49.0758
52.586
55.7748
58.5279
60.7815
62.5392
63.9252
65.3609
67.6947
72.05
78.3482
82.7602
80.0225
70.6753
58.1739
45.8379
34.7648
24.5832
14.8711
6.58976
2.38782
5.32579
10.3167
7.33025
0.0618648
-12.5048
-31.713
-49.907
-61.7275
-67.6349
-68.9281
-67.2475
-63.744
-58.588
-51.472
-42.5157
-31.8305
-20.4626
-10.8688
-3.70354
3.22261
8.85525
10.6078
12.3626
14.0557
15.1627
14.848
0.112077
0.328127
0.558295
0.793978
1.03977
1.30298
1.58867
1.90335
2.25379
2.64716
3.09116
3.59483
4.16889
4.82622
5.58148
6.45024
7.4496
8.59745
9.91298
11.4163
13.1281
15.069
17.258
19.7118
22.4415
25.4494
28.7282
32.2571
35.9987
39.899
43.888
47.8791
51.7689
55.4361
58.7417
61.5511
63.7816
65.4174
66.5539
67.6169
69.5361
73.5055
79.1772
82.2218
78.4358
69.1885
57.2828
45.8752
35.5408
25.8278
16.1359
7.39819
2.92559
6.08279
11.3702
6.34001
-2.25104
-15.9692
-35.2174
-52.5343
-63.7001
-69.356
-70.5017
-68.6609
-64.9447
-59.5311
-52.159
-43.0328
-32.2701
-20.5707
-10.1806
-2.84381
3.88405
9.89704
11.753
13.1197
14.8055
15.8295
15.3764
0.11881
0.348116
0.591007
0.839664
1.09872
1.37595
1.67672
2.00805
2.37704
2.79124
3.25886
3.78939
4.39394
5.08611
5.88117
6.79563
7.84752
9.05576
10.4409
12.0241
13.8276
15.8733
18.1817
20.7708
23.6532
26.8311
30.2951
34.022
37.9714
42.0851
46.2869
50.4832
54.5623
58.3917
61.8158
64.6778
66.8711
68.3572
69.1953
69.8199
71.2394
74.7
79.5165
81.1108
76.619
67.5873
56.5262
46.0597
36.5737
27.427
17.7314
8.54156
3.70181
7.16964
12.678
5.43145
-4.36792
-19.0801
-38.1778
-54.7476
-65.4657
-70.9581
-71.9521
-69.9226
-66.0088
-60.3527
-52.7119
-43.3477
-32.4678
-20.5037
-9.40417
-1.57921
4.78173
10.7229
12.9218
13.8476
15.5615
16.5013
15.8643
0.126139
0.369639
0.625796
0.887859
1.16048
1.4519
1.76784
2.11593
2.50363
2.93892
3.43057
3.98853
4.62443
5.35251
6.18871
7.15064
8.25717
9.52826
10.9856
12.6515
14.5496
16.7034
19.135
21.8634
24.9025
28.2559
31.9124
35.8456
40.0116
44.3477
48.7715
53.1817
57.4574
61.454
64.9983
67.9071
70.0461
71.349
71.837
71.9513
72.7643
75.5723
79.3222
79.5587
74.677
66.0099
55.9348
46.4013
37.8351
29.3109
19.626
10.0152
4.71423
8.47543
14.2741
4.65192
-6.2815
-21.797
-40.6369
-56.6009
-67.0208
-72.4117
-73.245
-71.0107
-66.9247
-61.056
-53.1583
-43.5131
-32.4593
-20.2507
-8.55913
-0.0508386
5.87248
11.5538
14.0938
14.5512
16.2818
17.1544
16.3539
0.133893
0.39259
0.662607
0.938596
1.22517
1.53107
1.86239
2.22736
2.63389
3.09044
3.60638
4.19218
4.86007
5.62495
6.50347
7.51439
8.67748
10.0138
11.5459
13.2976
15.2934
17.5587
20.1176
22.99
26.1908
29.7246
33.5801
37.7279
42.1198
46.6877
51.3429
55.9758
60.4555
64.6241
68.2895
71.2382
73.3008
74.3822
74.4641
73.983
74.1095
76.1156
78.6248
77.7473
72.7009
64.578
55.4816
46.8809
39.2695
31.3409
21.7336
11.7767
6.01047
9.77458
16.094
4.0306
-7.97866
-24.1041
-42.6433
-58.1258
-68.3459
-73.6756
-74.347
-71.9066
-67.6775
-61.6335
-53.509
-43.5692
-32.2855
-19.8238
-7.64623
1.5437
7.22893
12.5337
15.1434
15.304
16.9462
17.7789
16.8776
0.141875
0.416787
0.70126
0.991768
1.29279
1.6136
1.96063
2.34269
2.76816
3.24611
3.78651
4.40037
5.10071
5.9031
6.82498
7.88625
9.10764
10.5113
12.1207
13.961
16.0579
18.4383
21.1285
24.1502
27.5184
31.2384
35.2994
39.6697
44.2969
49.1064
54.0025
58.867
63.5577
67.9029
71.6892
74.6683
76.6286
77.4501
77.0636
75.9056
75.2624
76.3277
77.5684
75.8395
70.7696
63.3313
55.1351
47.5095
40.8156
33.3943
23.9688
13.8304
7.46926
10.6106
17.8642
3.55092
-9.44966
-26.0054
-44.2443
-59.3427
-69.4205
-74.7171
-75.2405
-72.6025
-68.2583
-62.0751
-53.7635
-43.5392
-31.9785
-19.2407
-6.64877
3.18558
9.08243
13.7263
16.1598
16.1744
17.5635
18.3819
17.4618
0.149891
0.441992
0.741455
1.04711
1.36314
1.6994
2.06263
2.4621
2.90673
3.40626
3.97125
4.61332
5.34636
6.18674
7.15289
8.26572
9.547
11.02
12.709
14.6406
16.842
19.3413
22.1668
25.3426
28.8846
32.7978
37.0713
41.6723
46.5436
51.6045
56.751
61.8557
66.7647
71.2903
75.1954
78.193
80.0253
80.5409
79.6092
77.7219
76.2146
76.2197
76.291
73.9335
68.9578
62.2446
54.8838
48.2416
42.3956
35.4134
26.2891
16.1901
9.10481
11.1613
18.9325
3.16706
-10.6936
-27.52
-45.4833
-60.2678
-70.2328
-75.521
-75.9276
-73.1039
-68.6678
-62.3743
-53.917
-43.4338
-31.5621
-18.5148
-5.54868
4.84164
11.2185
15.2022
17.4236
17.1692
18.2211
18.9614
18.0772
0.157793
0.467991
0.782863
1.10427
1.43593
1.78828
2.16831
2.58567
3.04979
3.57115
4.16089
4.83128
5.59716
6.47585
7.48696
8.65237
9.99503
11.5391
13.31
15.3355
17.6445
20.2667
23.2316
26.566
30.2877
34.4015
38.8957
43.7356
48.8601
54.1818
59.5885
64.9425
70.0765
74.7844
78.8031
81.8083
83.4877
83.6355
82.1113
79.4346
76.979
75.8801
74.8944
72.0898
67.3452
61.2825
54.6952
48.9921
43.9025
37.3819
28.6583
18.7329
10.9837
11.8071
19.4259
2.82953
-11.717
-28.6762
-46.3997
-60.9174
-70.7816
-76.0891
-76.4275
-73.4301
-68.9173
-62.5309
-53.9644
-43.2558
-31.0566
-17.6681
-4.3419
6.5245
13.5256
17.3702
19.2163
18.2666
19.0684
19.4903
18.6953
0.165584
0.494738
0.8253
1.16304
1.51091
1.88
2.27746
2.71324
3.19731
3.74082
4.35553
5.05445
5.85331
6.77055
7.82711
9.04595
10.4512
12.068
13.9228
16.0446
18.4642
21.2131
24.3219
27.8194
31.7261
36.0476
40.7709
45.8586
51.2456
56.8379
62.5147
68.1268
73.4911
78.3801
82.5069
85.5115
87.0003
86.7178
84.5713
81.0376
77.5876
75.4024
73.4674
70.3439
65.9475
60.4264
54.5842
49.7037
45.2395
39.2737
31.0324
21.3157
12.9882
12.6142
19.9377
2.55631
-12.5279
-29.5069
-47.0293
-61.312
-71.0781
-76.4399
-76.7723
-73.6134
-69.0282
-62.5516
-53.9032
-43.0042
-30.4748
-16.726
-3.03039
8.26505
15.9766
20.5406
21.929
19.7784
20.1969
19.9247
19.3819
0.173406
0.522333
0.868704
1.22325
1.58788
1.97429
2.38975
2.84446
3.34894
3.91497
4.55494
5.28272
6.11483
7.07092
8.17339
9.44635
10.9153
12.6062
14.5467
16.7671
19.2999
22.1789
25.4363
29.1019
33.1986
37.734
42.6942
48.039
53.6983
59.5715
65.5283
71.406
77.0034
82.0729
86.3042
89.2885
90.5474
89.8093
86.968
82.5267
78.0718
74.8391
72.0845
68.7503
64.7191
59.6746
54.529
50.3518
46.4014
41.0357
33.3471
23.845
15.0065
13.454
20.6085
2.387
-13.1345
-30.0456
-47.4056
-61.4776
-71.148
-76.6078
-77.0049
-73.6982
-69.0315
-62.4504
-53.7348
-42.6776
-29.8228
-15.7142
-1.62883
10.0841
18.4757
24.347
26.0716
22.6354
21.4966
20.2717
20.1238
0.181161
0.550588
0.912749
1.28451
1.6664
2.0707
2.50462
2.97873
3.50405
4.09301
4.75862
5.51566
6.38147
7.3769
8.52582
9.85361
11.3871
13.1534
15.1813
17.5023
20.1508
23.1627
26.5726
30.4114
34.7034
39.4586
44.6631
50.274
56.216
62.3804
68.6257
74.7746
80.6089
85.8599
90.1816
93.1139
94.1371
92.8955
89.3036
83.9279
78.4662
74.2466
70.8063
67.3519
63.6079
59.0254
54.5077
50.9027
47.4413
42.6772
35.5275
26.277
16.9449
14.2331
21.2815
2.34064
-13.5477
-30.3235
-47.559
-61.4457
-71.0339
-76.6374
-77.1654
-73.7367
-68.9651
-62.2486
-53.4638
-42.2761
-29.1038
-14.6519
-0.173033
11.9768
20.9715
28.3647
32.0057
27.8539
23.0793
20.757
20.8583
0.188264
0.578878
0.956785
1.34619
1.74593
2.16874
2.6217
3.11569
3.66231
4.27459
4.96629
5.75307
6.65311
7.68849
8.88449
10.2679
11.8668
13.7095
15.8262
18.2497
21.0159
24.163
27.7284
31.7449
36.2379
41.219
46.6753
52.5612
58.7953
65.2596
71.8004
78.2274
84.3041
89.7306
94.1197
96.988
97.7602
95.9598
91.5758
85.2753
78.818
73.6869
69.674
66.1719
62.594
58.51
54.5298
51.3215
48.3891
44.2068
37.5548
28.598
18.7033
14.8445
21.7011
2.40696
-13.7794
-30.3686
-47.5158
-61.249
-70.8181
-76.5399
-77.2514
-73.7716
-68.8657
-61.9747
-53.0989
-41.8009
-28.3201
-13.5464
1.30147
13.9208
23.4475
32.178
38.8185
35.818
25.9203
21.6181
21.402
0.19457
0.607215
1.00091
1.40849
1.82677
2.26886
2.7415
3.25592
3.82422
4.46017
5.1783
5.99516
6.92985
8.00563
9.24919
10.6888
12.3538
14.2738
16.4803
19.0078
21.8938
25.1784
28.9016
33.0996
37.7993
43.0132
48.7282
54.8965
61.4301
68.2019
75.0473
81.761
88.0791
93.6666
98.1133
100.903
101.386
99.0035
93.8053
86.5833
79.1741
73.2224
68.7272
65.1798
61.6992
58.0926
54.5707
51.6186
49.2299
45.6347
39.4303
30.7794
20.2967
15.308
21.657
2.55039
-13.8289
-30.2061
-47.2978
-60.9248
-70.5405
-76.333
-77.2532
-73.8239
-68.7541
-61.6619
-52.6547
-41.2536
-27.4756
-12.3983
2.77334
15.8774
25.8865
35.5723
45.1238
45.4923
32.2808
22.9141
21.4989
0.201038
0.636725
1.04622
1.47249
1.90991
2.37188
2.86472
3.39992
3.9901
4.64976
5.39441
6.24141
7.21086
8.32716
9.61843
11.1146
12.8464
14.8446
17.1419
19.7747
22.7828
26.2078
30.0919
34.4745
39.3852
44.8369
50.8161
57.2726
64.1135
71.2027
78.3622
85.3636
91.9154
97.6612
102.16
104.832
104.996
102.043
96.0179
87.873
79.5763
72.876
67.9894
64.3476
60.9559
57.7182
54.5963
51.869
49.9488
46.958
41.1224
32.8231
21.8854
15.8237
21.0782
2.7231
-13.6873
-29.8609
-46.9219
-60.5071
-70.2026
-76.0339
-77.208
-73.8754
-68.6129
-61.3398
-52.1543
-40.6355
-26.5741
-11.2076
4.23273
17.808
28.2586
38.5518
50.1632
54.6942
43.0046
27.8928
22.4772
0.208216
0.667776
1.09286
1.53816
1.99509
2.47725
2.99055
3.54662
4.15864
4.84189
5.61299
6.4901
7.49435
8.65125
9.99042
11.5436
13.343
15.4206
17.8103
20.5502
23.6823
27.2504
31.2982
35.8674
40.9909
46.6834
52.9317
59.6837
66.8409
74.2556
81.7312
89.0188
95.8083
101.711
106.232
108.758
108.592
105.066
98.2251
89.1824
80.0349
72.6576
67.4404
63.6509
60.393
57.3853
54.5714
52.1427
50.5769
48.1325
42.6375
34.6712
23.4838
16.5913
20.0044
2.88752
-13.3606
-29.3559
-46.4024
-60.0126
-69.795
-75.6635
-77.0961
-73.8464
-68.3671
-61.0191
-51.6282
-39.9499
-25.6187
-9.97609
5.6756
19.684
30.5186
41.1697
53.9104
62.2457
56.4788
41.4004
30.0509
0.215882
0.699534
1.14003
1.60464
2.08138
2.58396
3.11786
3.69486
4.32862
5.03534
5.83282
6.74012
7.77938
8.97715
10.3646
11.9755
13.8433
16.0017
18.4853
21.3335
24.5906
28.3031
32.5164
37.2738
42.6117
48.548
55.0704
62.1241
69.6031
77.3463
85.1409
92.7205
99.7473
105.791
110.321
112.686
112.152
108.055
100.434
90.5166
80.5578
72.5786
67.0455
63.104
59.956
57.1101
54.4938
52.4086
51.1636
49.1342
43.9752
36.3057
25.024
17.4675
18.5977
3.02048
-12.854
-28.7181
-45.7556
-59.4395
-69.2844
-75.2121
-76.8737
-73.7152
-67.9968
-60.6901
-51.1085
-39.2051
-24.6114
-8.70688
7.10068
21.4892
32.6287
43.4827
56.8227
68.1019
69.8951
60.5504
49.7125
0.224743
0.73156
1.18768
1.67194
2.1688
2.692
3.24661
3.8445
4.4998
5.22972
6.05332
6.99078
8.06522
9.3042
10.7404
12.4094
14.3465
16.5866
19.1653
22.123
25.5056
29.3625
33.742
38.6894
44.2434
50.4255
57.2246
64.5833
72.388
80.4649
88.5832
96.4541
103.71
109.884
114.402
116.591
115.685
111.008
102.624
91.8757
81.1447
72.6319
66.7704
62.7083
59.59
56.8735
54.4042
52.6121
51.6833
49.9672
45.1862
37.7425
26.5801
18.3525
17.1307
3.15184
-12.1929
-27.9625
-44.9714
-58.7571
-68.6394
-74.6489
-76.497
-73.4696
-67.5664
-60.328
-50.6119
-38.4184
-23.5546
-7.40384
8.50739
23.2188
34.5733
45.5025
59.2933
72.7286
81.1712
80.3865
76.8224
0.236073
0.763652
1.23608
1.74008
2.25725
2.80111
3.37637
3.99494
4.67142
5.42409
6.27339
7.24088
8.35068
9.63127
11.1167
12.8444
14.8515
17.1738
19.8483
22.9162
26.4248
30.4257
34.9708
40.108
45.879
52.3081
59.3861
67.0534
75.1874
83.5996
92.0403
100.197
107.672
113.965
118.467
120.471
119.175
113.91
104.796
93.2547
81.8033
72.7984
66.6094
62.4322
59.2899
56.6483
54.3491
52.751
52.1178
50.677
46.2494
39.0228
28.1921
19.3099
15.7069
3.19281
-11.4295
-27.107
-44.0492
-57.9516
-67.8745
-73.964
-75.9514
-73.0721
-67.1158
-59.9169
-50.1342
-37.6152
-22.4512
-6.07113
9.8948
24.8705
36.3629
47.2381
61.4854
76.6611
89.7111
97.1432
103.489
0.250052
0.795195
1.28469
1.80821
2.34566
2.91007
3.50586
4.14487
4.84218
5.61724
6.49193
7.48941
8.63484
9.95757
11.4928
13.2797
15.3569
17.7615
20.5316
23.7096
27.3441
31.4884
36.1977
41.5239
47.5119
54.1889
61.5471
69.5233
77.9855
86.7313
95.4929
103.936
111.63
118.033
122.5
124.298
122.608
116.768
106.943
94.6524
82.5491
73.0613
66.5699
62.2339
59.0731
56.4418
54.3419
52.8542
52.4476
51.2935
47.1223
40.1392
29.671
20.3978
14.4761
3.21072
-10.6066
-26.1676
-43.0391
-57.0491
-67.0114
-73.1568
-75.2769
-72.5259
-66.6601
-59.4764
-49.6579
-36.8199
-21.3079
-4.71399
11.2628
26.4402
38.0194
48.7159
63.4224
80.1143
95.9487
109.454
124.292
0.265339
0.825306
1.33244
1.87508
2.43273
3.01756
3.6338
4.29316
5.01115
5.80841
6.70833
7.73578
8.91707
10.2823
11.8678
13.7138
15.861
18.3476
21.2126
24.4995
28.2587
32.5456
37.4177
42.9311
49.1348
56.0591
63.6965
71.9801
80.7688
89.8459
98.9246
107.646
115.551
122.062
126.487
128.064
125.976
119.57
109.068
96.0785
83.3809
73.4271
66.6409
62.1205
58.9059
56.289
54.3628
52.9526
52.6648
51.8218
47.8613
41.0729
30.9888
21.5916
13.5917
3.28179
-9.75133
-25.1303
-41.9743
-56.0675
-66.0655
-72.2444
-74.4684
-71.8737
-66.1937
-59.0264
-49.1717
-36.0503
-20.133
-3.33807
12.6121
27.9237
39.5619
49.9743
65.1179
83.1937
100.49
117.591
138.35
0.279984
0.85288
1.37791
1.93932
2.51718
3.12255
3.75941
4.43921
5.1779
5.9973
6.92249
7.98
9.19725
10.6051
12.2407
14.1455
16.362
18.9298
21.8884
25.2823
29.164
33.5914
38.6248
44.3237
50.7412
57.9105
65.8243
74.4121
83.5246
92.9319
102.328
111.325
119.435
126.041
130.409
131.751
129.269
122.326
111.179
97.5471
84.2935
73.8917
66.7998
62.1038
58.7582
56.2013
54.3969
53.0595
52.7925
52.2528
48.4725
41.7892
32.1978
22.8434
13.1671
3.47354
-8.82907
-23.9675
-40.8543
-54.9905
-65.0356
-71.2434
-73.553
-71.1606
-65.7048
-58.5613
-48.6704
-35.3145
-18.9415
-1.9477
13.9421
29.3193
41.0036
51.0533
66.5638
85.9948
104.125
122.629
146.593
0.292534
0.876636
1.41959
1.9996
2.59789
3.22407
3.88186
4.58241
5.34216
6.18391
7.13442
8.2219
9.47499
10.9252
12.6104
14.5731
16.8575
19.505
22.5557
26.0545
30.0557
34.621
39.8138
45.6965
52.3252
59.7356
67.921
76.8076
86.239
95.9717
105.679
114.947
123.252
129.943
134.247
135.359
132.495
125.035
113.286
99.0738
85.2898
74.4491
67.0303
62.1505
58.6475
56.161
54.4397
53.1695
52.8784
52.576
48.9204
42.404
33.4588
24.1382
13.3028
3.60583
-7.88935
-22.6686
-39.6601
-53.8257
-63.9212
-70.18
-72.5843
-70.4073
-65.1678
-58.0593
-48.1454
-34.6114
-17.7699
-0.545181
15.2496
30.6262
42.3512
52.0018
67.7516
88.4729
107.462
126.105
150.914
0.302045
0.89547
1.45628
2.05478
2.67371
3.32112
4.00039
4.72228
5.5035
6.36781
7.34366
8.46097
9.74955
11.2414
12.9748
14.9937
17.344
20.069
23.2098
26.8115
30.93
35.6305
40.9803
47.0441
53.8799
61.5259
69.9764
79.156
88.9009
98.9534
108.965
118.496
126.99
133.758
137.995
138.883
135.65
127.71
115.416
100.661
86.3712
75.0922
67.331
62.2338
58.6094
56.1419
54.4931
53.2724
52.9662
52.8054
49.2268
43.0365
34.892
25.6065
13.9228
3.61142
-7.05445
-21.2987
-38.3659
-52.6069
-62.7571
-69.0843
-71.5831
-69.61
-64.5716
-57.5127
-47.5888
-33.9318
-16.659
0.86144
16.5301
31.8425
43.6051
52.8713
68.7202
90.5558
110.66
128.832
152.956
0.308384
0.909524
1.48799
2.10498
2.74482
3.41391
4.11518
4.85882
5.66172
6.54853
7.54935
8.69571
10.0186
11.5506
13.3302
15.4028
17.8164
20.6161
23.8445
27.5474
31.7818
36.6152
42.1183
48.3584
55.3948
63.2678
71.9742
81.4379
91.4889
101.855
112.166
121.955
130.631
137.472
141.649
142.324
138.739
130.356
117.568
102.311
87.5324
75.8066
67.6963
62.3645
58.647
56.1339
54.547
53.3672
53.0177
52.9521
49.5038
43.7617
36.4488
27.2251
14.8623
3.71891
-6.26654
-19.9594
-36.9737
-51.3423
-61.5741
-67.9674
-70.5456
-68.7618
-63.9096
-56.9143
-46.9953
-33.2667
-15.6403
2.24646
17.7793
32.9655
44.763
53.7087
69.5537
92.2258
113.574
131.242
153.303
0.312534
0.920867
1.51704
2.15281
2.81395
3.50502
4.22846
4.9938
5.81799
6.72646
7.75085
8.92439
10.2794
11.8489
13.6721
15.7958
18.2699
21.142
24.4557
28.2581
32.6067
37.5702
43.2219
49.6313
56.8598
64.9504
73.9031
83.6419
93.9901
104.661
115.266
125.309
134.166
141.081
145.2
145.671
141.766
132.988
119.75
104.002
88.7462
76.5753
68.1133
62.566
58.7517
56.139
54.5564
53.419
53.0417
52.9891
49.8176
44.5475
37.9303
28.8987
16.0162
4.17498
-5.50737
-18.7114
-35.5157
-50.0143
-60.3617
-66.8195
-69.4584
-67.8537
-63.1811
-56.2619
-46.3626
-32.6085
-14.739
3.56873
18.9911
33.9947
45.8227
54.5475
70.3535
93.5569
115.978
133.246
152.526
0.315339
0.93158
1.54576
2.20072
2.88341
3.5965
4.34189
5.12835
5.97275
6.90126
7.94709
9.14531
10.5296
12.1339
13.9981
16.1704
18.7033
21.6459
25.0433
28.9428
33.4026
38.4922
44.2863
50.8567
58.2677
66.5658
75.7548
85.7585
96.3948
107.365
118.257
128.546
137.578
144.565
148.632
148.921
144.73
135.593
121.937
105.744
90.0553
77.4352
68.5931
62.8112
58.8754
56.1342
54.5235
53.414
53.0472
52.9217
50.0623
45.2636
39.162
30.4849
17.4121
4.93229
-4.78414
-17.5561
-34.0275
-48.6101
-59.0914
-65.6223
-68.3154
-66.8853
-62.3929
-55.5606
-45.6931
-31.9522
-13.9697
4.77735
20.1565
34.9405
46.7836
55.4089
71.1989
94.6842
117.812
134.749
151.149
0.316291
0.941425
1.57363
2.24784
2.952
3.6868
4.45355
5.26023
6.12357
7.07047
8.13574
9.35645
10.7679
12.405
14.3084
16.5276
19.1176
22.1293
25.6084
29.602
34.1685
39.3782
45.3071
52.0297
59.6135
68.109
77.5234
87.7812
98.6948
109.954
121.125
131.653
140.853
147.913
151.934
152.061
147.611
138.147
124.118
107.542
91.4452
78.3574
69.1197
63.0717
58.9604
56.1048
54.4465
53.4013
52.9754
52.7796
50.1704
45.8209
40.099
31.8977
18.9623
5.89786
-4.0595
-16.4736
-32.527
-47.1312
-57.7475
-64.367
-67.1226
-65.8674
-61.5581
-54.8202
-44.9922
-31.2957
-13.3345
5.82192
21.2603
35.8206
47.6484
56.3164
72.1396
95.7342
119.138
135.795
149.413
0.314619
0.94931
1.5993
2.29261
3.018
3.77412
4.56165
5.38773
6.26894
7.23279
8.31577
9.55717
10.9941
12.6625
14.6033
16.8675
19.512
22.5901
26.1478
30.2319
34.9001
40.2235
46.2797
53.1459
60.8932
69.5754
79.2036
89.7041
100.885
112.421
123.856
134.611
143.975
151.107
155.09
155.072
150.382
140.627
126.292
109.384
92.8803
79.3052
69.6566
63.3129
58.9817
56.0204
54.3572
53.3499
52.8859
52.6413
50.107
46.2021
40.8021
33.0752
20.5585
7.00633
-3.29679
-15.4205
-31.013
-45.5797
-56.3301
-63.0579
-65.8935
-64.8159
-60.6912
-54.0514
-44.2676
-30.6396
-12.8205
6.659
22.2837
36.6467
48.4369
57.2953
73.2068
96.796
120.084
136.42
147.627
0.311432
0.956443
1.62415
2.33658
3.08309
3.86017
4.66782
5.51224
6.4098
7.38863
8.48689
9.74628
11.206
12.903
14.8788
17.185
19.8808
23.0218
26.655
30.8264
35.5927
41.0248
47.2015
54.2032
62.1039
70.9613
80.7903
91.52
102.954
114.753
126.441
137.413
146.934
154.136
158.083
157.93
153.025
143.03
128.46
111.253
94.3498
80.2771
70.1712
63.4848
58.9329
55.872
54.2567
53.3124
52.8432
52.5529
49.8882
46.4348
41.3347
33.981
22.089
8.17741
-2.50604
-14.3737
-29.5244
-43.981
-54.8556
-61.7103
-64.6463
-63.7479
-59.8062
-53.2655
-43.5301
-29.9864
-12.4011
7.26169
23.2032
37.4225
49.1965
58.3706
74.4259
97.9074
120.825
136.684
145.864
0.308814
0.964961
1.65057
2.38211
3.14928
3.94634
4.77245
5.633
6.54413
7.53464
8.64446
9.9179
11.3966
13.119
15.1272
17.4734
20.2185
23.4204
27.1273
31.3847
36.2472
41.7839
48.0741
55.2012
63.2431
72.262
82.2781
93.2238
104.898
116.947
128.874
140.052
149.721
156.986
160.902
160.626
155.541
145.365
130.617
113.145
95.8546
81.2682
70.6458
63.5551
58.7906
55.6965
54.1729
53.2996
52.8746
52.4156
49.5517
46.5688
41.7477
34.6205
23.4338
9.35937
-1.76498
-13.3911
-28.1315
-42.406
-53.371
-60.3589
-63.4107
-62.6876
-58.9219
-52.4791
-42.7941
-29.3388
-12.0408
7.62985
23.9912
38.153
49.9795
59.5823
75.8274
99.0716
121.478
136.703
144.132
0.307073
0.975152
1.67859
2.42865
3.21506
4.02982
4.87135
5.74441
6.66524
7.6635
8.78101
10.0649
11.5597
13.3057
15.3454
17.7318
20.5269
23.7904
27.5709
31.9131
36.8689
42.5044
48.8982
56.1371
64.3053
73.4714
83.6622
94.8125
106.715
119.003
131.156
142.527
152.332
159.655
163.541
163.164
157.939
147.625
132.754
115.076
97.4094
82.2739
71.0638
63.5255
58.5615
55.495
54.1423
53.3052
53.0518
52.0866
49.1811
46.6301
42.0623
35.0266
24.4827
10.504
-1.15178
-12.5749
-26.8629
-40.9159
-51.9341
-59.0513
-62.2271
-61.6693
-58.0645
-51.7125
-42.0746
-28.6974
-11.6989
7.80091
24.6157
38.8444
50.8376
60.9875
77.4328
100.297
122.087
136.593
142.671
0.306117
0.98693
1.7074
2.47436
3.27741
4.10638
4.95919
5.8405
6.7671
7.76987
8.89264
10.1855
11.6957
13.4656
15.5382
17.9668
20.8142
24.1405
27.9942
32.4177
37.4602
43.1842
49.6679
57.003
65.283
74.5853
84.9423
96.2887
108.41
120.922
133.287
144.837
154.768
162.142
166.005
165.552
160.221
149.81
134.858
117.032
99.0128
83.2937
71.4463
63.4225
58.2662
55.2862
54.1301
53.2948
53.2688
51.6172
48.803
46.6034
42.3028
35.2724
25.1897
11.5127
-0.654894
-12.0212
-25.7738
-39.5543
-50.5893
-57.8286
-61.1323
-60.7273
-57.2602
-50.9839
-41.3812
-28.0605
-11.3335
7.86252
25.0493
39.4972
51.8198
62.635
79.2444
101.588
122.652
136.462
141.511
0.307161
1.00061
1.73636
2.51744
3.3335
4.17244
5.03213
5.91776
6.84721
7.85284
8.98042
10.2826
11.8096
13.6054
15.7134
18.1866
21.0878
24.4767
28.4
32.8975
38.0153
43.8137
50.3717
57.7887
66.17
75.6022
86.1208
97.6565
109.985
122.706
135.267
146.982
157.03
164.455
168.303
167.793
162.39
151.921
136.924
118.985
100.641
84.3411
71.8469
63.3013
57.9254
55.064
54.1573
53.3687
53.3309
51.0998
48.3755
46.4501
42.4667
35.4607
25.6275
12.2954
-0.211522
-11.7371
-24.9475
-38.3755
-49.3738
-56.718
-60.1503
-59.8849
-56.5268
-50.3035
-40.7154
-27.4254
-10.913
7.9259
25.2977
40.0987
52.9509
64.5232
81.2371
102.919
123.147
136.361
140.645
0.311286
1.01462
1.76344
2.55493
3.37997
4.22478
5.08767
5.97494
6.90587
7.91442
9.04793
10.3613
11.9072
13.7312
15.877
18.3966
21.3513
24.7994
28.785
33.3448
38.5233
44.3804
50.9983
58.4863
66.9627
76.5221
87.1997
98.9188
111.442
124.356
137.097
148.966
159.122
166.597
170.435
169.881
164.433
153.945
138.939
120.909
102.261
85.4259
72.2994
63.212
57.5785
54.8141
54.1212
53.3903
53.1377
50.5814
47.9046
46.1478
42.4973
35.6471
25.9214
12.8653
0.263776
-11.5796
-24.3931
-37.4173
-48.3112
-55.7273
-59.2836
-59.1459
-55.8674
-49.6702
-40.0708
-26.7887
-10.419
8.05882
25.4458
40.6375
54.2047
66.5925
83.3405
104.237
123.546
136.274
140.088
0.317939
1.02485
1.78493
2.58288
3.41344
4.26106
5.12497
6.01278
6.94539
7.95821
9.09971
10.4264
11.9932
13.8473
16.0327
18.5991
21.6051
25.1062
29.1434
33.7509
38.9734
44.8739
51.5397
59.0907
67.6586
77.3441
88.1791
100.076
112.783
125.875
138.781
150.79
161.044
168.562
172.394
171.806
166.336
155.863
140.88
122.773
103.849
86.5334
72.8077
63.1762
57.2409
54.5082
53.9363
53.2842
52.8123
50.105
47.4253
45.7077
42.3326
35.7871
26.1361
13.2891
0.765441
-11.369
-23.9985
-36.657
-47.4048
-54.8575
-58.5256
-58.5035
-55.2803
-49.081
-39.4437
-26.1486
-9.85079
8.30073
25.6621
41.1517
55.4869
68.7189
85.4344
105.476
123.845
136.205
139.746
0.326854
1.02876
1.79893
2.59995
3.43358
4.28228
5.14639
6.03473
6.96993
7.98882
9.14054
10.4827
12.0718
13.9571
16.1824
18.7944
21.8475
25.3934
29.4692
34.108
39.3578
45.2877
51.9919
59.6005
68.2573
78.0677
89.0576
101.126
114.006
127.264
140.32
152.452
162.789
170.343
174.17
173.558
168.089
157.661
142.725
124.547
105.381
87.6363
73.3566
63.1991
56.9479
54.2112
53.6947
53.0975
52.4382
49.6062
46.8893
45.1263
41.9482
35.8021
26.2557
13.5585
1.18648
-11.0803
-23.6376
-36.0289
-46.6384
-54.1144
-57.8802
-57.9607
-54.7747
-48.5449
-38.842
-25.5104
-9.23879
8.67538
26.0703
41.7367
56.6818
70.7112
87.3738
106.575
124.069
136.164
139.683
0.337231
1.02578
1.80488
2.60649
3.44168
4.29067
5.15472
6.04357
6.98179
8.00786
9.17157
10.5308
12.1436
14.06
16.3241
18.9789
22.0732
25.6542
29.7555
34.4101
39.6719
45.6197
52.3555
60.0178
68.7607
78.6929
89.8333
102.066
115.108
128.519
141.709
153.949
164.356
171.938
175.759
175.132
169.684
159.325
144.447
126.21
106.83
88.7021
73.9198
63.2813
56.7434
53.9716
53.4341
52.8161
51.9019
48.9889
46.2479
44.4062
41.3728
35.6621
26.2972
13.6173
1.40583
-10.8202
-23.2999
-35.5038
-46.0089
-53.51
-57.3632
-57.5337
-54.3693
-48.0815
-38.2836
-24.8875
-8.61797
9.15873
26.6156
42.4582
57.7323
72.4091
89.0453
107.508
124.261
136.17
139.862
0.346088
1.01587
1.80209
2.60289
3.43897
4.28826
5.15216
6.04099
6.98158
8.01462
9.19113
10.5687
12.2055
14.1524
16.4526
19.1457
22.2746
25.8813
29.9965
34.654
39.9156
45.8724
52.6347
60.3473
69.1724
79.2214
90.5058
102.893
116.088
129.638
142.947
155.279
165.74
173.343
177.155
176.522
171.113
160.841
146.022
127.738
108.161
89.6918
74.4655
63.4221
56.6443
53.785
53.1235
52.4155
51.1531
48.2366
45.5209
43.6008
40.6883
35.4045
26.3742
13.5408
1.3108
-10.7344
-23.0457
-35.0862
-45.5175
-53.0491
-56.983
-57.2326
-54.077
-47.7076
-37.7873
-24.3002
-8.01354
9.69141
27.1697
43.256
58.6676
73.7962
90.4208
108.294
124.469
136.26
140.264
0.353683
1.00335
1.79472
2.59446
3.43177
4.28237
5.14685
6.0354
6.97699
8.01538
9.20361
10.5987
12.2582
14.2324
16.564
19.2891
22.4449
26.0687
30.1881
34.8385
40.0904
46.0497
52.8353
60.5951
69.4981
79.6575
91.0775
103.61
116.945
130.62
144.034
156.44
166.942
174.554
178.356
177.721
172.367
162.191
147.425
129.094
109.325
90.5551
74.9557
63.6097
56.6289
53.6727
52.7886
51.902
50.2478
47.3883
44.7634
42.7957
39.9964
35.105
26.5002
13.591
0.931458
-10.9846
-22.9722
-34.796
-45.1557
-52.7181
-56.7277
-57.0483
-53.8953
-47.4303
-37.3724
-23.7814
-7.46669
10.1939
27.6596
43.9661
59.5209
74.9661
91.547
108.976
124.728
136.452
140.871
0.35846
0.988934
1.78327
2.58192
3.42102
4.27442
5.14123
6.03016
6.97139
8.01209
9.20839
10.6175
12.2954
14.291
16.6462
19.3945
22.5689
26.2014
30.3174
34.9542
40.1918
46.1516
52.9606
60.7671
69.745
80.0085
91.5549
104.221
117.683
131.469
144.969
157.433
167.96
175.572
179.36
178.727
173.433
163.353
148.631
130.229
110.264
91.2379
75.352
63.826
56.6856
53.6031
52.4664
51.3087
49.2862
46.5167
44.0426
42.089
39.4114
34.8586
26.5916
13.7623
0.562294
-11.5593
-23.1875
-34.6985
-44.9376
-52.5035
-56.571
-56.9499
-53.7953
-47.2348
-37.0448
-23.3555
-7.01124
10.6187
28.0737
44.5225
60.2561
75.955
92.469
109.578
125.048
136.752
141.601
0.360821
0.974511
1.77022
2.56756
3.40858
4.2658
5.13663
6.02702
6.96659
8.00502
9.20254
10.6178
12.3057
14.3131
16.6807
19.441
22.624
26.2579
30.3658
34.9881
40.2138
46.1805
53.0205
60.8768
69.9282
80.2887
91.9503
104.736
118.308
132.187
145.756
158.258
168.795
176.393
180.158
179.526
174.293
164.302
149.595
131.081
110.919
91.6912
75.6197
64.0597
56.795
53.463
52.1316
50.7378
48.4231
45.728
43.4141
41.5645
39.0449
34.7127
26.6606
13.876
0.239631
-12.245
-23.6601
-34.8324
-44.8885
-52.4016
-56.4812
-56.8859
-53.717
-47.0658
-36.755
-22.9751
-6.60077
11.0069
28.4523
44.9762
60.8513
76.7261
93.1966
110.095
125.402
137.123
142.365
0.375864
0.976354
1.77231
2.56757
3.4096
4.27013
5.14492
6.0369
6.97358
8.00588
9.19824
10.6124
12.3028
14.3142
16.686
19.4503
22.6361
26.2693
30.3712
34.9832
40.1996
46.1755
53.0516
60.9593
70.0773
80.5198
92.2763
105.16
118.818
132.765
146.38
158.901
169.43
177.001
180.731
180.092
174.932
165.027
150.279
131.604
111.248
91.8885
75.7745
64.2929
56.8759
53.3659
51.9022
50.3776
47.8725
45.2061
43.0176
41.3264
38.9844
34.7353
26.7751
13.9493
-0.0585077
-12.8999
-24.2516
-35.1511
-44.9946
-52.3888
-56.4083
-56.7754
-53.5525
-46.805
-36.3949
-22.5584
-6.18584
11.3781
28.7916
45.3397
61.2798
77.2374
93.6979
110.484
125.721
137.474
142.972
0.399753
0.990902
1.78637
2.57887
3.42082
4.28368
5.16225
6.05671
6.99149
8.01702
9.20125
10.6104
12.3
14.3133
16.6873
19.4534
22.641
26.2754
30.3761
34.9858
40.2028
46.1964
53.1091
61.0577
70.2211
80.7176
92.5372
105.484
119.197
133.186
146.828
159.354
169.868
177.405
181.089
180.44
175.34
165.473
150.647
131.824
111.322
91.8833
75.7554
64.2758
56.8148
53.2226
51.7133
50.1798
47.5965
44.9453
42.8634
41.3038
39.0634
34.8177
26.8107
13.9766
-0.306416
-13.481
-24.9253
-35.7109
-45.4029
-52.6681
-56.5835
-56.8629
-53.5544
-46.7181
-36.2376
-22.3686
-6.00162
11.535
28.9317
45.4958
61.4665
77.4625
93.9311
110.68
125.897
137.682
143.192
)
;

boundaryField
{
    inletFace
    {
        type            zeroGradient;
    }
    inlet
    {
        type            zeroGradient;
    }
    inletWalls
    {
        type            zeroGradient;
    }
    outletInlet
    {
        type            cyclicAMI;
        value           nonuniform List<scalar> 
15
(
148.231
148.542
145.015
144.184
138.983
136.059
128.601
121.031
113.983
101.831
93.3817
80.5896
72.375
60.4976
59.974
)
;
    }
    fineSymmetryWall
    {
        type            symmetryPlane;
    }
    fineWalls
    {
        type            zeroGradient;
    }
    fineCyclicBoundary
    {
        type            fixedValue;
        value           uniform 0;
    }
    fineplug
    {
        type            cyclicAMI;
        value           nonuniform List<scalar> 
80
(
149.452
149.448
149.01
145.557
148.504
148.49
148.386
148.426
148.532
148.804
148.528
147.428
142.753
144.799
144.81
145.183
144.773
144.774
144.999
144.862
144.07
137.99
139.558
139.308
139.055
139.066
138.973
138.459
138.432
138.041
136.727
130.126
129.627
129.098
128.538
127.999
127.918
127.583
126.715
124.657
116.697
116.516
116.323
115.564
114.674
113.706
112.991
112.35
109.912
103.44
99.5334
98.4839
98.4095
97.9173
96.6911
95.0552
92.9663
90.486
88.4441
82.5626
80.8889
79.7136
78.5466
77.5368
76.1648
73.8695
71.4175
69.6022
73.2627
64.4385
62.659
61.5228
60.1913
58.1187
55.9427
56.321
58.0467
68.4725
58.2079
56.6405
)
;
    }
    faceFine
    {
        type            zeroGradient;
    }
}


// ************************************************************************* //
