/*--------------------------------*- C++ -*----------------------------------*\
| =========                 |                                                 |
| \\      /  F ield         | OpenFOAM: The Open Source CFD Toolbox           |
|  \\    /   O peration     | Version:  4.1                                   |
|   \\  /    A nd           | Web:      www.OpenFOAM.org                      |
|    \\/     M anipulation  |                                                 |
\*---------------------------------------------------------------------------*/
FoamFile
{
    version     2.0;
    format      ascii;
    class       volScalarField;
    location    "21";
    object      p;
}
// * * * * * * * * * * * * * * * * * * * * * * * * * * * * * * * * * * * * * //

dimensions      [0 2 -2 0 0 0 0];

internalField   nonuniform List<scalar> 
6785
(
694.674
640.478
588.611
539.903
494.737
452.428
412.789
375.529
340.211
306.569
275.222
246.796
217.941
182.998
152.504
221.532
199.659
194.972
191.447
186.082
180.565
175.611
171.411
168.12
165.852
164.815
165.438
167.726
169.875
169.827
123.411
117.769
123.708
127.429
130.199
133.518
137.119
140.768
144.398
147.862
150.946
153.739
156.603
158.927
159.512
167.915
167.826
172.22
172.338
172.18
172.232
172.008
171.522
170.852
170.024
169.009
167.829
166.798
166.446
166.68
181.24
182.149
183.889
182.149
180.851
179.78
178.505
177.237
176.092
175.113
174.314
173.668
173.169
173.077
173.2
170.767
171.54
172.648
172.176
172.278
172.503
172.619
172.82
173.118
173.468
173.85
174.232
174.493
174.744
174.67
166.705
167.496
168.954
169.836
170.665
171.286
171.765
172.244
172.685
173.053
173.348
173.568
173.585
173.613
173.174
168.85
169.39
170.842
172.027
172.594
172.861
173.037
173.191
173.289
173.334
173.341
173.323
173.102
173.037
172.493
171.155
171.269
172.333
173.327
173.45
173.408
173.368
173.328
173.263
173.19
173.114
173.051
172.734
172.668
172.112
171.602
171.462
172.162
173.002
172.916
172.812
172.742
172.669
172.589
172.517
172.443
172.397
172.035
171.976
171.41
170.483
170.319
170.848
171.696
171.634
171.626
171.629
171.61
171.581
171.557
171.512
171.501
171.124
171.085
170.51
168.411
168.36
168.885
169.83
169.922
170.103
170.258
170.376
170.476
170.565
170.607
170.673
170.325
170.346
169.805
165.826
165.816
166.425
167.561
167.855
168.287
168.663
169.008
169.332
169.646
169.888
170.149
169.911
170.069
169.687
159.122
159.746
161.078
162.959
164.201
165.734
167.206
168.639
170.001
171.235
172.288
173.066
173.251
173.672
173.099
156.282
153.32
152.037
152.285
152.754
154.334
156.364
158.775
161.288
163.878
166.267
168.441
170.484
172.894
174.491
243.59
243.323
242.972
242.319
241.697
240.801
240.748
240.197
239.647
239.052
239.591
239.419
239.387
239.801
239.578
239.403
239.38
239.612
239.183
239.466
239.574
239.159
239.039
239.44
239.368
238.871
238.838
239.324
239.322
238.513
239.278
239.133
238.411
238.392
239.15
239.097
238.12
239.147
238.993
238.041
237.964
238.944
238.713
237.832
237.921
238.814
238.581
237.415
238.399
238.451
237.518
237.343
238.129
238.043
237.27
237.274
237.902
237.912
237.107
237.611
237.842
237.325
237.187
237.459
237.697
237.374
237.546
237.756
237.561
237.553
237.515
237.67
237.635
237.768
237.537
237.514
237.817
237.214
235.684
235.948
236.181
235.622
234.419
240.735
230.534
230.472
230.024
229.541
229.139
228.92
228.184
226.694
231.12
219.526
219.048
219.24
219.277
218.83
218.68
217.867
216.054
218.029
208.284
207.749
207.216
207.083
207.117
206.759
206.243
205.049
202.355
199.006
190.526
189.517
188.289
186.887
186.103
185.688
183.939
179.79
166.771
163.792
163.414
162.061
159.519
156.897
154.882
153.021
148.799
129.484
128.628
126.54
125.193
122.74
118.83
114.543
109.783
104.056
78.1992
84.0098
80.9652
78.1589
74.5815
70.7152
65.9302
60.3479
54.7907
49.4843
17.873
27.2833
22.9502
20.2664
17.1779
12.5316
6.72072
4.09885
3.81183
-23.5268
-4.30098
-6.88242
-9.71224
-7.7906
-8.12906
-6.7158
-5.30911
-3.96122
-2.73899
-3.24235
-2.0597
-1.37504
-2.355
-2.07119
-1.84618
-0.997442
-0.530849
-1.92908
-1.78743
-1.7898
-0.978541
-0.671847
-2.00562
-0.760689
-0.491486
-2.29527
-2.13698
-2.24838
-1.26289
-0.933877
-2.96779
-2.759
-2.88604
-1.96223
-1.81636
-3.67189
-2.38632
-2.21238
-4.2277
-4.144
-4.46466
-3.82651
-3.76944
-5.68659
-5.62229
-5.9158
-5.43937
-5.59253
-7.05686
-6.4171
-6.45469
-7.40571
-7.02341
-6.83761
-5.90694
-5.29918
-5.18032
-4.05329
-3.15138
-1.54227
-0.328039
0.915853
2.66545
3.69015
5.34413
6.73888
7.64079
9.12266
10.0126
12.4016
12.3638
11.7341
12.4272
12.4985
15.8302
13.5003
8.82574
13.0483
8.1339
2.07635
-1.30404
-3.12086
-0.00251393
0.00457668
0.00530048
0.00864405
0.0121578
0.0160314
0.0203386
0.0252269
0.0307651
0.0368628
0.0434488
0.050752
0.0589701
0.0677227
0.0773483
0.0876776
0.0984502
0.109292
0.119664
0.128659
0.135251
0.1375
0.133047
0.118841
0.090913
0.0445333
-0.0257441
-0.125629
-0.260369
-0.43346
-0.644907
-0.889403
-1.15458
-1.42051
-1.65993
-1.83905
-1.91662
-1.838
-1.52299
-0.848906
0.366065
2.36891
5.44879
9.85108
15.6002
22.3729
29.4418
32.4576
18.9444
-3.18819
-7.00743
-1.47572
-1.87673
-1.8084
-2.48416
-5.10183
-7.01582
-7.19799
-6.1761
-4.64598
-3.63304
-3.22233
-2.84928
-1.89562
-1.72263
-1.429
-0.928525
-0.66712
-0.60082
0.333122
0.904807
0.929747
0.708373
-0.239844
-0.922931
-1.08525
-1.04787
-0.433459
1.38398
-0.00433871
0.0129238
0.0179758
0.0281548
0.0393182
0.0517365
0.0655238
0.0811115
0.0986359
0.117982
0.139164
0.163013
0.189739
0.218698
0.251126
0.286933
0.325541
0.36644
0.409026
0.45199
0.493931
0.531543
0.561085
0.57765
0.574645
0.544331
0.477684
0.365055
0.196842
-0.0346892
-0.334006
-0.700777
-1.1289
-1.60845
-2.12605
-2.6647
-3.19694
-3.66645
-3.95646
-3.84858
-2.98284
-0.839915
3.21866
9.7956
19.1397
30.8091
43.3462
50.5473
36.6588
6.03238
-5.53293
-3.34829
-4.82173
-5.6771
-7.19768
-11.6333
-14.7023
-15.6557
-14.7021
-12.6391
-11.0467
-10.0031
-8.96864
-6.98702
-5.71667
-4.31844
-2.80715
-1.90906
-1.46098
0.318365
1.89621
2.34682
2.02063
0.548377
-0.548198
-1.01935
-0.81664
0.590659
3.27985
0.000323723
0.0268005
0.037824
0.0555721
0.0750333
0.097145
0.121869
0.150044
0.18203
0.218096
0.258877
0.305212
0.356271
0.412559
0.475845
0.547026
0.625765
0.712041
0.805722
0.906362
1.01307
1.12314
1.23333
1.33939
1.43515
1.51309
1.56438
1.57912
1.54689
1.45864
1.30726
1.08928
0.805352
0.458308
0.0551926
-0.389986
-0.844718
-1.23446
-1.40773
-1.09504
0.124075
2.82103
7.64643
15.1324
25.323
37.3666
48.9743
52.7392
35.0588
3.8254
-6.07556
-4.39345
-5.40093
-7.46538
-10.0175
-15.9323
-20.3111
-22.6741
-22.5618
-20.8778
-19.1563
-17.6127
-15.7887
-12.9403
-10.5604
-8.02545
-5.50475
-3.78376
-2.59991
-0.0303456
2.20144
2.813
2.23491
0.637277
-0.475664
-0.870153
-0.214029
1.65859
4.9883
0.00476817
0.0403016
0.0587108
0.0846836
0.112752
0.144505
0.179995
0.220417
0.266584
0.319468
0.380808
0.450838
0.528151
0.615587
0.714587
0.826936
0.953135
1.09417
1.25053
1.42316
1.61188
1.8153
2.0311
2.25609
2.48505
2.71106
2.92563
3.11854
3.27822
3.39342
3.45374
3.45176
3.38411
3.2515
3.06439
2.84844
2.65856
2.60131
2.86329
3.73906
5.64319
9.0818
14.5484
22.3008
31.9842
42.2002
49.8051
47.2058
26.2921
-2.38033
-8.58794
-6.22078
-7.22376
-10.453
-14.3606
-21.3297
-26.8329
-30.6035
-31.1917
-29.6862
-27.7891
-25.8081
-23.2339
-19.5143
-15.9427
-12.1416
-8.57704
-5.79662
-3.68092
-0.318982
2.32884
3.02487
2.25307
0.577226
-0.5934
-1.00546
-0.170458
2.03503
5.84072
0.00837973
0.0528294
0.0801306
0.115601
0.153598
0.196111
0.243377
0.296779
0.357569
0.427199
0.507753
0.599339
0.701756
0.818792
0.952021
1.10371
1.27576
1.46996
1.68764
1.93117
2.20083
2.4965
2.8167
3.15884
3.51807
3.88737
4.25756
4.61684
4.95119
5.24575
5.48589
5.65994
5.76115
5.79084
5.76553
5.72438
5.74255
5.94896
6.54531
7.81983
10.1407
13.9069
19.4257
26.6848
34.9918
42.5307
45.6776
38.2275
17.9594
-6.25693
-9.58498
-8.03615
-10.1091
-14.2574
-19.7307
-27.8147
-34.4615
-39.4532
-40.5292
-39.0355
-36.9474
-34.5807
-31.3061
-26.7085
-21.9047
-16.8197
-12.0806
-8.06197
-4.89096
-0.691689
2.24623
3.00479
2.1112
0.458249
-0.7514
-1.25785
-0.478538
1.92341
6.14369
0.00942647
0.0617717
0.0985157
0.14398
0.192827
0.247317
0.307789
0.37579
0.452948
0.540988
0.641566
0.755417
0.884057
1.03072
1.19775
1.38782
1.60403
1.84884
2.1246
2.43495
2.78037
3.1619
3.57872
4.0285
4.50628
5.00441
5.51231
6.01591
6.49805
6.93977
7.3221
7.62926
7.85174
7.99236
8.07249
8.14092
8.28447
8.64037
9.4073
10.8486
13.2742
16.9798
22.1196
28.4875
35.1783
40.1474
39.83
30.6067
13.7902
-5.88988
-8.06869
-9.10694
-12.8855
-18.3775
-25.5106
-34.7819
-42.8121
-48.9413
-50.3443
-48.7717
-46.5046
-43.8206
-39.9048
-34.4209
-28.3745
-22.0195
-15.953
-10.5963
-6.27725
-1.27571
1.90581
2.74528
1.80406
0.233295
-0.956652
-1.54066
-0.864508
1.59695
6.02532
0.0102342
0.0693379
0.115405
0.170679
0.230552
0.29738
0.371656
0.455057
0.549555
0.657202
0.779549
0.917962
1.07483
1.25306
1.45573
1.68607
1.94774
2.24396
2.57811
2.95474
3.37462
3.83971
4.34976
4.90254
5.49286
6.11226
6.74859
7.38541
8.00238
8.57668
9.08525
9.50873
9.83557
10.0694
10.2348
10.3864
10.6165
11.0629
11.9148
13.409
15.8049
19.3186
23.9957
29.5066
34.8269
37.8373
35.5231
27.0849
14.068
-2.23775
-5.02959
-9.30524
-15.1456
-22.4814
-31.3855
-42.048
-51.6663
-58.8104
-60.4171
-58.7096
-56.2841
-53.3366
-48.837
-42.5
-35.2822
-27.678
-20.1947
-13.4811
-7.90711
-2.12129
1.39573
2.37218
1.46172
-0.00350238
-1.14611
-1.77888
-1.19789
1.19617
5.51596
0.0116401
0.0766877
0.131835
0.196669
0.267518
0.346716
0.435023
0.534231
0.646583
0.774487
0.919883
1.08462
1.27135
1.48322
1.72385
1.99705
2.3068
2.65704
3.05217
3.4973
3.99358
4.54371
5.14794
5.80403
6.50653
7.24619
8.00934
8.77733
9.52693
10.2318
10.8652
11.4048
11.8376
12.1673
12.4209
12.6568
12.9703
13.4987
14.4224
15.9576
18.3261
21.6859
26.0065
30.8781
35.2087
36.9157
33.8579
27.3962
16.921
2.5979
-1.90757
-9.15347
-17.026
-26.3696
-37.2886
-49.6252
-60.8736
-68.8088
-70.4737
-68.5927
-66.0463
-62.8713
-57.8514
-50.763
-42.5327
-33.7231
-24.8299
-16.7413
-9.79862
-3.21142
0.774932
1.94918
1.13161
-0.225931
-1.31046
-1.96203
-1.4619
0.753328
4.7815
0.0146413
0.0852229
0.149264
0.22335
0.304878
0.39618
0.498382
0.613454
0.7439
0.892443
1.06151
1.25347
1.47121
1.71836
1.99891
2.31723
2.67764
3.08473
3.54389
4.06057
4.63627
5.27433
5.97538
6.73709
7.55371
8.41516
9.30633
10.2065
11.0899
11.927
12.688
13.3479
13.8927
14.3263
14.678
15.0094
15.4189
16.0436
17.0582
18.6634
21.0521
24.3362
28.4267
32.8551
36.4856
37.3519
34.2992
29.7601
20.2604
6.91729
0.390092
-9.17862
-18.7889
-30.1495
-43.2011
-57.3852
-70.2205
-78.6433
-80.1907
-78.1504
-75.537
-72.176
-66.737
-59.0732
-50.0237
-40.0972
-29.8616
-20.3647
-11.9683
-4.50903
0.0641883
1.50735
0.82995
-0.40333
-1.42569
-2.09611
-1.68872
0.277913
3.82774
0.0197372
0.0960685
0.169192
0.252416
0.344361
0.447408
0.5631
0.693697
0.842037
1.0112
1.20406
1.42353
1.67291
1.95632
2.27818
2.64336
3.0566
3.52307
4.04919
4.64046
5.29872
6.02791
6.82887
7.69913
8.63251
9.61808
10.6392
11.6733
12.6921
13.6635
14.555
15.3394
16.0019
16.547
17.0065
17.4452
17.9645
18.7023
19.8287
21.5315
23.9779
27.2394
31.1774
35.2738
38.3582
38.6287
35.8425
32.487
22.8682
10.0098
1.63949
-9.6075
-20.6698
-33.9496
-49.0812
-65.1565
-79.4086
-87.9716
-89.2495
-87.1539
-84.5365
-81.0508
-75.3339
-67.3009
-57.6249
-46.7271
-35.2531
-24.3298
-14.4483
-6.01352
-0.74181
1.0442
0.5502
-0.552383
-1.52032
-2.21107
-1.91482
-0.246337
2.68852
0.0265973
0.109363
0.192215
0.284899
0.387393
0.502103
0.631022
0.776785
0.942637
1.13209
1.3485
1.59527
1.87627
2.19617
2.55997
2.97303
3.44059
3.96847
4.56406
5.23255
5.9764
6.79992
7.70407
8.68619
9.7395
10.8522
12.0061
13.1765
14.3332
15.4415
16.4668
17.3802
18.166
18.8296
19.4051
19.9601
20.5986
21.4591
22.7074
24.5188
27.0364
30.2951
34.1118
37.9218
40.5187
40.2808
37.6897
34.6311
24.432
11.9306
2.06713
-10.4543
-22.8508
-37.8385
-54.8505
-72.7562
-88.1014
-96.4455
-97.3845
-95.4151
-92.8637
-89.3276
-83.482
-75.2804
-65.1854
-53.514
-40.94
-28.622
-17.2805
-7.74445
-1.67044
0.54892
0.284382
-0.686087
-1.60707
-2.32743
-2.16231
-0.82696
1.42836
0.034386
0.124401
0.217929
0.320816
0.434464
0.561216
0.703529
0.864445
1.04765
1.25711
1.49669
1.77032
2.08251
2.43859
2.84419
3.30529
3.82777
4.41827
5.08494
5.83251
6.66447
7.58523
8.59575
9.69315
10.87
12.1134
13.4038
14.7145
16.013
17.2625
18.4264
19.4744
20.3902
21.1796
21.8784
22.5564
23.3192
24.3049
25.675
27.5926
30.1788
33.4356
37.1394
40.6759
42.7922
42.0401
39.4115
35.9313
25.1511
13.0567
2.05591
-11.5452
-25.3258
-41.8444
-60.471
-79.9292
-95.9794
-103.835
-104.468
-102.803
-100.395
-96.8793
-91.0342
-82.8394
-72.5483
-60.3374
-46.8391
-33.2157
-20.455
-9.70321
-2.73898
0.0125579
0.0237372
-0.816247
-1.70437
-2.47248
-2.43809
-1.45056
0.117628
0.0421243
0.140018
0.245241
0.359314
0.485064
0.62467
0.78103
0.957577
1.15842
1.38798
1.65062
1.95084
2.29379
2.6855
3.13236
3.64102
4.21817
4.87147
5.6096
6.43701
7.35858
8.37857
9.49798
10.7137
12.0175
13.3956
14.8267
16.2826
17.7282
19.1249
20.4342
21.6244
22.6784
23.6025
24.4327
25.2402
26.131
27.2419
28.7298
30.7471
33.3948
36.6455
40.2378
43.4996
45.1163
43.8019
40.8793
36.5256
25.3849
13.7698
1.89987
-12.6818
-27.955
-45.9226
-65.8675
-86.4016
-102.761
-110.055
-110.532
-109.291
-107.09
-103.631
-97.8832
-89.8302
-79.5553
-67.0581
-52.8482
-38.062
-23.9319
-11.8758
-3.94835
-0.57583
-0.252088
-0.962122
-1.82292
-2.64795
-2.74922
-2.10954
-1.23314
0.049035
0.155026
0.272791
0.399021
0.537935
0.691468
0.862911
1.05602
1.27529
1.52553
1.81161
2.13861
2.51228
2.93934
3.42692
3.98247
4.61362
5.32905
6.13783
7.0448
8.05613
9.17602
10.4055
11.7414
13.1748
14.6907
16.2666
17.8724
19.4713
21.0221
22.4849
23.8265
25.029
26.098
27.0697
28.0149
29.0389
30.2767
31.88
33.9918
36.6952
39.9366
43.4166
46.395
47.4826
45.5555
42.1437
36.6959
25.4519
14.3091
1.6795
-13.8664
-30.7066
-50.0577
-70.9203
-92.0011
-108.259
-115.089
-115.738
-114.985
-112.977
-109.574
-103.986
-96.1602
-86.0709
-73.5271
-58.8467
-43.0913
-27.6791
-14.3013
-5.32229
-1.21606
-0.540708
-1.12325
-1.96718
-2.85713
-3.09131
-2.78318
-2.55357
0.0547943
0.168626
0.299442
0.438534
0.591523
0.76004
0.947732
1.1586
1.39744
1.66943
1.9799
2.33444
2.7394
3.20208
3.73035
4.33245
5.01696
5.79354
6.67161
7.65721
8.75732
9.97639
11.3157
12.7719
14.3358
15.9914
17.7148
19.4746
21.2318
22.9438
24.5683
26.0711
27.433
28.6587
29.7832
30.8759
32.0404
33.4087
35.1273
37.33
40.0845
43.3135
46.6785
49.3608
49.8923
47.3297
43.323
36.7048
25.5516
14.734
1.28153
-15.2403
-33.6649
-54.2742
-75.5539
-96.6719
-112.495
-119.097
-120.3
-120.035
-118.162
-114.815
-109.392
-101.833
-92.0247
-79.613
-64.707
-48.221
-31.6644
-17.0051
-6.86824
-1.92135
-0.855955
-1.31288
-2.13746
-3.0943
-3.46261
-3.4513
-3.80385
0.0595745
0.180615
0.324635
0.47691
0.644533
0.828806
1.03373
1.26352
1.52319
1.81825
2.15441
2.53778
2.97521
3.47448
4.04414
4.69317
5.43102
6.26815
7.2145
8.27764
9.46503
10.7817
12.2294
13.8047
15.4984
17.2937
19.1657
21.0815
23.0008
24.8793
26.6729
28.3457
29.8774
31.271
32.5593
33.8092
35.1214
36.6238
38.4571
40.7461
43.5454
46.7576
50.0037
52.378
52.3398
49.16
44.5255
36.7291
25.7616
14.9596
0.51643
-16.9558
-36.8983
-58.5703
-79.7683
-100.457
-115.728
-122.412
-124.436
-124.623
-122.837
-119.551
-114.251
-106.944
-97.4388
-85.2411
-70.3134
-53.3578
-35.8446
-19.9621
-8.56673
-2.6965
-1.20052
-1.52727
-2.32915
-3.3556
-3.85619
-4.10153
-4.91513
0.0638816
0.191323
0.348462
0.513888
0.696308
0.896695
1.11946
1.36899
1.65056
1.96992
2.33317
2.74688
3.21834
3.75576
4.36823
5.06539
5.85747
6.75551
7.77008
8.91013
10.1837
11.5966
13.1508
14.8435
16.6652
18.5988
20.6188
22.6911
24.7743
26.8226
28.7905
30.6404
32.3503
33.921
35.3822
36.7969
38.2614
39.8985
41.8424
44.2098
47.045
50.2343
53.3586
55.4184
54.8177
51.0774
45.8151
36.8621
26.0675
14.8399
-0.769356
-19.154
-40.4272
-62.8833
-83.6602
-103.539
-118.323
-125.403
-128.381
-128.971
-127.228
-123.962
-118.748
-111.617
-102.382
-90.4029
-75.5825
-58.3973
-40.1498
-23.1338
-10.411
-3.55562
-1.58299
-1.76991
-2.5363
-3.63356
-4.25719
-4.70952
-5.83525
0.068344
0.201389
0.371506
0.549836
0.746917
0.963396
1.20416
1.47381
1.7779
2.12246
2.51394
2.95935
3.46644
4.04376
4.7009
5.44805
6.29605
7.25642
8.34033
9.55776
10.9175
12.426
14.0858
15.8944
17.8425
19.913
22.0797
24.308
26.5556
28.7756
30.9212
32.9531
34.8473
36.6017
38.242
39.8257
41.4434
43.2116
45.2578
47.6919
50.552
53.713
56.7154
58.4626
57.3287
53.1091
47.2126
37.1506
26.4113
14.2554
-2.6336
-21.9349
-44.253
-67.1553
-87.3474
-106.197
-120.686
-128.429
-132.32
-133.239
-131.498
-128.206
-123.032
-115.963
-106.889
-95.1017
-80.464
-63.2386
-44.489
-26.4682
-12.4209
-4.51744
-2.00814
-2.02277
-2.75063
-3.91799
-4.65525
-5.25667
-6.55992
0.0735253
0.211519
0.394577
0.585514
0.796987
1.02929
1.28787
1.5776
1.90437
2.27451
2.69488
3.17294
3.71689
4.33568
5.03933
5.83851
6.74457
7.76947
8.92485
10.2215
11.6687
13.2737
15.0396
16.9642
19.0384
21.2451
23.5582
25.9424
28.355
30.7482
33.0741
35.2918
37.3749
39.3177
41.1407
42.8948
44.6631
46.5551
48.6918
51.1786
54.0525
57.1821
60.0666
61.5112
59.8923
55.2815
48.7139
37.6301
26.7432
13.1667
-5.039
-25.3112
-48.3543
-71.3159
-90.893
-108.721
-123.153
-131.714
-136.361
-137.508
-135.778
-132.462
-127.243
-120.102
-111.016
-99.337
-84.9235
-67.8012
-48.7708
-29.9127
-14.5992
-5.58275
-2.46358
-2.27292
-2.96865
-4.19699
-5.02959
-5.72294
-7.06617
0.0797822
0.222256
0.418437
0.621772
0.847394
1.09519
1.37123
1.68074
2.02998
2.42567
2.87507
3.38616
3.96765
4.62894
5.38052
6.23351
7.19976
8.2916
9.52116
10.8997
12.4371
14.1411
16.0151
18.0575
20.2596
22.6041
25.0649
27.6068
30.1865
32.7558
35.2656
37.6733
39.9497
42.0851
44.0935
46.0177
47.9321
49.9383
52.1515
54.6764
57.5541
60.6516
63.4256
64.5838
62.5417
57.6191
50.3084
38.3451
27.0458
11.6179
-7.91992
-29.2176
-52.6743
-75.3147
-94.3233
-111.355
-125.881
-135.307
-140.526
-141.827
-140.136
-136.743
-131.397
-124.091
-114.869
-103.166
-88.9457
-72.0234
-52.913
-33.4158
-16.926
-6.73974
-2.92303
-2.49823
-3.18426
-4.45986
-5.36134
-6.09951
-7.34914
0.0872003
0.233836
0.443579
0.659281
0.898954
1.16198
1.45516
1.78407
2.15542
2.57632
3.05453
3.59858
4.21772
4.92192
5.72218
6.63017
7.65822
8.81913
10.1255
11.5889
13.2199
15.0263
17.0122
19.1762
21.5098
23.996
26.6086
29.3125
32.0642
34.8149
37.5146
40.1185
42.5944
44.9275
47.1244
49.2184
51.2738
53.3836
55.6587
58.2065
61.0791
64.146
66.8178
67.7091
65.3132
60.1374
51.9928
39.3548
27.3258
9.72337
-11.2175
-33.5453
-57.1324
-79.1678
-97.6756
-114.23
-128.894
-139.154
-144.77
-146.191
-144.504
-140.972
-135.481
-127.961
-118.519
-106.678
-92.5486
-75.8541
-56.837
-36.9161
-19.3798
-7.982
-3.37312
-2.70468
-3.39271
-4.69124
-5.64324
-6.38744
-7.42719
0.0956195
0.246154
0.470121
0.698355
0.952179
1.23038
1.54053
1.88857
2.28168
2.72741
3.23404
3.81067
4.4672
5.21417
6.06323
7.02668
8.11745
9.34891
10.7341
12.2852
14.0131
15.9259
18.028
20.3185
22.789
25.4229
28.1939
31.0669
33.9984
36.9391
39.8376
42.647
45.331
47.8691
50.2592
52.5236
54.7152
56.9178
59.2393
61.7947
64.6536
67.6911
70.2679
70.9133
68.2344
62.8346
53.7774
40.7081
27.5889
7.63155
-14.8639
-38.1903
-61.6405
-82.8996
-100.948
-117.316
-132.184
-143.137
-149.002
-150.505
-148.75
-145.13
-139.503
-131.734
-121.996
-109.941
-95.7761
-79.2702
-60.471
-40.3457
-21.923
-9.29849
-3.81272
-2.89507
-3.57543
-4.88202
-5.86756
-6.57355
-7.33138
0.104726
0.258829
0.497824
0.73891
1.00719
1.30072
1.62789
1.99499
2.40967
2.87996
3.41466
4.0235
4.71698
5.50633
6.40389
7.42269
8.57641
9.8791
11.3445
12.9852
14.8126
16.8354
19.0583
21.4807
24.0946
26.8834
29.8211
32.8725
35.9942
39.1361
42.2456
45.2726
48.1764
50.9291
53.5189
55.9553
58.2786
60.563
62.9148
65.4617
68.2972
71.3046
73.7904
74.2108
71.3151
65.6844
55.6811
42.4125
27.8292
5.45872
-18.7615
-43.0134
-66.0901
-86.4983
-104.099
-120.468
-135.706
-147.116
-153.136
-154.667
-152.82
-149.207
-143.466
-135.473
-125.378
-113.006
-98.6845
-82.2867
-63.7626
-43.6375
-24.5067
-10.6693
-4.24063
-3.05214
-3.70876
-5.02606
-6.03528
-6.65463
-7.11043
0.114163
0.271349
0.526214
0.78056
1.06372
1.37293
1.71737
2.10367
2.53997
3.03478
3.59743
4.23824
4.96835
5.79968
6.7453
7.81908
9.03554
10.4095
11.9555
13.687
15.6159
17.7515
20.0991
22.6586
25.4222
28.3738
31.4874
34.728
38.0519
41.4085
44.7432
48.0023
51.1395
54.1186
56.9158
59.5265
61.9768
64.3311
66.6961
69.2168
72.0175
74.9908
77.385
77.6003
74.5423
68.6346
57.7253
44.4275
28.0558
3.27554
-22.7925
-47.8357
-70.3828
-89.9295
-107.078
-123.515
-139.309
-151.024
-157.113
-158.617
-156.737
-153.193
-147.411
-139.234
-128.738
-115.936
-101.329
-84.9342
-66.6811
-46.7222
-27.076
-12.0848
-4.662
-3.1484
-3.77781
-5.11198
-6.14078
-6.65305
-6.78471
0.123624
0.283205
0.554744
0.82276
1.12129
1.44661
1.80871
2.21455
2.67275
3.19227
3.783
4.45582
5.22249
6.09561
7.089
8.21742
9.49629
10.9414
12.568
14.3907
16.4222
18.6727
21.1481
23.849
26.7683
29.8902
33.1891
36.6299
40.1688
43.7543
47.3296
50.8366
54.2222
57.4403
60.4532
63.2402
65.8118
68.223
70.5823
73.0575
75.8093
78.7399
81.0371
81.0653
77.8809
71.6148
59.9289
46.6676
28.2872
1.12884
-26.8376
-52.487
-74.4429
-93.1608
-109.848
-126.365
-142.791
-154.849
-160.926
-162.32
-160.483
-157.059
-151.295
-142.97
-132.083
-118.783
-103.764
-87.2403
-69.2127
-49.5318
-29.5759
-13.541
-5.08347
-3.15763
-3.77022
-5.1337
-6.17345
-6.56229
-6.37226
0.132919
0.294016
0.582938
0.864967
1.1793
1.52118
1.90141
2.32724
2.80774
3.35237
3.97154
4.67671
5.48019
6.39525
7.43645
8.61943
9.96057
11.4766
13.1839
15.098
17.2329
19.5995
22.2051
25.0511
28.1312
31.4303
34.9232
38.5749
42.3415
46.1704
50.0018
53.7726
57.4216
60.8913
64.128
67.0923
69.778
72.2306
74.5636
76.9717
79.6568
82.5313
84.7215
84.5783
81.2794
74.5533
62.3113
49.0347
28.5391
-0.942928
-30.7815
-56.8151
-78.1951
-96.1936
-112.433
-128.998
-146.001
-158.567
-164.56
-165.763
-164.022
-160.731
-155.016
-146.594
-135.364
-121.567
-106.041
-89.2419
-71.3523
-52.0129
-31.9498
-15.0162
-5.48922
-3.05383
-3.67925
-5.09704
-6.12353
-6.36937
-5.92678
0.141999
0.303603
0.61049
0.906767
1.23727
1.5961
1.9949
2.44118
2.94447
3.5147
4.16284
4.90088
5.74172
6.69921
7.78863
9.02652
10.4302
12.0174
13.8057
15.8116
18.0503
20.5344
23.2721
26.2662
29.5117
32.9942
36.6891
40.5619
44.5682
48.6543
52.757
56.807
60.7338
64.4666
67.9341
71.0753
73.8657
76.3417
78.6249
80.9414
83.5384
86.3378
88.4077
88.1067
84.6806
77.394
64.8774
51.4334
28.8252
-2.9004
-34.493
-60.7047
-81.5416
-99.0169
-114.902
-131.439
-148.936
-162.126
-167.943
-168.965
-167.328
-164.176
-158.559
-150.092
-138.552
-124.271
-108.196
-90.9919
-73.1085
-54.1319
-34.1367
-16.4701
-5.81667
-2.80186
-3.49841
-4.99919
-6.00138
-6.09908
-5.45179
0.150941
0.311998
0.637304
0.947946
1.29485
1.67092
2.08866
2.55582
3.08238
3.67874
4.35643
5.12801
6.00691
7.00758
8.14599
9.43953
10.9065
12.5657
14.4356
16.5342
18.8779
21.4807
24.3525
27.4977
30.9127
34.5843
38.4889
42.5922
46.8498
51.2063
55.5947
59.9384
64.1561
68.1625
71.866
75.1819
78.0653
80.5442
82.7511
84.9481
87.4309
90.1314
92.0656
91.6184
88.0309
80.1097
67.6234
53.787
29.1564
-4.7066
-37.8498
-64.0936
-84.4082
-101.589
-117.287
-133.764
-151.669
-165.457
-171.045
-171.947
-170.399
-167.394
-161.915
-153.441
-141.64
-126.893
-110.238
-92.5367
-74.51
-55.8667
-36.0702
-17.8416
-6.01716
-2.3753
-3.20545
-4.83133
-5.81801
-5.77436
-4.95857
0.159898
0.319404
0.663474
0.988504
1.35191
1.74541
2.18236
2.67075
3.22101
3.84401
4.55183
5.35762
6.27537
7.32012
8.50849
9.85875
11.3902
13.1225
15.0755
17.2683
19.7186
22.4422
25.4506
28.7502
32.339
36.2056
40.3272
44.6702
49.19
53.8296
58.5173
63.1684
67.6893
71.978
75.9212
79.4078
82.3704
84.829
86.9301
88.9757
91.3137
93.8869
95.6697
95.0873
91.283
82.7088
70.5186
56.046
29.5228
-6.34996
-40.7669
-66.9462
-86.792
-103.883
-119.618
-136.048
-154.227
-168.49
-173.927
-174.691
-173.215
-170.361
-165.043
-156.596
-144.594
-129.424
-112.173
-93.906
-75.5955
-57.2011
-37.6903
-19.0658
-6.09656
-1.78489
-2.78041
-4.58765
-5.5729
-5.3988
-4.51132
0.169052
0.32616
0.689244
1.02862
1.40855
1.81955
2.27586
2.78576
3.36007
4.01015
4.74865
5.58929
6.54667
7.63643
8.87584
10.2841
11.8814
13.6886
15.7265
18.0155
20.575
23.422
26.5704
30.0283
33.796
37.8637
42.2102
46.8022
51.5952
56.5302
61.5307
66.5023
71.3376
75.9164
80.1012
83.7526
86.7789
89.1919
91.1544
93.0131
95.171
97.5846
99.2043
98.4946
94.3985
85.241
73.4994
58.1906
29.897
-7.81017
-43.1933
-69.2402
-88.7345
-105.91
-121.898
-138.311
-156.621
-171.187
-176.611
-177.187
-175.76
-173.068
-167.929
-159.54
-147.388
-131.842
-114.01
-95.1161
-76.4083
-58.129
-38.9582
-20.0894
-6.0669
-1.04963
-2.19683
-4.26536
-5.27438
-4.98298
-4.04918
0.178553
0.33266
0.714929
1.06859
1.465
1.8935
2.36929
2.90087
3.49954
4.17708
4.94671
5.82278
6.82051
7.95618
9.24774
10.7153
12.3801
14.264
16.3891
18.7771
21.4486
24.4227
27.7151
31.3363
35.2887
39.5648
44.1444
48.9955
54.0729
59.316
64.6426
69.9477
75.1082
79.9839
84.4113
88.2201
91.2926
93.6329
95.422
97.0546
98.992
101.211
102.662
101.82
97.3629
87.7719
76.5008
60.2208
30.2516
-9.07887
-45.137
-70.9718
-90.2348
-107.656
-124.066
-140.499
-158.847
-173.593
-179.083
-179.431
-178.043
-175.524
-170.573
-162.265
-150
-134.122
-115.739
-96.1857
-76.9776
-58.6698
-39.8505
-20.8802
-5.94729
-0.174602
-1.41473
-3.85437
-4.92799
-4.54116
-3.61596
0.188459
0.339274
0.740835
1.10875
1.52157
1.96759
2.46291
3.01636
3.63961
4.34494
5.1461
6.0581
7.09685
8.27927
9.62404
11.1522
12.8861
14.8488
17.0636
19.5534
22.3406
25.4459
28.8873
32.6774
36.8215
41.3139
46.1363
51.2572
56.6312
62.1955
67.8619
73.5136
79.0099
84.1889
88.8589
92.8166
95.9168
98.1555
99.7343
101.098
102.769
104.762
106.043
105.049
100.185
90.3526
79.4908
62.1509
30.5608
-10.1699
-46.6274
-72.1847
-91.2989
-109.098
-126.073
-142.54
-160.861
-175.763
-181.336
-181.434
-180.081
-177.736
-172.979
-164.767
-152.415
-136.242
-117.343
-97.1266
-77.3221
-58.8786
-40.34
-21.4183
-5.71833
0.902166
-0.387186
-3.34237
-4.53091
-4.07769
-3.19451
0.198715
0.346331
0.767218
1.1494
1.57861
2.04219
2.55715
3.13261
3.78066
4.51405
5.34712
6.29552
7.37589
8.60586
10.0048
11.5949
13.3995
15.443
17.7499
20.3448
23.2515
26.4927
30.0884
34.0542
38.3976
43.1155
48.1911
53.5935
59.277
65.1764
71.197
77.2087
83.0517
88.5402
93.4525
97.5499
100.658
102.765
104.095
105.143
106.5
108.238
109.339
108.176
102.873
93.0342
82.451
64.0004
30.8262
-11.0983
-47.7189
-72.9265
-91.9713
-110.242
-127.911
-144.422
-162.618
-177.716
-183.359
-183.206
-181.89
-179.71
-175.149
-167.041
-154.623
-138.184
-118.805
-97.9392
-77.4795
-58.8103
-40.4222
-21.6897
-5.30022
2.30674
0.939148
-2.72038
-4.08966
-3.59286
-2.75945
0.209167
0.354081
0.794232
1.19079
1.63643
2.11768
2.65242
3.2501
3.92319
4.68493
5.55026
6.53552
7.65809
8.93635
10.3905
12.0436
13.9205
16.0468
18.4485
21.1516
24.1818
27.5636
31.3197
35.4681
40.0193
44.9726
50.3128
56.0095
62.0164
68.2655
74.6551
81.0408
87.2416
93.0456
98.1997
102.427
105.522
107.466
108.505
109.186
110.181
111.634
112.557
111.195
105.427
95.8539
85.3683
65.7873
31.0757
-11.8633
-48.5104
-73.3019
-92.3372
-111.144
-129.594
-146.171
-164.112
-179.455
-185.133
-184.751
-183.485
-181.45
-177.083
-169.087
-156.615
-139.931
-120.108
-98.6198
-77.481
-58.4851
-40.1445
-21.6626
-4.62695
4.09018
2.60914
-1.95852
-3.60673
-3.09619
-2.34951
0.219572
0.362691
0.821922
1.23305
1.69523
2.19437
2.74913
3.36928
4.06773
4.85818
5.75617
6.77877
7.94411
9.27137
10.7817
12.4991
14.4498
16.6609
19.1599
21.9745
25.1321
28.6595
32.582
36.9204
41.6882
46.8873
52.5042
58.5088
64.8535
71.4676
78.2417
85.0158
91.5855
97.7113
103.107
107.454
110.515
112.262
112.964
113.225
113.808
114.935
115.699
114.082
107.896
98.7972
88.2303
67.5052
31.3158
-12.4494
-49.0592
-73.4471
-92.5022
-111.874
-131.115
-147.811
-165.366
-180.97
-186.639
-186.07
-184.885
-182.963
-178.781
-170.905
-158.392
-141.475
-121.235
-99.1602
-77.3419
-57.9416
-39.5842
-21.2744
-3.69692
6.21988
4.62352
-1.00907
-3.05831
-2.5923
-1.93192
0.229648
0.372295
0.850267
1.27621
1.75511
2.27242
2.84753
3.49056
4.21477
5.03439
5.96556
7.02602
8.2347
9.61169
11.1791
12.962
14.9881
17.286
19.8849
22.8141
26.1032
29.7813
33.8762
38.4121
43.4056
48.8613
54.7674
61.0937
67.7914
74.7861
81.9606
89.1377
96.0877
102.541
108.177
112.635
115.64
117.155
117.47
117.252
117.363
118.146
118.743
116.823
110.328
101.82
91.0377
69.1455
31.5298
-12.8723
-49.3779
-73.461
-92.5531
-112.49
-132.46
-149.336
-166.418
-182.25
-187.869
-187.166
-186.112
-184.262
-180.243
-172.497
-159.952
-142.808
-122.174
-99.5505
-77.0691
-57.23
-38.778
-20.5093
-2.57551
8.58438
6.91159
0.19042
-2.42232
-2.06649
-1.48081
0.239144
0.383037
0.879214
1.32024
1.81605
2.35191
2.94779
3.61416
4.36472
5.21413
6.17909
7.27802
8.5307
9.95815
11.5836
13.4333
15.5364
17.9231
20.6245
23.6716
27.0961
30.9298
35.2034
39.9443
45.1726
50.8959
57.1038
63.7663
70.8322
78.2234
85.814
93.4089
100.751
107.538
113.412
117.97
120.897
122.141
122.018
121.257
120.831
121.264
121.663
119.433
112.758
104.883
93.8018
70.7202
31.711
-13.1903
-49.5043
-73.389
-92.5431
-113.019
-133.623
-150.727
-167.304
-183.292
-188.84
-188.049
-187.197
-185.376
-181.475
-173.862
-161.301
-143.932
-122.912
-99.7782
-76.6612
-56.3713
-37.7271
-19.448
-1.33905
11.0409
9.3487
1.71531
-1.7264
-1.50477
-1.0509
0.247861
0.395115
0.908737
1.3651
1.878
2.43277
3.0499
3.74025
4.51786
5.39782
6.39734
7.53548
8.83287
10.3116
11.996
13.9138
16.0955
18.5732
21.3796
24.548
28.1121
32.1064
36.5648
41.5182
46.9906
52.9923
59.5149
66.5278
73.9772
81.7807
89.8033
97.8307
105.575
112.701
118.813
123.461
126.285
127.219
126.602
125.215
124.206
124.26
124.451
121.909
115.221
107.954
96.5275
72.2573
31.8954
-13.4608
-49.5193
-73.25
-92.5052
-113.455
-134.606
-151.963
-168.07
-184.121
-189.602
-188.742
-188.171
-186.352
-182.49
-175
-162.44
-144.85
-123.445
-99.8294
-76.1114
-55.3714
-36.4764
-18.2019
-0.00786675
13.524
12.0069
3.65754
-1.04872
-0.917433
-0.560078
0.255693
0.408788
0.938856
1.41074
1.94085
2.51491
3.1538
3.8688
4.6743
5.58573
6.62072
7.79895
9.14189
10.6728
12.4173
14.4044
16.6665
19.2373
22.1516
25.4445
29.1523
33.3123
37.9616
43.1351
48.8605
55.1517
62.0017
69.3792
77.2274
85.4588
93.9288
102.403
110.562
118.031
124.378
129.104
131.801
132.386
131.21
129.122
127.472
127.102
127.089
124.224
117.732
111.003
99.2113
73.7768
32.1454
-13.6932
-49.4899
-73.0517
-92.4622
-113.788
-135.395
-153.035
-168.768
-184.78
-190.228
-189.263
-189.048
-187.253
-183.318
-175.91
-163.366
-145.565
-123.769
-99.691
-75.4106
-54.2314
-35.0666
-16.7789
1.47891
16.0912
15.3515
6.21543
-0.451708
-0.32727
-0.053995
0.262596
0.424345
0.969649
1.45716
2.00453
2.5982
3.25937
3.99976
4.83404
5.77796
6.84949
8.06882
9.4583
11.0423
12.8481
14.906
17.2501
19.9163
22.9411
26.362
30.2178
34.5484
39.3948
44.7959
50.7835
57.3749
64.565
72.3212
80.5832
89.2576
98.1904
107.126
115.71
123.528
130.108
134.899
137.446
137.637
135.827
132.97
130.595
129.8
129.547
126.372
120.285
114.009
101.849
75.2873
32.5117
-13.8285
-49.4212
-72.7895
-92.401
-114.015
-135.977
-153.928
-169.44
-185.303
-190.764
-189.61
-189.798
-188.133
-183.999
-176.591
-164.071
-146.078
-123.886
-99.3521
-74.5493
-52.9496
-33.5132
-15.1442
3.19213
18.8558
19.6635
9.66163
0.200254
0.265225
0.435234
0.268576
0.442075
1.00125
1.50444
2.06904
2.6826
3.36654
4.13304
4.99705
5.97455
7.08376
8.34534
9.78244
11.4207
13.2889
15.419
17.8471
20.6109
23.7491
27.3015
31.3094
35.8158
40.8654
46.5014
52.7601
59.6625
67.2051
75.3541
84.0445
93.1768
102.587
111.998
121.018
129.19
135.998
140.844
143.217
142.962
140.458
136.747
133.559
132.348
131.806
128.38
122.858
116.954
104.446
76.8029
33.0212
-13.7856
-49.2628
-72.4438
-92.2745
-114.127
-136.337
-154.62
-170.105
-185.724
-191.212
-189.751
-190.34
-188.998
-184.586
-177.053
-164.542
-146.383
-123.8
-98.8061
-73.5198
-51.5248
-31.8225
-13.315
5.12885
21.9415
24.9053
14.0248
1.19097
0.872812
0.883297
0.273687
0.462271
1.03389
1.55275
2.13451
2.76819
3.47535
4.26867
5.16333
6.17549
7.32355
8.62857
10.1145
11.8082
13.7399
15.9438
18.4576
21.3213
24.5758
28.2633
32.4276
37.1149
42.3738
48.252
54.7906
62.0143
69.9217
78.4773
87.6109
97.2155
107.117
117.018
126.485
135.015
142.049
146.939
149.112
148.356
145.091
140.423
136.389
134.72
133.857
130.278
125.416
119.816
107.016
78.3549
33.684
-13.5217
-48.9551
-71.9974
-92.0316
-114.113
-136.478
-155.09
-170.747
-186.057
-191.474
-189.643
-190.562
-189.776
-185.124
-177.325
-164.772
-146.466
-123.51
-98.0508
-72.3174
-49.9578
-30.0069
-11.3007
7.36779
25.4747
30.7835
18.9844
2.86204
1.51187
1.23866
0.27807
0.485244
1.06785
1.60236
2.20117
2.85519
3.58597
4.40676
5.33291
6.38075
7.5688
8.91842
10.4543
12.2045
14.2012
16.4803
19.0816
22.0476
25.4214
29.2476
33.5727
38.446
43.9202
50.0477
56.8747
64.4302
72.7145
81.6905
91.2817
101.372
111.778
122.182
132.109
141.001
148.258
153.182
155.119
153.829
149.713
143.986
139.068
136.906
135.722
132.076
127.899
122.582
109.57
79.9845
34.511
-13.0518
-48.4717
-71.4494
-91.6488
-113.959
-136.414
-155.324
-171.231
-186.163
-191.504
-189.391
-190.439
-190.354
-185.622
-177.452
-164.769
-146.315
-123.013
-97.0873
-70.9392
-48.243
-28.0781
-9.10816
9.98981
29.4834
36.9669
24.2479
5.54358
2.17041
1.5182
0.281903
0.511214
1.10337
1.65347
2.26922
2.94373
3.69851
4.54734
5.50577
6.59022
7.8193
9.21468
10.8017
12.6097
14.6725
17.0282
19.719
22.7896
26.2857
30.2543
34.7443
39.8087
45.504
51.8879
59.0118
66.9092
75.5825
84.9922
95.0547
105.644
116.568
127.488
137.885
147.145
154.627
159.567
161.244
159.372
154.311
147.454
141.564
138.908
137.412
133.771
130.256
125.257
112.107
81.7309
35.528
-12.3983
-47.8237
-70.805
-91.1312
-113.657
-136.172
-155.324
-171.444
-186.045
-191.377
-189.133
-190.037
-190.627
-186.044
-177.479
-164.561
-145.927
-122.3
-95.9174
-69.3855
-46.3677
-26.0401
-6.76621
12.8849
33.747
43.3726
30.4668
9.64603
2.82148
1.74707
0.285225
0.540118
1.14045
1.70607
2.33864
3.0338
3.81295
4.69041
5.68188
6.80384
8.07498
9.5172
11.1565
13.0234
15.1535
17.5873
20.3693
23.5468
27.168
31.2824
35.9417
41.202
47.1244
53.7716
61.2007
69.4499
78.5235
88.3794
98.9265
110.029
121.484
132.932
143.808
153.447
161.152
166.087
167.491
164.966
158.885
150.809
143.873
140.731
138.913
135.364
132.47
127.84
114.623
83.6351
36.7878
-11.5462
-47.0337
-70.0715
-90.4924
-113.206
-135.779
-155.11
-171.393
-185.735
-191.124
-188.907
-189.446
-190.546
-186.323
-177.432
-164.189
-145.314
-121.365
-94.5422
-67.6605
-44.3211
-23.8896
-4.31829
15.8833
37.949
49.905
39.134
15.8907
3.52093
1.90881
0.287898
0.571615
1.17887
1.75997
2.40932
3.12538
3.92936
4.83612
5.86143
7.02184
8.33603
9.82613
11.5187
13.4456
15.644
18.157
21.0316
24.3179
28.0669
32.3303
37.163
42.6244
48.7797
55.6973
63.4396
72.0496
81.5335
91.8475
102.893
114.524
126.52
138.505
149.876
159.905
167.822
172.757
173.851
170.612
163.436
154.025
146.009
142.389
140.233
136.875
134.544
130.321
117.13
85.7595
38.3722
-10.4429
-46.1153
-69.2542
-89.7498
-112.599
-135.258
-154.715
-171.129
-185.272
-190.777
-188.691
-188.737
-190.122
-186.391
-177.317
-163.695
-144.505
-120.208
-92.9634
-65.771
-42.1027
-21.6146
-1.79582
18.8985
41.9879
56.0268
49.7012
24.7254
4.74176
2.11897
0.289776
0.605343
1.21849
1.81514
2.48136
3.21871
4.0481
4.98491
6.04493
7.24467
8.60279
10.1416
11.8882
13.8757
16.1431
18.7361
21.7044
25.1013
28.9803
33.3963
38.4066
44.0741
50.4684
57.6627
65.7252
74.7037
84.6075
95.392
106.951
119.122
131.67
144.203
156.084
166.505
174.643
179.57
180.316
176.326
167.958
157.106
147.985
143.901
141.423
138.333
136.486
132.689
119.638
88.1391
40.345
-9.01697
-45.0593
-68.3631
-88.9135
-111.839
-134.61
-154.173
-170.685
-184.66
-190.309
-188.442
-187.974
-189.4
-186.195
-177.111
-163.107
-143.536
-118.846
-91.184
-63.7232
-39.7272
-19.206
0.7988
21.9025
45.7839
60.9889
59.8785
35.2181
7.32441
2.40793
0.290916
0.641156
1.25946
1.87183
2.55512
3.31422
4.16966
5.13724
6.23274
7.47253
8.8752
10.4632
12.2643
14.3126
16.6493
19.3227
22.3858
25.895
29.9068
34.4787
39.6711
45.5497
52.1879
59.6642
68.0525
77.4068
87.7406
99.0083
111.094
123.817
136.929
150.024
162.419
173.245
181.618
186.518
186.891
182.103
172.445
160.067
149.807
145.282
142.522
139.759
138.319
134.944
122.136
90.7284
42.7161
-7.21288
-43.8336
-67.4136
-87.9825
-110.935
-133.826
-153.501
-170.074
-183.875
-189.679
-188.134
-187.22
-188.464
-185.718
-176.776
-162.437
-142.44
-117.303
-89.2129
-61.5205
-37.2183
-16.6765
3.47166
24.8894
49.3256
64.5228
67.7777
46.1483
12.7456
3.02041
0.291818
0.679322
1.30227
1.93055
2.6311
3.4123
4.29425
5.29312
6.42461
7.7049
9.15243
10.7898
12.6455
14.7548
17.1611
19.9154
23.0745
26.6979
30.8452
35.5766
40.9547
47.0481
53.9341
61.6964
70.4164
80.1545
90.9281
102.689
115.311
128.6
142.294
155.958
168.871
180.125
188.729
193.601
193.59
187.938
176.906
162.914
151.479
146.533
143.536
141.135
140.057
137.122
124.634
93.4763
45.441
-5.0069
-42.4179
-66.393
-86.9646
-109.909
-132.907
-152.702
-169.301
-182.908
-188.878
-187.774
-186.53
-187.393
-184.98
-176.275
-161.672
-141.234
-115.613
-87.0648
-59.1612
-34.5966
-14.0554
6.22334
27.8643
52.7365
67.2021
73.0735
56.4312
22.1896
5.10329
0.293553
0.720475
1.34757
1.99174
2.70946
3.51277
4.42133
5.45168
6.61935
7.94032
9.4329
11.1199
13.0303
15.201
17.6774
20.5136
23.77
27.5095
31.7947
36.688
42.2543
48.565
55.7018
63.7549
72.8127
82.9421
94.162
106.422
119.593
133.467
147.754
161.993
175.441
187.125
195.97
200.816
200.4
193.83
181.349
165.65
153.015
147.651
144.464
142.414
141.701
139.259
127.176
96.3912
48.4824
-2.42347
-40.7911
-65.2639
-85.882
-108.792
-131.862
-151.775
-168.384
-181.776
-187.915
-187.339
-185.92
-186.263
-184.027
-175.587
-160.793
-139.92
-113.807
-84.7594
-56.6424
-31.8732
-11.3707
9.04398
30.8377
56.1402
69.7355
77.0617
66.4503
36.1014
10.5079
0.296894
0.76451
1.39503
2.05457
2.78894
3.61398
4.54893
5.61073
6.81476
8.17679
9.71496
11.4522
13.4182
15.6512
18.1985
21.1175
24.4721
28.3287
32.7526
37.8089
43.565
50.0956
57.4872
65.8364
75.2378
85.7625
97.4321
110.199
123.933
138.406
153.296
168.13
182.124
194.241
203.341
208.156
207.307
199.778
185.769
168.274
154.45
148.71
145.323
143.566
143.243
141.363
129.805
99.5163
51.8447
0.489001
-38.9098
-63.9949
-84.7523
-107.618
-130.715
-150.727
-167.35
-180.521
-186.795
-186.797
-185.371
-185.143
-182.911
-174.706
-159.78
-138.49
-111.903
-82.3257
-53.9633
-29.0532
-8.64739
11.9145
33.8095
59.6323
72.5121
80.9378
78.736
56.1383
25.0864
0.301161
0.809556
1.44247
2.11654
2.86686
3.71321
4.67454
5.76822
7.00946
8.41373
9.99887
11.7878
13.8107
16.1067
18.7254
21.7269
25.1791
29.152
33.7143
38.9341
44.882
51.6366
59.2884
67.9382
77.6854
88.6061
100.729
114.012
128.318
143.4
158.912
174.357
188.909
201.471
210.834
215.617
214.32
205.79
190.167
170.799
155.822
149.691
146.098
144.601
144.674
143.422
132.528
102.89
55.5443
3.71216
-36.7248
-62.5614
-83.5836
-106.413
-129.492
-149.578
-166.222
-179.184
-185.512
-186.101
-184.848
-184.071
-181.678
-173.634
-158.617
-136.935
-109.902
-79.7978
-51.1267
-26.1401
-5.90692
14.8153
36.7669
63.2502
75.6886
85.1115
93.7425
83.131
53.9741
0.304436
0.852754
1.48716
2.17513
2.94115
3.80909
4.79763
5.92458
7.20485
8.65334
10.2872
12.1291
14.2093
16.5679
19.2565
22.3385
25.8859
29.9735
34.6741
40.0596
46.2038
53.1875
61.1032
70.0546
80.1463
91.4641
104.047
117.853
132.736
148.436
164.588
180.657
195.787
208.815
218.442
223.196
221.44
211.861
194.553
173.255
157.151
150.535
146.812
145.537
146.001
145.421
135.323
106.517
59.5957
7.27774
-34.1951
-60.9376
-82.3703
-105.186
-128.213
-148.351
-165.019
-177.798
-184.078
-185.211
-184.284
-183.047
-180.365
-172.38
-157.292
-135.254
-107.806
-77.2062
-48.1498
-23.1377
-3.16232
17.7265
39.6987
66.9454
79.2231
89.8599
108.892
112.264
92.5745
0.305049
0.892354
1.52808
2.23011
3.01253
3.9033
4.92079
6.0831
7.40449
8.89885
10.5824
12.4768
14.6127
17.0312
19.7866
22.9461
26.5869
30.789
35.6301
41.1854
47.5302
54.7457
62.925
72.1757
82.6121
94.3321
107.38
121.711
137.174
153.506
170.31
187.017
202.746
216.26
226.163
230.887
228.65
217.983
198.941
175.674
158.463
151.267
147.54
146.41
147.252
147.361
138.159
110.369
64.0008
11.2407
-31.2809
-59.0971
-81.0905
-103.933
-126.887
-147.062
-163.744
-176.387
-182.532
-184.111
-183.604
-182.047
-178.998
-170.965
-155.8
-133.449
-105.621
-74.5752
-45.0623
-20.0567
-0.416255
20.6258
42.6024
70.6222
82.941
95.0136
122.499
138.981
132.529
0.303
0.929193
1.56707
2.28419
3.08444
3.99972
5.04789
6.24704
7.61045
9.1506
10.8824
12.827
15.0153
17.4902
20.3094
23.545
27.2795
31.5985
36.5834
42.3114
48.8579
56.3036
64.7441
74.2944
85.0796
97.2056
110.718
125.574
141.625
158.597
176.066
193.428
209.769
223.793
233.994
238.693
235.956
224.168
203.352
178.096
159.788
151.891
148.239
147.262
148.467
149.258
141.005
114.393
68.7336
15.6355
-27.9512
-57.0123
-79.7104
-102.639
-125.521
-145.714
-162.39
-174.957
-180.942
-182.822
-182.755
-181.043
-177.585
-169.411
-154.145
-131.525
-103.36
-71.9249
-41.9021
-16.9144
2.32802
23.4877
45.4833
74.169
86.6982
100.249
133.744
160.648
167.79
0.300096
0.965994
1.60747
2.3409
3.16011
4.10073
5.17993
6.41553
7.81965
9.40344
11.1807
13.1724
15.4104
17.9401
20.8231
24.136
27.9664
32.4043
37.5339
43.4334
50.1787
57.8522
66.5543
76.4077
87.5445
100.075
114.049
129.432
146.075
163.695
181.845
199.881
216.848
231.404
241.928
246.611
243.37
230.439
207.818
180.571
161.159
152.414
148.904
148.111
149.682
151.128
143.843
118.529
73.7333
20.4542
-24.1964
-54.6524
-78.1932
-101.282
-124.109
-144.303
-160.956
-173.494
-179.36
-181.411
-181.727
-180.005
-176.131
-167.732
-152.331
-129.483
-101.04
-69.2765
-38.7165
-13.7318
5.05982
26.2835
48.3568
77.4946
90.3709
105.288
142.656
176.412
194.141
0.299211
1.0054
1.65164
2.40157
3.23945
4.20446
5.31308
6.58293
8.02519
9.65017
11.471
13.5089
15.7968
18.3827
21.3314
24.7234
28.6502
33.2054
38.4762
44.5431
51.4845
59.3863
68.3531
78.5115
89.9979
102.93
117.367
133.28
150.515
168.785
187.626
206.357
223.973
239.076
249.946
254.626
250.886
236.802
212.363
183.161
162.63
152.961
149.632
148.977
150.928
152.986
146.668
122.725
78.9133
25.6487
-20.0285
-51.9861
-76.5047
-99.839
-122.64
-142.827
-159.451
-171.979
-177.799
-179.944
-180.549
-178.908
-174.642
-165.938
-150.364
-127.328
-98.6746
-66.6536
-35.5563
-10.5384
7.76306
28.9894
51.2321
80.55
93.8686
109.895
149.555
187.142
211.608
0.302994
1.04828
1.69939
2.46448
3.31912
4.3061
5.44163
6.74351
8.22241
9.88806
11.7532
13.8389
16.1791
18.8234
21.8385
25.308
29.3274
33.9949
39.4019
45.6334
52.7714
60.9039
70.1368
80.5987
92.4316
105.763
120.664
137.105
154.935
173.859
193.399
212.837
231.123
246.792
258.025
262.72
258.488
243.251
217.007
185.918
164.249
153.641
150.4
149.873
152.219
154.84
149.499
126.939
84.1884
31.1481
-15.4712
-48.9887
-74.6114
-98.2892
-121.103
-141.29
-157.887
-170.404
-176.246
-178.448
-179.261
-177.725
-173.116
-164.038
-148.25
-125.068
-96.2797
-64.0803
-32.4717
-7.37275
10.4177
31.5901
54.1005
83.3217
97.1274
113.968
154.839
194.207
221.987
0.3119
1.09298
1.74816
2.52608
3.395
4.40161
5.56241
6.89569
8.41179
10.1197
12.0313
14.1672
16.561
19.263
22.3418
25.8843
29.991
34.7661
40.3066
46.7023
54.0378
62.4014
71.899
82.6619
94.8396
108.569
123.929
140.897
159.322
178.903
199.148
219.307
238.28
254.532
266.147
270.873
266.159
249.78
221.761
188.869
166.079
154.535
151.144
150.799
153.552
156.684
152.351
131.129
89.5021
36.8849
-10.5539
-45.6461
-72.4805
-96.611
-119.494
-139.695
-156.276
-168.772
-174.691
-176.938
-177.885
-176.436
-171.534
-162.041
-146
-122.712
-93.8713
-61.583
-29.5175
-4.28456
12.9986
34.0723
56.9321
85.813
100.096
117.503
158.906
199.064
227.668
0.32378
1.13683
1.79503
2.58368
3.46503
4.49006
5.67578
7.04109
8.59586
10.3479
12.3076
14.4942
16.9407
19.6977
22.8361
26.4471
30.6372
35.5168
41.1888
47.7475
55.2793
63.8722
73.6326
84.6954
97.217
111.342
127.157
144.65
163.67
183.909
204.864
225.753
245.425
262.276
274.286
279.058
273.875
256.378
226.642
192.021
168.098
155.615
151.885
151.761
154.902
158.501
155.199
135.26
94.8231
42.8056
-5.3146
-41.9549
-70.0813
-94.7805
-117.801
-138.041
-154.621
-167.086
-173.128
-175.422
-176.432
-175.032
-169.875
-159.953
-143.631
-120.278
-91.4674
-59.1898
-26.751
-1.33216
15.475
36.422
59.6889
88.0215
102.729
120.582
162.116
202.413
230.558
0.335716
1.17818
1.83854
2.63643
3.52915
4.57197
5.78267
7.18074
8.77534
10.5727
12.581
14.8179
17.3153
20.1245
23.3193
26.9953
31.2655
36.2461
42.0461
48.7646
56.4899
65.31
75.3316
86.6929
99.5556
114.072
130.341
148.355
167.968
188.868
210.537
232.164
252.544
270.006
282.419
287.245
281.608
263.032
231.655
195.376
170.262
156.858
152.659
152.758
156.23
160.281
157.972
139.295
100.123
48.8571
0.197844
-37.9231
-67.3902
-92.7696
-116.001
-136.321
-152.92
-165.347
-171.539
-173.897
-174.91
-173.51
-168.121
-157.778
-141.166
-117.785
-89.0859
-56.926
-24.2287
1.41822
17.8103
38.6203
62.3326
89.9508
104.981
123.305
164.78
204.856
231.701
0.345295
1.21645
1.87804
2.68396
3.58715
4.64727
5.88301
7.31443
8.94977
10.7932
12.8506
15.1372
17.684
20.5432
23.7911
27.5285
31.8744
36.9511
42.8744
49.7489
57.6647
66.7097
76.9907
88.6478
101.848
116.754
133.471
152.003
172.207
193.769
216.156
238.526
259.623
277.7
290.52
295.402
289.332
269.725
236.803
198.934
172.543
158.248
153.504
153.763
157.487
162.01
160.596
143.182
105.363
54.9723
5.92292
-33.5728
-64.3961
-90.5489
-114.069
-134.522
-151.165
-163.552
-169.903
-172.348
-173.324
-171.872
-166.261
-155.523
-138.631
-115.259
-86.7454
-54.8147
-22.0084
3.8921
19.9626
40.6433
64.8111
91.6016
106.847
125.748
167.112
206.842
232.034
0.350903
1.25121
1.91287
2.72568
3.63853
4.71556
5.97661
7.44221
9.11941
11.01
13.117
15.4529
18.0474
20.9536
24.251
28.0455
32.4617
37.6288
43.6701
50.696
58.799
68.0663
78.6035
90.5526
104.086
119.375
136.537
155.583
176.377
198.601
221.707
244.825
266.644
285.34
298.564
303.5
297.019
276.443
242.083
202.69
174.93
159.669
154.4
154.737
158.627
163.651
163.01
146.859
110.476
61.0635
11.788
-28.9427
-61.1057
-88.1014
-111.989
-132.634
-149.343
-161.7
-168.209
-170.758
-171.675
-170.122
-164.294
-153.2
-136.055
-112.729
-84.4645
-52.8735
-20.1416
6.01355
21.8871
42.4627
67.0608
92.9548
108.374
127.964
169.259
208.598
232.114
0.352097
1.28208
1.94257
2.76121
3.68309
4.77692
6.06381
7.56468
9.28502
11.2238
13.3805
15.7647
18.405
21.3551
24.698
28.5445
33.0254
38.277
44.4308
51.6033
59.8895
69.3752
80.1644
92.4005
106.261
121.927
139.526
159.082
180.464
203.348
227.172
251.039
273.584
292.899
306.528
311.514
304.639
283.167
247.497
206.647
177.404
161.07
155.3
155.621
159.592
165.137
165.169
150.267
115.366
67.032
17.7109
-24.0907
-57.5471
-85.431
-109.76
-130.646
-147.445
-159.79
-166.456
-169.12
-169.962
-168.266
-162.225
-150.825
-133.47
-110.223
-82.2613
-51.11
-18.6599
7.71559
23.5337
44.0428
69.0024
93.9831
109.631
130.019
171.311
210.31
232.255
0.34985
1.30861
1.967
2.79067
3.72117
4.83181
6.14505
7.68203
9.4464
11.4339
13.64
16.0715
18.7552
21.7462
25.1306
29.0244
33.5644
38.8946
45.1549
52.4686
60.9333
70.633
81.669
94.1854
108.365
124.398
142.426
162.485
184.45
207.994
232.535
257.147
280.416
300.349
314.38
319.418
312.166
289.879
253.043
210.81
179.885
162.504
156.189
156.361
160.308
166.342
167.028
153.36
119.947
72.7864
23.6037
-19.0946
-53.7717
-82.5625
-107.388
-128.553
-145.467
-157.826
-164.655
-167.437
-168.189
-166.319
-160.072
-148.421
-130.908
-107.774
-80.153
-49.5212
-17.5567
8.95906
24.8575
45.3388
70.5473
94.6719
110.69
132.03
173.325
212.061
232.682
0.346113
1.33064
1.98651
2.81444
3.75305
4.88028
6.22
7.79349
9.60233
11.6386
13.8939
16.3714
19.0967
22.1256
25.5478
29.4842
34.0779
39.4806
45.8413
53.2905
61.9286
71.8371
83.1136
95.9021
110.391
126.779
145.226
165.779
188.321
212.518
237.772
263.125
287.115
307.66
322.086
327.18
319.574
296.558
258.713
215.19
182.394
163.965
157.029
156.906
160.724
167.072
168.535
156.103
124.163
78.2515
29.3732
-14.0487
-49.8502
-79.5391
-104.893
-126.366
-143.421
-155.823
-162.821
-165.722
-166.372
-164.305
-157.862
-146.015
-128.403
-105.41
-78.1557
-48.0942
-16.772
9.76072
25.8435
46.2971
71.6068
95.0467
111.634
134.159
175.426
213.859
233.235
0.342677
1.3482
2.00157
2.8329
3.77895
4.92221
6.28812
7.89806
9.75137
11.8363
14.1401
16.6625
19.4275
22.4915
25.9478
29.9224
34.5644
40.0337
46.4885
54.0676
62.8738
72.9852
84.4944
97.5449
112.331
129.064
147.917
168.953
192.061
216.902
242.86
268.947
293.651
314.8
329.607
334.763
326.835
303.182
264.496
219.812
185.029
165.327
157.696
157.176
160.872
167.307
169.669
158.469
127.982
83.3623
34.9229
-9.05717
-45.8671
-76.4196
-102.308
-124.109
-141.334
-153.808
-160.978
-163.991
-164.529
-162.254
-155.629
-143.639
-125.985
-103.159
-76.2842
-46.8098
-16.2079
10.2093
26.5422
46.8675
72.1105
95.1823
112.581
136.58
177.766
215.621
233.719
0.340453
1.3618
2.01283
2.84667
3.79938
4.95786
6.34928
7.99521
9.89258
12.0255
14.3769
16.9427
19.7452
22.8414
26.3282
30.3365
35.0218
40.5518
47.0949
54.7981
63.7667
74.0739
85.8063
99.1068
114.177
131.241
150.489
171.996
195.655
221.125
247.774
274.586
299.991
321.733
336.906
342.123
333.914
309.725
270.374
224.688
187.873
166.5
158.001
157.09
160.687
167.009
170.369
160.408
131.365
88.0529
40.1542
-4.22912
-41.9161
-73.2743
-99.6861
-121.826
-139.246
-151.818
-159.155
-162.267
-162.687
-160.199
-153.409
-141.324
-123.684
-101.047
-74.5524
-45.6481
-15.7738
10.4325
27.1072
47.0466
72.053
95.1957
113.709
139.438
180.423
217.279
234.133
0.339523
1.37224
2.02102
2.8566
3.81517
4.98791
6.40396
8.0851
10.0258
12.2058
14.6033
17.2105
20.0477
23.1729
26.6863
30.724
35.4476
41.0331
47.6587
55.4801
64.6044
75.0991
87.0431
100.58
115.92
133.303
152.932
174.894
199.087
225.165
252.487
280.007
306.098
328.419
343.942
349.217
340.773
316.157
276.31
229.779
190.97
167.546
157.86
156.592
160.09
166.173
170.505
161.903
134.278
92.2519
44.9668
0.325868
-38.0976
-70.1823
-97.0959
-119.574
-137.208
-149.894
-157.385
-160.578
-160.876
-158.178
-151.242
-139.106
-121.528
-99.0982
-72.9729
-44.5957
-15.4207
10.5428
27.7883
46.9725
71.5829
95.2611
115.248
142.839
183.42
218.872
234.469
0.339358
1.37979
2.02644
2.86308
3.82678
5.01282
6.4525
8.16796
10.1509
12.3767
14.8185
17.4647
20.3338
23.4844
27.0205
31.0833
35.8405
41.4762
48.1781
56.1108
65.3835
76.0559
88.1985
101.956
117.551
135.237
155.232
177.632
202.337
229
256.97
285.176
311.933
334.813
350.671
356.001
347.368
322.438
282.255
235.009
194.333
168.645
157.32
155.591
159.033
164.998
170.202
162.988
136.726
95.9103
49.2695
4.50048
-34.5167
-67.2327
-94.6154
-117.422
-135.279
-148.083
-155.706
-158.954
-159.127
-156.231
-149.171
-137.021
-119.542
-97.332
-71.557
-43.6509
-15.1276
10.6337
28.8216
47.0183
71.0928
95.6258
117.422
146.828
186.741
220.417
234.704
0.339431
1.38433
2.02894
2.86601
3.83412
5.03244
6.49467
8.24349
10.2677
12.5379
15.022
17.7048
20.6027
23.7753
27.3301
31.4138
36.1999
41.88
48.6514
56.6877
66.1
76.9396
89.267
103.229
119.061
137.032
157.376
180.193
205.386
232.605
261.193
290.059
317.459
340.874
357.049
362.429
353.653
328.524
288.143
240.28
197.942
169.932
156.598
154.042
157.47
163.57
169.49
163.636
138.74
99.0372
53.011
8.20254
-31.2758
-64.521
-92.3309
-115.449
-133.526
-146.44
-154.16
-157.434
-157.479
-154.401
-147.239
-135.105
-117.753
-95.7655
-70.3139
-42.8224
-14.8687
10.7476
30.217
47.7202
71.1974
96.5651
120.357
151.359
190.332
221.88
234.822
0.339093
1.38539
2.02787
2.86468
3.83638
5.04587
6.52951
8.31076
10.3753
12.6886
15.2132
17.9303
20.8543
24.0453
27.615
31.7152
36.5251
42.2434
49.0764
57.2075
66.7502
77.7462
90.2438
104.392
120.442
138.681
159.352
182.563
208.215
235.957
265.129
294.619
322.636
346.559
363.032
368.457
359.581
334.357
293.894
245.498
201.722
171.46
155.93
152.136
155.349
161.718
168.245
163.725
140.306
101.687
56.2091
11.3866
-28.454
-62.1375
-90.3322
-113.743
-132.028
-145.027
-152.799
-156.063
-155.977
-152.735
-145.494
-133.397
-116.184
-94.4112
-69.2492
-42.1169
-14.621
10.8566
31.679
49.4323
72.4406
98.3219
123.994
156.28
194.13
223.233
234.777
0.338207
1.38275
2.02285
2.8586
3.83278
5.05195
6.55562
8.36829
10.4724
12.8278
15.3914
18.1404
21.0876
24.2935
27.874
31.9862
36.8148
42.5647
49.4508
57.6668
67.3303
78.4716
91.1246
105.441
121.69
140.175
161.151
184.728
210.805
239.031
268.747
298.826
327.426
351.827
368.577
374.042
365.106
339.877
299.41
250.58
205.561
173.2
155.471
150.161
152.888
159.447
166.412
163.177
141.386
103.922
58.9524
14.0908
-26.0694
-60.1378
-88.6917
-112.385
-130.864
-143.919
-151.685
-154.897
-154.673
-151.281
-143.975
-131.926
-114.849
-93.2742
-68.364
-41.5361
-14.3952
10.9591
32.8552
51.8988
74.8081
100.914
128.097
161.364
198.073
224.443
234.508
0.335702
1.37532
2.01293
2.84689
3.82218
5.04906
6.57088
8.41365
10.5565
12.9534
15.5544
18.3333
21.3008
24.5179
28.1053
32.2252
37.0675
42.8423
49.7722
58.0626
67.8365
79.112
91.9053
106.371
122.797
141.506
162.762
186.674
213.137
241.803
272.02
302.645
331.791
356.639
373.64
379.14
370.185
345.019
304.588
255.427
209.324
175.069
155.265
148.345
150.365
156.935
164.139
162.045
141.978
105.799
61.3668
16.442
-24.0442
-58.496
-87.4193
-111.412
-130.089
-143.173
-150.873
-153.983
-153.605
-150.069
-142.702
-130.699
-113.749
-92.3486
-67.6533
-41.0807
-14.2174
11.0635
33.6463
54.3162
77.6408
103.985
132.337
166.417
202.103
225.502
234.098
0.323778
1.35591
1.99163
2.82354
3.79891
5.03146
6.56898
8.44
10.621
13.0588
15.6964
18.5037
21.4892
24.7147
28.3057
32.4297
37.2813
43.0744
50.0379
58.3905
68.2635
79.6623
92.5804
107.175
123.759
142.668
164.175
188.386
215.191
244.25
274.918
306.047
335.695
360.957
378.179
383.71
374.77
349.714
309.334
259.924
212.873
176.949
155.275
146.806
148.01
154.418
161.682
160.512
142.148
107.371
63.5633
18.6017
-22.2215
-57.0861
-86.4236
-110.768
-129.676
-142.783
-150.367
-153.322
-152.77
-149.085
-141.656
-129.693
-112.857
-91.6132
-67.1039
-40.7482
-14.1059
11.1377
34.1709
56.0965
80.1714
107.049
136.418
171.311
206.14
226.374
233.669
0.307643
1.33166
1.96742
2.79792
3.77323
5.00969
6.55976
8.45564
10.6725
13.1498
15.823
18.6576
21.6587
24.8897
28.4807
32.6045
37.4601
43.2632
50.2478
58.6478
68.6074
80.1192
93.1475
107.852
124.57
143.655
165.381
189.85
216.95
246.35
277.419
309
339.107
364.744
382.158
387.712
378.809
353.884
313.558
263.945
216.07
178.717
155.426
145.574
145.963
152.096
159.289
158.817
142.009
108.672
65.5864
20.6755
-20.4543
-55.7443
-85.5416
-110.307
-129.505
-142.659
-150.103
-152.864
-152.114
-148.272
-140.777
-128.849
-112.122
-91.0252
-66.6825
-40.5152
-14.0542
11.1675
34.5341
57.252
82.0602
109.747
140.132
175.927
210.018
226.988
233.283
0.288712
1.30537
1.94375
2.7742
3.74999
4.98914
6.54828
8.46402
10.7121
13.2257
15.9326
18.7926
21.8069
25.0401
28.6265
32.7443
37.5965
43.3989
50.3893
58.8196
68.8541
80.4718
93.5978
108.391
125.222
144.453
166.363
191.047
218.392
248.079
279.495
311.477
341.991
367.96
385.534
391.105
382.248
357.442
317.166
267.363
218.788
180.252
155.63
144.631
144.295
150.106
157.147
157.169
141.686
109.706
67.3865
22.6389
-18.7142
-54.3871
-84.6436
-109.875
-129.427
-142.68
-149.995
-152.543
-151.575
-147.565
-139.995
-128.095
-111.477
-90.5208
-66.3291
-40.3244
-14.0142
11.1877
34.8093
58.0506
83.3909
111.852
143.279
180.037
213.403
227.302
232.957
0.273286
1.28587
1.92863
2.76036
3.73703
4.97763
6.54226
8.47194
10.7447
13.2897
16.0274
18.9109
21.9374
25.1713
28.7497
32.8553
37.6953
43.4842
50.4627
58.9049
69.0048
80.7274
93.9406
108.803
125.721
145.069
167.124
191.976
219.516
249.439
281.145
313.467
344.328
370.577
388.275
393.849
385.028
360.314
320.062
270.065
220.915
181.455
155.816
143.954
143.044
148.549
155.405
155.752
141.305
110.477
68.8688
24.3507
-17.134
-53.1007
-83.7452
-109.419
-129.357
-142.772
-150.014
-152.37
-151.184
-146.996
-139.334
-127.44
-110.913
-90.0843
-66.0226
-40.1506
-13.9583
11.2268
35.0333
58.6324
84.3332
113.33
145.685
183.255
215.748
227.356
232.665
0.271367
1.28463
1.92923
2.76093
3.73609
4.97422
6.53823
8.47341
10.7609
13.3286
16.0908
18.9946
22.032
25.2649
28.8302
32.9146
37.7292
43.487
50.4308
58.8592
69.0062
80.8326
94.1281
109.04
126.019
145.449
167.609
192.587
220.275
250.381
282.318
314.91
346.048
372.515
390.293
395.84
387.041
362.409
322.125
271.929
222.335
182.219
155.899
143.483
142.182
147.448
154.151
154.702
140.976
111.001
69.9698
25.6723
-15.8834
-52.052
-82.9637
-108.971
-129.243
-142.851
-150.099
-152.336
-150.981
-146.635
-138.873
-126.956
-110.484
-89.7499
-65.7865
-40.0134
-13.907
11.2646
35.1926
59.0247
84.9531
114.267
147.265
185.086
216.622
227.341
232.574
0.276709
1.29409
1.93714
2.76817
3.74114
4.97613
6.53836
8.47691
10.7758
13.362
16.1458
19.0693
22.1185
25.3503
28.9001
32.9602
37.7475
43.4733
50.3816
58.7921
68.9791
80.9068
94.2723
109.21
126.223
145.704
167.935
192.999
220.787
251.02
283.112
315.884
347.201
373.793
391.584
397.062
388.275
363.697
323.343
272.984
223.1
182.596
155.908
143.213
141.704
146.843
153.471
154.127
140.772
111.264
70.5857
26.4369
-15.1388
-51.4181
-82.4693
-108.654
-129.118
-142.857
-150.14
-152.335
-150.898
-146.461
-138.634
-126.692
-110.241
-89.5541
-65.6449
-39.9279
-13.8705
11.2919
35.281
59.2294
85.2673
114.735
148.011
185.505
216.398
227.365
232.829
)
;

boundaryField
{
    inletFace
    {
        type            zeroGradient;
    }
    inlet
    {
        type            zeroGradient;
    }
    inletWalls
    {
        type            zeroGradient;
    }
    outletInlet
    {
        type            cyclicAMI;
        value           nonuniform List<scalar> 
15
(
206.829
205.175
198.7
196.167
189.467
185.301
176.611
166.79
157.104
141.99
128.888
110.681
96.7581
75.9524
70.5624
)
;
    }
    fineSymmetryWall
    {
        type            symmetryPlane;
    }
    fineWalls
    {
        type            zeroGradient;
    }
    fineCyclicBoundary
    {
        type            fixedValue;
        value           uniform 0;
    }
    fineplug
    {
        type            cyclicAMI;
        value           nonuniform List<scalar> 
80
(
209.742
209.423
208.735
201.788
206.516
206.024
205.539
205.263
205.033
204.908
204.144
202.604
195.471
198.508
198.235
198.345
197.49
197.235
197.149
196.684
195.648
188.023
190.276
189.971
189.666
189.59
189.269
188.382
188.087
187.404
185.865
178.353
177.995
177.419
176.717
175.916
175.468
174.512
173.154
170.784
162.07
161.642
161.081
159.62
158.167
156.669
155.517
154.453
151.171
144.093
139.645
138.452
137.682
135.829
133.369
130.92
128.2
124.927
121.939
113.27
111.531
109.927
107.883
105.673
102.833
99.6436
96.468
93.4358
96.7516
81.1169
78.8246
77.291
75.5262
72.8712
69.973
69.3192
69.1552
82.1833
64.5192
63.0441
)
;
    }
    faceFine
    {
        type            zeroGradient;
    }
}


// ************************************************************************* //
