/*--------------------------------*- C++ -*----------------------------------*\
| =========                 |                                                 |
| \\      /  F ield         | OpenFOAM: The Open Source CFD Toolbox           |
|  \\    /   O peration     | Version:  4.1                                   |
|   \\  /    A nd           | Web:      www.OpenFOAM.org                      |
|    \\/     M anipulation  |                                                 |
\*---------------------------------------------------------------------------*/
FoamFile
{
    version     2.0;
    format      ascii;
    class       volScalarField;
    location    "19";
    object      p;
}
// * * * * * * * * * * * * * * * * * * * * * * * * * * * * * * * * * * * * * //

dimensions      [0 2 -2 0 0 0 0];

internalField   nonuniform List<scalar> 
6785
(
3949.35
3883.26
3832.58
3782.88
3736.91
3693.73
3653.22
3615.12
3579.27
3545.09
3511.92
3481.03
3452.9
3419.15
3383.38
3408.01
3390.64
3394.69
3390.32
3387.58
3384.6
3382.09
3380.19
3379.14
3379.05
3379.81
3381.74
3385.7
3389.99
3391.39
3371.53
3365.81
3375.86
3374.81
3378.55
3380.84
3383.46
3385.84
3388.04
3390.01
3391.77
3393.42
3394.76
3395.6
3396.01
3413.95
3410.58
3414.75
3410.03
3409.98
3407.44
3405.52
3403.25
3401
3398.76
3396.89
3395.75
3394.77
3393.76
3393.28
3393.14
3389.63
3391.38
3387.11
3387.53
3385.38
3384.36
3383.09
3382.04
3381.13
3380.52
3380.29
3379.94
3379.64
3380.21
3380.41
3378.31
3380.51
3377.97
3379.63
3378.76
3379.09
3379.12
3379.24
3379.4
3379.65
3380.01
3380.49
3380.95
3382.14
3388.75
3388.34
3390.75
3389.31
3391.24
3391.01
3391.81
3392.33
3392.89
3393.48
3394.11
3394.74
3395.52
3396.16
3397.28
3400.37
3400.92
3403.04
3402.08
3403.86
3403.87
3404.74
3405.37
3406.03
3406.72
3407.45
3408.14
3408.93
3409.57
3410.4
3410.42
3411.44
3413.16
3412.44
3414.05
3414.08
3414.88
3415.42
3416
3416.6
3417.21
3417.81
3418.47
3418.99
3419.74
3419.93
3421.21
3422.47
3422.04
3423.42
3423.4
3424.15
3424.51
3424.95
3425.35
3425.79
3426.25
3426.76
3427.17
3427.76
3428.74
3429.78
3430.62
3430.26
3431.33
3431.17
3431.75
3431.84
3432.04
3432.11
3432.19
3432.3
3432.46
3432.68
3432.9
3432.81
3433.04
3433.44
3432.79
3433.38
3432.83
3432.98
3432.63
3432.4
3431.96
3431.52
3431.13
3430.88
3430.81
3430.45
3432.65
3431.59
3430.87
3429.62
3429.22
3427.99
3427.44
3426.54
3425.87
3425.03
3424.23
3423.52
3423
3422.56
3421.69
3419.51
3419.96
3419.34
3417.82
3416.65
3414.92
3413.66
3412.15
3410.93
3409.78
3408.96
3408.52
3408.39
3407.98
3407.13
3450.06
3446.83
3440.47
3432.09
3423.51
3415.53
3408.72
3403.15
3399.33
3398.19
3399.35
3399.86
3399.49
3398.61
3398.05
3464.61
3464.53
3464.62
3464.61
3464.65
3464.54
3464.66
3464.64
3464.69
3464.66
3464.64
3464.68
3464.62
3464.67
3464.65
3464.69
3464.76
3464.64
3464.72
3464.69
3464.72
3464.7
3464.76
3464.76
3464.77
3464.77
3464.82
3464.91
3464.81
3464.9
3464.84
3464.88
3464.89
3464.93
3464.92
3464.88
3464.93
3464.8
3464.82
3464.82
3464.85
3464.75
3464.72
3464.75
3464.8
3464.74
3464.84
3464.9
3464.91
3465.09
3465.11
3465.22
3465.22
3465.39
3465.37
3465.42
3465.47
3465.61
3465.53
3465.51
3465.8
3465.68
3465.7
3465.65
3465.9
3465.79
3466.07
3465.77
3465.11
3465.39
3465.18
3461.2
3459.31
3460.3
3458.11
3445.77
3450.08
3446.67
3418.75
3424.01
3426.69
3425.84
3426.5
3417.05
3413.16
3417.1
3416.95
3416.96
3416.15
3416.26
3418.75
3420.07
3412.15
3403.74
3403.95
3406.84
3409.12
3408.49
3409.07
3410.11
3410.22
3400.1
3398.51
3399.42
3399.58
3400.93
3403.54
3404.77
3405.33
3406.84
3405.56
3392.47
3395.56
3396.47
3397.11
3397.59
3399.51
3402.42
3404.26
3401.83
3383.48
3394.16
3397.05
3398.95
3399.4
3399.71
3400.5
3403.54
3402.44
3385.99
3397.73
3396.85
3398.88
3400.57
3400.71
3401.35
3401.98
3398.58
3383.12
3402.34
3400.84
3401.29
3400.78
3400.5
3400.4
3401.02
3401.89
3399.64
3379.88
3399.43
3397.84
3400.33
3403.19
3402.26
3394.39
3393.51
3398.85
3379.44
3398.15
3391.06
3390.82
3408.82
3360.62
3378.58
3362.3
3397.9
3417.36
3392.74
3433.64
3451.74
3454.74
3479.92
3487.04
3504.7
3506.12
3518.86
3518.83
3495.4
3498.07
3473.22
3488.48
3458.76
3398.59
3454.27
3411.02
3352.94
3371.28
3337.99
3422.36
3367.25
3308.2
3340.17
3317.34
3413.26
3373.12
3299.68
3409.5
3381.75
3334.55
3366.15
3357.48
3426.63
3401.72
3372.78
3395.84
3392.92
3432.29
3419.43
3399.65
3433.72
3411.11
3406.18
3388
3372.29
3394.87
3359.55
3326.88
3341.36
3326.84
3392.82
3418.12
3389.51
3505.7
3559.79
3559.28
3616.7
3598.57
3824.54
3976.15
3717.33
4364.49
4540.49
2763.5
4080.05
5419.54
594.454
-113.85
-3808.41
-3185.29
4701.37
0.0229546
0.0570633
0.0800177
0.107599
0.134929
0.162383
0.190446
0.218532
0.245506
0.271695
0.298004
0.326145
0.361803
0.412159
0.478575
0.560261
0.652745
0.74823
0.846669
0.951256
1.04338
1.12798
1.25666
1.48776
1.78163
2.0908
2.36743
2.45368
2.34157
2.35811
2.5276
2.73093
2.94529
3.19887
3.50149
3.84709
4.23829
4.69953
5.26442
5.94676
6.72419
7.55039
8.38567
9.2307
10.1117
11.0661
12.117
13.2292
14.3325
15.376
16.3543
17.2898
18.1719
18.8711
19.079
18.3309
16.0523
11.5864
4.87826
0.0712442
1.54807
3.02278
5.00971
6.1686
6.48578
6.24936
5.79961
5.94691
7.3955
9.99648
14.6315
22.9899
38.1187
67.2042
123.002
234.234
438.071
604.921
808.073
0.0712157
0.176865
0.249209
0.334702
0.418867
0.503347
0.590215
0.677988
0.763224
0.846326
0.930505
1.02355
1.13885
1.29428
1.49351
1.73354
2.00286
2.28328
2.57617
2.88621
3.17162
3.44847
3.81999
4.34812
4.92075
5.40295
5.63439
5.86379
6.18952
6.70542
7.25741
7.80599
8.44807
9.19608
10.0312
10.9545
11.9953
13.2044
14.6227
16.2696
18.1019
20.0485
22.0628
24.186
26.4765
28.9689
31.6415
34.3623
37.0012
39.5606
42.1901
45.0072
47.9125
50.5035
52.0134
51.2317
46.4822
36.0361
20.2449
8.47189
9.2381
9.80032
12.7277
14.1114
14.9207
15.5878
15.7261
15.5744
16.2606
17.293
18.7845
20.6076
22.0548
22.8008
18.7916
13.6291
-1.17068
-140.086
2360.96
0.119782
0.298133
0.42093
0.564753
0.706103
0.848071
0.994166
1.14171
1.28518
1.42547
1.56935
1.73361
1.93889
2.21128
2.5546
2.96152
3.41381
3.88733
4.38837
4.92034
5.42969
5.95431
6.64176
7.57547
8.57055
9.41433
9.98319
10.4415
10.9095
11.6779
12.5841
13.5289
14.6274
15.9004
17.3396
18.9556
20.7976
22.9613
25.5028
28.4412
31.6919
35.1393
38.7183
42.5031
46.5891
51.0346
55.7923
60.6277
65.3326
69.9045
74.569
79.4896
84.4747
88.8188
91.1779
89.449
80.7464
61.9895
33.3738
10.6631
11.5388
16.3133
22.6429
24.6659
25.5148
25.9365
26.1726
27.2667
30.0384
33.5303
38.2337
44.4184
51.5867
60.4792
67.4413
87.604
149.515
163.139
4121.19
0.166908
0.417678
0.590688
0.792315
0.990282
1.18947
1.39484
1.60251
1.80517
2.00374
2.20752
2.44111
2.73304
3.11773
3.59938
4.16755
4.79815
5.4598
6.16155
6.90777
7.6306
8.38351
9.35175
10.6223
11.9479
13.05
13.8235
14.4774
15.2277
16.3688
17.646
18.9691
20.5087
22.2903
24.3033
26.5656
29.1455
32.1699
35.7006
39.762
44.2426
48.9938
53.9414
59.1931
64.877
71.0608
77.6633
84.3727
90.9176
97.2993
103.831
110.75
117.805
124.032
127.583
125.556
113.965
88.6291
49.8477
18.3026
18.1593
24.3907
32.3093
34.8637
35.8982
36.4522
37.0687
39.3176
44.2016
51.075
61.041
75.7318
96.862
130.295
182.605
297.41
585.344
968.252
4596.77
0.213328
0.536819
0.760398
1.0196
1.27372
1.52982
1.79437
2.06222
2.32447
2.58191
2.84604
3.14934
3.5289
4.02701
4.64749
5.37647
6.18459
7.03398
7.93648
8.89707
9.83501
10.8198
12.0681
13.6697
15.319
16.6793
17.7111
18.6008
19.62
21.0973
22.7296
24.4414
26.4273
28.7155
31.3049
34.2232
37.555
41.4539
45.9867
51.1838
56.9059
62.9742
69.3071
76.0427
83.3382
91.2709
99.7315
108.347
116.792
125.065
133.54
142.504
151.648
159.77
164.552
162.323
148.06
116.535
68.0262
27.3982
25.4326
33.2255
43.0594
46.3786
47.4416
47.8591
48.8264
52.4015
59.1985
68.8612
83.0135
104.265
135.912
187.588
274.751
461.504
910.009
1506.4
4058.86
0.258846
0.655323
0.929701
1.2462
1.55597
1.86862
2.19218
2.52025
2.84249
3.15937
3.48406
3.85647
4.3228
4.9334
5.69125
6.5791
7.56285
8.59823
9.69897
10.8706
12.0193
13.2276
14.7402
16.6436
18.5814
20.1744
21.4475
22.5702
23.8841
25.726
27.721
29.8227
32.2489
35.0358
38.1928
41.7557
45.8227
50.566
56.0559
62.3307
69.2274
76.5424
84.1898
92.3367
101.168
110.769
121.005
131.456
141.747
151.875
162.269
173.268
184.521
194.625
200.833
198.763
182.416
145.604
88.5389
39.3908
34.8267
43.3101
54.3926
58.4728
59.6046
60.0005
61.4881
66.6655
75.7387
88.5799
107.19
135.004
176.684
245.377
365.055
613.449
1174.94
1952.72
3842.82
0.303492
0.773378
1.09896
1.47261
1.83761
2.20644
2.58878
2.97704
3.35943
3.73609
4.12136
4.56246
5.11517
5.83826
6.73318
7.77897
8.93719
10.1576
11.4554
12.8356
14.1916
15.6169
17.382
19.5674
21.7723
23.5875
25.1087
26.4808
28.0989
30.3048
32.6604
35.1567
38.0213
41.302
45.0225
49.227
54.0245
59.599
66.0248
73.3471
81.382
89.9052
98.8289
108.348
118.674
129.897
141.864
154.119
166.247
178.247
190.587
203.65
217.05
229.208
236.992
235.364
217.409
176.03
111.255
53.762
45.7774
54.537
66.658
71.6061
72.7631
73.1269
75.1983
82.1378
93.7
110.117
133.823
169.262
222.98
312.695
472.906
793.893
1467.84
2387.88
3358.24
0.34731
0.891027
1.26829
1.69894
2.11877
2.54347
2.98434
3.43271
3.87529
4.3119
4.75748
5.26645
5.90473
6.74009
7.77175
8.9746
10.3062
11.7108
13.2039
14.7893
16.3472
17.9803
19.9825
22.4271
24.8781
26.907
28.6727
30.2989
32.2314
34.8061
37.5271
40.4227
43.7212
47.4904
51.7694
56.61
62.1283
68.514
75.8456
84.1746
93.2996
102.979
113.126
123.963
135.724
148.508
162.146
176.157
190.097
203.965
218.267
233.42
249.012
263.317
272.865
272.017
253.004
207.861
136.32
70.7919
58.5937
67.0804
79.7934
85.5991
86.7855
87.2495
90.0631
98.9408
113.161
133.349
162.451
206.146
273.455
387.597
594.646
992.977
1758.51
2764.02
3126.64
0.390355
1.00835
1.43785
1.92539
2.39967
2.87997
3.37918
3.88759
4.39027
4.88675
5.39215
5.96775
6.69058
7.63827
8.80676
10.1663
11.6704
13.2586
14.9455
16.7323
18.4857
20.3168
22.5401
25.2234
27.9058
30.145
32.1516
34.0388
36.2951
39.2359
42.3239
45.623
49.3521
53.6062
58.44
63.9125
70.1439
77.3232
85.5349
94.8337
105.005
115.794
127.117
139.22
152.362
166.649
181.903
197.626
213.357
229.102
245.395
262.679
280.522
297.071
308.568
308.833
289.305
241.188
163.791
90.5217
73.3025
81.0204
93.9441
100.59
101.772
102.448
106.16
117.134
134.22
158.422
193.265
245.895
328.354
469.913
727.355
1199.43
2027.41
3083.52
3013.04
0.432742
1.12556
1.60776
2.15207
2.68042
3.21611
3.77353
4.34196
4.90463
5.46061
6.02517
6.6657
7.47156
8.53155
9.83737
11.3534
13.0296
14.801
16.6798
18.6631
20.6044
22.6219
25.0495
27.9524
30.8548
33.3023
35.5438
37.6972
40.2848
43.5865
47.0428
50.749
54.9066
59.6434
65.0289
71.1291
78.0646
86.0191
95.0838
105.314
116.487
128.334
140.782
154.097
168.561
184.29
201.1
218.488
235.987
253.614
271.93
291.394
311.552
330.453
344.095
345.821
326.34
276.064
193.758
113.134
90.1206
96.5074
109.177
116.55
117.684
118.71
123.548
136.752
156.917
185.435
226.557
289.225
389.078
561.716
872.232
1412.17
2278.38
3348.61
3132.02
0.47464
1.24294
1.77806
2.37901
2.96104
3.55196
4.16762
4.79618
5.4187
6.03353
6.65633
7.35974
8.24673
9.41877
10.8627
12.5358
14.3836
16.3378
18.4061
20.5801
22.7004
24.8916
27.5071
30.6148
33.7294
36.3811
38.852
41.2768
44.203
47.8572
51.6799
55.7951
60.3817
65.6009
71.5357
78.2598
85.8905
94.602
104.493
115.616
127.746
140.604
154.126
168.599
184.325
201.433
219.738
238.741
257.986
277.505
297.883
319.584
342.133
363.498
379.48
383.014
364.149
312.538
226.297
138.795
109.272
113.709
125.644
133.565
134.577
136.038
142.255
157.829
181.311
214.512
262.637
336.827
456.856
664.486
1029.45
1629.01
2500.62
3473.5
3464.1
0.516277
1.36084
1.94889
2.60613
3.24151
3.88753
4.56158
5.25053
5.93286
6.60572
7.28545
8.04925
9.01524
10.2989
11.8817
13.7126
15.7321
17.8687
20.1234
22.4812
24.7701
27.1217
29.9093
33.2128
36.5342
39.3818
42.0771
44.7776
48.0482
52.0471
56.2312
60.755
65.773
71.4764
77.9589
85.3027
93.6194
103.07
113.759
125.738
138.78
152.6
167.143
182.717
199.645
218.065
237.802
258.37
279.335
300.759
323.243
347.246
372.268
396.214
414.733
420.421
402.744
350.638
261.475
167.701
131.06
132.843
143.517
151.704
152.516
154.467
162.313
180.43
207.52
245.902
301.996
389.557
532.853
778.948
1197.38
1844.24
2690.94
3453.58
3657.93
0.557883
1.47974
2.12053
2.83332
3.52169
4.22274
4.95547
5.70531
6.4475
7.17748
7.91233
8.73352
9.77611
11.171
12.8933
14.8831
17.0744
19.3925
21.8295
24.3631
26.8096
29.3089
32.2544
35.7492
39.2719
42.3053
45.2207
48.2005
51.8209
56.1583
60.6981
65.6274
71.0783
77.2694
84.2981
92.2575
101.25
111.42
122.882
135.677
149.587
164.319
179.832
196.451
214.517
234.183
255.286
277.366
300.028
323.37
348.008
374.387
401.97
428.614
449.863
458.046
442.128
390.378
299.345
200.042
155.835
154.18
163.038
171.118
171.639
174.105
183.803
204.679
235.752
279.994
345.326
448.489
618.3
905.449
1373.68
2051.4
2855.04
3391.76
3658.43
0.599722
1.60009
2.29339
3.0606
3.80128
4.55744
5.34928
6.16074
6.96301
7.74918
8.53676
9.41176
10.5282
12.0339
13.8962
16.0463
18.4094
20.9076
23.5216
26.2221
28.8148
31.4497
34.5444
38.2277
41.9432
45.1533
48.2847
51.5487
55.5231
60.1939
65.0851
70.4154
76.2984
82.98
90.5535
99.1238
108.782
119.653
131.857
145.433
160.165
175.76
192.19
209.797
228.937
249.78
272.184
295.723
320.056
345.333
372.177
401.009
431.246
460.705
484.871
495.881
482.287
431.752
339.937
236
183.986
178.054
184.507
192.005
192.134
195.13
206.889
230.798
266.342
317.34
393.497
514.817
714.31
1043.81
1555.66
2245.26
2990.16
3351.29
3624.5
0.641836
1.72233
2.46798
3.2882
4.0799
4.89133
5.74293
6.61698
7.47973
8.32115
9.15845
10.0831
11.2703
12.8864
14.8895
17.2006
19.7353
22.4114
25.1956
28.0537
30.7815
33.5417
36.7835
40.6522
44.5488
47.9283
51.2729
54.827
59.158
64.1565
69.3979
75.1242
81.4371
88.6091
96.7258
105.902
116.214
127.767
140.684
155.001
170.512
186.921
204.217
222.753
242.903
264.854
288.491
313.437
339.42
366.648
395.754
427.119
460.104
492.493
519.752
533.908
523.195
474.733
383.261
275.728
215.921
204.869
208.3
214.654
214.265
217.793
231.829
259.125
299.771
358.66
447.534
589.757
821.677
1193.13
1740.13
2422.89
3097.36
3339.78
3568.54
0.68391
1.84676
2.64478
3.51651
4.35741
5.22397
6.13623
7.07411
7.99796
8.89363
9.7771
10.7465
12.0008
13.727
15.8717
18.3437
21.0498
23.9003
26.847
29.8532
32.7058
35.5857
38.9763
43.0253
47.0903
50.6333
54.1893
58.0401
62.7274
68.0471
73.6415
79.7582
86.4979
94.1576
102.816
112.592
123.545
135.76
149.361
164.382
180.627
197.802
215.91
235.317
256.413
279.403
304.207
330.51
358.121
387.32
418.745
452.726
488.55
523.978
554.493
572.096
564.806
519.275
429.294
319.345
252.044
235.096
234.868
239.441
238.388
242.442
258.998
290.133
336.68
404.841
508.573
674.447
940.76
1351.76
1923.42
2581.74
3179.09
3362.29
3520.82
0.725497
1.97335
2.82427
3.74585
4.63398
5.55487
6.52887
7.53213
8.51784
9.46665
10.3923
11.4008
12.7184
14.5541
16.8411
19.473
22.3496
25.3699
28.4707
31.6153
34.5848
37.5856
41.1267
45.3482
49.5699
53.272
57.0383
61.1911
66.2313
71.8669
77.8181
84.3196
91.483
99.6269
108.826
119.195
130.776
143.631
157.886
173.574
190.508
208.4
227.269
247.491
269.467
293.429
319.337
346.948
376.171
407.362
441.164
477.837
516.589
555.152
589.074
610.406
607.061
565.307
477.98
366.917
292.726
269.262
264.737
266.844
264.953
269.536
288.899
324.446
377.864
456.901
577.787
769.819
1071.38
1517.48
2101.88
2720.88
3237.32
3409.09
3481.72
0.766232
2.10166
3.0067
3.97639
4.90976
5.88383
6.92036
7.99091
9.03932
10.0398
11.0029
12.0447
13.4216
15.3662
17.7957
20.5856
23.6309
26.8151
30.0611
33.3355
36.418
39.5461
43.2379
47.6217
51.9901
55.8478
59.8238
64.2818
69.6695
75.6181
81.9288
88.8096
96.3933
105.019
114.756
125.712
137.906
151.379
166.257
182.574
200.155
218.717
238.295
259.274
282.069
306.936
333.887
362.764
393.586
426.792
463.027
502.464
544.219
586.004
623.464
648.785
649.885
612.732
529.223
418.454
338.281
307.918
298.496
297.428
294.49
299.644
322.169
362.831
424.256
515.94
656.29
876.477
1212.74
1687.59
2272.33
2839.47
3270
3496.37
3466.38
0.805879
2.23107
3.19182
4.20808
5.18464
6.21083
7.31017
8.45015
9.56189
10.6117
11.6071
12.6762
14.1092
16.162
18.7333
21.6786
24.889
28.2304
31.6132
35.0103
38.2083
41.4714
45.3112
49.8464
54.3537
58.3641
62.5492
67.3126
73.0415
79.304
85.9748
93.2301
101.23
110.335
120.609
132.144
144.935
159.004
174.472
191.381
209.565
228.751
248.988
270.669
294.221
319.932
347.871
377.978
410.39
445.635
484.352
526.616
571.439
616.513
657.621
687.166
693.186
661.429
582.889
473.898
388.938
351.614
336.781
331.835
327.593
333.436
359.573
406.184
476.886
583.067
745.023
994.575
1363.47
1859.19
2431.74
2936.03
3277.25
3599.95
3445.07
0.844268
2.36107
3.37921
4.44048
5.45836
6.53574
7.6979
8.90921
10.0842
11.1794
12.2012
13.2931
14.7807
16.941
19.6523
22.7492
26.1189
29.6107
33.1227
36.6393
39.9609
43.3645
47.347
52.0236
56.6631
60.8235
65.2171
70.2831
76.3463
82.9262
89.9584
97.583
105.997
115.579
126.387
138.492
151.862
166.504
182.53
199.994
218.739
238.503
259.351
281.679
305.931
332.428
361.307
392.613
426.612
463.921
505.163
550.303
598.236
646.649
691.494
725.475
736.854
711.246
638.798
533.12
444.831
400.849
380.248
370.77
364.927
371.666
401.983
455.501
536.823
659.305
844.628
1123.75
1521.67
2029.31
2578.02
3014.76
3263.83
3591.31
3407.02
0.881246
2.4914
3.56858
4.67283
5.7305
6.85795
8.08326
9.36693
10.6034
11.7369
12.7787
13.8914
15.4358
17.7035
20.5515
23.7947
27.3166
30.9523
34.5875
38.2257
41.6808
45.2266
49.3453
54.1542
58.9205
63.2284
67.8296
73.1923
79.5834
86.4846
93.8798
101.87
110.695
120.752
132.091
144.757
158.689
173.878
190.43
208.412
227.675
247.973
269.384
292.309
317.207
344.438
374.215
406.699
442.288
481.681
525.48
573.528
624.594
676.37
725.019
763.62
780.763
762.008
696.73
595.92
505.975
456.033
429.529
414.967
407.222
415.156
450.35
511.818
605.098
745.481
955.347
1263.08
1685.03
2195.16
2709.21
3076.37
3248.41
3516.19
3375.47
0.916663
2.62215
3.76001
4.90446
6.00027
7.17668
8.46573
9.82143
11.1134
12.274
13.3298
14.4655
16.0748
18.4514
21.4313
24.8141
28.4795
32.2532
36.0085
39.7758
43.3719
47.0576
51.306
56.2394
61.1275
65.5807
70.3879
76.0399
82.7519
89.9775
97.7375
106.09
115.327
125.858
137.723
150.939
165.414
181.124
198.17
216.633
236.374
257.164
279.092
302.565
328.059
355.979
386.62
420.268
457.451
498.948
545.322
596.289
650.485
705.626
758.122
801.502
824.771
813.51
756.424
662.028
572.261
517.436
485.178
465.13
455.226
464.756
505.64
576.143
682.605
842.132
1076.95
1411.16
1851.04
2354.1
2824.15
3121.86
3244.05
3446.42
3348.51
0.950359
2.75371
3.95409
5.13486
6.26668
7.49112
8.84394
10.269
11.6034
12.7758
13.8404
15.0078
16.699
19.1878
22.2934
25.8079
29.6078
33.5142
37.3904
41.2963
45.0365
48.8567
53.2288
58.2802
63.2852
67.8819
72.8931
78.8264
85.8518
93.4025
101.529
110.244
119.895
130.898
143.285
157.041
172.038
188.242
205.749
224.657
244.836
266.076
288.479
312.454
338.499
367.07
398.55
433.353
472.139
515.751
564.704
618.574
675.874
734.355
790.718
839.008
868.719
865.525
817.585
731.111
643.459
585.161
547.609
521.871
509.645
521.289
568.774
649.365
770.002
949.413
1208.71
1566.14
2017.01
2503.87
2923.1
3154.58
3246.63
3391.74
3325.61
0.982163
2.88667
4.15189
5.36377
6.52868
7.80005
9.21538
10.7021
12.0568
13.2248
14.2947
15.5207
17.3153
19.9172
23.1411
26.7787
30.7042
34.7394
38.7407
42.7925
46.6745
50.6229
55.1131
60.2771
65.3944
70.1332
75.3457
81.5529
88.8837
96.7575
105.25
114.328
124.397
135.874
148.778
163.061
178.56
195.23
213.165
232.482
253.061
274.713
297.549
321.985
348.542
377.731
410.032
445.989
486.384
532.113
583.63
640.365
700.715
762.485
822.715
876.017
912.436
917.806
879.889
802.778
719.215
659.12
617.046
585.645
571.074
585.481
640.537
732.166
867.628
1067.05
1349.41
1725.83
2180.31
2642.64
3006.95
3178.13
3250.12
3346.82
3306.72
1.01189
3.0217
4.35482
5.59134
6.78529
8.1016
9.5755
11.1059
12.454
13.6057
14.6921
16.0188
17.9312
20.6449
23.9795
27.731
31.7738
35.9361
40.067
44.2668
48.2856
52.3552
56.9584
62.2305
67.4553
72.3354
77.7465
84.2208
91.8492
100.042
108.901
118.343
128.834
140.786
154.203
169.002
184.98
202.086
220.418
240.107
261.05
283.077
306.309
331.167
358.201
387.984
421.095
458.206
500.214
548.052
602.097
661.633
724.951
789.937
854.012
912.401
955.739
970.094
942.988
876.593
799.066
739.027
693.481
656.695
639.934
657.886
721.502
824.946
975.443
1194.33
1497.44
1887.84
2338.46
2769.14
3076.85
3195.14
3252.54
3313.02
3292.12
1.0393
3.1594
4.56441
5.81796
7.03559
8.39304
9.91541
11.4588
12.782
13.9116
15.052
16.511
18.5477
21.3752
24.815
28.6719
32.8248
37.1122
41.3742
45.7196
49.8689
54.0525
58.7637
64.1403
69.4681
74.4887
80.0957
86.8318
94.7512
103.259
112.479
122.287
133.205
145.635
159.562
174.864
191.298
208.81
227.505
247.532
268.804
291.17
314.763
340.01
367.493
397.85
431.765
470.032
513.651
563.575
620.091
682.34
748.519
816.628
884.506
948.027
998.437
1022.12
1006.52
952.079
882.453
824.407
776.662
735.027
716.427
738.826
811.957
927.762
1093.02
1330.1
1650.85
2049.72
2489.3
2882.7
3134.27
3207.72
3253.83
3289.13
3277.39
1.06405
3.30026
4.78225
6.04397
7.27866
8.67
10.2188
11.7431
13.0356
14.1542
15.3965
16.9956
19.1611
22.1089
25.6528
29.6083
33.8647
38.2733
42.6649
47.1504
51.4232
55.7133
60.5283
66.0062
71.4325
76.5932
82.3937
89.3872
97.5924
106.411
115.984
126.161
137.513
150.424
164.858
180.646
197.511
215.399
234.426
254.757
276.323
298.997
322.919
348.525
376.433
407.351
442.065
481.489
526.71
578.681
637.592
702.44
771.354
842.474
914.094
982.758
1040.34
1073.61
1070.12
1028.73
968.735
914.611
866.091
820.389
800.498
828.34
911.861
1040.3
1219.58
1472.89
1807.5
2209.06
2631.04
2983.2
3181.02
3217.61
3252.67
3272
3263.39
1.08562
3.44456
5.0098
6.26936
7.51319
8.92469
10.4643
11.9561
13.2132
14.3656
15.7386
17.4726
19.7702
22.845
26.4942
30.5439
34.8979
39.422
43.9396
48.5589
52.9475
57.3366
62.2515
67.8278
73.3479
78.6485
84.6409
91.8883
100.376
109.503
119.42
129.968
141.76
155.155
170.091
186.348
203.619
221.853
241.178
261.782
283.611
306.561
330.782
356.721
385.036
416.506
452.018
492.596
539.398
593.36
654.568
721.884
793.386
867.393
942.676
1016.46
1081.25
1124.31
1133.41
1106.01
1057.21
1008.85
961.05
912.288
891.838
926.149
1020.81
1161.89
1354.01
1620.97
1965.13
2363.6
2762.32
3071.02
3218.94
3226.05
3249.06
3260.63
3252.27
1.10324
3.59228
5.24832
6.49376
7.73618
9.14376
10.6411
12.0999
13.332
14.5751
16.0841
17.9452
20.3764
23.5831
27.3383
31.4793
35.9252
40.5584
45.1986
49.9446
54.4404
58.9213
63.9324
69.6041
75.2136
80.6538
86.8376
94.3364
103.104
112.536
122.79
133.71
145.949
159.829
175.261
191.971
209.622
228.17
247.762
268.606
290.667
313.866
338.361
364.611
393.318
425.332
461.64
503.364
551.715
607.597
670.985
740.618
814.55
891.303
970.153
1049
1120.98
1173.95
1196.03
1183.4
1147.15
1106.25
1060.65
1010.04
989.921
1031.67
1138.04
1291.49
1494.9
1772.43
2121.51
2511.35
2882.24
3146.89
3249.77
3234.05
3244.46
3252.73
3244.24
1.1158
3.74295
5.49876
6.71587
7.94028
9.3121
10.7581
12.1745
13.4278
14.7968
16.4333
18.4168
20.9822
24.3236
28.184
32.4129
36.946
41.6824
46.4414
51.3067
55.9006
60.4659
65.5701
71.334
77.0287
82.6081
88.9841
96.7328
105.779
115.513
126.099
137.391
150.083
164.45
180.37
197.515
215.518
234.348
254.177
275.23
297.496
320.917
345.661
372.203
401.29
433.845
470.946
513.801
563.655
621.371
686.807
758.593
834.784
914.134
996.435
1080.25
1159.36
1222.29
1257.63
1260.36
1237.78
1205.84
1163.86
1112.82
1094.06
1144.04
1262.42
1427.68
1640.48
1925.23
2274.48
2650.62
2990.34
3211.85
3275.22
3241.98
3239.16
3247.66
3238.49
1.12171
3.89556
5.76172
6.93177
8.11078
9.42662
10.82
12.2001
13.5289
15.0315
16.7849
18.8889
21.5899
25.0678
29.0305
33.3437
37.9591
42.7934
47.6674
52.6437
57.3264
61.969
67.1634
73.0161
78.7921
84.5107
91.0813
99.0791
108.404
118.435
129.351
141.018
154.168
169.019
185.42
202.98
221.307
240.388
260.421
281.655
304.097
327.717
352.689
379.507
408.967
442.058
479.945
523.908
575.21
634.657
701.994
775.759
854.032
935.823
1021.44
1110.1
1196.23
1269.13
1317.88
1336.38
1328.36
1306.65
1269.57
1219.7
1203.43
1262.16
1392.48
1568.72
1788.74
2077.21
2422.04
2780.1
3086.55
3267.12
3296.71
3250.21
3235.74
3245.06
3237.54
1.11873
4.04846
6.03668
7.13107
8.23216
9.49371
10.8226
12.2117
13.6466
15.2736
17.1382
19.363
22.2018
25.8168
29.8775
34.2705
38.9636
43.8909
48.8753
53.9537
58.7158
63.4286
68.7109
74.6489
80.503
86.3612
93.1298
101.377
110.982
121.307
132.552
144.595
158.205
173.538
190.411
208.366
226.988
246.289
266.495
287.881
310.475
334.27
359.452
386.534
416.359
449.982
488.645
533.685
586.368
647.431
716.514
792.076
872.249
956.319
1045.11
1138.45
1231.45
1314.26
1376.48
1410.97
1418.17
1407.65
1376.57
1329.6
1317.11
1384.74
1526.56
1712.65
1937.53
2226.23
2562.42
2898.86
3171.16
3314.03
3315.52
3258.72
3234.97
3244.97
3239.87
1.10384
4.19949
6.31936
7.29361
8.30563
9.50217
10.7853
12.2323
13.7794
15.5186
17.4942
19.8409
22.82
26.5711
30.7243
35.1926
39.9585
44.974
50.0636
55.2347
60.0664
64.8429
70.211
76.2305
82.1603
88.1596
95.1307
103.629
113.517
124.131
135.706
148.128
162.199
178.01
195.344
213.673
232.561
252.049
272.399
293.91
316.632
340.582
365.957
393.291
423.476
457.626
497.05
543.127
597.113
659.67
730.334
807.508
889.401
975.585
1067.38
1165.22
1264.92
1357.51
1433.16
1483.71
1506.51
1507.91
1483.63
1441.24
1434.04
1510.35
1662.85
1857.42
2084.81
2370.29
2694.14
3006.31
3244.75
3353.93
3332.65
3267.44
3236.34
3247.01
3243.95
1.07308
4.34573
6.59509
7.40378
8.33548
9.4457
10.7383
12.2683
13.9209
15.7664
17.8541
20.3241
23.4465
27.331
31.5705
36.1094
40.9431
46.0421
51.2299
56.4841
61.3756
66.2096
71.6621
77.7593
83.7631
89.9061
97.0853
105.838
116.011
126.911
138.816
151.621
166.149
182.434
200.219
218.9
238.023
257.667
278.133
299.744
322.571
346.657
372.209
399.786
430.325
464.995
505.161
552.231
607.434
671.353
743.429
822.028
905.462
993.596
1088.22
1190.36
1296.53
1398.75
1487.68
1554.2
1592.79
1606.54
1589.68
1553.38
1552.94
1637.46
1799.55
2001.03
2228.67
2507.68
2816.06
3102.24
3308.08
3388.1
3348.99
3276.25
3238.28
3249.05
3250.02
1.02111
4.47965
6.83299
7.47163
8.30387
9.35116
10.7009
12.3167
14.0666
16.0191
18.2194
20.8146
24.0827
28.096
32.4157
37.0205
41.917
47.094
52.3718
57.6989
62.6403
67.5266
73.0623
79.2333
85.3109
91.6013
98.995
108.007
118.469
129.65
141.886
155.078
170.059
186.812
205.035
224.047
243.375
263.145
283.698
305.383
328.294
352.499
378.213
406.026
436.914
472.094
512.978
560.989
617.316
682.462
755.78
835.621
920.419
1010.34
1107.61
1213.82
1326.21
1437.85
1539.84
1622.1
1676.44
1702.78
1693.88
1664.92
1672.5
1764.62
1934.87
2141.61
2367.38
2636.97
2927.4
3186.72
3362.08
3417.69
3365.18
3285.29
3241.01
3251.15
3258.54
0.939206
4.57621
7.00051
7.49414
8.20805
9.25185
10.6768
12.3719
14.2171
16.2787
18.5916
21.3147
24.7301
28.8654
33.2594
37.9258
42.8797
48.1289
53.4865
58.8757
63.8569
68.7914
74.4098
80.6508
86.803
93.2463
100.862
110.141
120.893
132.353
144.916
158.502
173.929
191.142
209.791
229.111
248.614
268.481
289.095
310.831
333.805
358.112
383.977
412.018
443.249
478.927
520.501
569.395
626.75
692.983
767.375
848.276
934.268
1025.81
1125.54
1235.57
1353.93
1474.72
1589.46
1687.11
1756.98
1795.96
1795.58
1775.02
1791.45
1890.41
2067.13
2277.41
2499.44
2757.09
3027.7
3260.1
3407.74
3443.7
3381.81
3294.87
3244.85
3253.24
3268.69
0.809846
4.59127
7.07013
7.42361
8.07685
9.16606
10.6616
12.4313
14.3752
16.5458
18.9723
21.827
25.3894
29.6383
34.1013
38.8249
43.8313
49.1456
54.5714
60.0105
65.0216
70.0019
75.7027
82.0098
88.239
94.8422
102.688
112.242
123.287
135.021
147.909
161.895
177.757
195.423
214.485
234.09
253.74
273.677
294.326
316.089
339.109
363.502
389.505
417.766
449.333
485.495
527.728
577.442
635.725
702.907
778.206
859.994
947.016
1040.03
1142.02
1255.62
1379.66
1509.3
1636.41
1749
1834.01
1885.46
1894.2
1882.96
1908.65
2013.52
2194.77
2406.89
2623.62
2867.29
3116.82
3322.93
3446.04
3467.01
3399.5
3305.28
3250.01
3256.09
3279.69
0.592844
4.439
7.02044
7.26079
7.9286
9.08808
10.6511
12.4969
14.5419
16.8208
19.3637
22.3537
26.0608
30.4134
34.9409
39.7182
44.7717
50.1425
55.6229
61.0988
66.1304
71.1557
76.9389
83.3083
89.6184
96.391
104.476
114.316
125.653
137.657
150.869
165.256
181.541
199.651
219.113
238.983
258.752
278.731
299.392
321.161
344.208
368.672
394.802
423.277
455.17
491.8
534.655
585.127
644.236
712.231
788.275
870.782
958.676
1053
1157.07
1273.96
1403.39
1541.55
1680.6
1807.61
1907.22
1970.77
1989.31
1988.15
2023.06
2132.76
2316.48
2528.74
2738.94
2967.13
3194.9
3375.92
3477.92
3488.18
3418.55
3317.82
3256.68
3258.85
3292.08
0.37085
4.08053
6.7981
7.05454
7.7727
9.01756
10.6437
12.572
14.7173
17.105
19.768
22.8968
26.7434
31.1892
35.778
40.6058
45.7006
51.1175
56.6375
62.136
67.1798
72.2512
78.1164
84.5443
90.9409
97.8946
106.23
116.367
127.994
140.264
153.8
168.586
185.279
203.824
223.673
243.786
263.647
283.645
304.294
326.049
349.108
373.629
399.875
428.555
460.765
497.841
541.281
592.445
652.278
720.952
797.588
880.655
969.272
1064.76
1170.7
1290.63
1425.13
1571.47
1721.98
1862.82
1976.38
2051.49
2080.52
2090.07
2133.74
2247.07
2431.18
2641.86
2844.68
3056.46
3262.3
3419.9
3504.3
3507.68
3438.81
3331.65
3263.17
3260.28
3300.02
0.27257
3.70269
6.41281
6.84746
7.61496
8.95289
10.6417
12.658
14.902
17.3998
20.188
23.4577
27.4356
31.964
36.6127
41.4878
46.6173
52.0681
57.6111
63.118
68.1666
73.2868
79.2331
85.7159
92.2065
99.3558
107.954
118.398
130.312
142.845
156.707
171.885
188.968
207.937
228.16
248.497
268.424
288.418
309.035
330.757
353.812
378.376
404.729
433.605
466.119
503.619
547.603
599.391
659.851
729.076
806.157
889.635
978.833
1075.33
1182.97
1305.66
1444.93
1599.06
1760.54
1914.58
2041.33
2127.26
2167.52
2188.28
2239.85
2355.6
2538.06
2745.45
2940.38
3135.36
3319.57
3455.76
3525.96
3525.84
3459.88
3345.71
3268.07
3258.28
3300.84
0.333248
3.45812
6.00013
6.62931
7.47199
8.89
10.6495
12.7546
15.0969
17.7072
20.627
24.0367
28.135
32.7362
37.4453
42.3646
47.5203
52.991
58.5405
64.0416
69.0888
74.2619
80.2872
86.8212
93.4161
100.778
109.651
120.414
132.609
145.403
159.597
175.153
192.605
211.985
232.569
253.111
273.082
293.051
313.615
335.288
358.325
382.92
409.37
438.432
471.235
509.134
553.62
605.966
666.955
736.611
814
897.75
987.394
1084.77
1193.9
1319.08
1462.8
1624.37
1796.28
1962.85
2102.01
2197.91
2249.87
2282.32
2340.72
2457.67
2636.58
2839.02
3025.79
3204.13
3367.38
3484.36
3543.63
3542.79
3481.11
3360.07
3270.97
3250.89
3296.28
0.481378
3.31401
5.64908
6.38993
7.34773
8.82945
10.6689
12.8622
15.3037
18.03
21.0885
24.6327
28.8381
33.504
38.2767
43.2366
48.4081
53.8831
59.4227
64.9047
69.9454
75.1765
81.2775
87.8597
94.5725
102.164
111.325
122.418
134.887
147.943
162.473
178.39
196.185
215.962
236.894
257.624
277.617
297.543
318.037
339.646
362.653
387.267
413.803
443.041
476.117
514.386
559.331
612.168
673.596
743.567
821.141
905.035
994.997
1093.11
1203.54
1330.97
1478.81
1647.42
1829.26
2007.68
2158.41
2263.51
2327.23
2371.63
2435.78
2552.8
2726.5
2922.39
3100.88
3263.21
3406.49
3506.53
3557.78
3558.58
3502.19
3373.55
3270.06
3237.58
3283.28
0.650534
3.20403
5.34473
6.15521
7.2292
8.77715
10.6994
12.9816
15.5238
18.3717
21.5756
25.2426
29.5407
34.2661
39.1081
44.1043
49.2789
54.7412
60.2558
65.7068
70.7374
76.0317
82.2037
88.8326
95.6797
103.518
112.983
124.414
137.148
150.47
165.341
181.594
199.702
219.86
241.128
262.032
282.028
301.894
322.302
343.833
366.799
391.423
418.035
447.435
480.765
519.376
564.735
618
679.778
749.961
827.605
911.527
1001.69
1100.4
1211.96
1341.36
1493
1668.27
1859.54
2049.12
2210.63
2324.34
2399.51
2455.68
2524.67
2640.7
2807.82
2995.67
3165.79
3313.12
3437.68
3523.07
3568.96
3573.01
3519.43
3384.26
3265.39
3221.14
3261.76
0.782148
3.09057
5.0678
5.94297
7.1129
8.73577
10.7419
13.1137
15.7599
18.737
22.0903
25.8619
30.2384
35.022
39.9408
44.9683
50.1313
55.5629
61.0386
66.4488
71.4671
76.8293
83.0667
89.744
96.7425
104.845
114.628
126.405
139.394
152.99
168.204
184.761
203.151
223.673
245.266
266.328
286.31
306.102
326.41
347.852
370.77
395.394
422.071
451.62
485.184
524.105
569.832
623.463
685.511
755.811
833.424
917.272
1007.52
1106.69
1219.19
1350.32
1505.43
1686.97
1887.21
2087.28
2258.72
2380.7
2466.83
2534.17
2607.13
2721.21
2880.71
3059.31
3220.85
3354.45
3461.79
3534.76
3577.46
3587.53
3533.52
3395.03
3259.68
3206.08
3237.58
0.874581
2.97865
4.81538
5.75009
7.00624
8.70577
10.7975
13.2598
16.0155
19.1317
22.6315
26.4849
30.9267
35.7715
40.7766
45.8296
50.9647
56.3466
61.7709
67.1328
72.1382
77.5718
83.8688
90.5995
97.7662
106.147
116.264
128.392
141.626
155.507
171.064
187.887
206.524
227.393
249.299
270.507
290.46
310.166
330.361
351.707
374.57
399.185
425.915
455.598
489.376
528.576
574.626
628.564
690.807
761.139
838.634
922.317
1012.55
1112.04
1225.3
1357.9
1516.14
1703.59
1912.36
2122.31
2302.79
2432.87
2529.37
2606.91
2683.05
2794.34
2945.54
3113.96
3266.6
3387.78
3479.61
3542.09
3582.73
3604.68
3543.9
3401.08
3254.15
3193.11
3215.71
0.939766
2.87573
4.58977
5.57497
6.91168
8.68895
10.8674
13.422
16.2948
19.5615
23.1953
27.1045
31.6001
36.5153
41.6171
46.6896
51.7793
57.092
62.4539
67.7617
72.755
78.2625
84.6141
91.406
98.7555
107.428
117.895
130.377
143.848
158.029
173.922
190.97
209.816
231.01
253.219
274.561
294.473
314.083
334.156
355.401
378.203
402.8
429.57
459.375
493.346
532.79
579.119
633.308
695.679
765.969
843.272
926.714
1016.84
1116.52
1230.35
1364.18
1525.18
1718.15
1935.1
2154.36
2342.97
2481.04
2587.29
2673.86
2752.41
2860.21
3002.75
3160.48
3303.83
3413.75
3491.94
3545.92
3584.4
3613.91
3548.36
3403.4
3249.93
3183.21
3197.49
0.983107
2.77863
4.38854
5.41904
6.83141
8.68673
10.9531
13.6033
16.6042
20.03
23.7749
27.7112
32.253
37.2551
42.4644
47.5504
52.5766
57.8007
63.09
68.3397
73.3231
78.9057
85.3086
92.1706
99.7152
108.692
119.523
132.361
146.065
160.56
176.778
194.005
213.017
234.516
257.015
278.483
298.344
317.851
337.795
358.936
381.675
406.243
433.04
462.956
497.098
536.755
583.317
637.705
700.143
770.329
847.38
930.52
1020.45
1120.19
1234.39
1369.2
1532.61
1730.7
1955.49
2183.64
2379.45
2525.32
2640.73
2735.02
2815.32
2919.05
3052.86
3199.8
3333.51
3433.07
3499.54
3546.79
3584.64
3616.84
3554.58
3405.24
3247.23
3176.13
3184.01
1.00932
2.68855
4.20852
5.28172
6.76717
8.70059
11.0563
13.8076
16.9526
20.5367
24.3602
28.2933
32.8814
37.9935
43.321
48.4146
53.359
58.4755
63.6833
68.872
73.8481
79.5066
85.9597
92.9001
100.65
109.943
121.153
134.343
148.28
163.105
179.63
196.987
216.118
237.898
260.678
282.265
302.069
321.466
341.277
362.315
384.988
409.517
436.332
466.349
500.642
540.475
587.228
641.766
704.218
774.247
851
933.792
1023.46
1123.13
1237.51
1373.03
1538.48
1741.26
1973.61
2210.34
2412.55
2565.71
2689.68
2790.48
2871.96
2971.19
3096.4
3232.85
3356.73
3446.59
3503.03
3544.68
3587.57
3619.42
3564.85
3407
3246.41
3172.13
3175.88
1.0197
2.60617
4.04733
5.1642
6.72022
8.73199
11.1792
14.0402
17.3494
21.077
24.9383
28.8392
33.4853
38.734
44.1899
49.2857
54.1305
59.1216
64.2393
69.3643
74.3363
80.0716
86.5756
93.601
101.565
111.188
122.787
136.325
150.497
165.664
182.478
199.906
219.107
241.145
264.197
285.899
305.643
324.925
344.603
365.54
388.142
412.623
439.453
469.561
503.985
543.962
590.862
645.503
707.923
777.754
854.179
936.591
1025.93
1125.43
1239.79
1375.75
1542.84
1749.85
1989.46
2234.64
2442.67
2602.36
2734.11
2840.37
2922.6
3016.99
3133.91
3260.51
3374.65
3455.27
3502.92
3539.43
3591.15
3618.11
3568.08
3408.03
3248.68
3173.32
3177.44
1.01452
2.52916
3.90444
5.06709
6.69209
8.7822
11.3245
14.3095
17.7991
21.6416
25.4946
29.341
34.0686
39.4802
45.075
50.168
54.8959
59.7458
64.7662
69.8237
74.7941
80.6082
87.1651
94.2793
102.467
112.43
124.425
138.301
152.721
168.237
185.316
202.753
221.975
244.251
267.565
289.38
309.061
328.226
347.773
368.611
391.14
415.566
442.412
472.603
507.136
547.226
594.231
648.928
711.278
780.882
856.961
938.979
1027.96
1127.16
1241.3
1377.42
1545.76
1756.52
2003.06
2256.7
2470.17
2635.48
2774.09
2884.88
2967.5
3056.91
3165.96
3283.55
3388.32
3460.06
3500.1
3532.56
3584.55
3610.95
3564.05
3409.25
3254.27
3180.9
3186.41
0.995078
2.45376
3.78125
4.99072
6.68364
8.85243
11.4995
14.6264
18.2983
22.2146
26.016
29.7972
34.6367
40.2361
45.9805
51.066
55.661
60.3566
65.273
70.2593
75.2294
81.1243
87.7345
94.9404
103.36
113.672
126.063
140.266
154.955
170.823
188.136
205.518
224.718
247.208
270.773
292.703
312.321
331.367
350.787
371.529
393.981
418.351
445.215
475.482
510.107
550.278
597.346
652.059
714.305
783.663
859.394
941.019
1029.61
1128.43
1242.17
1378.15
1547.3
1761.28
2014.36
2276.6
2495.34
2665.28
2809.74
2924.22
3006.99
3091.41
3193.12
3302.65
3398.6
3461.75
3495.25
3525.12
3572.23
3599.41
3555.25
3410.86
3261.78
3192.09
3196.52
0.96522
2.37939
3.67804
4.93537
6.69518
8.94624
11.718
15.0003
18.8329
22.777
26.4938
30.2118
35.196
41.006
46.9117
51.9848
56.4329
60.9637
65.7693
70.6794
75.6503
81.6262
88.2901
95.589
104.248
114.914
127.695
142.214
157.2
173.417
190.927
208.192
227.331
250.015
273.82
295.864
315.422
334.348
353.646
374.294
396.667
420.984
447.872
478.206
512.905
553.132
600.224
654.91
717.026
786.128
861.522
942.771
1030.97
1129.33
1242.49
1378.04
1547.56
1764.21
2023.34
2294.36
2518.42
2691.91
2841.21
2958.67
3041.4
3120.95
3215.95
3318.31
3406.1
3461.1
3489.23
3516.59
3557.93
3583.1
3542.68
3413.1
3272.2
3206.15
3206.19
0.929171
2.30861
3.59486
4.90105
6.72858
9.07351
11.9939
15.4303
19.3809
23.3152
26.9237
30.5927
35.7534
41.7942
47.874
52.9297
57.2189
61.577
66.2649
71.0926
76.0627
82.1178
88.8371
96.2295
105.135
116.15
129.31
144.144
159.454
176.01
193.674
210.77
229.82
252.672
276.703
298.862
318.363
337.168
356.349
376.905
399.198
423.471
450.387
480.782
515.542
555.799
602.878
657.499
719.464
788.31
863.391
944.295
1032.11
1129.97
1242.4
1377.24
1546.65
1765.37
2029.97
2309.96
2539.59
2715.54
2868.67
2988.52
3071.09
3145.95
3234.91
3330.96
3411.23
3458.86
3482.76
3506.48
3541.17
3562.11
3527.24
3416.16
3287.76
3226.61
3222.86
0.890662
2.24393
3.53202
4.88778
6.79052
9.24903
12.3293
15.8998
19.9213
23.823
27.3061
30.9503
36.3155
42.6048
48.8736
53.9063
58.0246
62.2047
66.7671
71.5053
76.4696
82.6022
89.379
96.8651
106.018
117.372
130.902
146.059
161.71
178.592
196.36
213.248
232.192
255.188
279.427
301.7
321.146
339.829
358.899
379.362
401.577
425.817
452.767
483.216
518.023
558.292
605.324
659.848
721.639
790.236
865.041
945.65
1033.11
1130.44
1242.03
1375.89
1544.71
1764.86
2034.27
2323.27
2558.97
2736.28
2892.3
3014.07
3096.46
3166.76
3250.34
3340.9
3414.33
3455.68
3476.06
3495.1
3521.78
3537.73
3510.13
3420.05
3308.53
3254.07
3250.51
0.853623
2.18771
3.48879
4.89769
6.89209
9.48223
12.7094
16.3834
20.4412
24.2979
27.6452
31.2961
36.8882
43.4423
49.917
54.9203
58.8539
62.8513
67.2784
71.9199
76.8746
83.0827
89.9194
97.4973
106.895
118.575
132.469
147.958
163.958
181.147
198.968
215.628
234.462
257.573
281.996
304.379
323.774
342.333
361.295
381.664
403.809
428.027
455.014
485.513
520.358
560.621
607.577
661.972
723.575
791.936
866.514
946.894
1034.04
1130.84
1241.5
1374.17
1541.94
1762.84
2036.28
2334.15
2576.54
2754.25
2912.25
3035.6
3117.88
3183.8
3262.54
3348.46
3415.76
3452.02
3469.18
3482.93
3500.81
3512.3
3492.96
3424.73
3332.72
3286.27
3287.07
0.823189
2.14355
3.46319
4.93661
7.04149
9.76522
13.1104
16.8617
20.9351
24.7394
27.9493
31.6418
37.4766
44.3114
51.0115
55.9749
59.7087
63.5174
67.7993
72.3393
77.2834
83.5616
90.4599
98.1243
107.759
119.756
134.011
149.841
166.192
183.66
201.48
217.92
236.65
259.84
284.418
306.903
326.248
344.683
363.539
383.814
405.897
430.105
457.131
487.675
522.55
562.793
609.651
663.893
725.301
793.448
867.848
948.065
1034.97
1131.27
1240.94
1372.26
1538.55
1759.48
2036.08
2342.44
2592.15
2769.49
2928.71
3053.36
3135.7
3197.51
3271.86
3353.96
3415.98
3448.14
3462.27
3470.5
3480.26
3488.76
3477.68
3429.95
3357.71
3319.75
3326.55
0.802282
2.11448
3.45446
5.0108
7.23335
10.0752
13.5132
17.3259
21.4013
25.149
28.2295
31.9985
38.0848
45.2176
52.1646
57.0707
60.5878
64.1997
68.328
72.7663
77.6992
84.0411
91.0004
98.7442
108.608
120.914
135.528
151.703
168.402
186.111
203.883
220.132
238.775
262.005
286.703
309.278
328.573
346.881
365.635
385.816
407.847
432.052
459.119
489.705
524.604
564.816
611.558
665.631
726.832
794.78
869.077
949.234
1035.96
1131.81
1240.5
1370.35
1534.78
1755.04
2033.83
2348.06
2605.49
2782.02
2941.85
3067.63
3150.27
3208.39
3278.75
3357.77
3415.55
3444.3
3455.55
3458.52
3462.61
3469.85
3465.98
3435.49
3381.51
3351.63
3364.34
0.787445
2.09968
3.46338
5.1188
7.45005
10.3926
13.9089
17.7721
21.8404
25.53
28.4997
32.3762
38.7166
46.1683
53.3824
58.2077
61.4861
64.8914
68.8609
73.202
78.1215
84.5242
91.5396
99.359
109.438
122.049
137.018
153.542
170.58
188.484
206.167
222.281
240.858
264.08
288.859
311.507
330.753
348.933
367.586
387.675
409.662
433.871
460.978
491.605
526.524
566.696
613.312
667.197
728.181
795.982
870.262
950.45
1037.1
1132.56
1240.28
1368.62
1530.92
1749.8
2029.73
2350.98
2616.16
2791.86
2951.88
3078.69
3161.95
3216.99
3283.82
3360.18
3414.99
3440.83
3449.16
3447.76
3449.54
3456.72
3458.17
3441.11
3403.51
3380.9
3399.63
0.769793
2.09632
3.49001
5.24925
7.67643
10.7085
14.2935
18.1989
22.2549
25.8878
28.7745
32.783
39.3752
47.1725
54.6661
59.3852
62.3961
65.5837
69.3932
73.6458
78.5494
85.0123
92.076
99.9735
110.254
123.161
138.48
155.356
172.718
190.762
208.329
224.378
242.916
266.079
290.896
313.596
332.791
350.842
369.398
389.398
411.35
435.566
462.711
493.375
528.31
568.438
614.917
668.6
729.401
797.129
871.44
951.72
1038.41
1133.58
1240.44
1367.25
1527.22
1744.1
2024.07
2351.3
2623.77
2799.02
2959.03
3086.88
3171.18
3223.92
3287.65
3361.54
3414.57
3438
3443.17
3438.65
3440.36
3448.09
3453.03
3446.34
3424.53
3408.77
3430.97
0.739082
2.10347
3.53151
5.39118
7.90589
11.0193
14.6649
18.6058
22.6486
26.23
29.0688
33.2265
40.0652
48.239
56.0142
60.5995
63.3086
66.2677
69.9198
74.096
78.9822
85.5026
92.6091
100.592
111.057
124.252
139.914
157.142
174.809
192.932
210.369
226.436
244.963
268.013
292.823
315.548
334.69
352.614
371.076
390.991
412.914
437.138
464.319
495.017
529.965
570.045
616.378
669.879
730.55
798.242
872.616
953.051
1039.89
1134.92
1241.05
1366.41
1523.95
1738.31
2017.22
2349.19
2628.04
2803.59
2963.59
3092.58
3178.43
3229.8
3290.74
3362.28
3414.31
3435.82
3437.72
3430.87
3432.77
3441.86
3449.3
3450.36
3441.82
3433.04
3452.8
0.689829
2.12178
3.58385
5.53963
8.13514
11.3217
15.0211
18.9932
23.0261
26.5658
29.3958
33.7153
40.7941
49.3726
57.4249
61.8422
64.2133
66.936
70.4365
74.5508
79.4186
85.9894
93.1393
101.216
111.853
125.324
141.319
158.896
176.841
194.984
212.291
228.461
247.006
269.895
294.65
317.369
336.457
354.256
372.627
392.461
414.36
438.593
465.805
496.532
531.491
571.518
617.707
671.066
731.645
799.319
873.793
954.441
1041.52
1136.61
1242.14
1366.27
1521.35
1732.79
2009.6
2344.95
2628.86
2805.68
2965.88
3096.22
3184.16
3235.16
3293.53
3362.79
3414.1
3433.91
3432.88
3423.98
3425.5
3436.64
3446.37
3453.2
3453.99
3450.38
3462.24
0.625891
2.15139
3.64399
5.69113
8.36042
11.6124
15.3604
19.3621
23.392
26.9061
29.7678
34.2576
41.5694
50.5745
58.8955
63.0998
65.0991
67.5814
70.9398
75.0086
79.8577
86.4672
93.6687
101.849
112.641
126.377
142.693
160.61
178.804
196.917
214.101
230.453
249.048
271.736
296.388
319.066
338.095
355.771
374.056
393.814
415.695
439.935
467.174
497.925
532.891
572.86
618.927
672.179
732.683
800.358
874.968
955.878
1043.29
1138.61
1243.74
1366.94
1519.61
1727.91
2001.72
2338.99
2626.41
2805.53
2966.22
3098.23
3188.8
3240.46
3296.48
3363.34
3413.88
3431.8
3428.41
3417.8
3418.76
3431.88
3443.96
3454.9
3461.8
3460.74
3464.15
0.55268
2.19007
3.7084
5.841
8.57706
11.888
15.6817
19.7138
23.7501
27.2622
30.1965
34.8591
42.3947
51.8435
60.4165
64.354
65.9538
68.1973
71.4265
75.4677
80.298
86.9325
94.1996
102.488
113.424
127.41
144.032
162.278
180.686
198.731
215.803
232.406
251.09
273.548
298.045
320.646
339.61
357.168
375.37
395.057
416.923
441.169
468.428
499.198
534.165
574.074
620.049
673.224
733.657
801.351
876.127
957.344
1045.16
1140.85
1245.89
1368.39
1518.87
1723.97
1994.08
2331.81
2621.11
2803.48
2964.97
3099.02
3192.69
3245.92
3299.97
3364.12
3413.65
3429.36
3423.98
3411.92
3412.74
3427.57
3442.01
3455.55
3466.34
3465.26
3464.56
0.471299
2.23288
3.77201
5.98357
8.78014
12.1456
15.9844
20.0499
24.1026
27.6434
30.6903
35.5302
43.2732
53.1747
61.9682
65.5814
66.7642
68.7767
71.8932
75.9265
80.7386
87.3832
94.7328
103.132
114.2
128.422
145.329
163.893
182.48
200.429
217.4
234.311
253.127
275.338
299.632
322.118
341.008
358.453
376.575
396.196
418.05
442.301
469.577
500.358
535.32
575.172
621.081
674.2
734.561
802.287
877.253
958.81
1047.09
1143.27
1248.5
1370.55
1519.24
1721.2
1987.15
2324.01
2613.57
2799.9
2962.52
3098.89
3196.08
3251.66
3304.2
3365.28
3413.43
3426.93
3419.45
3406.02
3407.29
3423.76
3440.45
3455.54
3467.94
3466.01
3464.79
0.380655
2.27334
3.82909
6.11321
8.96564
12.3839
16.2689
20.3723
24.4538
28.0608
31.2593
36.2925
44.2154
54.5618
63.5209
66.7533
67.516
69.3121
72.3359
76.3829
81.1777
87.8183
95.2656
103.774
114.967
129.41
146.58
165.445
184.179
202.014
218.899
236.156
255.152
277.113
301.155
323.489
342.297
359.631
377.678
397.238
419.08
443.335
470.622
501.408
536.359
576.164
622.029
675.098
735.388
803.152
878.324
960.243
1049.02
1145.79
1251.43
1373.32
1520.72
1719.75
1981.3
2316.16
2604.39
2795.15
2959.29
3098.11
3199.16
3257.67
3309.25
3366.96
3413.25
3424.83
3415.04
3400.36
3402.37
3420.39
3439.15
3455.22
3466.73
3465.41
3464.28
0.279107
2.30473
3.87403
6.22491
9.13108
12.603
16.5366
20.6841
24.8151
28.528
31.9214
37.1586
45.2232
55.9816
65.0359
67.8371
68.1935
69.7945
72.7503
76.8345
81.6138
88.2369
95.7918
104.408
115.722
130.37
147.779
166.92
185.774
203.489
220.301
237.927
257.156
278.875
302.62
324.769
343.482
360.711
378.685
398.189
420.022
444.278
471.574
502.359
537.289
577.06
622.898
675.914
736.131
803.934
879.318
961.611
1050.91
1148.33
1254.53
1376.63
1523.21
1719.61
1976.74
2308.72
2594.11
2789.52
2955.7
3096.89
3202.01
3263.94
3315.1
3369.29
3413.25
3423.2
3411.19
3395.5
3398.12
3417.5
3437.98
3454.51
3465.13
3464.6
3463.85
0.162998
2.32029
3.90188
6.31551
9.27681
12.805
16.7897
20.991
25.2014
29.0604
32.6932
38.1299
46.2827
57.3889
66.4593
68.7964
68.7794
70.2131
73.1309
77.2782
82.0443
88.6371
96.3027
105.027
116.462
131.299
148.919
168.301
187.255
204.855
221.611
239.61
259.125
280.621
304.03
325.966
344.572
361.697
379.602
399.053
420.875
445.131
472.432
503.211
538.113
577.864
623.689
676.643
736.784
804.621
880.213
962.876
1052.7
1150.8
1257.66
1380.35
1526.5
1720.67
1973.52
2302.04
2583.2
2783.27
2952.16
3095.44
3204.66
3270.36
3321.68
3372.37
3413.6
3422.15
3408.35
3391.8
3394.62
3415.03
3436.96
3453.62
3463.96
3464.08
3463.71
0.0324645
2.31763
3.91187
6.38691
9.40669
12.9922
17.0312
21.3026
25.6292
29.6767
33.5894
39.2096
47.3683
58.7165
67.7234
69.592
69.2568
70.5574
73.4719
77.7103
82.4666
89.0173
96.7915
105.629
117.182
132.192
149.993
169.57
188.607
206.107
222.829
241.192
261.045
282.35
305.389
327.089
345.573
362.598
380.436
399.84
421.652
445.906
473.209
503.976
538.845
578.588
624.404
677.287
737.346
805.207
880.995
964.014
1054.34
1153.12
1260.73
1384.31
1530.33
1722.7
1971.57
2296.34
2572.04
2776.56
2949
3093.91
3207.05
3276.83
3328.87
3376.29
3414.49
3421.76
3406.8
3389.39
3392.04
3413.1
3436.08
3452.78
3463.18
3464.02
3463.66
-0.121369
2.2892
3.90008
6.43784
9.51867
13.1626
17.2661
21.6346
26.1197
30.4
34.6265
40.3971
48.4383
59.8687
68.758
70.1867
69.6116
70.8179
73.7674
78.1263
82.8774
89.375
97.2506
106.206
117.878
133.047
150.995
170.709
189.81
207.23
223.947
242.661
262.907
284.057
306.699
328.146
346.494
363.418
381.189
400.548
422.349
446.599
473.901
504.653
539.491
579.231
625.037
677.84
737.811
805.684
881.649
965
1055.8
1155.25
1263.66
1388.3
1534.48
1725.46
1970.72
2291.71
2560.95
2769.5
2946.5
3092.44
3209.17
3283.18
3336.48
3381.09
3416.08
3422.01
3406.55
3388.49
3390.62
3411.88
3435.5
3452.22
3462.57
3463.89
3463.52
-0.303184
2.23162
3.86386
6.4665
9.61323
13.3231
17.5108
22.0097
26.6972
31.2511
35.8228
41.6907
49.4282
60.7303
69.4987
70.5521
69.8355
70.9877
74.0127
78.5222
83.2741
89.7086
97.6753
106.757
118.545
133.86
151.916
171.702
190.842
208.204
224.947
244.005
264.703
285.737
307.965
329.148
347.343
364.166
381.873
401.192
422.982
447.228
474.525
505.256
540.068
579.808
625.594
678.311
738.187
806.057
882.177
965.829
1057.07
1157.15
1266.38
1392.17
1538.73
1728.66
1970.74
2288.16
2550.16
2762.24
2944.81
3091.12
3210.96
3289.21
3344.3
3386.66
3418.52
3422.94
3407.37
3388.81
3390.46
3411.65
3435.5
3452.12
3462.12
3463.54
3463.35
-0.521646
2.14309
3.80392
6.47542
9.69494
13.4829
17.7805
22.447
27.3796
32.2472
37.202
43.0856
50.2476
61.1835
69.8996
70.677
69.9286
71.064
74.204
78.8937
83.6548
90.0163
98.0597
107.275
119.18
134.626
152.751
172.539
191.68
209.008
225.812
245.208
266.429
287.387
309.187
330.1
348.124
364.842
382.484
401.764
423.542
447.782
475.073
505.78
540.573
580.315
626.071
678.695
738.467
806.32
882.572
966.495
1058.13
1158.81
1268.84
1395.8
1542.92
1732.04
1971.42
2285.58
2539.78
2754.91
2944.08
3090.08
3212.45
3294.72
3352.06
3392.75
3421.78
3424.61
3409.06
3390.26
3391.63
3412.57
3436.16
3452.47
3461.84
3463.02
3463.13
-0.744466
2.05189
3.74822
6.4928
9.79142
13.6706
18.1005
22.964
28.1768
33.4105
38.7982
44.5675
50.7916
61.15
69.9512
70.5749
69.8991
71.0481
74.3399
79.2397
84.0167
90.2941
98.4016
107.759
119.778
135.339
153.494
173.214
192.314
209.625
226.517
246.253
268.075
289.003
310.37
331.009
348.847
365.456
383.036
402.284
424.049
448.283
475.564
506.245
541.022
580.764
626.478
679.006
738.668
806.49
882.853
967.014
1059.01
1160.24
1271.04
1399.1
1546.88
1735.31
1972.51
2283.85
2529.83
2747.59
2944.31
3089.32
3213.67
3299.54
3359.51
3399.12
3425.67
3427.11
3411.6
3392.92
3394.07
3414.48
3437.27
3453.14
3461.7
3462.52
3462.89
-0.962849
1.97151
3.71555
6.532
9.90579
13.8812
18.462
23.553
29.0914
34.778
40.6532
46.1048
50.9782
60.6625
69.6842
70.288
69.7604
70.9427
74.4207
79.5629
84.3615
90.5445
98.6976
108.198
120.331
135.986
154.144
173.735
192.745
210.043
227.029
247.124
269.636
290.59
311.518
331.882
349.514
366.007
383.523
402.739
424.491
448.718
475.988
506.647
541.412
581.144
626.809
679.24
738.784
806.562
883.019
967.391
1059.71
1161.45
1272.96
1402.05
1550.47
1738.36
1973.9
2282.63
2519.94
2740.28
2945.59
3089.02
3214.72
3303.53
3366.36
3405.49
3429.95
3430.31
3414.95
3396.65
3397.49
3416.99
3438.57
3453.96
3461.75
3462.13
3462.71
-1.14643
1.92307
3.71724
6.60274
10.0597
14.146
18.8917
24.2314
30.1514
36.4106
42.7996
47.6431
50.8258
59.9418
69.1352
69.8736
69.528
70.7475
74.4463
79.8653
84.6888
90.7619
98.9474
108.592
120.833
136.558
154.698
174.115
192.991
210.266
227.321
247.799
271.107
292.163
312.636
332.719
350.13
366.5
383.956
403.145
424.885
449.106
476.364
507.004
541.756
581.466
627.079
679.415
738.837
806.565
883.101
967.66
1060.27
1162.48
1274.63
1404.63
1553.55
1741.02
1975.37
2281.93
2510.43
2732.95
2947.76
3089.08
3215.64
3306.69
3372.35
3411.65
3434.42
3433.84
3418.74
3400.94
3401.37
3419.65
3439.8
3454.8
3462.02
3461.95
3462.61
-1.32455
1.88718
3.74542
6.70384
10.2406
14.4309
19.3479
24.9798
31.3935
38.3688
45.2119
49.0953
50.5663
59.386
68.4354
69.3942
69.2148
70.4659
74.4168
80.1494
85.0097
90.9612
99.154
108.931
121.27
137.042
155.155
174.378
193.081
210.282
227.322
248.233
272.493
293.748
313.74
333.53
350.707
366.945
384.339
403.501
425.227
449.438
476.682
507.311
542.05
581.73
627.289
679.53
738.824
806.497
883.104
967.824
1060.71
1163.33
1276.06
1406.87
1556.22
1743.47
1976.92
2280.86
2499.22
2725.2
2950.92
3089.95
3216.61
3309.02
3377.13
3417.17
3438.82
3437.44
3422.53
3405.22
3405.16
3422.09
3440.86
3455.57
3462.45
3461.99
3462.65
-1.49474
1.85006
3.79107
6.84322
10.4756
14.7807
19.8916
25.8705
32.9001
40.6531
47.704
50.3319
50.6249
59.2256
67.9118
68.9408
68.8635
70.1329
74.3413
80.4187
85.3221
91.1192
99.3159
109.216
121.636
137.427
155.513
174.549
193.065
210.172
227.12
248.427
273.787
295.373
314.85
334.307
351.229
367.326
384.658
403.797
425.512
449.72
476.957
507.576
542.298
581.942
627.449
679.599
738.772
806.393
883.065
967.933
1061.07
1164.09
1277.32
1408.79
1558.39
1745.42
1978.19
2280.3
2489.24
2717.77
2954.2
3091.08
3217.62
3310.9
3380.8
3421.73
3442.88
3440.82
3425.94
3408.94
3408.38
3424.07
3441.66
3456.21
3463.01
3462.21
3462.77
-1.66656
1.86444
3.93394
7.06038
10.7388
15.1197
20.4403
26.8594
34.6283
43.0362
49.8118
51.2756
51.1484
59.462
67.7221
68.6297
68.5805
69.8375
74.2648
80.6928
85.6382
91.2871
99.4496
109.442
121.92
137.695
155.767
174.67
193.007
209.937
226.544
248.166
274.938
297.067
316.026
335.1
351.744
367.692
384.964
404.079
425.78
449.976
477.2
507.812
542.515
582.122
627.58
679.642
738.696
806.27
883.002
967.993
1061.34
1164.7
1278.37
1410.48
1560.39
1747.32
1979.45
2278.28
2474.27
2708.7
2958.54
3093.49
3218.81
3312.24
3383.26
3424.97
3446.19
3443.87
3429.04
3412.1
3411.02
3425.64
3442.24
3456.71
3463.59
3462.54
3462.9
-1.76718
1.95528
4.12261
7.31236
11.0376
15.5084
21.0738
27.9658
36.3671
44.9604
50.9992
51.9064
51.7994
59.9141
67.765
68.5268
68.4509
69.674
74.2404
80.982
85.9376
91.3969
99.5355
109.614
122.118
137.857
155.912
174.746
192.948
209.786
226.105
247.868
275.877
298.736
317.243
335.879
352.199
367.966
385.172
404.259
425.953
450.152
477.386
508.003
542.686
582.254
627.667
679.652
738.605
806.147
882.935
968.046
1061.62
1165.3
1279.35
1411.9
1561.79
1748.34
1980.32
2277.78
2464.17
2703.11
2962.6
3095.66
3220.04
3313.68
3385.17
3427.18
3448.37
3445.94
3431.26
3414.45
3412.94
3426.71
3442.55
3457.02
3464.1
3462.91
3463.07
-1.81805
2.1957
4.42819
7.58674
11.2352
15.7214
21.4905
28.7321
37.4125
45.7809
51.3388
52.1512
52.3113
60.3234
67.9236
68.6134
68.483
69.6499
74.259
81.2485
86.2899
91.5937
99.617
109.723
122.225
137.885
155.937
174.825
192.99
209.687
225.465
247.032
276.295
300.123
318.369
336.749
352.763
368.316
385.446
404.502
426.184
450.368
477.582
508.19
542.86
582.396
627.773
679.692
738.556
806.073
882.895
968.087
1061.78
1165.68
1279.96
1413.07
1563.45
1749.86
1981.58
2275.39
2450.58
2694.35
2970.99
3099.85
3221.27
3314.5
3386.24
3428.51
3449.9
3447.52
3432.83
3415.98
3414.13
3427.3
3442.65
3457.24
3464.54
3463.2
3463.15
-1.78931
2.32509
4.54655
7.74816
11.4214
15.9261
21.7233
28.9877
37.6291
45.8081
51.3765
52.2045
52.5799
60.5415
68.0493
68.7028
68.5422
69.7196
74.4002
81.4175
86.3828
91.5914
99.6371
109.767
122.258
137.893
155.923
174.816
192.972
209.677
225.389
247.167
276.745
300.691
318.727
337.05
352.944
368.421
385.53
404.572
426.256
450.446
477.684
508.309
542.965
582.477
627.832
679.717
738.532
806.059
882.922
968.2
1062.04
1166.17
1280.7
1414.19
1564.37
1750.01
1983.06
2278.1
2451.64
2697.06
2974.99
3100.74
3222.64
3315.67
3387.09
3429.03
3450.25
3447.94
3433.47
3416.72
3414.69
3427.54
3442.76
3457.47
3464.74
3463.33
3463.19
)
;

boundaryField
{
    inletFace
    {
        type            zeroGradient;
    }
    inlet
    {
        type            zeroGradient;
    }
    inletWalls
    {
        type            zeroGradient;
    }
    outletInlet
    {
        type            cyclicAMI;
        value           nonuniform List<scalar> 
15
(
3410.57
3409.07
3405.06
3404.86
3399.79
3400.77
3398.33
3399.81
3403.86
3405.46
3409.85
3414.2
3417.18
3420.02
3419.31
)
;
    }
    fineSymmetryWall
    {
        type            symmetryPlane;
    }
    fineWalls
    {
        type            zeroGradient;
    }
    fineCyclicBoundary
    {
        type            fixedValue;
        value           uniform 0;
    }
    fineplug
    {
        type            cyclicAMI;
        value           nonuniform List<scalar> 
80
(
3414.41
3413.93
3414.31
3405.88
3406.68
3409.09
3409.09
3409.09
3408.63
3408.7
3410.25
3411.25
3404.71
3401.92
3402.04
3403.69
3405.15
3404.8
3405.13
3405.72
3405.78
3399.76
3398.87
3399.39
3399.48
3400.25
3401.58
3401.95
3402.27
3403.13
3402.4
3395.83
3397.17
3397.7
3398.06
3398.33
3399.44
3402.19
3403.78
3402.4
3395.05
3398.02
3400.46
3403.14
3403.4
3403.57
3404.02
3405.76
3408.05
3403.36
3405.36
3404.86
3406.02
3409.26
3410.49
3410.85
3411.21
3409.27
3408.55
3415.09
3414.23
3414.49
3414.2
3414.04
3417.57
3417.93
3418.42
3417.14
3415.5
3418.84
3418.84
3420.26
3421.89
3421.36
3417.33
3417.75
3420.8
3420.96
3420.39
3416.35
)
;
    }
    faceFine
    {
        type            zeroGradient;
    }
}


// ************************************************************************* //
