/*--------------------------------*- C++ -*----------------------------------*\
| =========                 |                                                 |
| \\      /  F ield         | OpenFOAM: The Open Source CFD Toolbox           |
|  \\    /   O peration     | Version:  4.1                                   |
|   \\  /    A nd           | Web:      www.OpenFOAM.org                      |
|    \\/     M anipulation  |                                                 |
\*---------------------------------------------------------------------------*/
FoamFile
{
    version     2.0;
    format      ascii;
    class       volScalarField;
    location    "14";
    object      p;
}
// * * * * * * * * * * * * * * * * * * * * * * * * * * * * * * * * * * * * * //

dimensions      [0 2 -2 0 0 0 0];

internalField   nonuniform List<scalar> 
6785
(
571.077
492.204
445.173
391.634
344.818
299.736
257.781
218.123
180.73
145.458
111.506
78.5307
50.7366
22.2082
-18.155
-47.4635
-65.6289
-55.8523
-63.2365
-62.8586
-65.5292
-66.4162
-67.131
-66.8858
-65.7687
-63.6314
-60.6996
-56.624
-51.8337
-48.172
-31.2748
-34.6966
-25.4974
-29.6169
-25.6383
-26.4028
-25.3193
-25.3185
-25.1351
-25.2832
-25.4817
-25.8569
-25.6734
-25.1084
-22.3029
6.55334
5.59938
9.4358
5.36651
8.28463
6.22522
7.04793
6.47707
6.59232
6.34967
6.3296
6.45322
7.44899
8.49957
10.8517
13.6827
13.1844
15.9019
13.8786
17.1806
16.3392
18.4289
18.9104
20.1404
20.9493
21.8042
22.3646
22.5575
23.0145
23.4854
21.5599
19.0456
20.8607
18.1633
19.9566
18.0668
18.8114
17.6979
17.3163
15.9429
14.2504
12.2296
10.8425
9.71641
6.67891
-15.7222
-20.7057
-20.8837
-25.2484
-26.2425
-30.1627
-32.0934
-35.5476
-37.7819
-40.0431
-41.304
-41.9414
-42.4661
-43.6228
-44.7697
-51.4811
-55.0378
-54.2808
-57.2375
-56.954
-59.4014
-59.801
-61.4249
-61.9168
-62.2713
-62.0451
-61.7378
-61.3054
-61.0603
-58.8476
-41.4254
-41.2953
-39.1167
-39.7711
-37.6565
-37.8083
-36.4522
-36.0309
-35.2012
-34.5569
-33.7292
-32.9501
-31.5079
-29.9565
-26.8405
-15.7033
-14.0847
-12.0904
-11.7383
-9.57853
-8.89999
-7.2145
-6.06828
-4.65316
-3.33031
-1.90484
-0.567861
0.984172
2.17432
3.79074
1.73678
3.03878
4.23393
4.47838
5.89443
6.25933
7.33007
7.98799
8.83474
9.59724
10.4264
11.1751
12.0797
12.7079
13.6718
11.1256
12.6012
13.6136
14.0156
15.271
15.7297
16.7302
17.4229
18.2377
18.9881
19.778
20.5218
21.4637
22.0916
23.2179
33.5796
34.3511
34.8583
35.0958
35.6506
35.4532
35.5065
35.0016
34.3864
33.6895
33.2641
33.4203
34.0131
34.593
35.1006
34.2916
34.1364
32.0692
30.0621
28.8581
27.5201
26.8716
26.3364
26.2091
26.1584
26.2904
26.4367
26.5633
26.9431
26.4516
64.6231
60.2883
51.334
44.262
39.598
33.9779
29.4441
26.3578
23.2012
20.9441
19.2053
18.2305
17.937
18.2531
18.095
45.8096
45.822
50.1048
46.1612
46.4312
47.4261
46.4557
45.5881
45.5904
45.4175
45.3131
44.3585
44.7732
44.705
43.7887
43.7749
44.4632
44.5428
43.3081
44.485
44.5207
43.6219
43.6274
44.7822
44.7291
43.9619
44.0249
45.0482
45.2031
44.38
45.4056
45.5449
45.0833
45.1767
45.8238
46.0864
45.6877
46.22
46.4989
46.3019
46.4059
46.7351
46.9966
46.8908
46.9975
47.2297
47.423
47.3707
47.6226
47.692
47.6929
47.863
48.0519
48.3399
48.3708
48.5069
48.6534
49.0598
49.0758
49.1596
49.2983
49.2771
49.3969
49.4297
50.0336
50.4643
50.9031
51.1568
50.9461
52.7163
53.4366
50.4807
49.5261
53.8264
56.162
41.6556
53.0586
57.4174
25.3013
39.5069
50.0417
51.8684
56.423
51.6024
53.8938
61.3659
62.8564
65.1933
66.8709
68.2563
67.7423
69.7235
78.1765
61.2284
62.5652
59.171
56.5042
55.6794
54.1401
50.7649
52.2345
68.7832
38.2131
36.822
32.7437
30.5498
30.3236
28.7922
25.6195
22.1373
22.2046
42.9686
20.5546
18.4198
15.2614
11.9655
11.6217
12.5899
10.2383
6.95378
16.2159
11.2724
12.8484
12.0077
9.05531
6.77104
3.99728
5.48428
2.63407
10.5362
14.8459
10.3737
10.4293
9.76001
7.47146
5.83194
4.59199
-2.05978
6.56147
17.4411
13.1315
11.783
9.11349
7.80991
6.27377
5.16614
4.69326
0.824337
-0.928141
12.4442
8.57725
8.455
7.47806
5.91204
0.871203
0.321631
2.07976
-10.798
7.73165
3.35542
-1.13873
8.26711
1.24868
5.11222
4.0771
6.30115
9.62184
5.14771
7.87704
10.079
6.94004
8.30011
7.56398
8.58502
10.8304
7.69029
8.87781
7.98332
8.9959
11.0022
7.37164
9.20422
10.7831
7.88312
8.88127
7.92916
8.79502
10.7148
7.55156
8.61833
7.51267
8.5194
10.3269
6.6155
8.41225
9.79835
6.89015
7.84429
6.8103
7.63352
9.28812
6.32947
7.2859
6.23138
7.09325
8.5758
5.36147
6.84757
7.90788
5.48331
6.23017
5.37166
5.97592
7.15505
4.85698
5.54579
4.72852
5.30206
6.22371
3.94222
4.90255
5.43893
3.78519
4.20418
3.5898
3.88788
4.36866
2.93001
3.23224
2.67315
2.87608
3.07506
1.78412
2.11468
2.04918
1.095
1.1113
0.650444
0.617902
0.730322
0.000877963
0.00142566
0.00234637
0.0029732
0.00372134
0.00438569
0.00508781
0.00576646
0.00645638
0.00713816
0.00781915
0.00849005
0.00914769
0.00978306
0.0103877
0.0109511
0.0114631
0.0119145
0.0122983
0.0126111
0.0128539
0.0130328
0.0131594
0.0132507
0.013327
0.0134091
0.0135134
0.013648
0.0138117
0.0139995
0.0142159
0.0144903
0.0148872
0.0155044
0.0164475
0.017775
0.019423
0.0211916
0.0228576
0.0242186
0.0250525
0.0252439
0.024739
0.0235874
0.0219326
0.0199301
0.0176566
0.01498
0.0115228
0.00680006
0.000376957
-0.00809263
-0.018761
-0.0316552
-0.0464644
-0.0603013
-0.0853952
-0.209968
-0.198361
-0.425947
-0.409033
-0.561452
-0.699196
-0.79807
-0.848973
-0.805211
-0.718297
-0.559365
-0.380567
-0.190889
0.00393053
0.149153
0.29651
0.34368
0.441034
0.41129
0.405352
0.552021
0.188426
0.00251396
0.00401459
0.00657082
0.00835319
0.0104143
0.0122555
0.0141703
0.0160165
0.0178748
0.0197015
0.0215114
0.0232819
0.0250018
0.0266467
0.0281918
0.0296077
0.0308657
0.03194
0.0328118
0.0334724
0.0339262
0.0341923
0.0343056
0.0343155
0.0342815
0.0342634
0.0343081
0.034438
0.0346483
0.0349239
0.0352763
0.035789
0.0366463
0.0381269
0.0405313
0.044026
0.0484242
0.0531536
0.0575946
0.0612015
0.0633753
0.06383
0.0624526
0.0594301
0.0552331
0.0504017
0.0453044
0.0397635
0.0328943
0.0233941
0.00986447
-0.00912097
-0.0345388
-0.066826
-0.104987
-0.140305
-0.196758
-0.458179
-0.251683
-0.65043
-0.686201
-1.02112
-1.30822
-1.51764
-1.62714
-1.55072
-1.38931
-1.07965
-0.741975
-0.374279
-0.0265005
0.262723
0.501064
0.656479
0.785943
0.84288
0.887457
1.0082
1.01515
0.00391742
0.00649319
0.0108596
0.013893
0.0174115
0.0205508
0.0238209
0.0269744
0.0301529
0.0332799
0.0363824
0.0394215
0.0423794
0.0452147
0.047886
0.0503436
0.0525393
0.0544295
0.055982
0.0571818
0.0580356
0.058575
0.0588581
0.0589678
0.0590041
0.0590675
0.0592374
0.0595514
0.0600011
0.0605598
0.0612455
0.0621971
0.0637257
0.0663029
0.0704406
0.0764258
0.0839436
0.0920236
0.0996173
0.105792
0.109527
0.110325
0.107976
0.102781
0.095511
0.0870527
0.077989
0.06797
0.0554605
0.0382723
0.0141421
-0.0191466
-0.0630196
-0.118055
-0.182387
-0.243045
-0.334985
-0.650425
-0.230149
-0.761718
-0.812138
-1.24084
-1.60251
-1.86455
-1.99931
-1.90278
-1.7049
-1.3203
-0.907248
-0.45414
-0.0333634
0.321624
0.603132
0.799754
0.95284
1.02152
1.12753
1.16414
1.37811
0.00525324
0.0088795
0.0149642
0.0192246
0.0241387
0.0285314
0.033096
0.0374989
0.0419315
0.0462913
0.0506141
0.0548472
0.0589651
0.0629106
0.0666256
0.070041
0.0730892
0.0757092
0.0778562
0.0795091
0.0806772
0.0814048
0.0817731
0.0818984
0.0819209
0.0819821
0.0821935
0.0826073
0.08321
0.0839611
0.084882
0.0861645
0.0882434
0.0917833
0.0975109
0.10584
0.116328
0.127602
0.1382
0.146815
0.152022
0.153127
0.149839
0.142583
0.132452
0.120714
0.108219
0.0945034
0.0774353
0.0539823
0.0210318
-0.0244332
-0.0843098
-0.159356
-0.24673
-0.329902
-0.4475
-0.761481
-0.225943
-0.955775
-1.0111
-1.544
-2.00375
-2.33097
-2.49544
-2.37005
-2.12147
-1.63845
-1.12442
-0.559523
-0.0380648
0.402672
0.748952
0.991233
1.18264
1.25353
1.41502
1.40489
1.67479
0.00645863
0.0111849
0.018997
0.0245136
0.0308477
0.036521
0.0424065
0.0480862
0.0538008
0.0594223
0.0649953
0.0704535
0.0757638
0.0808531
0.0856466
0.0900555
0.0939924
0.0973785
0.100156
0.102297
0.103813
0.104761
0.105245
0.105416
0.105454
0.105543
0.105828
0.106375
0.107165
0.108141
0.109324
0.110955
0.113595
0.118108
0.125451
0.136181
0.149728
0.164296
0.178003
0.189152
0.195897
0.197341
0.193092
0.1837
0.170583
0.155401
0.139276
0.121612
0.0996249
0.0694118
0.0270499
-0.0311567
-0.107408
-0.202509
-0.312505
-0.418811
-0.560996
-0.854477
-0.281924
-1.14777
-1.23319
-1.8777
-2.45174
-2.85249
-3.04891
-2.89015
-2.58457
-1.99074
-1.36506
-0.67586
-0.0449099
0.491724
0.906622
1.20496
1.4326
1.51806
1.73196
1.6774
2.13727
0.00758101
0.0134252
0.0229184
0.0296955
0.0374319
0.0443804
0.0515729
0.0585182
0.0655002
0.0723693
0.0791769
0.0858444
0.0923307
0.0985473
0.104402
0.109788
0.114596
0.11873
0.122119
0.124728
0.126571
0.127718
0.128295
0.128486
0.128516
0.12861
0.128947
0.12961
0.130569
0.131746
0.133158
0.135092
0.138234
0.143657
0.152562
0.165669
0.182278
0.200148
0.216976
0.230668
0.238957
0.240739
0.235517
0.223976
0.207872
0.189289
0.169652
0.148241
0.12161
0.0850077
0.0337732
-0.0363637
-0.127826
-0.241471
-0.372371
-0.501696
-0.666962
-0.925183
-0.409452
-1.29089
-1.45166
-2.19863
-2.88969
-3.36215
-3.58588
-3.3909
-3.02888
-2.32527
-1.59286
-0.783623
-0.0492131
0.579051
1.0574
1.40982
1.6694
1.76844
2.03204
1.93252
2.45908
0.00861373
0.0156117
0.0267561
0.0348087
0.0439452
0.052177
0.0606791
0.0688956
0.0771487
0.0852701
0.0933167
0.101199
0.108867
0.116217
0.123141
0.129509
0.135195
0.140084
0.14409
0.147172
0.149345
0.150691
0.151359
0.151569
0.151588
0.151686
0.152078
0.15286
0.153993
0.155373
0.157004
0.159217
0.162822
0.169111
0.179552
0.195054
0.214784
0.236024
0.25605
0.272351
0.282229
0.284367
0.278151
0.264404
0.24523
0.223166
0.199964
0.17477
0.143445
0.1004
0.0403187
-0.0415297
-0.147711
-0.279134
-0.430173
-0.583533
-0.771926
-0.994124
-0.626545
-1.40522
-1.69114
-2.52755
-3.34381
-3.88936
-4.13632
-3.90007
-3.47867
-2.66089
-1.82067
-0.889653
-0.0516063
0.668685
1.20994
1.61625
1.90615
2.01751
2.32651
2.18404
2.80839
0.00957298
0.0177535
0.0305067
0.0398442
0.0503688
0.0598854
0.0696911
0.0791762
0.0886956
0.0980652
0.107346
0.116439
0.125285
0.133765
0.141754
0.149103
0.155665
0.161304
0.165921
0.169469
0.171963
0.173497
0.174244
0.174458
0.174451
0.17454
0.174977
0.175873
0.177176
0.178748
0.180575
0.183026
0.187035
0.194124
0.206055
0.22396
0.246865
0.271537
0.29483
0.3138
0.325306
0.327812
0.320577
0.304562
0.282233
0.256612
0.229806
0.200827
0.164817
0.115392
0.0466866
-0.0463779
-0.166477
-0.314652
-0.485036
-0.663185
-0.875033
-1.08024
-0.961272
-1.49736
-1.96227
-2.87221
-3.82472
-4.44642
-4.71202
-4.42814
-3.94279
-3.0039
-2.0527
-0.995855
-0.0524503
0.762033
1.3662
1.8283
2.14614
2.27173
2.62112
2.43665
3.14262
0.0104631
0.0198595
0.0341809
0.0448143
0.056717
0.0675218
0.0786277
0.089382
0.100166
0.110783
0.121298
0.131602
0.141626
0.151238
0.160295
0.168627
0.176065
0.182455
0.187684
0.191695
0.194506
0.19622
0.197036
0.197243
0.197198
0.197268
0.197745
0.198755
0.200228
0.201988
0.203991
0.206638
0.210989
0.218808
0.232184
0.252508
0.278666
0.306855
0.333511
0.35523
0.368419
0.371314
0.363024
0.344652
0.31903
0.289693
0.259134
0.226229
0.185382
0.12947
0.0522018
-0.0517499
-0.185193
-0.349444
-0.538901
-0.742627
-0.979839
-1.19815
-1.37091
-1.52643
-2.25873
-3.23214
-4.33241
-5.03327
-5.3107
-4.97167
-4.4175
-3.35049
-2.28599
-1.10014
-0.0508859
0.858956
1.52493
2.04435
2.38666
2.52879
2.91259
2.6955
3.41698
0.0112924
0.021936
0.0377822
0.0497208
0.0629886
0.0750835
0.0874838
0.0995059
0.11155
0.123414
0.13516
0.146672
0.157874
0.168619
0.178743
0.188058
0.196373
0.203515
0.209352
0.213822
0.216942
0.218826
0.219698
0.219881
0.219783
0.219821
0.22033
0.221451
0.223094
0.225034
0.227191
0.229984
0.234603
0.243068
0.257832
0.280597
0.310094
0.341898
0.372025
0.396584
0.411516
0.414818
0.405427
0.384574
0.355458
0.322157
0.287587
0.250502
0.204557
0.14198
0.0562129
-0.0582585
-0.204473
-0.384249
-0.592764
-0.822704
-1.08831
-1.33807
-1.69214
-1.4887
-2.59326
-3.61116
-4.87183
-5.65621
-5.93628
-5.53298
-4.90415
-3.70101
-2.52056
-1.20219
-0.0465859
0.959791
1.6863
2.26465
2.62758
2.78875
3.20064
2.95008
3.73221
0.0120662
0.0239893
0.041317
0.05457
0.0691894
0.0825759
0.096265
0.109554
0.122855
0.135963
0.148938
0.161659
0.174039
0.185916
0.19711
0.207411
0.216605
0.224497
0.230942
0.235867
0.239288
0.241333
0.242245
0.242389
0.24222
0.242213
0.242746
0.243978
0.245793
0.247908
0.250193
0.253081
0.257884
0.2669
0.282989
0.308222
0.341163
0.376696
0.410421
0.437923
0.454673
0.458401
0.447837
0.424319
0.391401
0.353743
0.314745
0.273049
0.221586
0.152076
0.0578517
-0.0667959
-0.225326
-0.420334
-0.648254
-0.905192
-1.2024
-1.48928
-1.87255
-1.46473
-2.96372
-4.01563
-5.44943
-6.32389
-6.59474
-6.11606
-5.40549
-4.05683
-2.75713
-1.30211
-0.0393155
1.06497
1.85088
2.48996
2.86931
3.05257
3.48594
3.19945
4.04081
0.0127899
0.0260241
0.0447899
0.0593655
0.0753218
0.0900006
0.104972
0.119525
0.13408
0.148429
0.162631
0.17656
0.190118
0.203129
0.215395
0.226683
0.236757
0.245401
0.252452
0.257826
0.261542
0.263735
0.264672
0.264757
0.264499
0.26443
0.264978
0.26632
0.268309
0.270596
0.272984
0.275908
0.280801
0.290257
0.307596
0.335329
0.371837
0.411226
0.448696
0.479259
0.497905
0.502068
0.490216
0.463748
0.426573
0.383994
0.339964
0.293058
0.23555
0.158845
0.0562879
-0.0781408
-0.248578
-0.458712
-0.706656
-0.991726
-1.32414
-1.65405
-2.02225
-1.55951
-3.32038
-4.4602
-6.0711
-7.04507
-7.29179
-6.72403
-5.92333
-4.41843
-2.99568
-1.39949
-0.0287133
1.17495
2.01867
2.72076
3.11158
3.32102
3.76807
3.46068
4.29803
0.0134681
0.0280447
0.0482056
0.0641116
0.0813894
0.0973608
0.113607
0.129422
0.145226
0.160814
0.176241
0.191377
0.206113
0.22026
0.2336
0.245879
0.256836
0.266233
0.273888
0.279707
0.283708
0.286036
0.286981
0.286987
0.286617
0.286468
0.287023
0.288476
0.290645
0.2931
0.295564
0.298461
0.303341
0.31311
0.331614
0.361883
0.402098
0.44549
0.486868
0.520624
0.54125
0.545825
0.532482
0.502632
0.460556
0.412295
0.362444
0.309584
0.245484
0.16143
0.0507934
-0.0929731
-0.274973
-0.50031
-0.769177
-1.08403
-1.4558
-1.83498
-2.19545
-1.86919
-3.67986
-4.9683
-6.743
-7.82953
-8.03411
-7.36057
-6.45963
-4.78634
-3.23644
-1.49436
-0.0140183
1.28996
2.19046
2.95723
3.35481
3.59423
4.04702
3.71038
4.5973
0.0141048
0.0300547
0.0515684
0.0688119
0.087395
0.104659
0.122172
0.139246
0.156294
0.173119
0.189768
0.206111
0.222024
0.237309
0.251727
0.265
0.276843
0.286993
0.295251
0.301511
0.305788
0.308236
0.309171
0.309074
0.308568
0.308321
0.308872
0.310437
0.312793
0.315416
0.317931
0.320733
0.32548
0.335419
0.354987
0.387837
0.431919
0.479476
0.524948
0.562036
0.584711
0.589608
0.574426
0.540561
0.492732
0.437847
0.381236
0.32164
0.250529
0.159179
0.040878
-0.111727
-0.304993
-0.545753
-0.83666
-1.18344
-1.59887
-2.03342
-2.42743
-2.41953
-4.04903
-5.55873
-7.47175
-8.68818
-8.82961
-8.03023
-7.01679
-5.16148
-3.47992
-1.58699
0.00561798
1.40997
2.36865
3.19964
3.5979
3.8732
4.323
3.96707
4.86324
0.0147035
0.0320573
0.0548824
0.0734698
0.0933417
0.111896
0.130668
0.148999
0.167285
0.185343
0.203213
0.220761
0.237853
0.254279
0.269777
0.284049
0.29678
0.307686
0.316545
0.323241
0.327785
0.330339
0.331241
0.331016
0.33035
0.329982
0.330518
0.332198
0.334752
0.337545
0.340084
0.342717
0.347204
0.357146
0.377663
0.413145
0.461274
0.51318
0.562949
0.603504
0.628247
0.633241
0.615662
0.576915
0.522303
0.459724
0.395369
0.328381
0.250092
0.151743
0.0263377
-0.134572
-0.338858
-0.595387
-0.909634
-1.29087
-1.75435
-2.25066
-2.729
-3.13403
-4.36992
-6.22415
-8.26381
-9.63313
-9.68714
-8.73835
-7.59748
-5.54499
-3.72639
-1.67698
0.0305858
1.53526
2.5545
3.44743
3.84323
4.1577
4.59566
4.21941
5.11475
0.0152672
0.034055
0.0581511
0.0780883
0.0992319
0.119076
0.139097
0.15868
0.178199
0.197488
0.216575
0.235327
0.2536
0.271169
0.287752
0.303026
0.316651
0.328315
0.337774
0.3449
0.3497
0.352344
0.353192
0.352812
0.351955
0.351442
0.351953
0.353751
0.356517
0.359486
0.362024
0.36441
0.368492
0.378249
0.39958
0.437753
0.490137
0.54659
0.600872
0.644996
0.671713
0.676357
0.655553
0.610848
0.548315
0.476972
0.404022
0.32926
0.243938
0.139115
0.00727789
-0.161388
-0.376506
-0.649256
-0.988277
-1.40674
-1.92275
-2.4877
-3.08535
-3.82987
-4.61232
-6.96283
-9.12506
-10.6779
-10.6164
-9.49102
-8.20479
-5.93777
-3.97595
-1.7639
0.0613005
1.66632
2.74818
3.69951
4.09634
4.4459
4.86552
4.4664
5.40022
0.0157985
0.0360503
0.061378
0.0826702
0.105068
0.1262
0.147461
0.168292
0.189038
0.209554
0.229854
0.249811
0.269265
0.28798
0.305653
0.321935
0.336458
0.348882
0.358941
0.366492
0.371538
0.374255
0.375024
0.374458
0.373378
0.372695
0.373167
0.37509
0.378085
0.38124
0.383754
0.385811
0.38933
0.398686
0.420672
0.461607
0.518478
0.579695
0.638695
0.686396
0.714778
0.718319
0.693184
0.641316
0.56978
0.4888
0.406699
0.324134
0.232215
0.121616
-0.0159138
-0.191798
-0.417625
-0.70714
-1.07246
-1.53106
-2.10413
-2.74492
-3.47624
-4.39847
-4.87143
-7.83151
-10.0637
-11.8368
-11.6276
-10.295
-8.84243
-6.34052
-4.22866
-1.84736
0.0982504
1.80361
2.9501
3.95615
4.35817
4.73814
5.13239
4.72661
5.65589
0.0162996
0.0380452
0.064566
0.087218
0.110853
0.133268
0.15576
0.177834
0.1998
0.221539
0.243051
0.264211
0.284847
0.304712
0.32348
0.340777
0.356203
0.36939
0.380048
0.388019
0.3933
0.396071
0.396736
0.395951
0.394613
0.39373
0.39415
0.396206
0.399452
0.402809
0.405277
0.406921
0.409701
0.418409
0.440869
0.484646
0.546264
0.612465
0.67633
0.727423
0.756829
0.758152
0.727369
0.667186
0.585871
0.494771
0.403336
0.313266
0.215405
0.099838
-0.0426193
-0.225217
-0.461696
-0.768591
-1.16179
-1.66344
-2.29812
-3.02235
-3.8965
-4.92714
-5.25722
-8.81343
-11.0924
-13.1243
-12.7317
-11.1575
-9.51478
-6.75417
-4.48459
-1.92699
0.14191
1.94757
3.16068
4.21778
4.62832
5.03578
5.39536
4.97904
5.90172
0.0167723
0.0400414
0.0677178
0.091734
0.116588
0.140284
0.163995
0.187307
0.210487
0.233445
0.256164
0.278527
0.300347
0.321365
0.341234
0.359552
0.375888
0.389841
0.401099
0.409485
0.414988
0.417795
0.418327
0.417289
0.415654
0.414538
0.414892
0.417091
0.420615
0.424194
0.426601
0.427741
0.429591
0.437371
0.460093
0.506807
0.573454
0.64483
0.713557
0.767523
0.796881
0.794529
0.756742
0.687463
0.596155
0.494916
0.394281
0.297243
0.194236
0.0745663
-0.0720608
-0.260917
-0.508054
-0.832983
-1.25563
-1.80319
-2.50396
-3.31984
-4.34626
-5.46206
-5.87621
-9.83963
-12.2229
-14.5548
-13.9395
-12.0865
-10.2269
-7.17998
-4.74382
-2.00235
0.192742
2.0987
3.38024
4.4846
4.90707
5.33742
5.65743
5.22055
6.19316
0.0172183
0.0420407
0.070836
0.0962202
0.122275
0.147248
0.172168
0.196712
0.221099
0.24527
0.269194
0.292758
0.315763
0.33794
0.358916
0.378263
0.395515
0.410239
0.422096
0.430891
0.436606
0.439428
0.439798
0.438467
0.436494
0.435108
0.435381
0.437735
0.441572
0.445401
0.447733
0.44828
0.44899
0.455519
0.478259
0.528018
0.59998
0.676623
0.749918
0.805764
0.833534
0.825833
0.780003
0.701583
0.600734
0.489698
0.380197
0.276875
0.169594
0.0466981
-0.103375
-0.298088
-0.555932
-0.899551
-1.35317
-1.94934
-2.72044
-3.63635
-4.82258
-6.0158
-6.74376
-10.8821
-13.4711
-16.1453
-15.2624
-13.0903
-10.9842
-7.61954
-5.00643
-2.07301
0.25121
2.25749
3.60903
4.75688
5.19467
5.64182
5.92062
5.48727
6.45832
0.0176386
0.0440444
0.0739228
0.100678
0.127916
0.15416
0.180279
0.206048
0.231634
0.257014
0.282138
0.306903
0.331096
0.354435
0.376526
0.39691
0.415085
0.430586
0.443042
0.452241
0.458155
0.460972
0.461149
0.459483
0.457124
0.45543
0.455604
0.458129
0.462318
0.466433
0.468685
0.468547
0.467889
0.472801
0.495271
0.54819
0.625712
0.70749
0.784601
0.840771
0.864981
0.850378
0.796291
0.709622
0.600207
0.479884
0.361919
0.253074
0.14242
0.0171618
-0.135677
-0.335886
-0.604495
-0.967412
-1.45339
-2.10063
-2.9459
-3.96967
-5.31887
-6.60131
-7.89877
-11.9409
-14.8702
-17.9172
-16.7114
-14.1779
-11.7925
-8.07476
-5.2725
-2.13852
0.317774
2.42442
3.8473
5.03496
5.49119
5.94964
6.18389
5.74469
6.70676
0.0180343
0.0460539
0.0769801
0.10511
0.133512
0.161023
0.188328
0.215315
0.242092
0.268676
0.294996
0.320961
0.346342
0.37085
0.394063
0.415493
0.434601
0.450883
0.463939
0.473537
0.479638
0.482428
0.482378
0.480333
0.477537
0.475491
0.475546
0.478261
0.482849
0.487295
0.48947
0.488558
0.486284
0.489157
0.511022
0.567197
0.65039
0.736775
0.816362
0.870693
0.889174
0.866864
0.805522
0.712282
0.595495
0.466377
0.340332
0.22676
0.113635
-0.0131434
-0.168102
-0.373456
-0.652856
-1.03558
-1.55515
-2.25557
-3.17825
-4.31617
-5.82646
-7.23493
-9.32266
-12.9348
-16.4184
-19.8954
-18.2974
-15.3581
-12.6575
-8.54775
-5.54217
-2.19841
0.392889
2.59995
4.0952
5.31916
5.79663
6.26118
6.44924
6.02049
6.97833
0.018406
0.0480704
0.0800096
0.109517
0.139065
0.167836
0.196316
0.224513
0.252472
0.280254
0.307766
0.334929
0.361502
0.387184
0.411527
0.434014
0.454063
0.471133
0.484791
0.494783
0.501058
0.503798
0.503486
0.501013
0.497724
0.495276
0.495193
0.498119
0.503163
0.507996
0.510105
0.508333
0.504175
0.504527
0.525378
0.584832
0.673515
0.763443
0.843488
0.89325
0.904288
0.874886
0.808434
0.710662
0.587639
0.450074
0.316265
0.198777
0.0840849
-0.0433824
-0.19982
-0.409936
-0.700077
-1.103
-1.65717
-2.41245
-3.415
-4.67126
-6.33792
-7.9214
-10.7793
-13.6993
-18.067
-22.1067
-20.0318
-16.6395
-13.5845
-9.04066
-5.81569
-2.25221
0.477005
2.78454
4.35285
5.60987
6.11088
6.57619
6.71748
6.29642
7.19633
0.0187542
0.0500951
0.0830129
0.1139
0.144575
0.174601
0.204242
0.233642
0.262774
0.291747
0.320447
0.348807
0.376573
0.403434
0.428918
0.452472
0.473473
0.491338
0.505599
0.51598
0.522417
0.525084
0.524473
0.52152
0.517676
0.514772
0.514526
0.517688
0.523254
0.528543
0.53061
0.527899
0.521568
0.518837
0.538156
0.600723
0.69428
0.786065
0.863721
0.906103
0.909424
0.875124
0.806314
0.705987
0.577639
0.431771
0.29042
0.169849
0.0545111
-0.0727896
-0.230026
-0.444448
-0.745183
-1.16855
-1.75815
-2.56954
-3.65356
-5.0303
-6.84854
-8.64426
-11.9435
-14.3668
-19.8767
-24.5806
-21.9277
-18.0302
-14.5787
-9.55542
-6.09349
-2.29945
0.570559
2.97859
4.62031
5.90746
6.43371
6.89422
6.9893
6.5691
7.47128
0.0190791
0.0521291
0.0859912
0.11826
0.150044
0.181316
0.212107
0.2427
0.272996
0.303153
0.333035
0.362591
0.391552
0.419599
0.446233
0.470867
0.492831
0.511499
0.526365
0.537131
0.543717
0.546288
0.545339
0.541849
0.537383
0.533962
0.533526
0.536955
0.543119
0.548944
0.551009
0.547291
0.538474
0.531997
0.549074
0.614252
0.711604
0.802718
0.874378
0.907678
0.905061
0.869055
0.80062
0.699408
0.566352
0.412091
0.263331
0.140562
0.0255549
-0.100652
-0.257925
-0.476103
-0.78721
-1.23123
-1.85694
-2.72531
-3.89167
-5.38951
-7.35633
-9.38881
-12.8896
-15.1388
-21.7635
-27.352
-24.0002
-19.5381
-15.645
-10.0936
-6.37616
-2.33969
0.673976
3.18248
4.89759
6.2123
6.76481
7.21503
7.26554
6.86828
7.72367
0.0193807
0.0541733
0.0889456
0.122598
0.155472
0.187983
0.219909
0.251686
0.283136
0.31447
0.345529
0.376279
0.406437
0.435678
0.463473
0.489198
0.512139
0.531618
0.547093
0.558239
0.564961
0.567411
0.566083
0.561997
0.556835
0.552828
0.552173
0.555901
0.562752
0.56921
0.571329
0.56655
0.554904
0.543862
0.557666
0.624617
0.72416
0.810772
0.873106
0.898004
0.892838
0.858432
0.79271
0.691899
0.554451
0.391467
0.235352
0.111367
-0.00222004
-0.126282
-0.282724
-0.504035
-0.82531
-1.29026
-1.95282
-2.87886
-4.12803
-5.74702
-7.86395
-10.1559
-13.7331
-16.2301
-23.636
-30.4828
-26.2651
-21.1714
-16.7879
-10.6563
-6.66437
-2.37247
0.787665
3.39653
5.18463
6.52474
7.10373
7.53795
7.54616
7.15767
7.93508
0.0196589
0.0562287
0.0918771
0.126914
0.160858
0.194601
0.227649
0.2606
0.293193
0.325696
0.357926
0.389867
0.421225
0.451666
0.480633
0.507466
0.531396
0.551696
0.567782
0.579305
0.586152
0.588457
0.586707
0.58196
0.57602
0.57135
0.570442
0.574508
0.582148
0.589353
0.591601
0.585725
0.570854
0.554166
0.563288
0.63105
0.72999
0.8072
0.859115
0.878755
0.874874
0.844881
0.783707
0.684221
0.542417
0.370137
0.206673
0.0826122
-0.0282966
-0.149005
-0.303658
-0.527507
-0.858948
-1.34545
-2.04589
-3.03042
-4.36298
-6.10369
-8.37718
-10.9462
-14.5592
-17.8042
-25.5532
-34.0911
-28.7412
-22.9374
-18.0106
-11.2437
-6.95862
-2.39738
0.91202
3.62098
5.48132
6.84509
7.44994
7.86216
7.8322
7.4373
8.20738
0.0199133
0.0582964
0.0947862
0.131209
0.166205
0.201169
0.235325
0.269439
0.303164
0.336827
0.370222
0.403352
0.435912
0.467561
0.497713
0.525668
0.550602
0.571734
0.588435
0.600332
0.607291
0.609426
0.607211
0.601734
0.594927
0.589509
0.588307
0.592755
0.6013
0.609384
0.611859
0.604861
0.58625
0.562425
0.565455
0.632689
0.726052
0.789974
0.833802
0.852453
0.853154
0.829721
0.774474
0.676937
0.530559
0.348168
0.17734
0.0545689
-0.0521842
-0.168171
-0.32007
-0.546079
-0.888189
-1.39751
-2.13749
-3.18188
-4.59894
-6.46316
-8.90324
-11.759
-15.4791
-20.1329
-27.5938
-38.3252
-31.4501
-24.8427
-19.315
-11.8553
-7.25897
-2.41392
1.04743
3.856
5.78749
7.17355
7.80285
8.1873
8.12491
7.75159
8.4568
0.0201434
0.0603772
0.0976736
0.135484
0.171511
0.207688
0.242936
0.278202
0.313048
0.347861
0.382415
0.41673
0.450494
0.483359
0.51471
0.543803
0.569758
0.591732
0.609054
0.621321
0.628381
0.630323
0.627597
0.621316
0.613543
0.60728
0.60574
0.610618
0.620201
0.629317
0.632132
0.62397
0.600806
0.568087
0.564351
0.627641
0.709025
0.75955
0.800045
0.821538
0.829251
0.813936
0.765644
0.670456
0.519055
0.325473
0.147278
0.0274503
-0.0734203
-0.183209
-0.331561
-0.559899
-0.914074
-1.44851
-2.23064
-3.33701
-4.84035
-6.8312
-9.44959
-12.5974
-16.5916
-23.1353
-29.6104
-43.2216
-34.4159
-26.8915
-20.7008
-12.4896
-7.5648
-2.42153
1.19429
4.10169
6.10286
7.51023
8.16171
8.51259
8.4233
8.04074
8.66669
0.0203484
0.062472
0.10054
0.139739
0.176776
0.214156
0.250482
0.286887
0.322841
0.358795
0.394499
0.429997
0.464967
0.499056
0.53162
0.56187
0.588863
0.611692
0.629639
0.642273
0.649425
0.651149
0.647865
0.640702
0.631855
0.624639
0.622707
0.628071
0.638844
0.64916
0.652429
0.642918
0.613846
0.571143
0.56001
0.612242
0.67752
0.718787
0.760864
0.787917
0.804305
0.798222
0.757685
0.665087
0.507981
0.301832
0.116299
0.0014145
-0.091601
-0.193745
-0.33824
-0.570064
-0.939019
-1.50218
-2.33011
-3.50121
-5.09293
-7.21458
-10.0234
-13.4698
-17.9203
-26.0994
-31.5527
-48.9407
-37.6506
-29.0848
-22.1666
-13.145
-7.87468
-2.41942
1.35305
4.35805
6.4271
7.85511
8.52574
8.83736
8.72908
8.34641
8.92633
0.0205275
0.0645818
0.103384
0.143972
0.182001
0.220572
0.25796
0.295492
0.332541
0.369625
0.40647
0.443148
0.479326
0.514647
0.548439
0.579866
0.607915
0.631614
0.650191
0.663191
0.670423
0.671907
0.668018
0.659889
0.649851
0.641559
0.639174
0.645085
0.657214
0.668908
0.672684
0.66117
0.624575
0.57265
0.550279
0.582613
0.633664
0.671536
0.718587
0.752914
0.779097
0.783079
0.75097
0.661092
0.497346
0.276889
0.0841024
-0.0234493
-0.10645
-0.199793
-0.341069
-0.579027
-0.96714
-1.56404
-2.44213
-3.68058
-5.3626
-7.61975
-10.6308
-14.3844
-19.4453
-28.7199
-33.6377
-55.5419
-41.1321
-31.419
-23.7098
-13.8188
-8.18619
-2.40642
1.52426
4.62503
6.75972
8.20799
8.89402
9.16118
9.04181
8.63908
9.12105
0.0206795
0.0667074
0.106208
0.148185
0.187184
0.226936
0.265369
0.304014
0.342144
0.380346
0.418325
0.456176
0.493564
0.530127
0.565163
0.597787
0.626914
0.651497
0.67071
0.684074
0.691379
0.6926
0.688058
0.678875
0.667515
0.658009
0.6551
0.661626
0.675293
0.688523
0.692576
0.677547
0.633027
0.573851
0.532665
0.537341
0.581024
0.620594
0.674773
0.717443
0.754142
0.768901
0.74585
0.658736
0.487111
0.250153
0.0502626
-0.04715
-0.117942
-0.202051
-0.342275
-0.59094
-1.00437
-1.641
-2.57328
-3.88074
-5.65439
-8.0518
-11.2761
-15.3487
-21.1551
-31.1946
-36.2973
-62.6278
-44.8659
-33.8856
-25.3263
-14.508
-8.49583
-2.38086
1.70867
4.90254
7.10012
8.56848
9.26554
9.48364
9.36177
8.92145
9.37697
0.0208034
0.0688497
0.10901
0.152378
0.192324
0.233245
0.272707
0.31245
0.351647
0.390954
0.430057
0.469077
0.507676
0.545489
0.581787
0.615631
0.645858
0.67134
0.691196
0.704924
0.712293
0.713231
0.707988
0.697658
0.684835
0.673958
0.670441
0.677651
0.693038
0.70785
0.711194
0.690736
0.639717
0.56962
0.493608
0.478863
0.522358
0.568294
0.63016
0.68202
0.729839
0.756056
0.742705
0.658325
0.477205
0.22098
0.014223
-0.0698442
-0.126502
-0.202286
-0.345715
-0.611815
-1.05816
-1.74026
-2.7291
-4.1057
-5.97164
-8.51386
-11.9612
-16.3687
-23.0446
-33.6135
-39.7588
-70.2094
-48.888
-36.4756
-27.0111
-15.2084
-8.79904
-2.34044
1.90729
5.19048
7.44754
8.93602
9.63917
9.80468
9.68923
9.23542
9.61158
0.0208976
0.0710095
0.111791
0.156548
0.197422
0.239498
0.279971
0.320798
0.361046
0.401446
0.441661
0.481844
0.521654
0.560727
0.598305
0.633393
0.664745
0.691143
0.711649
0.725738
0.733166
0.733804
0.727811
0.716237
0.701795
0.689372
0.685145
0.693105
0.710362
0.726382
0.726889
0.700329
0.643875
0.552433
0.43229
0.416353
0.456926
0.51534
0.585354
0.647005
0.706517
0.744958
0.741996
0.660246
0.467538
0.18857
-0.0247079
-0.0919265
-0.13331
-0.203713
-0.357095
-0.649357
-1.13638
-1.86761
-2.91286
-4.35724
-6.31558
-9.00659
-12.6856
-17.4482
-25.1052
-36.0488
-44.1885
-78.1999
-53.2104
-39.1774
-28.7561
-15.9139
-9.09031
-2.28224
2.12157
5.48886
7.80104
9.30981
10.0136
10.1241
10.0224
9.52481
9.7968
0.0209609
0.0731878
0.11455
0.160697
0.202475
0.245693
0.28716
0.329053
0.370336
0.411814
0.453131
0.49447
0.535491
0.575834
0.614712
0.65107
0.683571
0.710904
0.732066
0.746518
0.754
0.754321
0.747534
0.734613
0.718382
0.70421
0.699148
0.707906
0.727025
0.742896
0.738087
0.707986
0.646983
0.511244
0.364284
0.35399
0.389228
0.462899
0.540561
0.612809
0.684586
0.736095
0.744298
0.664994
0.458011
0.151965
-0.0673582
-0.11419
-0.140644
-0.211257
-0.383991
-0.7121
-1.24549
-2.02599
-3.12503
-4.63476
-6.68506
-9.5278
-13.4453
-18.5877
-27.321
-38.5504
-49.6543
-86.401
-57.8089
-41.9715
-30.5484
-16.6171
-9.36345
-2.20279
2.35343
5.79784
8.15952
9.68888
10.3875
10.4418
10.3612
9.79855
10.0478
0.0209913
0.0753853
0.117287
0.164823
0.207483
0.251829
0.29427
0.337213
0.379515
0.422055
0.46446
0.506947
0.549179
0.590802
0.630998
0.668655
0.702335
0.730621
0.752447
0.767261
0.774794
0.774787
0.767161
0.752788
0.73458
0.718427
0.712369
0.721916
0.742378
0.755615
0.74493
0.715273
0.637841
0.453719
0.29524
0.289007
0.320093
0.411009
0.496265
0.579904
0.664529
0.730079
0.750326
0.673215
0.448543
0.110061
-0.114711
-0.138042
-0.152131
-0.231735
-0.435403
-0.807514
-1.38861
-2.21487
-3.36334
-4.93529
-7.07633
-10.0719
-14.2326
-19.7821
-29.6635
-41.139
-56.134
-94.5787
-62.638
-44.8271
-32.3692
-17.3095
-9.61176
-2.09817
2.60543
6.11787
8.52174
10.0721
10.7592
10.7577
10.7057
10.1103
10.2876
0.0209873
0.077603
0.12
0.168925
0.212443
0.257902
0.301299
0.345274
0.388576
0.432161
0.475641
0.519267
0.562709
0.60562
0.647158
0.686144
0.721032
0.750291
0.772787
0.787963
0.795547
0.795205
0.7867
0.770764
0.750371
0.731964
0.724697
0.734816
0.75511
0.763763
0.751063
0.722614
0.604052
0.395684
0.221922
0.223081
0.251056
0.36011
0.452928
0.548811
0.646916
0.727628
0.760967
0.68575
0.439093
0.061629
-0.167948
-0.165619
-0.172927
-0.273987
-0.52014
-0.939558
-1.56463
-2.43054
-3.62311
-5.25336
-7.48244
-10.629
-15.0344
-21.0183
-32.0875
-43.8104
-63.5741
-102.505
-67.6406
-47.7007
-34.1953
-17.982
-9.82805
-1.96409
2.88071
6.44981
8.88639
10.4581
11.127
11.0719
11.0526
10.3875
10.4774
0.0209467
0.0798417
0.12269
0.173002
0.217354
0.263912
0.308243
0.353231
0.397514
0.442128
0.486667
0.531422
0.576071
0.620279
0.663181
0.703528
0.739657
0.769911
0.793084
0.808622
0.816259
0.815577
0.806158
0.788545
0.765733
0.744745
0.735958
0.745888
0.763842
0.769395
0.762141
0.715383
0.562656
0.33612
0.14431
0.156723
0.182882
0.310706
0.41108
0.520069
0.632387
0.729594
0.777313
0.703686
0.429695
0.00530874
-0.228395
-0.199631
-0.210336
-0.348169
-0.643885
-1.10714
-1.76867
-2.6668
-3.89739
-5.58063
-7.89247
-11.1838
-15.8304
-22.2719
-34.5297
-46.5471
-71.9253
-110.041
-72.7834
-50.54
-36.0007
-18.6261
-10.0046
-1.79606
3.183
6.79505
9.25213
10.8455
11.4893
11.3837
11.4025
10.6791
10.7448
0.0208675
0.0821024
0.125355
0.177053
0.222215
0.269854
0.315099
0.36108
0.406325
0.451947
0.49753
0.543401
0.589254
0.634769
0.679058
0.720801
0.758207
0.789477
0.813333
0.829232
0.836926
0.835908
0.825543
0.806131
0.780629
0.756666
0.745799
0.753979
0.76863
0.775565
0.773983
0.690363
0.524964
0.271675
0.0641917
0.0892008
0.116503
0.263115
0.371297
0.494296
0.621672
0.736972
0.800703
0.72844
0.420452
-0.0604624
-0.296921
-0.243584
-0.274789
-0.462878
-0.806496
-1.30445
-1.99317
-2.91546
-4.17671
-5.90521
-8.29067
-11.7149
-16.5927
-23.505
-36.9102
-49.3318
-81.1483
-116.786
-78.003
-53.2874
-37.7562
-19.2336
-10.1329
-1.58944
3.5164
7.15568
9.61776
11.2327
11.8439
11.6928
11.7532
10.9509
10.9594
0.0207474
0.0843858
0.127994
0.181078
0.227024
0.275725
0.321864
0.368817
0.415003
0.461613
0.50822
0.555194
0.602247
0.649077
0.694778
0.737954
0.776674
0.808985
0.833527
0.849786
0.857545
0.8562
0.84486
0.823513
0.795007
0.767553
0.753559
0.758377
0.772846
0.788683
0.770031
0.665375
0.486624
0.203883
-0.0173505
0.0197222
0.0529671
0.217793
0.334234
0.472131
0.615596
0.750918
0.832778
0.761838
0.411331
-0.137281
-0.372448
-0.304079
-0.378818
-0.620766
-1.00168
-1.52265
-2.22881
-3.16628
-4.44869
-6.21115
-8.65607
-12.1948
-17.2859
-24.6682
-39.1404
-52.1385
-91.0689
-122.479
-83.2644
-55.8843
-39.4334
-19.7942
-10.204
-1.33963
3.88523
7.53454
9.98233
11.6183
12.1888
11.9983
12.104
11.2077
11.2569
0.0205841
0.086693
0.130606
0.185073
0.231777
0.281524
0.328534
0.376437
0.423541
0.471118
0.51873
0.566791
0.615036
0.66319
0.710328
0.754978
0.795053
0.828427
0.85366
0.870277
0.87811
0.876451
0.864107
0.840666
0.808774
0.777087
0.758419
0.759803
0.778718
0.802857
0.753705
0.64528
0.445481
0.134764
-0.0995382
-0.0529754
-0.00685896
0.175067
0.300604
0.45428
0.615076
0.772765
0.875553
0.80612
0.401438
-0.225117
-0.451607
-0.394498
-0.531537
-0.816194
-1.21913
-1.75134
-2.46484
-3.40688
-4.69788
-6.47869
-8.96359
-12.592
-17.8706
-25.7065
-41.1348
-54.9386
-101.221
-126.855
-88.4703
-58.2713
-41.0006
-20.2934
-10.209
-1.04207
4.29378
7.93522
10.3454
12.0006
12.5218
12.2994
12.4536
11.4946
11.5536
0.0203748
0.0890248
0.133191
0.189038
0.236473
0.287247
0.335104
0.383935
0.431934
0.480454
0.529049
0.57818
0.62761
0.677093
0.725695
0.771862
0.813336
0.847798
0.873723
0.890693
0.898611
0.896653
0.883264
0.857531
0.821765
0.784777
0.760336
0.761979
0.791806
0.802851
0.740787
0.625021
0.403282
0.0652717
-0.180818
-0.130645
-0.061972
0.135406
0.271166
0.44148
0.621122
0.804044
0.931505
0.863529
0.387773
-0.318221
-0.535409
-0.534035
-0.731547
-1.03733
-1.4471
-1.97934
-2.68916
-3.62289
-4.90657
-6.68624
-9.18747
-12.8764
-18.3107
-26.57
-42.8251
-57.6895
-110.978
-130.041
-93.4837
-60.3979
-42.4271
-20.717
-10.1405
-0.692304
4.74612
8.362
10.7071
12.3784
12.8405
12.5946
12.7988
11.7519
11.8391
0.020117
0.0913822
0.135745
0.19297
0.241109
0.29289
0.341571
0.391305
0.440175
0.489613
0.539168
0.589348
0.639952
0.69077
0.740864
0.788593
0.831514
0.867091
0.893706
0.911022
0.919032
0.91678
0.90228
0.873991
0.833693
0.790216
0.760596
0.767207
0.807794
0.793637
0.732853
0.603502
0.361356
-0.00367824
-0.258611
-0.214373
-0.111472
0.0992554
0.246737
0.43452
0.63484
0.846513
1.00361
0.934687
0.365928
-0.401108
-0.639642
-0.737272
-0.965394
-1.2705
-1.67371
-2.19495
-2.88871
-3.79912
-5.05733
-6.8145
-9.30705
-13.0262
-18.5816
-27.2255
-44.1716
-60.3535
-119.962
-132.354
-98.1479
-62.232
-43.6582
-21.0561
-9.99196
-0.286027
5.24592
8.81958
11.0685
12.7505
13.1424
12.8822
13.1394
11.9867
12.2227
0.0198077
0.0937661
0.13827
0.196869
0.245683
0.298449
0.34793
0.398542
0.448257
0.498586
0.549076
0.600283
0.652047
0.704205
0.755818
0.80516
0.849579
0.886297
0.913596
0.931244
0.939343
0.936778
0.921044
0.889833
0.844215
0.793819
0.762362
0.779049
0.814122
0.788729
0.725355
0.582307
0.320031
-0.0707153
-0.32927
-0.302375
-0.154294
0.0671842
0.228161
0.43423
0.657427
0.902197
1.095
1.01486
0.336
-0.455017
-0.790818
-1.0012
-1.21558
-1.50278
-1.88728
-2.38649
-3.05078
-3.92215
-5.13697
-6.85167
-9.31274
-13.0342
-18.6771
-27.6633
-45.17
-62.905
-127.654
-133.461
-102.326
-63.726
-44.6522
-21.3011
-9.75743
0.180856
5.79634
9.31286
11.4318
13.1159
13.4249
13.1603
13.4733
12.2627
12.5914
0.0194439
0.0961774
0.140761
0.200731
0.250191
0.303921
0.354176
0.40564
0.456173
0.507366
0.558761
0.610971
0.663879
0.717378
0.770539
0.821546
0.86752
0.905406
0.933377
0.951328
0.959485
0.956538
0.939357
0.904728
0.853196
0.797138
0.768306
0.796689
0.812511
0.788811
0.717492
0.562377
0.279595
-0.13432
-0.388659
-0.390087
-0.189345
0.0398976
0.216308
0.441477
0.690166
0.973421
1.20737
1.09012
0.308269
-0.498806
-1.06518
-1.30629
-1.46103
-1.72395
-2.07686
-2.54346
-3.16523
-3.98357
-5.1403
-6.79697
-9.2087
-12.9093
-18.61
-27.8968
-45.8459
-65.2841
-133.558
-133.39
-105.741
-64.8372
-45.3937
-21.4422
-9.43198
0.712151
6.39995
9.84649
11.8004
13.4744
13.6852
13.427
13.7973
12.4962
13.0133
0.0190223
0.098617
0.143219
0.204554
0.254631
0.309302
0.360304
0.412593
0.463916
0.515941
0.568213
0.621396
0.675429
0.730268
0.785007
0.837737
0.885327
0.924407
0.953026
0.971223
0.979359
0.975868
0.956895
0.918334
0.861121
0.802441
0.779791
0.812097
0.813953
0.790232
0.710482
0.543924
0.240559
-0.193254
-0.43364
-0.471909
-0.215598
0.0182752
0.212024
0.457143
0.734417
1.06269
1.33653
1.13919
0.303662
-0.591699
-1.45732
-1.64225
-1.69495
-1.92366
-2.23398
-2.65837
-3.22692
-3.98219
-5.07115
-6.65983
-9.01009
-12.6726
-18.4069
-27.9561
-46.2445
-67.4297
-137.445
-132.348
-108.117
-65.5591
-45.8688
-21.4721
-9.012
1.31125
7.05882
10.4246
12.1791
13.8261
13.9206
13.6794
14.1099
12.7526
13.4614
0.0185396
0.101086
0.145641
0.208336
0.258998
0.314586
0.366309
0.419395
0.471478
0.524304
0.577418
0.631544
0.686678
0.742854
0.799198
0.853713
0.902985
0.943283
0.972505
0.990843
0.998788
0.994457
0.973223
0.930505
0.869157
0.811816
0.797828
0.821756
0.820312
0.792023
0.704971
0.527189
0.203516
-0.246477
-0.462793
-0.541286
-0.232426
0.00332676
0.216102
0.482083
0.791644
1.17191
1.46676
1.15408
0.352715
-0.873873
-1.83248
-1.99184
-1.90059
-2.09579
-2.35313
-2.72866
-3.2368
-3.92352
-4.9398
-6.45531
-8.73689
-12.3497
-18.1004
-27.8775
-46.4143
-69.2893
-139.37
-130.295
-109.365
-65.9121
-46.0672
-21.3866
-8.49495
1.98099
7.77454
11.0506
12.5739
14.1725
14.1285
13.9152
14.4091
13.0014
13.9447
0.0179922
0.103585
0.148025
0.212074
0.26329
0.31977
0.372186
0.426038
0.478851
0.532444
0.586366
0.641397
0.697605
0.75511
0.813089
0.869455
0.920479
0.962009
0.991748
1.01004
1.01749
1.01186
0.987899
0.941444
0.878474
0.825346
0.819764
0.8312
0.828898
0.794845
0.701105
0.512567
0.169129
-0.29304
-0.47806
-0.592026
-0.239633
-0.00382953
0.229198
0.517095
0.86337
1.29943
1.57039
1.16129
0.443536
-1.38718
-2.13726
-2.34193
-2.07021
-2.23753
-2.4334
-2.75671
-3.20088
-3.81694
-4.75859
-6.19883
-8.40849
-11.9657
-17.7228
-27.6947
-46.3942
-70.8082
-139.556
-127.404
-109.516
-65.9209
-45.9855
-21.1843
-7.8797
2.72349
8.54834
11.7265
12.9923
14.5158
14.306
14.1309
14.6931
13.2242
14.5158
0.0173766
0.106114
0.15037
0.215765
0.267503
0.324848
0.377929
0.432517
0.486027
0.540351
0.595042
0.65094
0.708188
0.767011
0.826652
0.884939
0.937786
0.98054
1.01064
1.02858
1.03507
1.02756
1.00063
0.951627
0.889742
0.842124
0.840565
0.84373
0.838368
0.799082
0.699022
0.500459
0.138268
-0.331741
-0.485993
-0.61991
-0.237493
-0.00216681
0.251814
0.5629
0.950904
1.43527
1.62259
1.19995
0.406696
-1.93774
-2.39602
-2.65745
-2.20739
-2.34878
-2.47817
-2.74858
-3.12735
-3.67211
-4.53836
-5.90327
-8.04142
-11.5433
-17.3024
-27.4326
-46.2085
-71.9412
-138.21
-123.871
-108.633
-65.6015
-45.6289
-20.8667
-7.16702
3.54013
9.38113
12.4537
13.443
14.8604
14.4524
14.3251
14.961
13.5426
15.0478
0.0166888
0.108675
0.152672
0.219405
0.271632
0.329816
0.383532
0.438824
0.492998
0.548016
0.603434
0.660154
0.718404
0.778528
0.839857
0.900136
0.954871
0.998797
1.02901
1.04611
1.05101
1.04104
1.01132
0.961498
0.902999
0.861332
0.858813
0.858256
0.84869
0.804767
0.698949
0.491205
0.112117
-0.360409
-0.49731
-0.622127
-0.226881
0.00921118
0.284218
0.620128
1.05418
1.55793
1.63466
1.3437
0.0738752
-2.41699
-2.63488
-2.90448
-2.3183
-2.43218
-2.49368
-2.71145
-3.02389
-3.49654
-4.28714
-5.57873
-7.64982
-11.1026
-16.8608
-27.104
-45.8675
-72.6642
-135.569
-119.845
-106.811
-64.9716
-45.0156
-20.4378
-6.35987
4.4315
10.2734
13.2323
13.9362
15.2108
14.5656
14.491
15.2021
13.8124
15.5566
0.015925
0.111268
0.15493
0.222992
0.275673
0.334668
0.388989
0.444951
0.499754
0.555426
0.611527
0.669021
0.728227
0.78963
0.852669
0.915008
0.971671
1.01664
1.04656
1.06217
1.06475
1.05193
1.02006
0.971208
0.91759
0.881932
0.876298
0.873415
0.859932
0.811894
0.701097
0.485093
0.0922289
-0.375296
-0.527071
-0.599193
-0.208739
0.0308296
0.326456
0.689198
1.16886
1.6371
1.62711
1.5193
-0.423243
-2.84981
-2.88988
-3.07377
-2.41144
-2.49151
-2.48641
-2.65126
-2.89575
-3.29492
-4.01075
-5.23388
-7.24704
-10.6611
-16.4114
-26.71
-45.3726
-72.9768
-131.914
-115.478
-104.205
-64.065
-44.1775
-19.9021
-5.46335
5.39735
11.225
14.0615
14.4832
15.5747
14.6506
14.6317
15.4348
14.0954
15.6618
0.0150813
0.113892
0.157141
0.226521
0.279623
0.339398
0.394293
0.450892
0.506288
0.562572
0.619309
0.677522
0.737633
0.800282
0.865045
0.929499
0.988084
1.03386
1.06289
1.07624
1.07582
1.06004
1.027
0.980675
0.932586
0.902359
0.893863
0.888684
0.871975
0.820483
0.705636
0.482406
0.0808567
-0.368256
-0.580315
-0.555978
-0.183836
0.0627512
0.378357
0.770052
1.28315
1.65721
1.6565
1.5096
-0.873071
-3.24933
-3.20995
-3.17682
-2.49371
-2.53027
-2.46107
-2.57148
-2.74555
-3.07005
-3.71455
-4.87754
-6.84677
-10.2331
-15.9584
-26.2433
-44.7227
-72.8981
-127.517
-110.929
-101.004
-62.9258
-43.1523
-19.2638
-4.4845
6.43646
12.235
14.9403
15.0991
15.9557
14.7056
14.7317
15.5981
14.8209
16.2362
0.0141535
0.116548
0.159303
0.229989
0.283475
0.344001
0.399438
0.456639
0.512591
0.569443
0.626765
0.685639
0.746594
0.810446
0.876932
0.943523
1.00394
1.0501
1.07752
1.08781
1.08388
1.0654
1.03241
0.989776
0.947245
0.921433
0.911166
0.903912
0.884661
0.830544
0.71268
0.483341
0.0803648
-0.329744
-0.638
-0.49915
-0.152502
0.104606
0.439523
0.861104
1.3764
1.63735
1.78343
1.21298
-1.25455
-3.5818
-3.60925
-3.23795
-2.56949
-2.55053
-2.42012
-2.4732
-2.57408
-2.82452
-3.40491
-4.51965
-6.46299
-9.8273
-15.4973
-25.6928
-43.9203
-72.4598
-122.605
-106.328
-97.3891
-61.5947
-41.9755
-18.5273
-3.43198
7.54632
13.3015
15.8669
15.7988
16.3547
14.75
14.7911
15.7277
14.6509
14.2582
0.0131378
0.119236
0.161413
0.23339
0.287226
0.348469
0.404417
0.462183
0.518652
0.576028
0.633881
0.69335
0.755079
0.820078
0.888257
0.956943
1.01895
1.06494
1.08994
1.09645
1.08878
1.06832
1.0367
0.998489
0.96121
0.938912
0.927778
0.918969
0.897866
0.84205
0.722246
0.487896
0.0917655
-0.262273
-0.666259
-0.434519
-0.114345
0.155564
0.509311
0.95712
1.42453
1.60249
1.92149
0.83279
-1.61686
-3.80414
-4.03612
-3.27612
-2.63947
-2.55303
-2.36407
-2.35608
-2.38186
-2.56253
-3.08977
-4.17176
-6.10835
-9.4453
-15.0189
-25.0503
-42.9736
-71.7
-117.374
-101.778
-93.5153
-60.1081
-40.6802
-17.7001
-2.3153
8.72287
14.4209
16.8363
16.6083
16.7699
14.786
14.7446
15.9486
14.1448
15.0348
0.0120301
0.121954
0.163467
0.23672
0.290869
0.352798
0.409223
0.467517
0.524465
0.582317
0.640644
0.700637
0.763058
0.829121
0.898918
0.969553
1.03276
1.07789
1.09973
1.10199
1.09079
1.06939
1.04026
1.00679
0.974375
0.954938
0.943505
0.93372
0.911496
0.854962
0.73426
0.495982
0.113954
-0.192035
-0.64075
-0.365825
-0.0687833
0.214485
0.58662
1.04727
1.42213
1.60932
1.88903
0.526363
-1.98223
-3.90525
-4.41444
-3.29525
-2.70087
-2.5375
-2.29238
-2.21946
-2.1706
-2.29076
-2.77833
-3.84681
-5.79147
-9.08235
-14.5138
-24.3145
-41.8961
-70.6581
-111.994
-97.3612
-89.521
-58.5041
-39.2982
-16.793
-1.14379
9.96031
15.5886
17.8532
17.5878
17.1272
14.7189
14.5199
16.1066
14.2078
17.333
0.0108267
0.124702
0.165463
0.239974
0.294401
0.35698
0.413848
0.472632
0.530018
0.588298
0.64704
0.707478
0.770493
0.837506
0.908767
0.981057
1.0449
1.08846
1.10648
1.10422
1.09028
1.06936
1.04351
1.01473
0.986765
0.969631
0.958303
0.948069
0.925478
0.86924
0.748575
0.508075
0.1466
-0.162408
-0.561192
-0.295322
-0.0157269
0.279998
0.669056
1.11527
1.39165
1.70096
1.64635
0.27672
-2.34703
-3.90953
-4.70032
-3.29295
-2.74924
-2.50321
-2.20414
-2.06315
-1.94439
-2.01797
-2.48063
-3.55786
-5.51472
-8.73027
-13.9772
-23.4932
-40.7037
-69.3712
-106.615
-93.1391
-85.525
-56.8207
-37.8582
-15.8174
0.0739024
11.2512
16.7974
18.8952
18.7083
17.3614
14.5039
13.8698
15.9933
15.5096
20.2489
0.00952393
0.127479
0.167398
0.243146
0.297814
0.361008
0.418286
0.477521
0.535304
0.593962
0.653054
0.713851
0.77734
0.84514
0.917599
0.991071
1.05486
1.09615
1.11006
1.1039
1.0883
1.0688
1.0466
1.02228
0.998461
0.983108
0.972183
0.961963
0.939777
0.884857
0.765112
0.526693
0.198508
-0.181166
-0.451753
-0.223993
0.0438715
0.350573
0.751419
1.14572
1.35741
1.80145
1.3803
0.0348692
-2.70437
-3.85956
-4.88332
-3.26859
-2.77984
-2.44938
-2.09845
-1.88818
-1.71042
-1.75331
-2.20764
-3.31535
-5.2739
-8.38183
-13.4121
-22.6021
-39.4116
-67.8715
-101.356
-89.149
-81.6196
-55.0899
-36.3827
-14.7844
1.32936
12.5865
18.0404
19.9768
20.4537
17.2898
14.0702
13.0006
15.8565
17.8807
20.4003
0.0081186
0.130282
0.169268
0.246231
0.301103
0.364876
0.422529
0.482175
0.540312
0.599296
0.658672
0.719729
0.783549
0.851902
0.925149
0.999203
1.06229
1.1009
1.11049
1.10083
1.08538
1.0683
1.04969
1.02946
1.00952
0.995502
0.985182
0.975388
0.954384
0.901709
0.78359
0.554905
0.270508
-0.199661
-0.342235
-0.151865
0.10807
0.4244
0.82473
1.14151
1.36383
1.77475
1.19866
-0.209871
-3.04961
-3.79894
-4.96637
-3.2243
-2.78852
-2.37548
-1.97463
-1.69766
-1.47843
-1.50443
-1.97143
-3.12372
-5.06077
-8.03421
-12.8287
-21.6618
-38.0321
-66.1847
-96.3047
-85.4046
-77.8683
-53.3347
-34.8887
-13.7035
2.61365
13.9554
19.3033
21.0458
22.8967
17.407
13.7586
11.8282
15.9161
20.1713
24.9066
0.00660788
0.133108
0.171071
0.249223
0.304262
0.368576
0.426569
0.486585
0.545034
0.604291
0.663878
0.725086
0.789055
0.857639
0.931141
1.0051
1.06663
1.10165
1.10746
1.09684
1.08227
1.06784
1.05272
1.03622
1.01983
1.00694
0.997343
0.988361
0.969308
0.919496
0.803416
0.591648
0.320286
-0.161183
-0.243081
-0.0788355
0.174671
0.498626
0.8777
1.12574
1.43664
1.61187
1.07295
-0.443412
-3.37456
-3.76821
-4.95991
-3.16273
-2.77219
-2.28124
-1.83261
-1.49795
-1.25835
-1.27764
-1.78378
-2.97957
-4.86691
-7.69037
-12.2429
-20.6945
-36.5739
-64.329
-91.5211
-81.8971
-74.3088
-51.57
-33.3884
-12.5839
3.91714
15.3454
20.5717
22.0019
25.0343
18.3062
14.0106
10.8839
16.3796
23.0287
34.5287
0.00498957
0.135954
0.172802
0.252115
0.307285
0.3721
0.430397
0.490742
0.54946
0.608934
0.668655
0.729888
0.793785
0.862183
0.935311
1.00844
1.06785
1.09899
1.10307
1.09289
1.07939
1.06751
1.0558
1.04261
1.02926
1.01746
1.00869
1.00093
0.984569
0.937873
0.825801
0.638868
0.32239
-0.0709059
-0.150842
-0.00536763
0.241616
0.56824
0.902936
1.11797
1.51552
1.45725
0.961003
-0.65123
-3.66281
-3.80578
-4.87561
-3.08729
-2.72878
-2.16672
-1.67371
-1.29922
-1.05655
-1.08049
-1.65228
-2.87312
-4.68711
-7.35802
-11.6721
-19.7204
-35.0434
-62.3139
-87.0348
-78.5979
-70.9568
-49.8041
-31.8897
-11.4337
5.22992
16.7428
21.8305
22.8257
26.2413
19.6701
15.6822
11.5035
18.3827
27.0483
41.803
0.00326223
0.138816
0.174458
0.254901
0.310165
0.375441
0.434007
0.494638
0.553579
0.613212
0.672983
0.734102
0.79766
0.865401
0.937543
1.00948
1.0666
1.09449
1.09891
1.08935
1.07701
1.06732
1.05883
1.04866
1.03778
1.0271
1.01926
1.01314
1.00003
0.956355
0.853626
0.684472
0.318444
0.0252695
-0.0622071
0.0668863
0.306824
0.626057
0.908976
1.14606
1.51003
1.37472
0.853476
-0.825211
-3.88927
-3.94909
-4.72139
-3.00107
-2.65695
-2.03241
-1.50209
-1.11385
-0.873967
-0.924071
-1.57606
-2.79239
-4.52052
-7.04698
-11.1324
-18.7563
-33.4462
-60.1407
-82.8476
-75.4554
-67.8112
-48.0393
-30.3968
-10.2605
6.54119
18.1322
23.0596
23.5367
26.6841
20.8628
18.5658
14.2451
21.7118
31.4965
42.9528
0.00142551
0.141688
0.176036
0.257572
0.312896
0.378591
0.437389
0.498263
0.557379
0.617111
0.676844
0.737697
0.800638
0.867341
0.938291
1.0095
1.06282
1.08985
1.09496
1.08619
1.07511
1.06741
1.06182
1.0544
1.04543
1.03586
1.02907
1.02497
1.01524
0.975016
0.887751
0.698203
0.357353
0.109171
0.023358
0.136124
0.36729
0.665401
0.915485
1.21609
1.43361
1.33348
0.75792
-0.960317
-4.01141
-4.20736
-4.5096
-2.90505
-2.55627
-1.87942
-1.32662
-0.951047
-0.709842
-0.820617
-1.5447
-2.72765
-4.36958
-6.7663
-10.635
-17.8152
-31.7895
-57.8041
-78.936
-72.4014
-64.8594
-46.2747
-28.9116
-9.07242
7.83961
19.5005
24.2401
24.1517
26.8316
21.9202
21.6759
17.8294
25.4879
35.8274
43.2588
-0.000519625
0.144563
0.177532
0.260123
0.315471
0.381542
0.440534
0.501606
0.56085
0.620617
0.680223
0.740663
0.802775
0.86831
0.938444
1.00836
1.05807
1.08565
1.09141
1.0837
1.07375
1.06776
1.0646
1.05969
1.05229
1.04372
1.03812
1.03621
1.02956
0.995581
0.917218
0.696358
0.420452
0.187294
0.104288
0.20077
0.418334
0.685664
0.934792
1.27893
1.38369
1.30294
0.680101
-1.05288
-3.97117
-4.53648
-4.2532
-2.79831
-2.42703
-1.71058
-1.16146
-0.810542
-0.569519
-0.776022
-1.54215
-2.67377
-4.23798
-6.522
-10.1863
-16.9078
-30.0845
-55.2953
-75.2491
-69.367
-62.083
-44.51
-27.4359
-7.87853
9.11287
20.8287
25.3436
24.671
26.8851
22.9132
24.3841
21.5016
29.2482
39.21
44.7614
-0.00257047
0.147433
0.178941
0.262543
0.317883
0.384285
0.443435
0.504658
0.563979
0.623717
0.683113
0.743036
0.804269
0.868853
0.938937
1.0055
1.05388
1.0818
1.08839
1.08187
1.073
1.06842
1.06723
1.06441
1.05829
1.05058
1.04624
1.04628
1.04358
1.01924
0.923696
0.71717
0.479078
0.2639
0.179388
0.259078
0.455031
0.698479
0.982217
1.28521
1.38326
1.27882
0.620445
-1.10404
-3.72341
-4.83421
-3.96159
-2.67767
-2.27013
-1.53268
-1.02147
-0.683053
-0.467432
-0.783534
-1.55338
-2.62968
-4.12871
-6.31614
-9.78827
-16.0445
-28.3479
-52.6046
-71.6988
-66.3
-59.4649
-42.7501
-25.9736
-6.69024
10.344
22.0965
26.36
25.1074
26.8473
23.6458
26.4905
25.0876
32.7248
41.1863
46.7473
-0.00472209
0.150286
0.180262
0.264825
0.320125
0.386813
0.446081
0.507408
0.566754
0.626405
0.685529
0.744906
0.805368
0.869362
0.93946
1.00218
1.05034
1.07837
1.08601
1.08073
1.07286
1.06935
1.06965
1.06843
1.06327
1.05622
1.05294
1.05462
1.05898
1.03571
0.924463
0.754219
0.534454
0.337267
0.248037
0.308268
0.475546
0.715303
1.04554
1.26906
1.40381
1.26695
0.577169
-1.12414
-3.27643
-4.97856
-3.64195
-2.53776
-2.08772
-1.35916
-0.911862
-0.561833
-0.418871
-0.825117
-1.56906
-2.59636
-4.04299
-6.14723
-9.44014
-15.2373
-26.6042
-49.7301
-68.1838
-63.2026
-56.9868
-40.9984
-24.5262
-5.51319
11.5263
23.2917
27.2305
25.413
26.5694
24.2123
28.2118
28.6393
35.7973
42.0334
46.2763
-0.00696671
0.153109
0.181489
0.26696
0.322189
0.389117
0.448465
0.509847
0.56917
0.628684
0.687513
0.746414
0.806377
0.870274
0.9391
0.99954
1.0473
1.07551
1.08427
1.08025
1.0733
1.07055
1.07184
1.07165
1.067
1.06023
1.05763
1.06235
1.07296
1.03859
0.942308
0.790946
0.590918
0.405725
0.309382
0.345375
0.48517
0.744623
1.08666
1.2823
1.428
1.27019
0.548959
-1.12948
-2.71015
-4.90613
-3.29862
-2.37331
-1.88487
-1.20909
-0.820864
-0.455288
-0.426724
-0.880047
-1.58612
-2.57508
-3.98013
-6.01156
-9.14004
-14.4994
-24.8875
-46.6893
-64.6714
-60.117
-54.6152
-39.2453
-23.0776
-4.34386
12.6292
24.3134
27.8509
25.6591
26.2534
24.8805
30.1212
32.2125
38.3655
42.8146
45.0618
-0.00929295
0.155887
0.182619
0.268939
0.32407
0.391189
0.450578
0.511968
0.571224
0.63057
0.689127
0.747697
0.80747
0.871727
0.938147
0.997632
1.04476
1.07327
1.08315
1.08038
1.07426
1.07195
1.07368
1.07389
1.06916
1.06218
1.06127
1.07249
1.07803
1.04523
0.967364
0.828606
0.646879
0.469072
0.361896
0.369642
0.495221
0.792221
1.09524
1.3202
1.45583
1.28762
0.536059
-1.13176
-2.14556
-4.62387
-2.94116
-2.1811
-1.67319
-1.09668
-0.728774
-0.384235
-0.476474
-0.933853
-1.60518
-2.56642
-3.93791
-5.9047
-8.88545
-13.8431
-23.2421
-43.52
-61.2495
-57.0213
-52.3163
-37.4812
-21.618
-3.21957
13.5708
25.1347
28.4198
26.1423
26.4568
26.4139
32.7453
35.6702
40.2647
43.7347
44.5413
-0.0116849
0.158599
0.183648
0.270752
0.32576
0.393022
0.452415
0.513769
0.572926
0.632097
0.690448
0.74886
0.80868
0.873204
0.937456
0.996258
1.04278
1.07164
1.0826
1.08106
1.07566
1.07349
1.07512
1.07502
1.06954
1.06259
1.06712
1.08142
1.08126
1.06224
0.993316
0.868775
0.70072
0.52665
0.40415
0.384288
0.511875
0.842801
1.10838
1.36418
1.49076
1.31737
0.540317
-1.12852
-1.70743
-4.17245
-2.58138
-1.96152
-1.47337
-1.0163
-0.629617
-0.364039
-0.544286
-0.981308
-1.62785
-2.56994
-3.91329
-5.82252
-8.673
-13.275
-21.7173
-40.2671
-58.0305
-53.8949
-50.1967
-35.7364
-20.195
-2.22364
14.3243
25.7521
29.0669
27.5183
28.119
29.2038
35.8192
38.6448
41.5205
44.5947
44.1137
-0.0141208
0.161222
0.184572
0.272391
0.327253
0.394613
0.453974
0.515257
0.574293
0.63331
0.691548
0.749973
0.810059
0.874211
0.937267
0.995309
1.04136
1.07057
1.08258
1.08219
1.07739
1.07509
1.07609
1.07499
1.06852
1.06407
1.07547
1.08586
1.09426
1.08213
1.02178
0.909691
0.751899
0.577279
0.436361
0.396853
0.540592
0.87509
1.14245
1.40886
1.53356
1.35781
0.56455
-1.09761
-1.4958
-3.61154
-2.22838
-1.72198
-1.30849
-0.942607
-0.540309
-0.390544
-0.610286
-1.0234
-1.65516
-2.58404
-3.90296
-5.76146
-8.49852
-12.7934
-20.355
-36.9838
-54.8938
-51.0551
-48.3747
-34.1218
-18.9168
-1.4037
14.8788
26.1639
30.2374
30.0371
31.058
32.5979
38.7721
40.9586
42.2859
44.0669
43.6137
-0.0165722
0.163725
0.185389
0.273846
0.328547
0.395958
0.455261
0.516445
0.57536
0.634264
0.692491
0.751074
0.811618
0.874964
0.937464
0.99476
1.04045
1.07002
1.08301
1.08368
1.07937
1.0767
1.07663
1.07407
1.06769
1.0697
1.08092
1.09483
1.11253
1.10387
1.05238
0.950092
0.799292
0.620099
0.461187
0.414494
0.583424
0.894564
1.18666
1.4562
1.58359
1.40749
0.612751
-0.983967
-1.51391
-3.00885
-1.88713
-1.48082
-1.18578
-0.854667
-0.484624
-0.44312
-0.665848
-1.06279
-1.68706
-2.60619
-3.90364
-5.71845
-8.3579
-12.3917
-19.1818
-33.7723
-51.3806
-48.988
-46.4978
-32.7479
-17.8468
-0.751115
15.3009
26.7143
32.0059
33.2811
34.5212
35.9436
41.2304
42.5709
42.8682
43.4772
43.1231
-0.0190021
0.166077
0.186097
0.275112
0.329639
0.397064
0.456286
0.517359
0.576165
0.635005
0.693294
0.752112
0.813075
0.875774
0.937884
0.994563
1.04
1.06993
1.08382
1.08544
1.08149
1.07825
1.07678
1.07289
1.06926
1.07771
1.08558
1.11142
1.13207
1.12795
1.08361
0.988886
0.841476
0.655307
0.48264
0.438924
0.632221
0.920737
1.23256
1.50751
1.64052
1.46481
0.687696
-0.708401
-1.63426
-2.42338
-1.56009
-1.26452
-1.08674
-0.757805
-0.471252
-0.499251
-0.711439
-1.10125
-1.72233
-2.63344
-3.91236
-5.6907
-8.24776
-12.0631
-18.2088
-30.8161
-47.1589
-47.1409
-44.322
-31.7023
-16.9166
-0.166827
15.7798
27.6173
34.2396
36.9146
38.0547
38.9176
43.0814
43.62
43.2698
43.1895
42.6248
-0.0213637
0.168237
0.186694
0.276185
0.330535
0.397939
0.457071
0.518032
0.576759
0.635592
0.694014
0.753151
0.814282
0.876737
0.938478
0.994686
1.03995
1.07025
1.08495
1.0874
1.0837
1.07974
1.07672
1.07244
1.07433
1.08298
1.09705
1.13057
1.1532
1.15321
1.11426
1.02449
0.877417
0.684364
0.504575
0.469247
0.675268
0.956567
1.27906
1.56265
1.70441
1.52747
0.780927
-0.266505
-1.66659
-1.87246
-1.25286
-1.09102
-0.985605
-0.675599
-0.488799
-0.546325
-0.750452
-1.13913
-1.75892
-2.66297
-3.92654
-5.67563
-8.16537
-11.802
-17.4308
-28.299
-42.6304
-44.3644
-41.8134
-30.5891
-16.0063
0.51601
16.5021
28.9563
36.9394
40.7755
41.4385
41.3904
44.3612
44.2882
43.4818
43.0201
42.0743
-0.0236014
0.170164
0.187181
0.277062
0.33124
0.398601
0.457644
0.518508
0.577187
0.636049
0.69463
0.754142
0.815294
0.877745
0.939184
0.99506
1.04024
1.0709
1.08634
1.08949
1.08591
1.08109
1.07661
1.07364
1.08146
1.0874
1.11448
1.15051
1.17554
1.1783
1.14287
1.0553
0.90682
0.709295
0.529197
0.504218
0.710776
0.996184
1.32672
1.62117
1.77511
1.5928
0.87128
0.224642
-1.47547
-1.34996
-0.979547
-0.953753
-0.877479
-0.624963
-0.517639
-0.582622
-0.785311
-1.17574
-1.79464
-2.69259
-3.94422
-5.67101
-8.10817
-11.6039
-16.8314
-26.2931
-38.5271
-40.9512
-38.8577
-28.7664
-14.7636
1.55242
17.6879
30.8626
40.1305
44.739
44.531
43.3245
45.1567
44.711
43.6238
42.9433
41.5382
-0.0256476
0.171818
0.187565
0.277755
0.331773
0.399076
0.458038
0.518823
0.57749
0.636422
0.695195
0.755052
0.816292
0.878788
0.940022
0.995674
1.04084
1.07184
1.08792
1.09169
1.08812
1.08234
1.07675
1.07656
1.08674
1.09677
1.13369
1.17126
1.19776
1.20182
1.16774
1.08018
0.930099
0.731592
0.555995
0.541302
0.743043
1.03577
1.37541
1.68282
1.85243
1.66007
0.942925
0.600846
-1.06661
-0.860195
-0.754213
-0.83231
-0.779172
-0.604004
-0.54352
-0.611127
-0.816811
-1.2098
-1.82769
-2.72084
-3.96388
-5.67485
-8.07331
-11.4627
-16.3894
-24.7691
-35.2052
-37.7366
-35.8027
-26.4983
-13.0404
3.10607
19.4365
33.326
43.6691
48.6059
47.2146
44.7453
45.5873
44.9753
43.7409
42.9424
41.193
-0.0274357
0.17315
0.187843
0.278261
0.332142
0.399388
0.458293
0.519032
0.577713
0.636723
0.695692
0.755788
0.81723
0.879783
0.940911
0.996449
1.04167
1.07301
1.08966
1.0939
1.09018
1.08331
1.07724
1.08047
1.08948
1.11133
1.15319
1.19202
1.21853
1.22221
1.18746
1.0987
0.948168
0.752301
0.584235
0.578944
0.775191
1.07429
1.42431
1.74721
1.93552
1.72981
1.00079
0.75105
-0.534723
-0.426685
-0.575534
-0.719024
-0.706848
-0.599553
-0.562293
-0.6346
-0.844883
-1.24014
-1.85701
-2.74686
-3.98434
-5.68516
-8.05727
-11.3704
-16.0803
-23.6583
-32.6943
-35.141
-33.1645
-24.3595
-11.2381
4.87586
21.4599
36.0157
47.1989
52.1014
49.3924
45.7014
45.7677
45.1409
43.8435
42.9916
41.1345
-0.0288876
0.174149
0.188045
0.278622
0.332393
0.399581
0.458441
0.519149
0.577864
0.636978
0.696175
0.756476
0.818166
0.880804
0.941905
0.997405
1.04271
1.07436
1.0915
1.09614
1.0922
1.08423
1.07829
1.08364
1.09378
1.12779
1.17251
1.2114
1.23635
1.2381
1.20138
1.11124
0.961715
0.7706
0.610519
0.613031
0.806132
1.11153
1.47288
1.81372
2.02369
1.8068
1.09288
0.734795
0.00476546
-0.0719443
-0.430788
-0.623523
-0.661694
-0.599377
-0.575344
-0.654123
-0.868911
-1.26579
-1.88193
-2.76985
-4.00424
-5.69963
-8.05578
-11.318
-15.8785
-22.8824
-30.8895
-33.2238
-31.1434
-22.6338
-9.66539
6.4992
23.369
38.5161
50.3364
54.9964
51.0509
46.3056
45.8213
45.239
43.9261
43.0679
41.2307
-0.0299637
0.174777
0.188148
0.278819
0.332516
0.399669
0.458523
0.519238
0.578001
0.637201
0.69657
0.757063
0.81897
0.881726
0.942871
0.998416
1.04386
1.07583
1.0934
1.09826
1.09376
1.08464
1.0792
1.08465
1.10203
1.1441
1.19059
1.22782
1.24978
1.24846
1.2092
1.11826
0.971652
0.787721
0.636521
0.644786
0.835667
1.14642
1.5198
1.88101
2.11334
1.88623
1.24377
0.708052
0.473161
0.203148
-0.314457
-0.554916
-0.634955
-0.598709
-0.585001
-0.67008
-0.888503
-1.28649
-1.90233
-2.78945
-4.02274
-5.71641
-8.0648
-11.2959
-15.7591
-22.3678
-29.6542
-31.8985
-29.7168
-21.371
-8.43569
7.81113
24.9425
40.5655
52.8497
57.1941
52.2315
46.637
45.8147
45.2958
43.9933
43.1612
41.4402
-0.0306178
0.175098
0.188223
0.278941
0.332592
0.399711
0.458554
0.519266
0.578075
0.637389
0.696931
0.757648
0.819762
0.882665
0.943904
0.999535
1.04512
1.07734
1.09525
1.10029
1.09526
1.08532
1.07995
1.08539
1.112
1.15898
1.20589
1.24031
1.25872
1.25423
1.2128
1.12168
0.978188
0.8005
0.656077
0.668624
0.861192
1.17863
1.56396
1.94631
2.19967
1.95676
1.39034
0.800994
0.84909
0.405907
-0.230282
-0.511699
-0.618056
-0.597183
-0.592069
-0.68215
-0.903105
-1.30184
-1.91763
-2.80455
-4.03784
-5.73199
-8.07811
-11.2928
-15.6982
-22.0517
-28.8639
-31.0482
-28.7805
-20.5137
-7.55557
8.77472
26.1124
42.0755
54.6707
58.7142
53.049
46.8421
45.8287
45.3147
44.0301
43.1945
41.745
-0.0309215
0.175124
0.188214
0.278936
0.332569
0.399686
0.458567
0.519326
0.57819
0.637561
0.69719
0.75806
0.820337
0.883381
0.944744
1.00051
1.04629
1.0788
1.09698
1.10185
1.09576
1.08485
1.07945
1.08819
1.12167
1.17097
1.21631
1.24737
1.2625
1.25536
1.21219
1.12109
0.98091
0.810711
0.675417
0.691064
0.882904
1.20445
1.60179
2.00516
2.27129
1.99217
1.44755
0.990128
1.13454
0.537049
-0.181076
-0.486239
-0.607112
-0.596059
-0.596941
-0.690294
-0.912808
-1.31208
-1.92806
-2.81533
-4.04964
-5.74599
-8.09375
-11.3023
-15.6778
-21.881
-28.4065
-30.5521
-28.2231
-19.9899
-6.99603
9.40486
26.88
43.0422
55.8244
59.6499
53.5952
46.9636
45.83
45.3285
44.0437
43.2875
41.5916
-0.0309483
0.175057
0.188241
0.278949
0.332571
0.399666
0.458539
0.519301
0.578218
0.637682
0.697426
0.758426
0.820843
0.884025
0.945519
1.00141
1.04731
1.07992
1.0981
1.10271
1.0962
1.08529
1.08001
1.09113
1.12711
1.17776
1.22235
1.25139
1.26436
1.2557
1.21201
1.1214
0.982513
0.814056
0.680903
0.699679
0.896538
1.22392
1.62993
2.04646
2.31579
2.01427
1.45297
1.1442
1.31203
0.62316
-0.155553
-0.475025
-0.601519
-0.595391
-0.599351
-0.694317
-0.917574
-1.31711
-1.93316
-2.82057
-4.0553
-5.75264
-8.10121
-11.3073
-15.6714
-21.8129
-28.2188
-30.3555
-27.9841
-19.7458
-6.72426
9.71752
27.2552
43.5031
56.3907
60.0726
53.9043
47.0798
45.8775
45.3433
44.0634
43.2531
43.5934
)
;

boundaryField
{
    inletFace
    {
        type            zeroGradient;
    }
    inlet
    {
        type            zeroGradient;
    }
    inletWalls
    {
        type            zeroGradient;
    }
    outletInlet
    {
        type            cyclicAMI;
        value           nonuniform List<scalar> 
15
(
36.855
45.2416
43.6895
38.6328
29.6276
24.9516
18.7315
18.4719
17.0753
21.0779
20.7451
25.9961
25.9989
30.049
30.4902
)
;
    }
    fineSymmetryWall
    {
        type            symmetryPlane;
    }
    fineWalls
    {
        type            zeroGradient;
    }
    fineCyclicBoundary
    {
        type            fixedValue;
        value           uniform 0;
    }
    fineplug
    {
        type            cyclicAMI;
        value           nonuniform List<scalar> 
80
(
36.3502
37.394
39.9966
31.9025
38.5514
42.866
43.7402
45.0755
46.0341
46.8258
46.4872
47.5296
42.7607
42.6752
43.4391
41.4996
40.1011
39.6298
38.7502
36.8215
37.6612
39.4444
30.0667
29.2718
26.9414
25.6877
25.8069
25.4288
23.6158
21.6259
21.6644
30.02
21.6889
20.469
18.6642
16.7809
16.5844
18.0396
17.1469
15.27
22.1787
17.7377
19.0791
19.4803
17.7932
16.4879
14.9029
15.7526
16.0672
24.3179
23.0454
20.4899
20.5216
21.7451
21.2404
20.3035
19.595
15.7941
26.8982
28.9356
26.4729
25.7024
24.1769
23.432
25.5854
24.9525
24.6822
22.4714
29.7981
31.67
30.7398
30.6699
30.1117
29.2168
26.9553
27.8789
28.8836
33.5422
32.1133
29.6126
)
;
    }
    faceFine
    {
        type            zeroGradient;
    }
}


// ************************************************************************* //
