/*--------------------------------*- C++ -*----------------------------------*\
| =========                 |                                                 |
| \\      /  F ield         | OpenFOAM: The Open Source CFD Toolbox           |
|  \\    /   O peration     | Version:  4.1                                   |
|   \\  /    A nd           | Web:      www.OpenFOAM.org                      |
|    \\/     M anipulation  |                                                 |
\*---------------------------------------------------------------------------*/
FoamFile
{
    version     2.0;
    format      ascii;
    class       volScalarField;
    location    "29";
    object      p;
}
// * * * * * * * * * * * * * * * * * * * * * * * * * * * * * * * * * * * * * //

dimensions      [0 2 -2 0 0 0 0];

internalField   nonuniform List<scalar> 
6785
(
318491
318425
318374
318323
318277
318234
318193
318154
318118
318083
318050
318019
317991
317958
317924
317940
317922
317925
317920
317917
317914
317911
317908
317907
317907
317907
317909
317913
317916
317917
317890
317884
317894
317893
317896
317898
317900
317902
317903
317905
317906
317907
317907
317908
317910
317938
317936
317941
317937
317938
317937
317936
317935
317934
317933
317932
317931
317931
317932
317934
317949
317948
317952
317949
317952
317952
317953
317953
317954
317955
317956
317957
317958
317960
317961
317959
317959
317962
317961
317964
317963
317963
317963
317964
317964
317965
317965
317965
317966
317966
317965
317965
317967
317965
317966
317966
317966
317965
317965
317965
317964
317964
317963
317963
317963
317959
317958
317959
317957
317958
317956
317956
317956
317955
317955
317954
317954
317953
317952
317952
317947
317945
317946
317944
317944
317943
317943
317942
317941
317941
317940
317940
317939
317939
317939
317938
317938
317938
317937
317938
317937
317937
317936
317936
317936
317936
317936
317936
317936
317937
317939
317939
317940
317939
317940
317940
317940
317940
317941
317941
317941
317941
317942
317942
317943
317940
317941
317941
317941
317942
317942
317943
317943
317943
317944
317944
317944
317945
317945
317945
317947
317947
317947
317947
317948
317948
317948
317948
317949
317949
317949
317950
317951
317951
317952
317924
317926
317932
317937
317943
317948
317952
317956
317958
317960
317962
317964
317966
317967
317968
317910
317927
317935
317941
317946
317949
317952
317954
317956
317958
317962
317966
317970
317976
317980
318517
318518
318517
318516
318516
318516
318515
318515
318513
318514
318513
318511
318512
318510
318507
318505
318506
318504
318496
318498
318494
318485
318480
318484
318476
318464
318457
318463
318456
318435
318440
318432
318413
318403
318413
318405
318375
318383
318376
318351
318339
318356
318343
318314
318302
318320
318312
318275
318285
318281
318253
318239
318260
318249
318218
318206
318226
318220
318182
318192
318192
318164
318152
318171
318167
318132
318141
318142
318117
318105
318124
318117
318091
318082
318099
318095
318066
318073
318076
318051
318055
318062
318053
318064
318053
318047
318042
318037
318035
318033
318031
318026
318039
318023
318015
318010
318009
318007
318002
317998
317992
317995
317990
317981
317972
317966
317961
317958
317954
317949
317941
317924
317929
317919
317910
317901
317893
317884
317873
317863
317833
317841
317828
317813
317801
317791
317781
317772
317756
317683
317712
317691
317675
317662
317643
317624
317609
317589
317505
317524
317482
317457
317440
317418
317391
317358
317332
317301
317158
317194
317120
317073
317043
317005
316960
316912
316851
316605
316682
316569
316389
316768
316854
316665
316723
316688
316724
316739
316675
316678
316704
316654
316654
316653
316635
316720
316678
316628
316650
316604
316742
316669
316515
316738
316612
316472
316503
316401
316699
316451
316271
316302
316174
316660
316349
315883
316745
316305
315922
316156
315914
317153
316311
315886
315985
315648
317330
315057
312152
314399
311198
307118
307313
304736
309744
309428
305246
309822
309076
318776
324604
323479
338162
348341
345298
371697
379599
384223
395811
343758
444120
488254
167735
376262
592756
-98160.5
-172210
-632641
-494039
663402
3.08018
22.3992
24.6356
33.4453
38.8919
45.5591
51.2842
57.3702
63.8437
71.0896
78.837
87.3912
96.95
107.475
118.984
131.787
146.017
161.805
179.773
199.1
217.925
237
254.911
274.674
298.647
326.196
358.855
395.909
432.088
468.07
503.277
529.418
547.557
555.366
553.198
539.154
516.054
486.005
447.99
410.478
376.807
353.272
342.902
343.99
349.784
354.841
356.591
352.867
344.14
332.424
320.491
309.762
299.432
288.924
278.753
270.169
264.077
260.227
256.925
251.777
241.861
223.907
201.586
206.021
242.345
300.22
387.937
518.079
713.426
1013.78
1493.04
2289.6
3692.88
6325.8
11492.3
22527.2
44668.5
65668
80459.7
1.38449
47.3048
52.9653
74.3081
87.3321
104.226
119.181
135.505
152.877
172.222
192.943
215.957
241.744
270.371
301.777
336.112
373.15
412.98
457.347
505.256
554.853
609.448
660.545
714.339
775.803
847.782
935.414
1035.27
1134.59
1234.85
1328.47
1396.89
1453.32
1492.19
1517.18
1522.9
1515.97
1497.06
1459.08
1408.51
1343.48
1269.86
1201.43
1148.98
1112.41
1088.03
1073.65
1064.29
1054.71
1037.94
1012.69
982.821
951.335
919.717
887.461
854.927
822.831
791.824
762.314
734.121
701.945
654.944
598.672
583.247
619.222
683.304
774.709
895.175
1048.37
1239.41
1470.4
1732.16
1996.07
2145.17
1562.81
39.6804
-5977.53
-37285.2
219209
6.81088
83.8237
95.6847
132.799
156.162
185.651
211.712
240.376
270.866
304.496
340.641
381.097
426.425
476.428
531.232
591.204
656.068
725.929
802.802
884.632
969.306
1061.52
1148.61
1244.92
1355.07
1483.89
1640.07
1815.45
1986.32
2159.81
2318.42
2431.8
2525.53
2584.21
2616.73
2617.26
2592.54
2541.3
2462.79
2361.28
2242.53
2116.3
2006.5
1927.74
1876.37
1844.4
1824.49
1807.41
1786.48
1753.92
1710.24
1661.34
1610.73
1560.41
1510.19
1461.14
1413.96
1368
1321.63
1273.19
1214.62
1134.23
1054.44
1045.5
1115.88
1235.46
1404.87
1629.25
1917.99
2285.94
2748.86
3314.22
3984.6
4693.06
4806.44
5230.56
5798.9
-13264.6
427151
9.45041
113.129
131.089
182.258
215.09
256.068
292.695
333.048
375.8
422.702
473.433
530.09
593.388
663.145
739.655
823.293
913.611
1010.66
1117.08
1230.47
1348.32
1475.25
1599.26
1735.75
1890.31
2071.16
2290.19
2536.68
2775.57
3018.83
3237.74
3396.7
3528.82
3612.99
3664.78
3674.49
3646.9
3586.72
3490.73
3356.72
3195.1
3019.01
2861.1
2743.12
2662.99
2612.01
2580.04
2555.31
2527.88
2485.78
2428.41
2362.64
2294.31
2226.35
2158.58
2091.74
2026.3
1961.22
1895.03
1825.8
1741.12
1627.37
1529.53
1537.45
1654
1848.76
2127.03
2504.46
3008.44
3685.83
4607.91
5882.47
7713.74
10477.9
14510.5
23916.6
48412.7
72291.5
502685
12.8803
142.098
166.956
232.263
275.013
327.717
375.369
427.786
483.088
543.624
609.368
682.51
763.878
853.508
951.804
1059.22
1175.22
1299.83
1436.55
1582.38
1733.24
1893.29
2055.79
2233.45
2433.17
2667.9
2951.72
3270.62
3579.78
3894.39
4173.18
4379.41
4548.97
4658.28
4729.42
4746.88
4713.3
4645.53
4528.24
4359.96
4155.04
3932.04
3729.59
3575.26
3468.45
3398.44
3352.99
3318.46
3282.77
3231.04
3161.61
3081.22
2997.33
2913.74
2830.89
2749.46
2669.47
2588.65
2505.06
2416.27
2305.62
2158.37
2044.11
2069.25
2229.07
2494.62
2874.31
3392.08
4089.29
5037.04
6348.1
8201.69
10940.6
15266.8
22302.6
38379.6
79353.4
126217
447170
15.6029
168.22
200.221
279.036
331.595
395.823
454.465
518.827
586.528
660.546
741.043
830.253
929.133
1038.02
1157.41
1287.82
1428.66
1579.9
1745.97
1923.36
2106.82
2299.96
2500.19
2717.8
2961.77
3250.16
3598.45
3987.36
4367.04
4752.24
5089.38
5343
5550.89
5687.28
5780.77
5810.42
5780.31
5712.38
5578.54
5382.94
5140.45
4873.66
4626.43
4432.55
4294.25
4200.67
4138.54
4092.99
4049.74
3990.56
3911.65
3819.22
3721.95
3624.65
3528.21
3433.25
3339.29
3242.93
3142.13
3033.91
2897.71
2720.74
2599.14
2651.09
2861.38
3205.27
3694.39
4360.68
5258.61
6480.48
8174.08
10576
14143.9
19874.2
29655.9
51372.3
103750
168961
429150
18.2321
192.651
232.122
324.103
386.583
462.349
532.099
608.484
688.667
776.201
871.402
976.571
1092.78
1220.61
1360.67
1513.63
1678.83
1856.17
2051.05
2259.12
2474.83
2701.72
2938.66
3194.81
3483.92
3826.56
4239.88
4697.62
5148.04
5603.18
5997.75
6299.31
6546.09
6710.19
6826.8
6870.52
6853.33
6786.45
6639.23
6420.46
6144.76
5837.75
5547.68
5313.95
5141.93
5021.93
4940.29
4881.46
4829.57
4763.7
4677.4
4575.78
4467.83
4359.22
4251.4
4145.15
4039.43
3929.46
3813.03
3685.98
3523.49
3317.84
3194.65
3281.32
3550.45
3983.5
4596.41
5430.64
6556.03
8088.91
10216.8
13246.1
17786.6
25228.1
38465.3
66980.6
130879
210215
374004
20.5818
215.133
262.276
366.991
439.42
526.65
607.539
695.929
788.571
889.554
999.299
1120.19
1253.39
1399.72
1559.91
1734.79
1923.61
2126.25
2349.29
2586.96
2834.14
3095.15
3368.46
3661.64
3996.18
4393.02
4871.06
5396.34
5916.55
6440.03
6889.68
7241.13
7527.08
7720.19
7862.26
7923.46
7927.99
7865.31
7710.77
7474.55
7170.82
6827.5
6496.22
6221.69
6013.05
5863.07
5758.69
5684.27
5622.72
5550.78
5459.12
5351.1
5235.37
5118.07
5001.01
4885.28
4769.28
4647.02
4516.13
4370.97
4182.95
3952.33
3834.47
3962.68
4297.59
4828.39
5576.29
6593.19
7965.42
9834.52
12431.1
16145.4
21782.6
31220
48519.6
84427.5
158102
247335
336912
22.8127
235.947
290.959
408.031
490.471
589.122
681.202
781.6
886.699
1001.09
1125.26
1261.68
1411.6
1576.03
1755.86
1952.05
2163.73
2390.94
2641.46
2907.86
3185.69
3480.5
3789.95
4119.96
4499.88
4950.85
5493.07
6084.61
6673.56
7263.26
7764.88
8170.09
8494.92
8718.26
8889.23
8972.63
9003.47
8948.71
8792.38
8544.14
8217.65
7842.31
7472.27
7156.89
6909.4
6726.19
6595.75
6502.97
6430.13
6352.08
6256.65
6144.92
6024.5
5901.45
5777.76
5654.79
5530.52
5397.84
5253.97
5091.12
4877.48
4626.01
4521.68
4698.85
5107.63
5745.43
6639.67
7853.09
9488.39
11712.4
14801.7
19246.8
26090.5
37766.8
59514.8
102636
183480
280707
298791
24.9571
255.151
318.206
447.254
539.749
649.76
753.054
865.432
982.954
1110.67
1249.11
1400.85
1567.19
1749.31
1948.25
2165.14
2398.96
2650.02
2927.1
3221.38
3528.97
3856.63
4201.39
4569.21
4994.83
5499.68
6104.59
6760.57
7417.05
8070.7
8622.8
9085.18
9447.88
9701.96
9906.97
10018.9
10078.7
10036.2
9883.75
9629.23
9285.62
8882.94
8476.98
8121.03
7832.72
7613.04
7453.11
7338.99
7252.9
7168.25
7070.17
6957.16
6835.13
6709.48
6582.01
6454.22
6323.7
6182.35
6027.04
5847.21
5608.17
5341.36
5259.65
5492.88
5984.53
6739.77
7793.1
9218.29
11134.3
13734.9
17350
22594.7
30801
45019.9
71566.6
121544
206970
307621
268824
27.1062
272.886
344.158
484.822
587.414
708.721
823.241
947.563
1077.46
1218.41
1370.97
1537.8
1720.26
1919.67
2137.24
2374.23
2629.58
2903.88
3206.55
3527.61
3864.08
4223.41
4602.11
5009.37
5481
6039.61
6705.07
7423.29
8145.92
8861.97
9467.39
9986.17
10385.3
10669.8
10915.8
11063.1
11152.9
11127.2
10984.3
10729.3
10374.4
9949.43
9510.99
9115.4
8784.84
8525.72
8332.82
8194.14
8092.42
8000.14
7900
7787.72
7667.02
7542.1
7414.06
7284.34
7149.92
7001.82
6836.61
6640.16
6376.02
6101.11
6052.08
6348.38
6932.3
7815.78
9041.11
10693.1
12907.6
15909.2
20094.3
26235.4
36008.5
53121.4
84738.6
141027
228097
325100
274339
29.3265
289.256
368.925
520.853
633.575
766.106
891.842
1028.05
1170.26
1324.32
1490.82
1672.51
1870.78
2087.09
2322.78
2579.28
2855.58
3152.52
3479.75
3826.38
4190.94
4580.87
4992.62
5440.55
5957.96
6570.04
7294.41
8073.21
8860.62
9637.75
10301.2
10871.7
11306.7
11622.7
11915.8
12104.3
12224.9
12221.2
12093.3
11843.8
11483.7
11041.9
10574.9
10141.3
9767.53
9466.3
9237.01
9070.42
8950.38
8848.96
8746.77
8636.72
8519.99
8399.06
8273.89
8145.34
8009.62
7857.13
7683.92
7471.35
7182.89
6907.87
6901.95
7269.18
7955.09
8977.69
10387.6
12280.9
14811.6
18242.3
23054.8
30215
41793.7
62147.1
98921.3
160636
246590
333342
302832
31.688
304.379
392.638
555.49
678.367
822.036
958.96
1106.98
1261.42
1428.45
1608.69
1804.99
2018.77
2251.58
2504.9
2780.33
3076.99
3395.84
3746.33
4117.6
4509.48
4929.18
5374.27
5862.77
6425.6
7090.88
7873.7
8712.75
9563.46
10399.9
11123.2
11739.9
12211.8
12564.7
12905.8
13140
13293.8
13317.4
13210.2
12972.1
12612.9
12160.1
11669.1
11199.7
10782.6
10437
10168
9970.06
9828.76
9716.25
9611.45
9504.55
9393.96
9280.04
9161.23
9037.15
8903.11
8748.91
8569.78
8341.91
8030.93
7764.18
7811.89
8258.54
9056.42
10229
11835.9
13984.7
16851.9
20748
26263.2
34594.5
48243.9
72143.5
113952
179945
262747
332560
322471
34.2486
318.366
415.416
588.868
721.911
876.622
1024.69
1184.43
1350.98
1530.83
1724.6
1935.24
2164.19
2413.11
2683.58
2977.34
3293.7
3633.59
4005.99
4401.16
4819.59
5268.37
5747.43
6275.8
6883.67
7602.28
8443.57
9342.5
10253.9
11148.5
11928.8
12588.5
13099.8
13498
13883.9
14168.5
14359.2
14415.1
14334.1
14113.4
13761.5
13303.6
12793.8
12291.5
11831.5
11439.9
11128.3
10895.5
10729.8
10603.9
10495.4
10392
10289.1
10184.8
10075.7
9959.51
9830.36
9677.36
9494.5
9252.42
8921.88
8672.23
8784.05
9318.95
10238.8
11572.1
13388.5
15808.9
19037.8
23447.9
29763.4
39447.9
55447.6
83129
129650
198517
276344
326309
330478
37.0578
331.329
437.383
621.121
764.331
929.972
1089.11
1260.46
1439
1631.49
1838.55
2063.26
2307.05
2571.67
2858.79
3170.25
3505.53
3865.5
4258.63
4676.93
5121.13
5598.26
6111.32
6679.15
7331.91
8103.96
9003.32
9960.43
10929.7
11881.9
12713.8
13415.5
13971
14421.3
14850.6
15189.3
15420.5
15513.6
15464.2
15266.9
14928.7
14472
13948.9
13417.5
12915.9
12477.3
12120.4
11849.5
11656.2
11514.3
11400.6
11300.3
11206
11113.4
11016.8
10912
10791.1
10642.3
10457.9
10202.9
9856.88
9633.69
9819.94
10452.2
11504.1
13009.2
15048.5
17759.7
21383.3
26371.5
33609.4
44855
63478.7
95073.6
145793
215980
287522
319425
328958
40.1536
343.38
458.651
652.379
805.742
982.189
1152.3
1335.13
1525.53
1730.46
1950.58
2189.03
2447.31
2727.21
3030.47
3358.99
3712.34
4091.33
4504.18
4944.79
5413.97
5918.74
6465.19
7072.1
7769.92
8595.26
9551.61
10564.3
11591.4
12599.6
13478.1
14222.9
14827.8
15331.7
15809
16202
16477.4
16612.1
16599.6
16431.5
16113.3
15664.4
15133.8
14577.8
14037
13551.2
13146.9
12834.9
12610.7
12450.1
12329.3
12231.3
12145.8
12066.1
11984.6
11894.2
11784.7
11643.3
11459.4
11192.8
10836.7
10650
10920.7
11659.7
12854
14542.6
16820.5
19847
23909.3
29557.9
37864.1
50896.1
72387.5
107896
162119
232078
296400
314157
327341
43.5639
354.626
479.326
682.766
846.251
1033.36
1214.34
1408.5
1610.59
1827.77
2060.67
2312.57
2584.95
2879.7
3198.58
3543.5
3914.05
4310.99
4742.54
5204.61
5697.97
6229.66
6808.66
7454.09
8197.21
9075.65
10087.3
11154.1
12241.8
13304.5
14225.4
15015
15671.3
16226.3
16759.4
17205.6
17529.2
17709.8
17739.2
17606.2
17314.2
16879.5
16347.9
15772.6
15195.7
14663.5
14210.4
13854.7
13596.5
13414.2
13284.2
13187.3
13110.3
13044.1
12979.3
12905.9
12811
12680
12498.5
12221.5
11861.8
11722.5
12087.1
12943
14290.7
16176.7
18712.4
22086.2
26644.3
33055.2
42597.4
57645.9
82193.7
121468
178359
246661
303161
310368
325987
47.3056
365.176
499.503
712.393
885.959
1083.58
1275.29
1480.61
1694.24
1923.43
2168.85
2433.85
2719.95
3029.08
3363.03
3723.69
4110.58
4524.38
4973.65
5456.28
5972.97
6530.78
7141.54
7824.9
8613.55
9545.06
10610.8
11732.9
12883.7
13997.2
14957.8
15794
16500.3
17105.2
17699.8
18199.5
18575.2
18805.8
18882.1
18789.7
18530.1
18116.2
17590
17001.3
16392.5
15815.7
15313.4
14911.9
14617
14410.3
14268.7
14171.3
14101.9
14049.3
14002
13947.6
13869.9
13752.4
13574.8
13288.3
12932.8
12853.2
13320.6
14304.1
15817.8
17917.8
20736.3
24499.2
29625.2
36920
47881.7
65165.5
92880.5
135621
194244
259646
308261
308532
323121
51.3835
375.132
519.258
741.359
924.954
1132.89
1335.2
1551.51
1776.49
2017.48
2275.13
2552.88
2852.28
3175.31
3523.75
3899.45
4301.81
4731.41
5197.43
5699.75
6238.84
6821.96
7463.69
8184.48
9019.01
10003.6
11122.9
12301.6
13515.9
14675.8
15677.9
16561.5
17314.5
17971.6
18628.5
19183.4
19614.6
19899.3
20027
19980.8
19759.5
19372.7
18858.8
18263.2
17627.6
17009.2
16458.3
16009.7
15675.7
15441.9
15286.5
15186.7
15123.7
15084.2
15054.9
15020.4
14962
14860.3
14687.3
14392
14051.1
14044.7
14623.2
15746.6
17441.2
19775.8
22909.5
27114.7
32897.1
41214.6
53787
73495.8
104392
150157
209526
270979
311948
309181
320776
55.7854
384.595
538.652
769.755
963.312
1181.35
1394.11
1621.23
1857.38
2109.92
2379.52
2669.66
2981.92
3318.33
3680.65
4070.65
4487.55
4931.89
5413.78
5934.97
6495.45
7103.03
7774.91
8532.76
9413.51
10451
11623.5
12858.7
14134.3
15340
16386.3
17316.8
18114.6
18828.4
19544.8
20156.8
20646.5
20989.1
21172.8
21177.8
21000.6
20647.2
20152.3
19556.9
18900.6
18244.9
17647.1
17151.1
16776.3
16513.2
16341.6
16237.7
16179.7
16152.4
16140.8
16127
16089.3
16004.9
15836.9
15533.6
15218.9
15299.9
15999
17276.4
19169.9
21765.7
25255.3
29968.9
36511.6
46004.3
60374.9
82650.5
116633
164855
223994
280712
314303
311401
318991
60.4774
393.66
557.732
797.649
1001.1
1229.01
1452.08
1689.8
1936.93
2200.78
2482.02
2784.19
3108.87
3458.12
3833.66
4237.17
4667.63
5125.67
5622.66
6162
6742.72
7373.9
8075.12
8869.89
9796.91
10886.7
12111.9
13403.3
14735.3
15987.7
17078.1
18056.5
18901.5
19675.9
20447.8
21119.2
21670.1
22074.2
22317.9
22379.4
22251.7
21937.5
21468.6
20880.7
20210.7
19523.1
18881.6
18339.1
17922.6
17628.4
17438.8
17328.8
17274.4
17258.4
17264.1
17271.1
17255
17189.2
17025.9
16716.2
16439.8
16622.7
17454.4
18902.4
21017.4
23907.6
27803.9
33104.6
40525.6
51353.1
67692.6
92613
129475
179494
237475
288895
315470
315631
317821
65.4034
402.418
576.514
825.06
1038.37
1275.9
1509.11
1757.25
2015.16
2290.07
2582.64
2896.48
3233.12
3594.65
3982.75
4398.96
4842.04
5312.9
5824.27
6380.88
6980.61
7634.56
8364.3
9196.03
10169.2
11310.6
12587.4
13934.2
15318.9
16616.5
17750.5
18778.3
19675.5
20511.9
21336.5
22069.9
22684.5
23153.2
23461.1
23583.6
23510.6
23241.5
22804.9
22232.5
21556.4
20843.6
20163
19576.2
19118.2
18792
18582.9
18465.1
18412.8
18407.2
18429.7
18457.6
18463.9
18417.4
18258.7
17945.6
17719.6
18019.5
18998.4
20637.2
23001.4
26226.9
30591.3
36570.4
44998.3
57318.9
75767.3
103334
142761
193858
249842
295613
315531
320437
316459
70.49
410.953
595.03
852.002
1075.17
1322.08
1565.25
1823.62
2092.11
2377.81
2681.41
3006.52
3354.67
3727.94
4127.92
4556.07
5010.98
5494.01
6019
6591.6
7209.22
7885.02
8642.53
9511.4
10530.3
11722.5
13049.4
14450.5
15886.4
17226.4
18405.7
19481.3
20434
21333
22210.5
23008.2
23688.8
24224.8
24600.6
24788.6
24775.4
24556.4
24158.8
23609.5
22935.9
22205.7
21491.9
20864.6
20366.8
20008.7
19779
19652.1
19600.7
19604.7
19643.6
19692.6
19722.1
19695.2
19540.9
19228.9
19066.6
19500
20643.7
22497.6
25144.8
28754.7
33658.9
40418.3
49987.4
63948.4
84602
114731
156314
207753
261018
301081
314718
321625
314559
75.6612
419.372
613.431
878.65
1111.55
1367.58
1620.52
1888.93
2167.79
2464.03
2778.33
3114.33
3473.53
3857.98
4269.2
4708.56
5174.61
5669.22
6206.99
6794.22
7428.65
8125.33
8910.04
9816.21
10880.4
12123
13499.2
14953.4
16438.4
17818.5
19042.6
20162.7
21172.1
22137.3
23069.6
23933.5
24682.1
25287.7
25734.6
25992.3
26043.4
25879.7
25527.1
25008.9
24346.7
23608
22868.4
22205.8
21671.3
21282.5
21032.2
20895.4
20844.2
20857.3
20912.6
20983.2
21037
21030
20880.1
20575.5
20492
21076.6
22406.5
24504.5
27475.3
31527.1
37052.2
44701.7
55545.4
71272.6
94172.7
126696
169950
221005
270949
305416
313688
320587
313210
80.8632
427.825
631.888
905.238
1147.52
1412.42
1674.93
1953.19
2242.21
2548.73
2873.41
3219.91
3589.7
3984.78
4406.59
4856.45
5332.97
5838.53
6388.23
6988.91
7639.04
8355.58
9167.2
10110.6
11220
12512.9
13937.7
15444.6
16975
18392.6
19657.4
20821.3
21889.5
22924
23914.1
24844.9
25663.6
26340.4
26861.2
27192.2
27312
27208.3
26906.6
26427.2
25786
25048.5
24291.8
23600.8
23034.3
22617.5
22347.6
22201
22149.9
22172.2
22244.2
22337.3
22416.9
22430.6
22285.3
21997
22009.8
22765.3
24306.4
26683
30024.7
34584.2
40819.1
49471.9
61714.9
79302.5
104428
139095
183482
233471
279630
308756
313017
319410
312441
86.0451
436.416
650.396
931.757
1183.04
1456.62
1728.5
2016.44
2315.41
2631.93
2966.68
3323.29
3703.18
4108.33
4540.09
4999.76
5486.06
6001.93
6562.77
7175.76
7840.52
8576.02
9414.45
10394.7
11549.3
12891.8
14365.1
15924
17496.6
18949.9
20252.1
21461.1
22590.9
23692.3
24744.2
25742.1
26632.3
27381.5
27978.3
28385.6
28577.9
28538.9
28294.2
27860.9
27250.4
26524.6
25760.7
25049.7
24457.4
24016.9
23729.8
23574.7
23524.7
23557.1
23646.6
23763.6
23871.2
23906.6
23766.5
23506.4
23636.9
24584.7
26366.7
29061.5
32828.3
37968.2
45007.2
54774.9
68525.3
88026.6
115289
151778
196733
245040
287110
311283
312801
318487
312320
91.1141
445.18
668.879
958.04
1218.09
1500.18
1781.26
2078.69
2387.4
2713.66
3058.15
3424.46
3813.99
4228.65
4669.73
5138.53
5633.96
6159.51
6730.71
7354.92
8033.28
8787.05
9652.24
10669
11868.3
13259
14780.8
16390.9
18005.2
19494.8
20833.5
22088.2
23278.7
24442.2
25559.9
26624.8
27587.5
28409.7
29083.8
29569.7
29837.8
29867.7
29686.2
29306.3
28736.2
28033.2
27273.1
26551.8
25941.8
25483.3
25182.9
25021.9
24975.2
25019.6
25128.4
25271.3
25409.7
25467.7
25334.1
25119
25393.1
26556
28613.4
31671.6
35923.6
41722.1
49660.8
60647.3
75988.8
97410
126656
164588
209541
255635
293462
313162
312994
317694
312698
95.9703
454.183
687.303
984.024
1252.67
1543.13
1833.22
2139.97
2458.19
2793.94
3147.83
3523.46
3922.15
4345.75
4795.53
5272.81
5776.75
6311.38
6892.19
7526.57
8217.59
8989.12
9880.99
10933.6
12176.6
13613.8
15184
16845.6
18501.4
20027.2
21402.8
22703.9
23952.9
25175.8
26361
27492.9
28528.4
29423.7
30175.8
30741.8
31088.2
31191.5
31079.4
30759.9
30239.5
29570.8
28826.3
28105.4
27487.1
27018.3
26710.1
26547.7
26508
26567.5
26698.4
26870.3
27042.8
27125
27000.2
26851
27298.1
28702.7
31074.3
34546.2
39348.7
45886.6
54818
67113.5
84098.5
107394
138409
177364
221765
265212
298770
314517
313582
317090
313332
100.551
463.519
705.631
1009.74
1286.76
1585.46
1884.39
2200.28
2527.81
2872.77
3235.75
3620.29
4027.66
4459.67
4917.55
5402.67
5914.55
6457.71
7047.41
7690.94
8393.74
9182.71
10101
11188.8
12474.5
13956.3
15574
17285.6
18981.2
20541.3
21956.7
23304.8
24613.1
25894.7
27146.4
28346.4
29454.1
30422.4
31252.7
31899.7
32326.4
32507.9
32470.7
32217.9
31756.2
31133.1
30416.7
29708.2
29092.4
28622.4
28313.8
28156.1
28128.5
28207.9
28365.3
28570.9
28781.8
28890.8
28779.8
28719.9
29371.9
31049.8
33778.5
37718.8
43140
50498.1
60507.9
74182.7
92827.4
117900
150417
189951
233289
273759
303142
315459
314452
316671
314128
104.817
473.208
723.829
1035.22
1320.35
1627.19
1934.8
2259.65
2596.28
2950.18
3321.91
3714.97
4130.56
4570.43
5035.83
5528.22
6047.48
6598.69
7196.57
7848.24
8562.12
9368.23
10312.5
11435.3
12763.1
14287.9
15950.9
17708.4
19441.6
21036
22494.5
23890
25258.9
26598.5
27914.5
29185.3
30364
31404.9
32313
33041.2
33549.8
33814.2
33857.3
33676.6
33282.3
32715.8
32040.5
31356.9
30755.3
30294.6
29994.9
29849.9
29841.5
29946.9
30137.1
30382.7
30637.2
30777.2
30688.9
30744.3
31635.5
33622.5
36754.8
41221.2
47330.4
55586
66747.8
81847.3
102128
128830
162540
202203
244025
281293
306687
316040
315567
316553
314958
108.75
483.179
741.844
1060.41
1353.44
1668.32
1984.45
2318.09
2663.59
3026.17
3406.33
3807.51
4230.85
4678.07
5150.43
5649.54
6175.72
6734.47
7339.76
7998.66
8723.2
9546.19
10516.2
11674.1
13043.7
14609.6
16315.9
18115.5
19883.6
21514.7
23017.4
24461.7
25889.3
27287.2
28666.1
30009.5
31257.2
32370.1
33355.2
34164.6
34756.2
35107.4
35235.2
35132.3
34813.2
34314.2
33693.1
33047.7
32472.8
32033
31752.7
31630.4
31650.2
31790.1
32021.2
32314.3
32618.9
32794.9
32742.6
32942.8
34109.5
36445
40030.4
45082
51947.2
61170.2
73541.5
90082
111933
140075
174638
213994
253912
287852
309499
316333
316820
316474
315560
112.34
493.401
759.656
1085.26
1386.05
1708.86
2033.38
2375.61
2729.76
3100.74
3489
3897.9
4328.54
4782.61
5261.43
5766.75
6299.41
6865.16
7477.04
8142.58
8877.56
9717.17
10712.7
11906.1
13316.5
14921.5
16669.3
18509
20309.9
21978
23525
25019.5
26504.6
27963.3
29404.8
30818.1
32132.5
33317.1
34378.2
35268.4
35943.6
36384.2
36600.2
36581.1
36344.6
35923.8
35369.2
34775.7
34240.7
33834.3
33585.3
33497.1
33556
33740.7
34023.1
34373.6
34735.5
34953.8
34955.4
35333.6
36813.7
39539.8
43629.1
49324.7
57009.6
67259.5
80877.1
98844
122162
151514
186578
225216
262917
293492
311700
316417
317511
316282
315883
115.553
503.927
777.306
1109.78
1418.22
1748.81
2081.59
2432.21
2794.8
3173.91
3569.92
3986.14
4423.63
4884.06
5368.87
5879.94
6418.62
6990.78
7608.59
8280.56
9025.85
9881.83
10902.7
12131.9
13581.9
15223.6
17010.8
18889.9
20722.9
22426.3
24015.8
25560.5
27105
28627.9
30131.4
31609.7
32988.2
34245.2
35380.8
36351.3
37109.9
37641.3
37948.7
38019.2
37872.1
37539
37063.4
36535.6
36054.3
35694.4
35489.4
35447.6
35558
35800
36146.1
36566.7
36995.2
37262.2
37340
37934
39765.4
42926.4
47570.2
53966.3
62527.6
73850
88728
108075
132719
163026
198233
235782
271030
298282
313395
316398
317514
316073
316103
118.304
514.752
794.78
1134.05
1449.98
1788.19
2129.11
2487.91
2858.7
3245.66
3649.08
4072.21
4516.1
4982.44
5472.76
5989.13
6533.35
7111.36
7734.68
8413.09
9168.58
10040.8
11087.4
12352.5
13840.3
15516.7
17342.5
19260.1
21125
22861.8
24491.3
26085.3
27689.1
29279.2
30844.1
32383.8
33825.1
35153.7
36361.4
37411.9
38253.1
38875.7
39277.2
39441.7
39391
39154.3
38769.5
38320.9
37907.5
37607.9
37460.3
37478.3
37653.6
37966.2
38390
38895.6
39401.7
39725.5
39908
40760.3
42979.1
46619.6
51867.3
59015.4
68500.1
80924.5
97052.8
117702
143502
174488
209493
245628
278263
302300
314667
316421
317421
316006
316269
120.491
525.81
812.03
1158.18
1481.32
1827.02
2175.92
2542.7
2921.45
3315.99
3726.48
4156.11
4605.95
5077.73
5573.12
6094.37
6643.68
7227.07
7855.62
8540.52
9306.23
10194.8
11267.6
12568.4
14092.3
15801.6
17665.2
19618.9
21514.9
23284.4
24954.7
26596.9
28257.2
29914.8
31541.2
33141
34645
36041.1
37318.6
38448.7
39370.8
40084.2
40581.3
40844.3
40896.3
40763.9
40481.1
40124.8
39793.8
39568.5
39492.5
39584
39838.1
40235.7
40752.3
41358.1
41953.8
42344.7
42667.9
43825
46465.2
50629
56526.5
64471.7
74915.1
88452.5
105797
127642
154402
185784
220261
254711
284646
305628
315604
316532
317392
316076
316408
122.04
537.092
829.057
1182.17
1512.28
1865.32
2222.04
2596.59
2983.07
3384.89
3802.1
4237.81
4693.18
5169.96
5670.01
6195.75
6749.75
7338.14
7971.74
8663.26
9439.23
10344.1
11443.3
12779.3
14338
16078.4
17978.1
19965
21890.1
23693.5
25405.9
27095.7
28811.8
30532
32221.1
33880.9
35447.3
36905.3
38252.5
39460.2
40461.1
41263.9
41857.3
42222.9
42383.2
42362
42191.1
41939.9
41705.5
41569
41578.9
41758.5
42105.9
42603.4
43228.4
43950.5
44648.7
45120
45624.1
47132.8
50229.3
54957.6
61546.4
70325
81748.8
96391.1
114893
137805
165311
196807
230460
263012
290222
308352
316281
316711
317392
316251
316526
122.95
548.634
845.902
1206.03
1542.85
1903.11
2267.47
2649.59
3043.53
3452.36
3875.92
4317.32
4777.79
5259.16
5763.5
6293.39
6851.74
7444.85
8083.43
8781.7
9568.07
10489.4
11614.7
12986.3
14578
16347.7
18281.6
20300.2
22252.6
24089.7
25843.9
27581.7
29355.1
31131.3
32881.9
34602.2
36229.4
37746.1
39163.2
40444.5
41522.2
42412.3
43102
43573.9
43846.9
43942.3
43892.5
43758.2
43634.2
43600.9
43711.5
43993.7
44449.3
45062
45811.8
46666.5
47480.8
48050.8
48777.2
50683
54270.6
59601.4
66916.9
76555.2
88966.6
104686
124265
148095
176124
207463
240031
270526
295044
310554
316761
316945
317414
316470
316624
123.291
560.402
862.535
1229.71
1573.05
1940.44
2312.2
2701.69
3102.86
3518.4
3947.95
4394.64
4859.8
5345.38
5853.67
6387.4
6949.84
7547.47
8191.05
8896.28
9693.37
10631.3
11783.1
13190.7
14812.5
16610.1
18576.1
20626
22605.7
24475.5
26269.8
28057.3
29887.7
31716.8
33523.8
35303.4
36990.2
38564.7
40048.7
41399.7
42552.4
43527.8
44313
44894.1
45282.5
45499
45578.5
45571.8
45570.7
45654.8
45880.5
46280.4
46859.2
47602.7
48493.8
49497
50441.7
51133.1
52124.5
54470.2
58582
64548.9
72619.2
83132.9
96523.9
113275
133831
158414
186743
217670
248932
277268
299174
312312
317090
317218
317450
316702
316723
123.153
572.309
878.893
1253.2
1602.95
1977.36
2356.24
2752.89
3161.04
3583
4018.18
4469.76
4939.23
5428.67
5940.6
6477.93
7044.24
7646.25
8294.87
9007.38
9815.56
10770.3
11949.8
13391.8
15040.5
16864.7
18860.7
20940.7
22949.1
24851.4
26683.4
28522.8
30408.9
32289.5
34148.9
35983.9
37728.6
39360.3
40906.3
42324.2
43550
44608.7
45488.5
46179.8
46684.9
47027.1
47242.3
47372.5
47505.9
47720.6
48075.5
48607.8
49324.8
50214.9
51263.7
52430.2
53519.5
54359.9
55659.4
58484.1
63150.3
69781.5
78626.5
90019.7
104368
122088
143507
168670
197077
227361
257140
283266
302676
313697
317298
317517
317513
316941
316805
122.62
584.345
895.037
1276.57
1632.68
2013.92
2399.63
2803.21
3218.1
3646.17
4086.61
4542.69
5016.12
5509.1
6024.4
6565.1
7135.13
7741.4
8395.15
9115.23
9934.75
10907
12115
13587.5
15261.4
17110.4
19134.3
21242.6
23279.7
25213.2
27083.1
28975.8
30917.1
32846.9
34757.1
36644.6
38443.6
40130.6
41735
43216.8
44513.5
45653.4
46626.1
47427
48050.3
48521.9
48877.6
49152.7
49430.6
49787.9
50285.2
50963.8
51833.8
52886.1
54109.1
55453
56700.7
57721.4
59372.4
62709.5
67956.6
75273.6
84904.6
97169.9
112439
131051
153206
178773
207049
236487
264647
288556
305617
314769
317409
317848
317577
317140
316873
121.778
596.501
911.01
1299.87
1662.31
2050.16
2442.43
2852.65
3274.05
3707.93
4153.24
4613.46
5090.52
5586.74
6105.18
6649.06
7222.65
7833.12
8492.13
9220
10051.1
11041.7
12277.1
13777
15475
17346.2
19396.1
21530.6
23595.2
25559.6
27471.1
29418.5
31410.7
33386.8
35346.3
37284.8
39134.6
40873.9
42534.7
44076.5
45441.1
46659.7
47723.8
48633.1
49375.6
49978.9
50478.1
50904.9
51336.2
51846.3
52497.8
53335.4
54372.3
55601.9
57015.4
58550.1
59969.2
61204.9
63251.4
67127.4
72977.2
80994.1
91413.1
104532
120672
140088
162846
188642
216592
245012
271459
293185
308064
315585
317449
318088
317589
317246
316932
120.7
608.74
926.82
1323.13
1691.81
2086.11
2484.66
2901.26
3328.89
3768.28
4218.1
4682.1
5162.47
5661.68
6183.04
6729.96
7307.02
7921.69
8586.08
9321.82
10164.7
11173.9
12435
13961
15680.8
17572.2
19645.7
21805.2
23896.8
25893.2
27850.6
29851.3
31888.6
33909.7
35916.2
37902.8
39800.2
41589.2
43304.4
44902.7
46331.4
47625.9
48780.2
49796.8
50658.5
51393.8
52038
52622.1
53214.3
53885.9
54701.7
55709.4
56925.1
58345.6
59964.2
61701.2
63303.3
64795.3
67281.7
71714.1
78183.7
86906.8
98106.2
112049
129002
149124
172348
198206
225654
252916
277594
297204
310080
316199
317449
318081
317548
317315
316988
119.429
621.069
942.553
1346.4
1721.15
2121.76
2526.35
2949.09
3382.66
3827.24
4281.21
4748.64
5232.05
5734
6258.11
6807.94
7388.41
8007.33
8677.22
9420.85
10275.6
11303.3
12589.5
14139.6
15878.9
17788.7
19883.2
22065.9
24184.5
26215
28220.2
30271.1
32351.6
34417.1
36467.3
38497.4
40438.2
42274.6
44042.8
45695.1
47184.1
48551.2
49794.5
50916.7
51895.8
52761.9
53552.4
54297.7
55056.5
55897.2
56885.9
58073.1
59477.8
61100.6
62936.4
64884.7
66680.9
68473.8
71441.3
76441.7
83542.8
92971
104935
119663
137360
158087
181640
207402
234196
260190
283081
300668
311727
316652
317451
318004
317526
317372
317055
118.001
633.458
958.263
1369.69
1750.32
2157.09
2567.56
2996.21
3435.42
3884.83
4342.62
4813.16
5299.33
5803.82
6330.52
6883.18
7467.02
8090.25
8765.77
9517.31
10384.2
11430.7
12740.9
14312.2
16069.3
17995.6
20108.4
22311.8
24458.4
26525.2
28576.6
30674.8
32799.3
34905.8
36996.9
39065.6
41046.4
42928.3
44748.5
46453.3
47999.9
49435.6
50765.4
51990.4
53084.5
54080.2
55017.9
55925.7
56855.2
57870.8
59039.7
60414.5
62016.9
63851.9
65915
68082.4
70085.3
72218.9
75701.9
81280.2
89018.4
99143.7
111847
127314
145681
166906
190658
216180
242191
266841
287955
303633
313059
316978
317477
317948
317528
317423
317136
116.487
645.893
974
1392.98
1779.3
2192.12
2608.33
3042.72
3487.26
3941.09
4402.37
4875.73
5364.41
5871.25
6400.4
6955.82
7543.02
8170.6
8851.9
9611.45
10490.7
11556.4
12888.5
14478.2
16251.3
18192.5
20320.7
22543.6
24720
26823
28918.6
31061.1
33228.7
35371.7
37501.7
39605.4
41624.8
43550
45419.3
47175.1
48778.7
50279.6
51690.8
53015.5
54223.1
55347
56430.5
57500.1
58603.2
59798
61153.1
62721.8
64528.8
66584.1
68882.6
71276
73501.4
76010.8
80035.3
86197.9
94573
105381
118793
134946
153903
175522
199346
224501
249623
272880
292256
306151
314127
317212
317524
317913
317558
317475
317238
114.99
658.44
989.814
1416.21
1808.08
2226.84
2648.64
3088.63
3538.24
3996.07
4460.5
4936.45
5427.39
5936.41
6467.89
7026
7616.56
8248.53
8935.72
9703.39
10595.2
11679.2
13031.1
14637.1
16424.7
18379.3
20520.9
22763.8
24970.1
27109.2
29248.1
31432.7
33639.7
35817.5
37983.3
40119.8
42175.7
44140.7
46054.4
47858.4
49519.2
51083.7
52570.9
53990.7
55310.4
56560.9
57786.8
59016.4
60294
61670.8
63216.1
64983.6
67000.7
69282.6
71821.9
74447
76913.3
79828.7
84413
91162.1
100168
111639
125721
142502
161969
183879
207660
232336
256489
278332
296028
308276
314974
317378
317587
317892
317604
317526
317336
113.583
671.077
1005.67
1439.36
1836.66
2261.24
2688.48
3133.87
3588.24
4049.79
4517.09
4995.41
5488.41
5999.44
6533.14
7093.9
7687.82
8324.21
9017.34
9793.14
10697.2
11798.9
13168.4
14788.2
16589.2
18555.5
20709.8
22974.1
25211.4
27388.8
29569.6
31793.7
34036
36246.4
38444.8
40611.7
42700.2
44701.1
46653.6
48502.1
50219.5
51847.1
53406.7
54916
56344.7
57719.8
59084.2
60470.9
61922
63482
65220.1
67189.7
69420.4
71933.5
74716.6
77577.4
80304.7
83652.5
88806.4
96140
105766
117873
132584
149931
169827
191929
215563
239667
262793
283224
299318
310057
315638
317492
317657
317883
317657
317578
317443
112.31
683.701
1021.51
1462.44
1865.01
2295.3
2727.88
3178.38
3637.23
4102.29
4572.18
5052.71
5547.6
6060.5
6596.31
7159.69
7756.96
8397.81
9096.88
9880.82
10797.1
11915.7
13299.7
14931.5
16744
18720.4
20887.6
23175.9
25447.1
27664.3
29884.6
32144.4
34417.8
36658.2
38886.6
41080.5
43198.4
45231.5
47216.3
49105.1
50877.2
52568.4
54199.1
55792.2
57324.9
58821.7
60321.4
61861.2
63482.2
65225.2
67157.2
69330.5
71777
74523.8
77551.4
80650.6
83660.2
87462.4
93187.6
101100
111330
124044
139336
157187
177431
199635
223029
246485
268548
287591
302171
311541
316156
317567
317732
317884
317709
317624
317571
111.231
696.28
1037.39
1485.49
1893.2
2329.06
2766.84
3222.05
3685.14
4153.53
4625.84
5108.48
5605.09
6119.73
6657.58
7223.54
7824.17
8469.52
9174.55
9966.76
10895.3
12029.1
13425
15067.3
16889.6
18875.7
21056.8
23370.6
25676.9
27933.7
30190.8
32482.8
34784
37053.5
39308.8
41526
43670.1
45730.6
47742.2
49666.9
51490.8
53246.7
54949.1
56620.6
58250.9
59865.4
61497.1
63184.9
64971
66894.5
69019.9
71397.3
74060.6
77042.3
80313.1
83650.5
86964.8
91240.6
97530.2
106010
116824
130112
145938
164228
184744
206966
230040
252790
273775
291469
304633
312771
316557
317614
317802
317889
317761
317664
317688
110.386
708.828
1053.38
1508.52
1921.22
2362.47
2805.21
3264.77
3731.83
4203.39
4678.16
5162.82
5661.04
6177.3
6717.09
7285.6
7889.62
8539.51
9250.55
10051.2
10991.6
12138.3
13544.7
15195.5
17026.5
19023
21219.2
23558.7
25899.2
28194.6
30486.2
32808.2
35135.6
37432.2
39710.3
41947.7
44113.1
46197
48232.4
50189.6
52062.1
53882.5
55656
57401.3
59123.3
60850.9
62610.5
64440.9
66385.9
68485.9
70802.3
73382.1
76261.5
79477.2
82987.7
86561.6
90205.4
94970.1
101809
110843
122216
136043
152354
171020
191735
213900
236589
258591
278496
294895
306748
313785
316867
317640
317869
317901
317813
317701
317774
109.782
721.366
1069.45
1531.49
1949
2395.4
2842.78
3306.41
3777.19
4251.85
4729.17
5215.84
5715.62
6233.37
6775
7346.05
7953.46
8607.89
9325.07
10134.1
11085.6
12243.4
13658.6
15315.5
17154.2
19162.1
21374.3
23739.2
26113.8
28446.3
30769.6
33120.1
35472.2
37792.5
40090.2
42345.1
44527
46630.7
48688.7
50676.8
52594.3
54476.1
56318.3
58135.1
59944.7
61778.7
63660.4
65628.6
67726.2
69996.4
72499.5
75278.9
78371.9
81819
85564
89372.3
93367.8
98631.3
106001
115571
127478
141805
158551
177533
198379
220422
242673
263901
282742
297908
308558
314620
317104
317650
317929
317908
317850
317737
317821
109.397
733.89
1085.54
1554.3
1976.43
2427.72
2879.45
3346.93
3821.26
4298.96
4778.85
5267.58
5768.92
6288.07
6831.48
7405.04
8015.83
8674.84
9398.29
10215.6
11177.2
12344.7
13766.5
15427.4
17273.3
19293.5
21522.3
23911
26320.1
28687.2
31040.3
33417.9
35792.7
38134.1
40448.9
42717.9
44912.4
47032.4
49112.4
51130.5
53089.5
55027.4
56934.2
58822.2
60716.8
62650.1
64647
66747.9
68991.7
71424.8
74108.6
77083.2
80386.4
84060.7
88034.7
92077.3
96439.3
102204
110087
120171
132582
147374
164506
183746
204661
226526
248299
268741
286545
300549
310100
315304
317282
317652
317949
317899
317863
317769
317862
109.193
746.364
1101.62
1576.92
2003.46
2459.37
2915.12
3386.23
3864.05
4344.76
4827.24
5318.02
5820.88
6341.45
6886.66
7462.69
8076.88
8740.51
9470.33
10295.7
11266.6
12442.6
13869
15532.9
17386
19419.3
21664.6
24075
26516.4
28915.5
31298.2
33701.4
36097.2
38456.6
40785.4
43064.7
45269.1
47403.3
49503.6
51550.2
53548.9
55537.1
57504.2
59462.2
61439.3
63466.9
65571.7
67798.5
70182.3
72770.6
75627.5
78791.7
82300.2
86196.3
90393.4
94672.9
99410.6
105670
114046
124623
137508
152726
170198
189641
210570
232209
253477
273135
289940
302857
311411
315863
317417
317652
317919
317878
317867
317798
317895
109.158
758.766
1117.64
1599.3
2030.05
2490.29
2949.7
3424.22
3905.47
4389.24
4874.35
5367.15
5871.5
6393.54
6940.6
7519.1
8136.66
8804.96
9541.23
10374.6
11354.3
12537.4
13967.1
15633.2
17493.8
19541.5
21802.1
24231.1
26700.7
29130.3
31543.5
33971.2
36385.8
38760.1
41099.2
43385.3
45597.9
47745.1
49862.5
51936.3
53973.2
56006.7
58031
60056.2
62112.7
64230.3
66436.4
68781.3
71298.5
74034.3
77055.7
80402.2
84110.3
88221.2
92635
97155
102273
109017
117865
128909
142237
157843
175611
195210
216102
237477
258224
277109
292960
304865
312522
316320
317521
317655
317881
317861
317869
317826
317925
109.292
771.083
1133.56
1621.35
2056.11
2520.4
2983.13
3460.79
3945.4
4432.27
4920.08
5414.95
5920.81
6444.35
6993.35
7574.3
8195.24
8868.26
9611
10452.2
11440.2
12629.3
14060.8
15728.5
17597.4
19660.2
21933.9
24378.4
26873.3
29333.2
31776.8
34227.7
36658.5
39044.9
41391.2
43681.2
45900.4
48058.5
50190.5
52290.1
54363
56439
58517.5
60606.6
62738.4
64941.2
67243.2
69698
72340.5
75216.7
78393.5
81913.9
85814.7
90132.7
94756.1
99521.2
105021
112233
121529
133014
146755
162713
180735
200447
221260
242338
262556
280687
295636
306611
313465
316695
317603
317663
317849
317847
317870
317850
317943
109.597
783.29
1149.35
1642.99
2081.52
2549.63
3015.38
3495.92
3983.68
4473.71
4964.33
5461.4
5968.89
6493.97
7044.92
7628.35
8252.66
8930.44
9679.6
10528.5
11524.1
12718.1
14150.3
15819.1
17696.5
19774.2
22059.2
24517.9
27036.1
29525.6
31998.6
34470.6
36915.4
39311.7
41662.1
43953.7
46176.8
48344.2
50490.1
52613.6
54720.3
56836.5
58965.2
61115.1
63317.6
65600.5
67993.4
70550.1
73309.8
76318.7
79642.3
83327.2
87412.5
91928.8
96754.5
101770
107649
115308
125030
136928
151050
167326
185564
205351
226051
246806
266495
283901
298001
308125
314264
317005
317671
317674
317821
317837
317871
317873
317953
110.076
795.371
1165.01
1664.16
2106.23
2577.88
3046.49
3529.59
4020.25
4513.48
5007
5506.44
6015.74
6542.46
7095.35
7681.24
8308.92
8991.43
9746.9
10603.3
11605.9
12803.8
14235.9
15905.2
17791
19882.5
22178.1
24650.2
27188.9
29707.5
32209.4
34700.7
37157.9
39560.9
41912.2
44203
46428.1
48603.7
50762.9
52908.1
55046.5
57200.8
59375.9
61582.5
63851.2
66209.9
68688.6
71339.7
74208.4
77342.3
80803.8
84643.4
88904.3
93609.2
98628.8
103899
110154
118235
128359
140643
155115
171676
190096
209926
230485
250900
270063
286780
300088
309438
314941
317262
317728
317688
317798
317830
317872
317893
317962
110.724
807.317
1180.53
1684.84
2130.2
2605.15
3076.39
3561.72
4055.07
4551.5
5048.1
5549.97
6061.28
6589.81
7144.65
7732.99
8363.98
9051.16
9812.81
10676.4
11685.5
12886.6
14318.2
15987.5
17881.1
19985.1
22290.7
24773.3
27329.3
29878.3
32408.9
34918.3
37386.2
39792.8
42141.9
44429.3
46655.3
48838.7
51010.1
53175.1
55342.9
57532.9
59751.6
62011.3
64341.8
66771.3
69330.4
72069.8
75039.1
78289.2
81879.6
85864.2
90290.9
95173.7
100378
105910
112534
121009
131510
144153
158946
175763
194335
214179
234578
254640
273288
289353
301931
310579
315517
317478
317778
317703
317781
317825
317875
317912
317982
111.527
819.102
1195.87
1704.99
2153.45
2631.45
3104.98
3592.26
4088.08
4587.78
5087.64
5591.92
6105.44
6635.99
7192.82
7783.56
8417.76
9109.51
9877.16
10747.8
11762.9
12966.7
14397.5
16066.5
17966.8
20082.1
22396.4
24885.6
27457.6
30037.5
32596.1
35122.9
37599.8
40007.6
42352
44633.8
46859.4
49049.5
51232.1
53415.7
55611
57834.6
60094.1
62403.7
64791.8
67286.9
69920.7
72742.8
75804.7
79161.9
82872.4
86992.3
91574.2
96624.1
102006
107801
114785
123628
134481
147456
162541
179586
198284
218121
238346
258051
276195
291646
303555
311569
316007
317661
317824
317720
317768
317823
317879
317930
318004
112.49
830.697
1211
1724.6
2176
2656.75
3132.24
3621.24
4119.24
4622.17
5125.49
5632.25
6148.2
6680.99
7239.87
7832.92
8470.15
9166.32
9939.75
10817.1
11837.8
13044.2
14474.1
16142.4
18048.4
20173.8
22495.4
24987.6
27575.1
30184.3
32769.7
35313.3
37798.1
40205.2
42543.2
44818.1
47042
49237.3
51430.3
53631.5
55852.5
58107.5
60405.4
62761.7
65203.2
67758.9
70462.1
73361.1
76508.8
79964
83785.9
88031.7
92757.7
97963.8
103516
109574
116904
126089
137270
150551
165901
183148
201950
221762
241808
261159
278812
293685
304981
312428
316426
317818
317869
317737
317758
317821
317885
317949
318026
113.635
842.066
1225.93
1743.66
2197.83
2681
3158.16
3648.66
4148.45
4654.49
5161.57
5670.98
6189.57
6724.77
7285.78
7881.03
8521.04
9221.41
10000.4
10884.2
11910.2
13119
14548.3
16215.9
18126.3
20260.9
22588.4
25080.8
27681.6
30317.2
32928.7
35488.7
37980.3
40385.8
42716.3
44983.1
47204.3
49404
51606.6
53824.3
56069.1
58353.4
60687.3
63087
65578.2
68190.1
70957
73927.1
77154.3
80699.4
84623.8
88985.8
93845.1
99196.9
104914
111230
118890
128393
139879
153440
169030
186454
205341
225117
244981
263988
281165
295497
306232
313175
316787
317955
317914
317754
317752
317820
317892
317968
318049
114.973
853.156
1240.59
1762.16
2218.88
2704.1
3182.74
3674.53
4175.76
4684.75
5195.79
5708.13
6229.57
6767.31
7330.53
7927.85
8570.35
9274.63
10058.9
10948.8
11979.8
13191.2
14620.2
16287.1
18201
20343.9
22675.7
25165.9
27775.6
30434.2
33071.1
35647.7
38145.4
40548.6
42871.4
45130
47348
49551.4
51763
53996
56262.7
58574.2
60941.4
63381.4
65918.8
68582.8
71408.5
74443.9
77744.2
81371.7
85389.4
89858.5
94841.1
100328
106205
112771
120743
130541
142308
156126
171933
189513
208469
228198
247882
266560
283283
297106
307331
313826
317100
318079
317960
317772
317749
317818
317901
317987
318073
116.469
863.908
1254.9
1780.04
2239.02
2726.07
3206.06
3698.98
4201.42
4713.02
5228.04
5743.64
6268.11
6808.59
7374.1
7973.34
8618
9325.85
10115.1
11010.7
12046.5
13260.5
14689.6
16356.3
18272.8
20422.7
22757.3
25242.7
27855.8
30533.2
33194.8
35788.7
38292.4
40693.3
43008.8
45259.4
47474.3
49681.2
51901.3
54148.4
56435.1
58771.6
61169.6
63646.8
66226.9
68939.3
71819.1
74914.5
78281.8
81984.5
86087
90654.2
95750.2
101362
107395
114202
122464
132536
144562
158614
174617
192334
211343
231019
250526
268897
285191
298538
308299
314394
317376
318194
318008
317790
317749
317817
317911
318006
318099
118.041
874.282
1268.78
1797.24
2258.23
2747.01
3228.25
3722.11
4225.51
4739.28
5258.23
5777.43
6305.13
6848.55
7416.45
8017.51
8663.95
9374.96
10168.9
11069.7
12110.1
13326.6
14756.5
16423.3
18341.7
20497.2
22832.7
25310.9
27922.1
30613
33296.9
35908.9
38419.8
40819.3
43128.6
45372.2
47584.6
49794.9
52022.8
54283
56588.1
58947.4
61373.7
63885.2
66504.6
69261.4
72191.2
75341.7
78770.3
82541.5
86721.1
91377.7
96577.4
102305
108488
115526
124058
134381
146646
160911
177088
194925
213976
233594
252932
271016
286913
299815
309154
314893
317620
318301
318059
317810
317752
317816
317923
318026
318126
119.588
884.265
1282.18
1813.75
2276.58
2766.93
3249.27
3744.02
4248.08
4763.52
5286.38
5809.49
6340.53
6887.12
7457.58
8060.34
8708.15
9421.86
10220
11125.7
12170.3
13389.4
14820.4
16487.8
18407.8
20567.3
22901.8
25371
27976.6
30673
33374.5
36005
38525.1
40925.7
43231
45469.4
47680
49893.9
52129.2
54401.2
56723
59103.2
61555.5
64098.4
66753.9
69551.5
72527
75728
79212.6
83045.9
87295.5
92033.7
97327.7
103160
109490
116747
125527
136081
148564
163022
179357
197298
216380
235939
255115
272933
288468
300959
309913
315335
317842
318403
318115
317832
317760
317819
317936
318047
318155
121
893.859
1295.05
1829.45
2293.93
2785.79
3269.18
3764.83
4269.09
4785.62
5312.43
5839.79
6374.28
6924.19
7497.39
8101.83
8750.56
9466.47
10268.5
11178.6
12227
13448.6
14881.1
16549.6
18471.1
20633.2
22965.1
25424.5
28021.8
30714.5
33426.2
36073.4
38604.9
41010.7
43315.8
45551.6
47761.8
49979.7
52221.9
54504.6
56841.3
59240.3
61716.3
64288
66976.5
69811.6
72828.9
76076
79611.6
83501.1
87814.2
92626.5
98005.6
103934
110407
117871
126875
137642
150323
164956
181431
199463
218569
238068
257090
274665
289872
301989
310592
315731
318044
318503
318174
317858
317773
317827
317951
318070
318185
122.148
903.107
1307.34
1844.05
2310.06
2803.54
3287.89
3784.43
4288.51
4805.79
5336.47
5868.27
6406.34
6959.68
7535.77
8141.94
8791.17
9508.74
10314.1
11228.1
12280
13504
14938.2
16608.1
18531.3
20695.2
23023.6
25472.8
28060.4
30742.1
33454.8
36114.2
38657.5
41072.6
43382.4
45619.1
47830.9
50053.3
52302.1
54594.4
56944.5
59360.4
61857.6
64455.4
67174
70043.4
73098.9
76388.1
79970
83910.4
88280.7
93160
98615.5
104632
111242
118900
128108
139068
151929
166720
183321
201431
220554
239994
258873
276225
291138
302918
311204
316090
318233
318600
318237
317890
317792
317840
317968
318093
318217
122.878
912.158
1318.92
1857.19
2324.86
2820.09
3305.16
3802.67
4306.69
4824.56
5358.65
5894.85
6436.65
6993.51
7572.63
8180.59
8829.91
9548.61
10356.7
11274.1
12329.1
13555.2
14991.2
16662.7
18587.7
20753.4
23078.8
25517.5
28094.5
30761.9
33466.8
36132.4
38686.1
41112.3
43430.3
45672.2
47888.1
50115.5
52370.8
54671.6
57033.7
59464.6
61980.9
64602.1
67348
70248.5
73338.8
76666.3
80290.2
84276.7
88698.5
93638
99162
105260
112001
119838
129229
140364
153388
168322
185034
203213
222348
241731
260479
277628
292278
303759
311759
316420
318410
318697
318301
317927
317815
317857
317986
318118
318249
123.047
921.162
1329.61
1868.82
2338.45
2835.3
3320.96
3819.68
4323.89
4842.11
5378.97
5919.49
6465.09
7025.51
7607.81
8217.63
8866.72
9586.04
10396.2
11316.5
12373.8
13601.6
15039.5
16712.6
18639.5
20807.8
23132.8
25561
28127
30780
33469.4
36134.3
38698.2
41135.5
43462.4
45711.9
47934
50167.2
52428.7
54737.3
57109.9
59554.2
62087.4
64729.6
67499.8
70428.4
73550.3
76912.6
80574.6
84602.6
89070.8
94064.2
99649.4
105823
112689
120689
130244
141538
154708
169769
186580
204819
223963
243293
261919
278885
293301
304518
312265
316724
318578
318793
318368
317968
317842
317877
318005
318144
318282
122.526
930.131
1339.29
1879.25
2350.96
2849.07
3335.43
3835.5
4340.11
4858.4
5397.43
5942.11
6491.51
7055.5
7641.1
8252.82
8901.48
9620.96
10432.6
11354.8
12413.8
13642.8
15082.2
16756.8
18685.5
20857.8
23186.7
25606.7
28162.1
30801.5
33469.7
36126.4
38699.3
41149.2
43484.4
45741.5
47970.4
50209.1
52476.4
54791.7
57173.6
59629.9
62178.2
64838.9
67630.9
70584.6
73734.9
77128.6
80825.1
84890.5
89400.3
94441.9
100082
106326
113308
121456
131158
142594
155894
171069
187968
206259
225409
244689
263207
280009
294217
305202
312727
317007
318739
318889
318435
318011
317870
317899
318025
318172
318315
121.233
939.143
1348
1888.65
2362.49
2861.33
3348.47
3850.08
4355.2
4873.44
5414.13
5962.72
6515.72
7083.25
7672.23
8285.87
8933.97
9653.53
10465.7
11389
12448.7
13678
15118.4
16793.9
18724.4
20903
23240.6
25657.2
28204.1
30829.3
33474.4
36116.4
38693.6
41156.5
43500.3
45764.5
47999.7
50243
52515
54836.3
57226
59692.6
62254
64930.9
67742.3
70718.3
73894
77315.8
81043.2
85142.1
89689.4
94773.9
100463
106774
113863
122145
131977
143538
156954
172229
189206
207542
226697
245933
264353
281010
295034
305817
313148
317271
318893
318983
318502
318056
317899
317922
318047
318201
318348
119.143
948.077
1355.65
1897.21
2373.22
2872.08
3360.05
3863.13
4368.79
4887.25
5429.22
5981.26
6537.53
7108.49
7700.88
8316.5
8964.18
9683.84
10495.5
11418.9
12477.9
13706
15146.8
16822.5
18754.8
20943.4
23294.8
25713.8
28254
30863.7
33486.9
36111.9
38686
41159.3
43511.7
45782.3
48023.2
50270.1
52545.9
54872.3
57268.3
59743.4
62316
65006.6
67834.8
70830.6
74028.7
77475.7
81230.5
85359.5
89940.1
95062.6
100796
107168
114357
122758
132704
144376
157894
173257
190301
208678
227836
247032
265367
281896
295761
306368
313530
317516
319040
319077
318568
318102
317929
317946
318070
318231
318379
116.31
956.575
1362.09
1904.97
2383.09
2881.5
3370.35
3874.49
4380.72
4899.63
5442.4
5997.41
6556.65
7130.79
7726.66
8344.46
8992.14
9711.81
10522.1
11444.8
12501.1
13725.8
15165.7
16840.3
18775.1
20978.9
23350.5
25777.2
28311.8
30905.3
33505.9
36114
38681.1
41160.6
43520.7
45796.8
48042.6
50292.5
52571.3
54901.5
57302.5
59784.6
62366.4
65068
67910.1
70922.6
74140.1
77609.1
81388.1
85543.6
90153.7
95309.7
101082
107512
114792
123299
133345
145113
158720
174159
191262
209673
228835
247996
266257
282675
296402
306859
313877
317744
319180
319169
318632
318147
317959
317969
318094
318263
318409
112.9
964.417
1367.36
1911.68
2391.69
2889.83
3379.42
3884.01
4390.94
4910.53
5453.86
6011.19
6572.89
7149.86
7749.27
8369.49
9017.8
9737.74
10546.6
11467.5
12518.7
13736.8
15173.4
16845.2
18783.1
21009
23409
25849.4
28378.4
30953.6
33529.8
36120.1
38680.3
41161.7
43527.1
45807.6
48057.8
50310.3
52591.6
54925
57329.8
59817.4
62406.5
65117.1
67970.5
70996.5
74230.1
77717.7
81517.6
85696.2
90332.2
95517.4
101324
107808
115171
123770
133903
145754
159436
174941
192094
210535
229700
248831
267030
283354
296963
307293
314188
317954
319313
319259
318695
318191
317989
317993
318120
318295
318436
109.528
971.44
1371.19
1917.11
2399.02
2896.63
3386.63
3891.47
4399.32
4920.2
5464.26
6022.73
6585.81
7165.17
7768.16
8390.98
9040.61
9761.32
10569
11487.3
12531.7
13739
15168
16834.3
18775.2
21031.3
23469.3
25929.9
28453.6
31007.8
33558.7
36130.8
38684.7
41164.7
43532.7
45816.8
48070.4
50325.2
52608.4
54944.3
57352
59843.8
62438.5
65156.1
68018.4
71055.1
74301.4
77803.9
81620.7
85818.4
90476.2
95686
101523
108056
115494
124174
134381
146302
160048
175607
192803
211269
230436
249544
267690
283935
297448
307671
314464
318145
319436
319346
318756
318234
318017
318017
318147
318328
318458
107.239
977.272
1373.8
1921.37
2405.12
2901.56
3391.65
3897.23
4406.49
4929.05
5473.81
6032.13
6595.45
7176.89
7783.47
8409.12
9060.87
9782.98
10590.4
11505.9
12543.2
13735.8
15151.5
16808
18749.6
21043.9
23530.8
26017.8
28535.5
31064.9
33590.1
36143.6
38690.3
41166.9
43535.9
45823.1
48079.7
50336.6
52621.6
54959.6
57369.6
59864.6
62463.2
65185.9
68054.8
71099.6
74355.7
77869.6
81699.6
85912.6
90588.1
95818.1
101681
108258
115762
124513
134782
146761
160558
176163
193393
211880
231050
250138
268242
284423
297857
307994
314703
318315
319549
319427
318813
318274
318044
318040
318175
318360
318477
107.268
981.029
1375.44
1924.02
2408.96
2904.24
3394.41
3900.8
4411.73
4935.98
5481.1
6038.34
6601.17
7184.2
7793.57
8421.78
9076.11
9800.05
10608.2
11521.5
12552.3
13728.3
15125.8
16764.3
18701
21040.2
23588.3
26111.2
28624.2
31126.1
33625.3
36159.9
38698.2
41170.1
43539.1
45828.4
48086.9
50345.4
52631.8
54971.4
57383.3
59880.8
62482.6
65209
68082.9
71133.9
74397.2
77919.5
81758.9
85982.8
90671
95915.1
101798
108412
115974
124784
135105
147130
160968
176609
193867
212370
231542
250615
268687
284819
298190
308261
314904
318462
319649
319500
318865
318311
318069
318063
318203
318390
318491
110.843
982.177
1376.89
1925.92
2411.32
2905.82
3396.17
3902.82
4415.05
4941.34
5487.07
6043.11
6605.9
7190.04
7800.83
8431.24
9088.33
9814.2
10624
11536.6
12561.7
13722.3
15100.4
16713.4
18638
21024.8
23641.3
26205.4
28713.8
31185.7
33659.4
36176
38705
41172.1
43541
45832.2
48092.2
50352.2
52639.5
54980.3
57393.6
59892.7
62496.5
65225.3
68102.2
71156.8
74424.6
77952
81797.3
86028.4
90724.8
95978.1
101876
108520
116132
124992
135352
147414
161282
176949
194228
212743
231917
250979
269026
285122
298448
308469
315065
318583
319734
319562
318910
318342
318090
318084
318229
318415
318501
117.412
979.837
1377.2
1926.32
2411.97
2906.03
3396.59
3903.12
4415.93
4944.05
5490.19
6044.79
6607.7
7192.1
7802.77
8434.68
9093.77
9820.85
10632.4
11544.9
12564.8
13713.3
15074.7
16661.2
18568
20995.3
23682.5
26297.5
28808.2
31250.5
33698
36196.5
38714.7
41175.1
43542.2
45833.8
48094.6
50355.7
52643.7
54985.4
57399.8
59900.4
62506
65237
68116.3
71173.8
74444.8
77975.8
81825
86060.4
90761.3
96017.9
101921
108584
116231
125128
135518
147605
161494
177178
194472
212996
232172
251227
269259
285331
298628
308616
315180
318674
319800
319609
318945
318366
318108
318102
318249
318432
318506
123.951
978.287
1379.03
1928.13
2414.03
2907.76
3398.67
3905.44
4418.59
4947.85
5494.16
6047.88
6611.16
7195.79
7806.26
8439.12
9099.14
9826.9
10639.6
11551.4
12567.5
13708.9
15061.2
16631.4
18528.7
20988.8
23722.5
26365.3
28874
31294.1
33722.6
36210.6
38724.1
41180.9
43546.4
45837.8
48098.7
50360.1
52648.4
54990.4
57405.4
59906.8
62513.3
65245.3
68125.8
71184.4
74456.5
77988.5
81838.8
86075.2
90776.8
96032.9
101938
108612
116285
125206
135612
147713
161612
177304
194604
213133
232309
251361
269386
285447
298728
308700
315248
318730
319839
319638
318966
318379
318117
318110
318258
318439
318509
)
;

boundaryField
{
    inletFace
    {
        type            zeroGradient;
    }
    inlet
    {
        type            zeroGradient;
    }
    inletWalls
    {
        type            zeroGradient;
    }
    outletInlet
    {
        type            cyclicAMI;
        value           nonuniform List<scalar> 
15
(
318021
318011
317999
317986
317971
317952
317929
317900
317861
317817
317762
317676
317597
317434
317286
)
;
    }
    fineSymmetryWall
    {
        type            symmetryPlane;
    }
    fineWalls
    {
        type            zeroGradient;
    }
    fineCyclicBoundary
    {
        type            fixedValue;
        value           uniform 0;
    }
    fineplug
    {
        type            cyclicAMI;
        value           nonuniform List<scalar> 
80
(
318023
318027
318022
318015
318022
318017
318013
318011
318010
318008
318006
318002
317999
318000
317996
317993
317991
317990
317987
317984
317981
317977
317978
317973
317968
317965
317961
317958
317956
317953
317948
317944
317940
317935
317929
317924
317920
317914
317908
317902
317904
317889
317881
317873
317865
317860
317854
317849
317839
317839
317814
317801
317793
317784
317773
317762
317753
317742
317763
317703
317679
317665
317654
317642
317624
317605
317591
317573
317615
317509
317466
317439
317422
317400
317372
317340
317305
317372
317209
317144
)
;
    }
    faceFine
    {
        type            zeroGradient;
    }
}


// ************************************************************************* //
