/*--------------------------------*- C++ -*----------------------------------*\
| =========                 |                                                 |
| \\      /  F ield         | OpenFOAM: The Open Source CFD Toolbox           |
|  \\    /   O peration     | Version:  4.1                                   |
|   \\  /    A nd           | Web:      www.OpenFOAM.org                      |
|    \\/     M anipulation  |                                                 |
\*---------------------------------------------------------------------------*/
FoamFile
{
    version     2.0;
    format      ascii;
    class       volScalarField;
    location    "1";
    object      p;
}
// * * * * * * * * * * * * * * * * * * * * * * * * * * * * * * * * * * * * * //

dimensions      [0 2 -2 0 0 0 0];

internalField   nonuniform List<scalar> 
6785
(
472.921
394.307
347.287
293.877
247.239
202.371
160.679
121.285
84.1903
49.2302
15.7292
-16.9351
-45.3454
-74.6233
-114.609
-146.427
-164.423
-154.371
-161.618
-160.913
-163.286
-163.793
-164.148
-163.535
-162.132
-159.729
-156.605
-152.534
-147.257
-142.683
-123.051
-125.703
-115.808
-119.281
-114.34
-114.469
-112.584
-111.78
-110.789
-109.926
-109.098
-108.286
-107.331
-107.021
-102.397
-69.3504
-69.3975
-64.059
-68.1979
-64.3554
-65.4963
-64.3924
-63.8677
-63.039
-61.999
-60.6499
-59.1445
-57.0269
-55.6926
-52.2998
-54.1814
-53.5776
-50.5142
-52.7312
-49.5012
-49.7031
-48.2746
-47.1945
-45.9862
-44.7584
-43.3386
-42.0865
-40.5986
-39.6153
-38.0066
-44.2518
-44.9959
-42.5529
-44.7573
-42.1096
-42.9783
-42.1676
-41.9396
-41.6057
-41.402
-41.0506
-40.9811
-40.7353
-40.9016
-40.6392
-40.4814
-42.9133
-40.2207
-42.7924
-40.5882
-41.6238
-41.0785
-41.1078
-40.9665
-40.9603
-40.7612
-40.8114
-40.6475
-40.7862
-40.5195
-39.7839
-42.5089
-39.318
-41.6845
-39.9637
-40.5847
-40.1281
-40.0755
-39.8762
-39.8082
-39.5654
-39.533
-39.3476
-39.3982
-39.0305
-37.4697
-39.4458
-36.5558
-38.5821
-37.3615
-37.7798
-37.4943
-37.4932
-37.385
-37.3705
-37.2454
-37.2276
-37.1715
-37.2276
-36.9274
-36.3806
-37.639
-35.4051
-37.1059
-36.1786
-36.6079
-36.4027
-36.4708
-36.4478
-36.4402
-36.4445
-36.3786
-36.4559
-36.475
-36.2601
-34.1555
-35.162
-33.5234
-35.044
-34.2925
-34.8247
-34.6851
-34.8407
-34.9307
-34.9274
-35.1082
-34.9868
-35.252
-35.2226
-35.1634
-36.2719
-37.0568
-35.8351
-37.0963
-36.3657
-36.8869
-36.6768
-36.7842
-36.8514
-36.7013
-36.9333
-36.5905
-36.931
-36.7042
-36.6463
-33.9499
-34.6152
-33.7439
-34.7936
-34.1253
-34.6026
-34.3106
-34.346
-34.3596
-34.0412
-34.2873
-33.7283
-34.0867
-33.7331
-33.5733
-40.8494
-41.7378
-41.0732
-41.822
-41.0415
-41.1331
-40.4666
-39.9207
-39.3474
-38.2015
-37.7742
-36.266
-35.7604
-34.6572
-33.2557
-47.6431
-44.5094
-40.9904
-39.2087
-35.1305
-32.4712
-28.4319
-24.8764
-21.5451
-17.8058
-15.2303
-11.9742
-10.491
-7.94952
-7.49184
2.29539
2.29908
2.31491
2.30394
2.30985
2.30381
2.32114
2.32112
2.3279
2.31948
2.33845
2.33968
2.32194
2.333
2.33752
2.35996
2.38203
2.39018
2.42253
2.47635
2.49319
2.52933
2.5795
2.53714
2.57002
2.62414
2.67733
2.6521
2.70354
2.80003
2.7676
2.76979
2.85149
2.95355
2.84918
2.88319
3.0834
2.97819
2.95739
3.06122
3.27432
3.20256
3.10788
3.24885
3.51868
3.35861
3.22563
3.73839
3.53694
3.26132
3.42115
3.93939
3.80384
3.2828
3.47984
4.13729
3.78601
2.99603
4.18956
3.74169
2.52467
2.65972
3.84616
3.28393
1.25724
3.35233
2.66088
-0.203905
-0.399495
1.60329
1.38439
-3.31443
-3.70589
-0.96361
-1.5698
-9.34365
-4.5329
-4.19959
-18.0376
-11.2617
-6.75037
-6.79606
-7.37582
-17.5744
-5.80269
-4.49022
-4.73068
-5.35665
-5.95518
-6.70851
-7.37375
-9.2055
-12.9595
-9.31414
-9.86232
-10.0183
-10.4941
-10.9669
-11.4477
-11.4884
-12.9849
-17.1769
-14.0654
-14.4866
-14.6574
-15.1997
-15.7557
-16.4982
-17.1526
-17.7923
-19.2895
-23.4961
-21.9372
-22.4481
-22.837
-23.5618
-24.3308
-25.1533
-26.0725
-27.7898
-33.3986
-31.1394
-31.4996
-31.8038
-32.4441
-33.1713
-33.9855
-34.8111
-36.5496
-43.3331
-40.3185
-40.4357
-40.4215
-40.784
-41.3047
-41.9796
-42.8251
-44.4335
-50.8765
-47.3105
-46.9605
-46.7502
-46.9005
-47.106
-47.8018
-48.3848
-49.3166
-50.9809
-57.0369
-51.6437
-51.2301
-51.404
-51.9737
-52.6221
-53.7803
-54.247
-55.3225
-60.049
-51.9222
-52.3347
-52.9913
-49.3246
-52.8786
-47.0048
-46.7646
-41.5781
-37.4444
-35.5478
-30.7438
-27.1753
-24.1674
-22.3498
-21.0897
-20.8487
-20.7632
-20.4203
-20.1051
-19.2245
-18.8597
-18.259
-17.1282
-17.2221
-16.7996
-14.2535
-15.4183
-14.6943
-13.5279
-13.8811
-10.1825
-12.3394
-12.3073
-10.8581
-11.7725
-7.26086
-9.46066
-11.8578
-5.42485
-8.65584
-9.78886
-7.72588
-9.57016
-3.47183
-7.15157
-8.47723
-6.40724
-8.32182
-2.20068
-5.2793
-8.96405
-0.987779
-5.04421
-6.89431
-4.5098
-6.85129
0.0912376
-4.1229
-5.87724
-3.62807
-5.85271
0.790437
-2.64406
-6.73874
1.75322
-2.63942
-4.7242
-2.268
-4.80494
2.44569
-2.04979
-3.96751
-1.70398
-4.09824
2.76544
-0.912823
-5.31149
3.51445
-1.308
-3.45811
-1.36976
-3.5049
7.21917e-07
2.09671e-06
3.91992e-06
5.88177e-06
8.21592e-06
1.07931e-05
1.37106e-05
1.69327e-05
2.0521e-05
2.44811e-05
2.88645e-05
3.37055e-05
3.90569e-05
4.49731e-05
5.15183e-05
5.87637e-05
6.679e-05
7.56873e-05
8.55567e-05
9.65109e-05
0.000108676
0.000122192
0.000137217
0.000153924
0.00017251
0.000193189
0.000216205
0.000241827
0.000270354
0.000302121
0.000337499
0.000376903
0.000420791
0.000469677
0.00052413
0.000584782
0.000652335
0.00072757
0.00081135
0.000904631
0.00100847
0.00112404
0.00125262
0.00139562
0.0015546
0.00173123
0.00192734
0.0021449
0.002386
0.00265284
0.0029477
0.00327287
0.00363056
0.00402276
0.00445105
0.00491627
0.00541807
0.00595429
0.00652002
0.00710624
0.00769796
0.00827152
0.00879083
0.00920223
0.00942755
0.009355
0.00882799
0.00763169
0.00548213
0.00199076
-0.00317487
-0.0109212
-0.0207426
-0.0349749
-0.0506346
-0.0709751
-0.0908615
-0.148915
-0.121731
2.14248e-06
6.28011e-06
1.17882e-05
1.77121e-05
2.47261e-05
3.24736e-05
4.12281e-05
5.0896e-05
6.16561e-05
7.35294e-05
8.66689e-05
0.000101179
0.000117217
0.000134947
0.000154561
0.000176273
0.000200324
0.000226985
0.000256557
0.000289379
0.000325827
0.000366323
0.000411334
0.000461385
0.000517057
0.000578999
0.000647934
0.000724667
0.000810093
0.000905212
0.00101113
0.00112909
0.00126046
0.00140676
0.0015697
0.00175117
0.00195325
0.00217826
0.00242878
0.00270765
0.00301802
0.00336335
0.00374746
0.00417454
0.00464917
0.00517633
0.00576143
0.00641025
0.00712897
0.00792408
0.00880224
0.00977016
0.0108343
0.0120004
0.0132729
0.0146542
0.0161429
0.0177324
0.0194079
0.0211422
0.0228909
0.0245834
0.0261131
0.0273213
0.0279772
0.0277513
0.0261819
0.0226355
0.0162727
0.00594643
-0.00934352
-0.0322685
-0.0614343
-0.10364
-0.150483
-0.209719
-0.271695
-0.326144
-0.334451
3.46412e-06
1.0304e-05
1.95814e-05
2.95134e-05
4.12578e-05
5.42173e-05
6.88521e-05
8.50081e-05
0.000102984
0.000122816
0.00014476
0.00016899
0.000195771
0.000225376
0.000258126
0.000294378
0.000334535
0.000379048
0.000428422
0.000483221
0.000544075
0.000611685
0.000686835
0.000770397
0.000863343
0.000966757
0.00108184
0.00120995
0.00135257
0.00151136
0.00168819
0.00188511
0.00210441
0.00234865
0.00262065
0.00292357
0.0032609
0.0036365
0.00405468
0.00452017
0.00503822
0.00561462
0.00625574
0.00696855
0.00776071
0.00864052
0.00961699
0.0106998
0.0118992
0.0132261
0.0146915
0.0163067
0.0180823
0.0200281
0.0221514
0.0244562
0.0269402
0.0295923
0.0323879
0.0352819
0.0381999
0.0410247
0.0435783
0.0455961
0.0466935
0.0463205
0.0437066
0.0377941
0.0271795
0.00994922
-0.0155886
-0.053859
-0.102636
-0.173149
-0.251521
-0.351089
-0.455179
-0.543884
-0.62623
4.77864e-06
1.43443e-05
2.73961e-05
4.13556e-05
5.78373e-05
7.60185e-05
9.65358e-05
0.000119182
0.000144371
0.000172159
0.000202902
0.000236847
0.000274362
0.000315833
0.000361708
0.000412487
0.000468736
0.000531087
0.000600246
0.000677003
0.00076224
0.00085694
0.0009622
0.00107924
0.00120942
0.00135427
0.00151546
0.00169487
0.00189462
0.00211701
0.00236465
0.00264042
0.00294754
0.00328956
0.00367046
0.00409463
0.00456696
0.00509287
0.00567836
0.00633008
0.00705535
0.00786227
0.00875974
0.00975753
0.0108663
0.0120977
0.0134643
0.0149796
0.0166581
0.0185147
0.020565
0.0228247
0.0253088
0.0280307
0.0310007
0.0342244
0.0376987
0.0414082
0.0453184
0.0493667
0.0534495
0.0574035
0.0609809
0.0638132
0.0653643
0.0648675
0.0612479
0.0530286
0.0382452
0.0142242
-0.0214356
-0.0748866
-0.1432
-0.241882
-0.351981
-0.491893
-0.639315
-0.779693
-0.950927
6.05636e-06
1.83537e-05
3.5208e-05
5.3222e-05
7.4462e-05
9.78843e-05
0.000124299
0.000153449
0.000185862
0.000221617
0.000261169
0.000304837
0.000353097
0.000406443
0.000465452
0.00053077
0.000603123
0.000683323
0.000772281
0.000871011
0.000980648
0.00110246
0.00123785
0.00138839
0.00155583
0.00174212
0.00194944
0.0021802
0.0024371
0.00272312
0.0030416
0.00339626
0.00379122
0.00423105
0.00472086
0.00526631
0.00587366
0.00654989
0.0073027
0.00814062
0.00907308
0.0101105
0.0112642
0.0125469
0.0139721
0.0155549
0.0173114
0.0192589
0.0214159
0.0238018
0.0264365
0.02934
0.0325317
0.0360288
0.0398446
0.0439862
0.0484499
0.053216
0.0582405
0.0634437
0.068693
0.0737804
0.0783887
0.0820475
0.0840709
0.0834782
0.0788923
0.0684196
0.0495349
0.0188053
-0.0269026
-0.0954513
-0.183339
-0.310222
-0.452407
-0.633347
-0.824323
-0.980031
-1.15622
7.32204e-06
2.23762e-05
4.30412e-05
6.5129e-05
9.11379e-05
0.000119812
0.00015213
0.000187788
0.000227427
0.000271149
0.000319507
0.000372896
0.000431895
0.000497111
0.000569249
0.000649098
0.000737547
0.000835588
0.000944334
0.00106503
0.00119905
0.00134795
0.00151346
0.00169748
0.00190216
0.00212989
0.00238331
0.00266538
0.00297939
0.003329
0.00371829
0.00415177
0.0046345
0.00517207
0.00577071
0.00643732
0.00717957
0.00800597
0.00892592
0.00994985
0.0110893
0.0123568
0.0137665
0.0153336
0.0170749
0.0190086
0.0211543
0.0235333
0.0261681
0.0290823
0.0323003
0.0358466
0.0397446
0.0440156
0.048676
0.0537343
0.0591864
0.0650087
0.0711481
0.0775082
0.0839286
0.0901571
0.0958099
0.100316
0.102844
0.102202
0.0967157
0.0840796
0.0612088
0.0239136
-0.0316951
-0.115175
-0.222603
-0.377638
-0.552299
-0.774845
-1.01143
-1.25014
-1.45443
8.57397e-06
2.64118e-05
5.08971e-05
7.70773e-05
0.000107865
0.000141802
0.000180027
0.000222197
0.000269061
0.000320747
0.000377907
0.00044101
0.000510741
0.000587818
0.000673074
0.000767443
0.000871975
0.000987842
0.00111636
0.001259
0.00141739
0.00159336
0.00178895
0.00200643
0.00224832
0.00251744
0.00281692
0.00315025
0.00352132
0.00393445
0.00439445
0.00490668
0.00547707
0.00611226
0.00681957
0.00760719
0.00848414
0.00946048
0.0105473
0.0117569
0.0131029
0.0146002
0.0162654
0.0181164
0.020173
0.0224568
0.0249909
0.0278004
0.0309118
0.034353
0.0381528
0.0423401
0.0469427
0.0519857
0.0574885
0.0634615
0.0699002
0.0767773
0.0840312
0.0915491
0.099144
0.106521
0.113231
0.118606
0.121672
0.12103
0.114714
0.100011
0.0732784
0.0295714
-0.0357797
-0.134016
-0.26096
-0.444127
-0.651726
-0.9161
-1.19936
-1.44402
-1.69139
9.82009e-06
3.04736e-05
5.87839e-05
8.90728e-05
0.000124647
0.000163853
0.000207986
0.000256667
0.000310751
0.000370395
0.000436347
0.000509154
0.000589603
0.000678525
0.000776882
0.000885752
0.00100634
0.00114001
0.00128828
0.00145283
0.00163556
0.00183857
0.00206421
0.00231509
0.00259414
0.00290459
0.00325007
0.00363459
0.00406263
0.00453919
0.00506981
0.00566065
0.00631858
0.00705122
0.00786704
0.00877545
0.00978687
0.0109129
0.0121663
0.0135613
0.0151134
0.0168401
0.0187601
0.0208944
0.0232657
0.0258988
0.0288204
0.0320594
0.0356463
0.0396133
0.0439936
0.0488205
0.0541262
0.0599395
0.0662833
0.0731698
0.0805945
0.0885266
0.0968964
0.105576
0.114353
0.122891
0.130678
0.136952
0.140601
0.140024
0.13297
0.116324
0.0858892
0.0359659
-0.0389209
-0.151689
-0.298086
-0.509345
-0.750389
-1.05772
-1.38886
-1.66578
-1.94463
1.10632e-05
3.45666e-05
6.67058e-05
0.000101118
0.000141482
0.000185963
0.000236002
0.000291191
0.000352487
0.000420078
0.00049481
0.000577303
0.000668452
0.000769199
0.000880634
0.00100398
0.0011406
0.00129204
0.00146002
0.00164645
0.00185346
0.00208346
0.0023391
0.00262333
0.00293946
0.00329118
0.00368256
0.00411818
0.0046031
0.00514296
0.00574405
0.00641336
0.00715865
0.00798855
0.00891265
0.00994159
0.0110872
0.0123625
0.0137821
0.015362
0.0171199
0.0190753
0.0212496
0.0236665
0.0263517
0.0293331
0.0326412
0.0363085
0.0403696
0.044861
0.0498202
0.0552851
0.061292
0.0678741
0.0750573
0.0828561
0.0912659
0.100253
0.109741
0.119587
0.129554
0.139267
0.148154
0.155362
0.159645
0.159209
0.151521
0.133073
0.099118
0.0432027
-0.0409792
-0.168019
-0.333782
-0.573081
-0.848107
-1.19917
-1.58061
-1.93629
-2.22642
1.23068e-05
3.86957e-05
7.46661e-05
0.000113214
0.000158371
0.000208128
0.000264068
0.000325758
0.000394254
0.000469778
0.00055327
0.000645429
0.000747253
0.000859797
0.000984278
0.00112206
0.00127468
0.00144385
0.00163149
0.00183974
0.00207099
0.00232791
0.00261347
0.00293097
0.00328411
0.00367698
0.00411417
0.00460075
0.0051424
0.00574541
0.0064168
0.00716436
0.00799678
0.00892367
0.00995576
0.0111049
0.0123843
0.0138086
0.0153939
0.0171581
0.019121
0.0213044
0.0237322
0.0264308
0.0294288
0.0327574
0.0364506
0.0405447
0.0450784
0.0500923
0.0556285
0.0617291
0.0684352
0.0757836
0.0838041
0.0925131
0.101907
0.111949
0.122556
0.133572
0.144737
0.15564
0.165651
0.173831
0.178804
0.17859
0.170382
0.150289
0.113016
0.0513595
-0.0418439
-0.182859
-0.367872
-0.635153
-0.944703
-1.3401
-1.77425
-2.13922
-2.50628
1.35536e-05
4.28641e-05
8.26677e-05
0.000125364
0.000175314
0.000230347
0.000292181
0.000360362
0.000436042
0.000519482
0.000611712
0.000713511
0.000825982
0.00095029
0.00108778
0.00123996
0.00140853
0.00159538
0.00180263
0.00203265
0.00228807
0.00257184
0.00288724
0.00323792
0.00362796
0.00406188
0.00454474
0.00508216
0.00568038
0.00634636
0.00708785
0.00791346
0.00883276
0.00985637
0.0109961
0.0122651
0.0136779
0.0152507
0.0170012
0.0189492
0.0211165
0.0235272
0.0262077
0.029187
0.0324968
0.0361716
0.0402487
0.0447683
0.049773
0.0553079
0.0614193
0.068154
0.0755574
0.0836707
0.092527
0.102146
0.112523
0.123622
0.135352
0.147546
0.159922
0.172034
0.1832
0.192397
0.198129
0.198232
0.189641
0.168085
0.127731
0.0606267
-0.0412739
-0.195911
-0.40001
-0.695192
-1.03979
-1.48093
-1.97016
-2.36599
-2.86745
1.48057e-05
4.70737e-05
9.07119e-05
0.000137566
0.000192307
0.000252613
0.000320332
0.00039499
0.000477836
0.000569168
0.00067011
0.000781519
0.000904601
0.00104063
0.00119109
0.00135763
0.00154209
0.00174656
0.00197336
0.00222506
0.00250457
0.0028151
0.00316025
0.003544
0.00397081
0.00444565
0.00497403
0.0055621
0.0062167
0.00694544
0.00775679
0.00866016
0.00966603
0.010786
0.012033
0.0134215
0.0149672
0.0166878
0.0186028
0.0207339
0.0231049
0.025742
0.0286742
0.0319331
0.0355534
0.0395728
0.0440322
0.0489754
0.0544493
0.0605029
0.0671872
0.0745535
0.0826517
0.0915272
0.101217
0.111743
0.123103
0.135259
0.148114
0.161491
0.175089
0.18843
0.20078
0.211041
0.217599
0.218121
0.209287
0.186461
0.143279
0.0710434
-0.0391995
-0.207068
-0.430054
-0.753043
-1.13318
-1.62152
-2.16746
-2.62687
-3.25396
1.60649e-05
5.13258e-05
9.88001e-05
0.00014982
0.00020935
0.000274924
0.000348514
0.000429634
0.000519625
0.000618823
0.000728446
0.000849429
0.000983083
0.0011308
0.00129417
0.001475
0.00167531
0.00189733
0.0021436
0.00241691
0.00272042
0.00305762
0.00343239
0.00384909
0.00431254
0.00482814
0.00540187
0.00604041
0.00675118
0.00754244
0.00842338
0.00940423
0.0104963
0.0117123
0.0130662
0.0145736
0.0162517
0.0181196
0.0201986
0.022512
0.0250857
0.0279483
0.0311311
0.0346684
0.038598
0.0429606
0.0478007
0.0531659
0.059107
0.0656774
0.0729325
0.0809282
0.0897189
0.0993546
0.109876
0.121308
0.133651
0.146865
0.16085
0.175419
0.190252
0.204844
0.218415
0.229793
0.237258
0.238312
0.229395
0.205517
0.159792
0.0827833
-0.0353942
-0.216042
-0.457656
-0.808322
-1.22447
-1.76169
-2.36538
-2.85343
-3.52416
1.73326e-05
5.56207e-05
0.000106932
0.000162126
0.000226438
0.000297274
0.00037672
0.000464283
0.000561392
0.000668428
0.000786695
0.000917213
0.00106139
0.00122074
0.00139698
0.00159204
0.00180811
0.00204761
0.00231327
0.00260811
0.00293551
0.00329925
0.00370353
0.00415304
0.00465298
0.00520916
0.00582805
0.00651684
0.00728354
0.00813705
0.00908728
0.0101453
0.0113232
0.0126348
0.0140951
0.0157208
0.0175307
0.0195453
0.0217874
0.0242823
0.0270579
0.0301448
0.033577
0.0373915
0.0416288
0.046333
0.0515519
0.0573371
0.0637432
0.070828
0.0786514
0.0872738
0.0967544
0.107148
0.118498
0.130835
0.14416
0.158433
0.173552
0.189319
0.205403
0.221269
0.236096
0.248648
0.257102
0.258807
0.249975
0.225276
0.177316
0.0959215
-0.0297426
-0.222667
-0.482594
-0.860774
-1.31334
-1.90139
-2.56512
-3.1572
-3.89053
1.86099e-05
5.99584e-05
0.000115108
0.000174482
0.00024357
0.000319657
0.000404942
0.000498926
0.000603124
0.000717964
0.000844837
0.000984846
0.0011395
0.00131042
0.00149946
0.00170869
0.00194045
0.00219735
0.0024823
0.00279856
0.00314974
0.00353991
0.00397356
0.00445572
0.00499197
0.00558855
0.00625238
0.00699119
0.00781354
0.00872901
0.0097482
0.0108829
0.0121464
0.013553
0.0151192
0.0168628
0.0188037
0.0209642
0.0233687
0.0260441
0.0290205
0.0323308
0.0360111
0.0401013
0.0446447
0.0496888
0.0552847
0.0614877
0.0683565
0.0759533
0.0843423
0.0935888
0.103757
0.114905
0.127083
0.140323
0.154629
0.169963
0.186219
0.203195
0.220544
0.237711
0.253834
0.267619
0.27715
0.279636
0.271071
0.245803
0.195941
0.110586
-0.022066
-0.226699
-0.504556
-0.91004
-1.39935
-2.03978
-2.76512
-3.38916
-4.18828
1.98977e-05
6.43384e-05
0.000123328
0.000186885
0.000260741
0.000342068
0.000433171
0.000533551
0.000644807
0.000767412
0.000902849
0.0010523
0.00121738
0.00139981
0.00160158
0.0018249
0.00207227
0.00234647
0.00265062
0.00298818
0.00336302
0.00377947
0.00424234
0.00475698
0.00532936
0.00596612
0.00667467
0.00746322
0.00834095
0.00931805
0.0104058
0.0116169
0.0129653
0.0144666
0.0161381
0.0179988
0.0200702
0.0223758
0.0249417
0.0277968
0.0309728
0.0345051
0.0384322
0.0427965
0.0476444
0.0530264
0.0589972
0.0656158
0.0729449
0.081051
0.0900029
0.0998705
0.110723
0.122623
0.135626
0.149767
0.165055
0.18145
0.198849
0.217042
0.235673
0.254166
0.271627
0.286708
0.29741
0.300812
0.292707
0.267137
0.215731
0.126877
-0.012217
-0.227927
-0.523252
-0.95578
-1.48208
-2.17746
-2.96572
-3.65232
-4.50239
2.11967e-05
6.87597e-05
0.00013159
0.000199334
0.000277947
0.0003645
0.000461398
0.000568146
0.000686425
0.000816756
0.000960707
0.00111954
0.00129498
0.00148886
0.00170329
0.00194062
0.00220351
0.00249492
0.00281814
0.00317688
0.00357525
0.00401784
0.00450976
0.00505669
0.00566499
0.00634171
0.00709471
0.00793274
0.00886552
0.00990389
0.0110599
0.0123469
0.0137798
0.0153751
0.0171513
0.0191285
0.0213296
0.0237794
0.0265058
0.0295393
0.0329139
0.0366669
0.0408393
0.0454761
0.0506266
0.0563446
0.062688
0.0697198
0.0775066
0.0861191
0.0956309
0.106117
0.11765
0.1303
0.144125
0.159166
0.175433
0.192893
0.211438
0.230859
0.250788
0.270634
0.289477
0.305921
0.317892
0.322352
0.314911
0.289322
0.236755
0.144898
-3.75872e-05
-0.22612
-0.538368
-0.997608
-1.56102
-2.31364
-3.16726
-3.97148
-4.85931
2.25072e-05
7.32213e-05
0.000139892
0.000211825
0.000295183
0.000386947
0.000489615
0.000602699
0.000727962
0.000865974
0.00101839
0.00118656
0.00137229
0.00157754
0.00180455
0.0020558
0.00233411
0.00264261
0.0029848
0.00336459
0.00378634
0.0042549
0.00477568
0.00535472
0.00599871
0.00671515
0.00751233
0.00839952
0.00938702
0.0104863
0.0117101
0.0130725
0.0145894
0.0162782
0.0181583
0.0202514
0.0225812
0.0251744
0.0280602
0.0312711
0.034843
0.0388152
0.0432312
0.0481388
0.0535901
0.0596418
0.0663556
0.0737979
0.0820396
0.0911557
0.101224
0.112325
0.124536
0.137932
0.152576
0.168515
0.185763
0.204287
0.223984
0.244641
0.265887
0.287116
0.307384
0.325259
0.338602
0.344269
0.337705
0.312397
0.259076
0.16475
0.0146237
-0.221053
-0.54958
-1.03512
-1.63563
-2.44767
-3.3693
-4.22789
-5.21043
2.38296e-05
7.77218e-05
0.000148234
0.000224354
0.000312445
0.0004094
0.00051781
0.000637198
0.000769403
0.000915047
0.00107587
0.0012533
0.00144927
0.00166582
0.00190531
0.00217039
0.00246402
0.00278949
0.00315052
0.00355122
0.00399618
0.00449054
0.00504
0.00565092
0.00633038
0.00708625
0.00792732
0.00886335
0.0099052
0.0110649
0.012356
0.0137934
0.0153937
0.0171753
0.0191588
0.0213668
0.0238246
0.0265601
0.0296043
0.0329914
0.036759
0.040949
0.0456071
0.0507836
0.0565334
0.0629167
0.0699983
0.0778485
0.0865421
0.0961585
0.10678
0.118492
0.131378
0.145517
0.160978
0.177812
0.196039
0.21563
0.236484
0.258388
0.280967
0.303608
0.325349
0.344724
0.359544
0.366574
0.361109
0.336395
0.282751
0.186525
0.0319164
-0.212495
-0.556551
-1.0679
-1.70531
-2.57975
-3.57106
-4.5111
-5.62757
2.5164e-05
8.22598e-05
0.000156613
0.00023692
0.000329727
0.000431853
0.000545975
0.00067163
0.000810731
0.000963956
0.00113313
0.00131976
0.00152588
0.00175364
0.00200553
0.00228434
0.00259317
0.0029355
0.00331522
0.00373668
0.00420469
0.00472467
0.0053026
0.00594517
0.00665983
0.00745487
0.00833951
0.00932402
0.0104198
0.0116396
0.0129976
0.0145093
0.0161924
0.0180662
0.0201522
0.0224744
0.0250592
0.027936
0.0311374
0.0346993
0.0386614
0.0430675
0.0479658
0.0534092
0.0594555
0.0661679
0.0736147
0.0818699
0.0910123
0.101126
0.112298
0.124617
0.138174
0.153052
0.169327
0.187054
0.206259
0.226918
0.248933
0.272094
0.296025
0.320108
0.343368
0.364318
0.380722
0.389273
0.385139
0.361347
0.307832
0.210313
0.0519859
-0.200216
-0.558934
-1.09549
-1.76938
-2.70924
-3.77122
-4.8362
-6.08735
2.65105e-05
8.68336e-05
0.000165026
0.000249517
0.000347024
0.000454298
0.000574099
0.00070598
0.00085193
0.00101268
0.00119014
0.0013859
0.00160209
0.00184098
0.00210517
0.00239759
0.0027215
0.00308056
0.00347883
0.00392088
0.00441177
0.00495716
0.00556334
0.00623732
0.00698692
0.00782082
0.0087487
0.00978132
0.0109307
0.0122101
0.0136343
0.0152199
0.0169852
0.0189504
0.0211382
0.0235736
0.0262844
0.0293014
0.0326588
0.0363941
0.0405491
0.0451697
0.0503063
0.0560145
0.062355
0.069394
0.0772032
0.0858604
0.0954484
0.106055
0.117773
0.130697
0.144921
0.160535
0.177619
0.196237
0.216419
0.238147
0.261329
0.285757
0.311058
0.336612
0.36144
0.384037
0.402136
0.412373
0.409807
0.387277
0.334366
0.236195
0.0749725
-0.183987
-0.556369
-1.1174
-1.82717
-2.8357
-3.96869
-5.12963
-6.41408
2.78689e-05
9.14416e-05
0.000173472
0.000262141
0.00036433
0.000476727
0.000602171
0.000740237
0.000892984
0.0010612
0.00124688
0.00145169
0.00167787
0.00192779
0.00220418
0.0025101
0.00284897
0.00322461
0.00364128
0.00410375
0.00461733
0.00518792
0.00582212
0.00652726
0.0073115
0.00818394
0.0091547
0.010235
0.0114375
0.012776
0.014266
0.0159248
0.0177716
0.0198275
0.0221162
0.0246639
0.0274997
0.0306557
0.0341677
0.0380751
0.0424214
0.0472546
0.0526277
0.0585985
0.0652308
0.0725936
0.0807624
0.0898183
0.0998485
0.110945
0.123206
0.136729
0.151616
0.167962
0.185853
0.205359
0.226517
0.249315
0.273667
0.299372
0.326061
0.353118
0.379561
0.403879
0.423787
0.435875
0.435121
0.414203
0.362392
0.264248
0.10101
-0.16358
-0.54849
-1.13311
-1.87789
-2.95856
-4.16356
-5.5112
-6.84192
2.92391e-05
9.60819e-05
0.000181948
0.000274788
0.000381638
0.00049913
0.00063018
0.000774384
0.000933874
0.0011095
0.00130332
0.00151711
0.00175318
0.00201403
0.00230251
0.00262182
0.00297551
0.00336758
0.00380249
0.00428521
0.00482127
0.00541685
0.00607882
0.00681483
0.00763342
0.00854407
0.00955734
0.010685
0.0119401
0.0133372
0.0148924
0.0166238
0.0185513
0.0206971
0.0230858
0.0257449
0.0287045
0.0319984
0.0356637
0.0397416
0.0442775
0.0493215
0.0549288
0.0611601
0.0680815
0.0757655
0.0842907
0.0937421
0.104211
0.115794
0.128592
0.142712
0.158257
0.17533
0.194025
0.214416
0.236547
0.260416
0.285943
0.312935
0.34103
0.369619
0.397726
0.42384
0.445669
0.459778
0.461084
0.442141
0.391943
0.294538
0.130224
-0.138772
-0.53492
-1.14207
-1.92072
-3.07647
-4.35462
-5.82158
-7.23226
3.06209e-05
0.000100753
0.000190451
0.000287454
0.000398943
0.0005215
0.000658115
0.00080841
0.000974584
0.00115754
0.00135944
0.00158212
0.00182799
0.00209968
0.00240013
0.00273269
0.00310106
0.00350942
0.00396239
0.00446516
0.0050235
0.00564383
0.00633331
0.00709992
0.00795254
0.00890105
0.00995644
0.0111309
0.0124382
0.0138933
0.0155132
0.0173164
0.019324
0.0215588
0.0240467
0.026816
0.0298984
0.0333288
0.037146
0.0413928
0.0461165
0.0513694
0.0572088
0.063698
0.070906
0.0789082
0.0877867
0.0976302
0.108534
0.120599
0.133931
0.148642
0.164841
0.182638
0.202131
0.223404
0.246508
0.271448
0.298153
0.326441
0.35596
0.386111
0.415929
0.443914
0.467777
0.484078
0.487698
0.471098
0.423044
0.327121
0.162732
-0.109347
-0.51528
-1.14371
-1.95478
-3.18946
-4.53987
-6.16641
-7.61306
3.2014e-05
0.000105452
0.000198978
0.000300134
0.000416237
0.000543828
0.000685964
0.000842298
0.0010151
0.00120532
0.00141521
0.00164669
0.00190228
0.00218468
0.00249699
0.00284266
0.00322558
0.00365005
0.00412091
0.00464353
0.00522392
0.00586876
0.00658549
0.0073824
0.00826872
0.00925471
0.0103518
0.0115727
0.0129316
0.0144442
0.016128
0.0180025
0.0200893
0.0224123
0.0249983
0.0278768
0.0310807
0.0346463
0.0386139
0.0430279
0.0479377
0.0533973
0.0594667
0.0662113
0.073703
0.0820205
0.0912489
0.101481
0.112815
0.125358
0.13922
0.154517
0.171366
0.189881
0.210169
0.23232
0.256394
0.282405
0.310293
0.339886
0.370846
0.402588
0.434164
0.464093
0.490104
0.508767
0.514955
0.501074
0.45571
0.362046
0.198638
-0.0750954
-0.489187
-1.13742
-1.97914
-3.2961
-4.71905
-6.5849
-8.06086
3.3418e-05
0.000110179
0.000207526
0.000312823
0.000433514
0.000566104
0.000713716
0.000876035
0.00105539
0.00125282
0.00147061
0.0017108
0.00197599
0.002269
0.00259304
0.00295169
0.00334899
0.00378941
0.00427797
0.00482024
0.00542246
0.00609155
0.00683525
0.00766214
0.0085818
0.00960489
0.0107433
0.0120101
0.0134201
0.0149896
0.0167367
0.0186817
0.0208468
0.0232572
0.0259403
0.0289269
0.032251
0.0359504
0.0400668
0.0446464
0.0497402
0.0554045
0.0617014
0.0686988
0.0764715
0.085101
0.0946759
0.105292
0.117054
0.13007
0.144457
0.160336
0.177829
0.197058
0.218136
0.241161
0.266203
0.293285
0.322358
0.353264
0.385681
0.419042
0.452423
0.484368
0.512639
0.533834
0.542846
0.532065
0.489949
0.399346
0.238037
-0.0358205
-0.456262
-1.12254
-1.9928
-3.39494
-4.89121
-6.93883
-8.49149
3.48324e-05
0.00011493
0.000216091
0.000325516
0.000450767
0.000588318
0.000741358
0.000909605
0.00109545
0.0013
0.00152562
0.00177442
0.00204911
0.0023526
0.00268824
0.00305973
0.00347125
0.00392744
0.0044335
0.00499521
0.00561901
0.0063121
0.00708246
0.00793901
0.00889165
0.00995144
0.0111306
0.0124429
0.0139035
0.0155292
0.017339
0.0193536
0.0215964
0.024093
0.0268722
0.0299657
0.0334088
0.0372405
0.0415041
0.0462474
0.0515233
0.0573901
0.063912
0.0711596
0.0792102
0.0881484
0.0980663
0.109063
0.121247
0.134732
0.149639
0.166095
0.184227
0.204165
0.226028
0.249924
0.27593
0.304082
0.334343
0.36657
0.400458
0.435466
0.470696
0.504729
0.53537
0.559266
0.571357
0.564058
0.525758
0.439046
0.281005
0.00866015
-0.41613
-1.09842
-1.99466
-3.48539
-5.05271
-7.32171
-8.89358
3.62569e-05
0.000119704
0.000224671
0.000338207
0.000467988
0.000610461
0.000768878
0.000942992
0.00113526
0.00134685
0.0015802
0.00183751
0.00212159
0.00243545
0.00278254
0.00316673
0.0035923
0.00406408
0.00458744
0.00516836
0.0058135
0.00653029
0.00732702
0.00821288
0.00919814
0.0102942
0.0115138
0.012871
0.0143815
0.0160629
0.0179346
0.0200181
0.0223375
0.0249195
0.0277937
0.0309929
0.0345535
0.0385161
0.0429252
0.0478304
0.0532863
0.0593532
0.0660976
0.0735925
0.081918
0.0911615
0.101419
0.112792
0.125394
0.139343
0.154765
0.171792
0.190559
0.211199
0.233843
0.258604
0.285571
0.314792
0.346242
0.379797
0.415172
0.451852
0.488974
0.525164
0.558282
0.585043
0.600466
0.597032
0.563122
0.481152
0.327604
0.058511
-0.368427
-1.06437
-1.98361
-3.56585
-5.20211
-7.76033
-9.36337
3.7691e-05
0.0001245
0.000233262
0.000350892
0.00048517
0.000632524
0.000796263
0.000976183
0.0011748
0.00139334
0.00163433
0.00190006
0.0021934
0.0025175
0.00287591
0.00327263
0.00371209
0.00419927
0.00473971
0.0053396
0.00600582
0.00674605
0.00756882
0.00848364
0.00950111
0.010633
0.0118925
0.013294
0.014854
0.0165903
0.0185231
0.0206748
0.02307
0.0257363
0.0287043
0.0320079
0.0356847
0.0397765
0.0443294
0.0493945
0.0550283
0.061293
0.0682573
0.0759966
0.0845936
0.094139
0.104731
0.116477
0.129493
0.143901
0.159833
0.177426
0.19682
0.218158
0.241576
0.267198
0.295123
0.32541
0.358051
0.392939
0.429814
0.468191
0.507246
0.545658
0.581357
0.611146
0.630149
0.63096
0.602019
0.525658
0.377874
0.113875
-0.31281
-1.01971
-1.95851
-3.63473
-5.33826
-8.15817
-9.77407
3.91341e-05
0.000129314
0.000241861
0.000363564
0.000502305
0.000654495
0.000823501
0.00100916
0.00121405
0.00143946
0.001688
0.00196202
0.00226451
0.00259872
0.0029683
0.00337738
0.00383055
0.00433293
0.00489024
0.00550887
0.0061959
0.00695925
0.00780774
0.00875116
0.00980045
0.0109677
0.0122666
0.0137119
0.0153206
0.0171113
0.0191045
0.0213233
0.0237934
0.0265429
0.0296036
0.0330103
0.0368019
0.0410213
0.0457162
0.0509392
0.0567486
0.0632086
0.0703901
0.0783707
0.0872361
0.0970796
0.108003
0.120117
0.133542
0.148404
0.16484
0.182993
0.20301
0.225039
0.249226
0.275703
0.304581
0.335932
0.369764
0.40599
0.444377
0.484472
0.5255
0.566197
0.604577
0.637549
0.660375
0.665806
0.64241
0.57254
0.431834
0.174869
-0.248954
-0.963701
-1.91821
-3.69028
-5.45843
-8.6636
-10.2544
4.05856e-05
0.000134145
0.000250463
0.000376219
0.000519386
0.000676365
0.000850579
0.00104191
0.00125299
0.00148518
0.00174116
0.00202337
0.00233489
0.00267906
0.00305967
0.00348095
0.00394764
0.00446502
0.00503897
0.00567608
0.00638364
0.00716982
0.00804368
0.00901533
0.010096
0.0112982
0.0126359
0.0141245
0.0157814
0.0176255
0.0196784
0.0219636
0.0245074
0.0273391
0.0304912
0.0339997
0.0379045
0.0422499
0.0470849
0.0524638
0.0584465
0.0650993
0.0724951
0.080714
0.0898443
0.0999822
0.111233
0.123711
0.137539
0.15285
0.169784
0.188491
0.209124
0.231839
0.256788
0.284114
0.313941
0.346352
0.381375
0.418943
0.458852
0.500687
0.543722
0.586764
0.627919
0.664225
0.691107
0.701526
0.684249
0.621755
0.48948
0.241578
-0.176569
-0.895639
-1.86147
-3.72968
-5.56337
-9.09791
-10.7256
4.2045e-05
0.000138992
0.000259066
0.000388849
0.000536404
0.000698122
0.000877482
0.00107441
0.0012916
0.00153048
0.0017938
0.00208408
0.0024045
0.00275849
0.00314997
0.00358328
0.0040633
0.00459546
0.00518583
0.00584116
0.00656897
0.00737766
0.00827654
0.00927602
0.0103877
0.0116243
0.0130003
0.0145316
0.0162359
0.0181329
0.0202445
0.0225951
0.0252118
0.0281246
0.0313668
0.0349756
0.0389921
0.0434617
0.0484349
0.0539675
0.0601213
0.0669642
0.0745714
0.0830255
0.092417
0.102845
0.114419
0.127256
0.141482
0.157237
0.174664
0.193919
0.215161
0.238554
0.264259
0.292429
0.323198
0.356667
0.392878
0.431792
0.473231
0.516824
0.561899
0.60734
0.65136
0.69114
0.722305
0.738068
0.727472
0.673243
0.550778
0.314054
-0.0954
-0.814806
-1.78706
-3.7514
-5.64815
-9.54662
-11.1989
4.35117e-05
0.000143851
0.000267664
0.000401451
0.000553351
0.000719757
0.000904199
0.00110665
0.00132986
0.00157533
0.00184588
0.00214412
0.00247331
0.00283698
0.00323916
0.00368432
0.00417747
0.0047242
0.00533074
0.00600403
0.0067518
0.00758267
0.00850621
0.00953312
0.0106753
0.0119459
0.0133596
0.014933
0.016684
0.0186331
0.0208027
0.0232178
0.0259062
0.0288988
0.03223
0.0359377
0.0400642
0.0446563
0.0497657
0.0554499
0.0617722
0.0688026
0.0766182
0.085304
0.0949533
0.105668
0.11756
0.130751
0.145371
0.161563
0.179477
0.199274
0.221119
0.245183
0.271637
0.300643
0.332349
0.36687
0.404268
0.444528
0.487505
0.532871
0.580016
0.627906
0.674873
0.718261
0.753922
0.775371
0.772006
0.726923
0.615666
0.392306
-0.00524252
-0.720502
-1.69377
-3.75234
-5.71314
-10.0842
-11.7664
4.49849e-05
0.000148721
0.000276255
0.000414017
0.000570218
0.000741257
0.000930714
0.00113861
0.00136776
0.00161972
0.00189739
0.00220346
0.00254128
0.00291448
0.0033272
0.00378402
0.00429011
0.00485119
0.00547365
0.00616462
0.00693204
0.00778475
0.00873259
0.00978651
0.0109587
0.0122627
0.0137137
0.0153284
0.0171256
0.0191259
0.0213526
0.0238312
0.0265903
0.0296617
0.0330804
0.0368856
0.0411205
0.0458332
0.0510768
0.0569102
0.0633986
0.0706136
0.0786346
0.0875488
0.097452
0.108449
0.120655
0.134195
0.149204
0.165827
0.184222
0.204553
0.226993
0.251722
0.278917
0.308753
0.341389
0.376957
0.415539
0.457144
0.501665
0.548817
0.598057
0.648442
0.69843
0.745549
0.785905
0.813365
0.817761
0.78269
0.684049
0.476297
0.094051
-0.612063
-1.58033
-3.7291
-5.75931
-10.5705
-12.3789
4.64641e-05
0.000153601
0.000284834
0.00042654
0.000586998
0.000762613
0.000957014
0.00117028
0.00140527
0.00166362
0.00194829
0.00226207
0.00260838
0.00299096
0.00341404
0.00388235
0.00440116
0.00497635
0.00561448
0.00632286
0.00710962
0.00798383
0.00895558
0.0100361
0.0112379
0.0125748
0.0140624
0.0157179
0.0175604
0.0196112
0.021894
0.0244352
0.0272639
0.0304127
0.0339176
0.0378187
0.0421603
0.0469917
0.0523675
0.0583479
0.0649997
0.0723966
0.0806198
0.0897589
0.0999122
0.111188
0.123703
0.137586
0.152978
0.170027
0.188896
0.209754
0.232783
0.258168
0.286097
0.316755
0.350314
0.386922
0.426683
0.469633
0.5157
0.56465
0.616006
0.668925
0.722002
0.772963
0.818199
0.851975
0.864635
0.840419
0.755797
0.565938
0.202558
-0.48888
-1.4455
-3.67881
-5.78208
-11.0582
-13.0375
4.79485e-05
0.000158487
0.000293398
0.000439016
0.00060368
0.000783811
0.000983086
0.00120163
0.00144237
0.00170701
0.00199857
0.00231992
0.00267457
0.00306637
0.00349965
0.00397925
0.00451057
0.00509964
0.00575318
0.00647868
0.00728446
0.00817981
0.00917507
0.0102817
0.0115126
0.0128819
0.0144055
0.0161011
0.0179882
0.0200887
0.0224268
0.0250295
0.0279266
0.0311516
0.0347413
0.0387367
0.0431834
0.0481316
0.0536373
0.0597623
0.0665749
0.0741507
0.0825729
0.0919333
0.102333
0.113882
0.126702
0.140924
0.156692
0.174161
0.193497
0.214876
0.238486
0.264519
0.293174
0.324645
0.35912
0.396761
0.437695
0.481987
0.529601
0.580355
0.633846
0.689332
0.745556
0.800458
0.85074
0.891112
0.912512
0.89996
0.830741
0.661081
0.320274
-0.350421
-1.28809
-3.5976
-5.78174
-11.6041
-13.819
4.94374e-05
0.000163379
0.000301941
0.000451437
0.000620257
0.000804842
0.00100891
0.00123266
0.00147905
0.00174986
0.00204819
0.00237698
0.00273984
0.00314069
0.00358398
0.00407467
0.00461828
0.005221
0.00588968
0.00663199
0.00745647
0.0083726
0.00939097
0.0105233
0.0117828
0.0131839
0.014743
0.0164779
0.0184089
0.0205582
0.0229506
0.0256138
0.0285782
0.0318781
0.0355511
0.0396393
0.0441891
0.0492522
0.0548857
0.0611528
0.0681236
0.0758752
0.0844931
0.0940711
0.104713
0.116531
0.12965
0.144206
0.160345
0.178227
0.198023
0.219916
0.244098
0.270772
0.300143
0.33242
0.367801
0.406468
0.448569
0.494197
0.543357
0.595921
0.651559
0.709639
0.76906
0.827988
0.883463
0.930683
0.96126
0.961141
0.908672
0.761513
0.4471
-0.196263
-1.10701
-3.48145
-5.7572
-12.1139
-14.7594
5.093e-05
0.000168273
0.000310459
0.000463796
0.000636718
0.000825691
0.00103448
0.00126334
0.00151528
0.00179215
0.00209713
0.00243322
0.00280413
0.00321387
0.003667
0.00416857
0.00472426
0.00534036
0.00602391
0.00678275
0.00762558
0.00856212
0.00960319
0.0107608
0.0120484
0.0134807
0.0150746
0.0168482
0.0188223
0.0210195
0.0234653
0.0261878
0.0292184
0.0325918
0.0363468
0.040526
0.0451773
0.0503532
0.0561121
0.0625189
0.069645
0.0775695
0.0863796
0.0961715
0.107051
0.119134
0.132548
0.147432
0.163936
0.182224
0.202473
0.224871
0.249618
0.276923
0.307003
0.340075
0.376353
0.416037
0.459297
0.506256
0.556959
0.611334
0.669128
0.729821
0.792477
0.855502
0.916296
0.970587
1.01074
1.02376
0.989339
0.866953
0.582825
-0.0261252
-0.901275
-3.326
-5.70327
-12.7011
-15.8324
5.24254e-05
0.000173168
0.000318949
0.000476087
0.000653054
0.000846349
0.00105978
0.00129365
0.00155104
0.00183386
0.00214536
0.00248862
0.00286742
0.00328589
0.00374865
0.00426091
0.00482844
0.00545768
0.00615583
0.00693087
0.00779171
0.00874829
0.00981162
0.010994
0.0123091
0.0137722
0.0154002
0.0172118
0.0192282
0.0214725
0.0239706
0.0267514
0.0298469
0.0332926
0.0371278
0.0413966
0.0461473
0.0514339
0.0573161
0.06386
0.0711386
0.0792328
0.0882317
0.0982337
0.109347
0.12169
0.135393
0.150599
0.167462
0.18615
0.206845
0.229741
0.255043
0.282971
0.313749
0.347607
0.384773
0.425464
0.469874
0.518155
0.570396
0.626579
0.686533
0.749853
0.815773
0.88295
0.949165
1.01071
1.06078
1.08761
1.07245
0.97704
0.727116
0.160081
-0.670036
-3.1259
-5.61955
-13.2991
-17.1484
5.39228e-05
0.000178062
0.000327405
0.000488303
0.000669256
0.000866801
0.00108479
0.00132358
0.00158632
0.00187497
0.00219286
0.00254314
0.00292968
0.00335669
0.00382891
0.00435164
0.00493078
0.0055729
0.00628535
0.00707629
0.0079548
0.00893101
0.0100162
0.0112229
0.012565
0.0140582
0.0157196
0.0175686
0.0196264
0.0219168
0.0244663
0.0273043
0.0304635
0.0339799
0.037894
0.0422505
0.0470989
0.0524941
0.0584972
0.0651755
0.0726038
0.0808645
0.0900486
0.100257
0.111599
0.124197
0.138185
0.153707
0.170922
0.190003
0.211136
0.234521
0.260372
0.288912
0.320379
0.355012
0.393055
0.434742
0.480292
0.529887
0.583656
0.641642
0.703755
0.769708
0.838909
0.910277
0.98199
1.05095
1.11123
1.15242
1.15766
1.09133
0.879498
0.362207
-0.412665
-2.87637
-5.49818
-13.9473
-18.8354
5.54212e-05
0.000182953
0.000335822
0.000500437
0.000685313
0.000887036
0.00110949
0.00135312
0.00162109
0.00191545
0.00223959
0.00259676
0.00299088
0.00342626
0.00390774
0.00444072
0.00503123
0.00568597
0.00641244
0.00721894
0.00811476
0.00911022
0.0102168
0.0114473
0.012816
0.0143386
0.0160328
0.0179183
0.0200167
0.0223524
0.0249523
0.0278463
0.0310678
0.0346537
0.0386451
0.0430875
0.0480315
0.0535333
0.0596548
0.066465
0.0740399
0.0824638
0.0918295
0.10224
0.113807
0.126656
0.140922
0.156754
0.174315
0.193782
0.215346
0.239212
0.2656
0.294744
0.326889
0.362287
0.401195
0.443867
0.490545
0.541442
0.59673
0.65651
0.720775
0.78936
0.861849
0.937428
1.01469
1.09117
1.16189
1.21794
1.24458
1.20931
1.03934
0.579794
-0.128885
-2.5718
-5.33268
-14.6958
-20.7978
5.69197e-05
0.000187838
0.000344196
0.00051248
0.000701216
0.000907041
0.00113388
0.00138223
0.00165532
0.00195528
0.00228555
0.00264944
0.00305098
0.00349454
0.00398508
0.0045281
0.00512974
0.00579684
0.00653702
0.00735876
0.00827153
0.00928582
0.0104134
0.0116672
0.0130618
0.0146133
0.0163396
0.0182608
0.0203991
0.022779
0.0254282
0.0283771
0.0316597
0.0353136
0.0393806
0.0439072
0.048945
0.0545509
0.0607885
0.0677278
0.0754464
0.0840301
0.0935738
0.104182
0.11597
0.129063
0.143603
0.15974
0.17764
0.197485
0.219471
0.243809
0.270727
0.300464
0.333276
0.369428
0.409189
0.452834
0.500626
0.552813
0.609607
0.671168
0.737574
0.808781
0.884552
0.964347
1.04718
1.13125
1.21257
1.28387
1.33279
1.33036
1.20584
0.811998
0.181085
-2.20725
-5.11331
-15.536
-23.1575
5.84171e-05
0.000192715
0.000352522
0.000524427
0.000716953
0.000926803
0.00115793
0.00141091
0.00168901
0.00199444
0.00233069
0.00270116
0.00310994
0.00356152
0.00406092
0.00461375
0.00522627
0.00590545
0.00665904
0.0074957
0.00842503
0.00945775
0.0106058
0.0118824
0.0133024
0.0148821
0.0166399
0.0185961
0.0207732
0.0231966
0.025894
0.0288966
0.0322389
0.0359593
0.0401003
0.0447093
0.0498387
0.0555468
0.0618979
0.0689635
0.0768227
0.0855629
0.0952806
0.106083
0.118086
0.13142
0.146227
0.162662
0.180895
0.201111
0.223511
0.248313
0.275749
0.30607
0.339538
0.37643
0.417033
0.461636
0.510529
0.56399
0.622275
0.685602
0.754133
0.827944
0.906981
0.990977
1.07938
1.17105
1.26308
1.3499
1.42181
1.45378
1.37801
1.05753
0.51631
-1.77863
-4.82205
-16.55
-26.126
5.99124e-05
0.000197583
0.000360793
0.000536268
0.000732515
0.000946308
0.00118163
0.00143914
0.00172213
0.0020329
0.00237499
0.00275189
0.00316775
0.00362715
0.0041352
0.00469762
0.00532077
0.00601175
0.00677845
0.00762967
0.0085752
0.00962594
0.010794
0.0120929
0.0135377
0.015145
0.0169335
0.0189239
0.0211391
0.0236048
0.0263493
0.0294044
0.0328051
0.0365905
0.040804
0.0454935
0.0507125
0.0565203
0.0629824
0.0701716
0.0781683
0.0870614
0.0969494
0.107941
0.120155
0.133724
0.148793
0.16552
0.184078
0.204657
0.227464
0.25272
0.280665
0.311558
0.34567
0.383291
0.424721
0.470269
0.520248
0.574967
0.634724
0.699798
0.770431
0.846822
0.929096
1.01726
1.1112
1.21045
1.31319
1.41569
1.51111
1.57879
1.55467
1.31456
0.87476
-1.2824
-4.43419
-17.7512
-29.8507
6.14044e-05
0.000202439
0.000369006
0.000547995
0.000747891
0.000965543
0.00120497
0.00146689
0.00175466
0.00207064
0.00241844
0.0028016
0.00322437
0.0036914
0.0042079
0.00477967
0.0054132
0.0061157
0.0068952
0.00776064
0.00872198
0.0097903
0.0109779
0.0122986
0.0137676
0.0154019
0.0172204
0.0192441
0.0214965
0.0240035
0.0267941
0.0299005
0.0333582
0.0372071
0.0414912
0.0462594
0.051566
0.0574712
0.0640417
0.0713516
0.0794825
0.0885252
0.0985795
0.109756
0.122177
0.135976
0.1513
0.168312
0.187189
0.208124
0.231327
0.257028
0.285473
0.316926
0.351671
0.390008
0.432251
0.478728
0.529775
0.585733
0.646944
0.71374
0.78645
0.865389
0.950858
1.04314
1.14255
1.2493
1.36269
1.48091
1.60016
1.70453
1.73444
1.58073
1.2529
-0.719152
-3.92789
-18.9276
-33.3844
6.28915e-05
0.000207281
0.000377154
0.000559601
0.000763068
0.000984494
0.00122792
0.00149415
0.00178658
0.00210764
0.00246099
0.00285026
0.00327977
0.00375424
0.00427897
0.00485987
0.00550352
0.00621725
0.00700923
0.00788854
0.0088653
0.00995076
0.0111575
0.0124994
0.013992
0.0156525
0.0175003
0.0195566
0.0218453
0.0243927
0.0272282
0.0303845
0.033898
0.0378088
0.0421619
0.0470068
0.0523988
0.0583991
0.0650754
0.072503
0.080765
0.0899535
0.10017
0.111528
0.12415
0.138173
0.153747
0.171038
0.190226
0.211508
0.2351
0.261236
0.290169
0.322172
0.357537
0.396575
0.439617
0.487006
0.539105
0.596283
0.658923
0.727417
0.802171
0.883617
0.97223
1.06856
1.17334
1.28747
1.41137
1.54517
1.68835
1.83005
1.91581
1.85318
1.64565
-0.0966607
-3.2896
-19.7046
-36.9545
6.43725e-05
0.000212106
0.000385231
0.000571077
0.000778036
0.00100315
0.00125048
0.0015209
0.00181787
0.00214387
0.00250263
0.00289786
0.00333392
0.00381563
0.00434838
0.00493816
0.00559167
0.00631635
0.00712048
0.0080133
0.00900509
0.0101073
0.0113326
0.0126952
0.0142108
0.015897
0.0177733
0.0198613
0.0221853
0.024772
0.0276513
0.0308564
0.0344241
0.0383953
0.0428156
0.0477353
0.0532106
0.0593035
0.066083
0.0736254
0.0820152
0.0913459
0.101721
0.113255
0.126073
0.140315
0.156133
0.173696
0.193188
0.214809
0.238781
0.265342
0.294753
0.327293
0.363265
0.402991
0.446815
0.4951
0.54823
0.606607
0.670652
0.740813
0.817574
0.901481
0.993174
1.09346
1.20349
1.32482
1.45899
1.60812
1.77507
1.95438
2.0971
2.12869
2.04595
0.574002
-2.47098
-20.0325
-41.0993
6.58457e-05
0.000216912
0.000393231
0.000582414
0.000792783
0.00102149
0.00127262
0.00154713
0.00184851
0.00217932
0.00254334
0.00294435
0.00338679
0.00387555
0.0044161
0.00501452
0.00567762
0.00641295
0.00722892
0.00813489
0.0091413
0.0102597
0.0115031
0.0128859
0.0144239
0.016135
0.0180391
0.0201581
0.0225164
0.0251415
0.0280634
0.0313159
0.0349364
0.0389665
0.0434521
0.0484447
0.0540011
0.0601843
0.0670642
0.0747183
0.0832326
0.0927019
0.103231
0.114937
0.127946
0.142402
0.158458
0.176286
0.196073
0.218026
0.242368
0.269345
0.299222
0.332287
0.368852
0.409251
0.453842
0.503004
0.557146
0.616697
0.68212
0.753916
0.832643
0.918956
1.01365
1.11779
1.23291
1.36122
1.50534
1.66938
1.85966
2.07644
2.27658
2.40364
2.44391
1.26702
-1.4469
-19.8247
-45.8343
6.73094e-05
0.000221697
0.000401148
0.000593603
0.000807297
0.0010395
0.00129432
0.0015728
0.00187847
0.00221395
0.00258309
0.00298971
0.00343835
0.00393396
0.00448209
0.00508892
0.00576134
0.00650702
0.00733449
0.00825325
0.00927388
0.0104081
0.0116691
0.0130714
0.0146313
0.0163667
0.0182977
0.0204467
0.0228386
0.0255008
0.0284642
0.0317629
0.0354348
0.039522
0.0440713
0.0491348
0.05477
0.0610409
0.0680185
0.0757815
0.0844168
0.0940208
0.1047
0.116573
0.129769
0.144432
0.160719
0.178805
0.198881
0.221156
0.24586
0.273241
0.303573
0.337152
0.374297
0.415353
0.460693
0.510714
0.565845
0.626547
0.693318
0.766712
0.84736
0.936016
1.03363
1.14149
1.26153
1.39653
1.55019
1.72856
1.94147
2.19517
2.45245
2.67419
2.82794
1.91643
-0.428958
-18.8859
-44.129
6.87616e-05
0.000226458
0.000408975
0.000604635
0.000821565
0.00105717
0.00131558
0.00159791
0.00190774
0.00224775
0.00262185
0.00303393
0.00348858
0.00399083
0.00454632
0.0051613
0.00584278
0.0065985
0.00743714
0.00836832
0.00940275
0.0105524
0.0118305
0.0132518
0.0148328
0.0165917
0.018549
0.0207272
0.0231515
0.02585
0.0288536
0.0321971
0.0359189
0.0400617
0.0446728
0.0498051
0.0555169
0.0618732
0.0689457
0.0768143
0.0855672
0.0953023
0.106128
0.118163
0.13154
0.146404
0.162917
0.181254
0.201611
0.2242
0.249255
0.277031
0.307806
0.341885
0.379595
0.421293
0.467364
0.518224
0.574323
0.636148
0.704236
0.77919
0.861707
0.95264
1.05308
1.16453
1.28926
1.43064
1.59334
1.7853
2.01983
2.30941
2.62272
2.93588
3.18314
2.44437
0.451724
-17.4518
-38.9664
7.02003e-05
0.000231193
0.000416705
0.000615499
0.000835575
0.00107449
0.00133638
0.00162244
0.00193629
0.0022807
0.0026596
0.00307697
0.00353745
0.00404614
0.00460875
0.00523165
0.0059219
0.00668737
0.00753684
0.00848006
0.00952788
0.0106924
0.0119871
0.0134268
0.0150284
0.0168102
0.0187929
0.0209994
0.0234552
0.0261888
0.0292315
0.0326185
0.0363887
0.0405853
0.0452565
0.0504556
0.0562417
0.0626807
0.0698454
0.0778165
0.0866836
0.0965458
0.107513
0.119706
0.133258
0.148319
0.16505
0.183631
0.204261
0.227155
0.252551
0.280711
0.311918
0.346484
0.384745
0.427068
0.473853
0.525531
0.582573
0.645494
0.714865
0.791336
0.875669
0.968804
1.07196
1.18684
1.31604
1.46341
1.63457
1.83922
2.09407
2.41799
2.7852
3.18347
3.4843
2.72409
1.11783
-13.8858
-39.6742
7.1623e-05
0.000235899
0.000424331
0.000626186
0.000849314
0.00109144
0.00135669
0.00164636
0.00196411
0.00231277
0.00269632
0.0031188
0.00358492
0.00409985
0.00466937
0.00529992
0.00599867
0.00677358
0.00763354
0.00858842
0.00964922
0.0108282
0.0121389
0.0135965
0.0152179
0.0170219
0.0190292
0.0212632
0.0237496
0.0265171
0.0295977
0.0330268
0.0368439
0.0410928
0.0458221
0.0510859
0.0569441
0.0634633
0.0707172
0.0787878
0.0877655
0.0977509
0.108855
0.121201
0.134924
0.150175
0.167118
0.185936
0.20683
0.23002
0.255749
0.284281
0.315908
0.350947
0.389743
0.432676
0.480155
0.532629
0.590589
0.654577
0.725196
0.803141
0.889231
0.984488
1.09025
1.2084
1.3418
1.49475
1.67371
1.88998
2.16352
2.51952
2.93671
3.40991
3.7154
2.68974
0.961818
-9.88586
-34.5975
7.30272e-05
0.000240573
0.000431844
0.000636685
0.000862768
0.00110799
0.00137649
0.00166967
0.00199118
0.00234394
0.00273199
0.00315941
0.00363098
0.00415194
0.00472813
0.00536609
0.00607305
0.00685709
0.00772719
0.00869335
0.0097667
0.0109596
0.0122859
0.0137608
0.0154014
0.0172268
0.019258
0.0215185
0.0240344
0.0268349
0.0299521
0.033422
0.0372845
0.0415839
0.0463695
0.0516959
0.0576238
0.0642206
0.0715609
0.0797276
0.0888125
0.0989172
0.110154
0.122648
0.136536
0.151971
0.169119
0.188167
0.209318
0.232795
0.258845
0.287739
0.319773
0.355271
0.394588
0.438112
0.486266
0.539514
0.598368
0.663391
0.735221
0.814592
0.902378
0.999673
1.10792
1.22915
1.36647
1.52455
1.71057
1.93726
2.22751
2.61218
3.07177
3.60195
3.85509
2.36256
0.325072
-7.17154
-29.26
7.44101e-05
0.000245213
0.000439237
0.000646986
0.000875923
0.00112415
0.00139579
0.00169233
0.00201747
0.00237419
0.00276657
0.00319877
0.0036756
0.00420237
0.00478502
0.00543012
0.00614501
0.00693787
0.00781777
0.00879482
0.00988028
0.0110867
0.0124279
0.0139195
0.0155788
0.0174248
0.0194791
0.0217652
0.0243097
0.0271419
0.0302945
0.0338038
0.0377102
0.0420584
0.0468984
0.0522853
0.0582805
0.0649523
0.0723762
0.0806359
0.0898243
0.100044
0.11141
0.124047
0.138094
0.153707
0.171054
0.190324
0.211723
0.235478
0.26184
0.291084
0.323513
0.359456
0.399278
0.443375
0.492184
0.546183
0.605902
0.67193
0.744932
0.82568
0.915096
1.01434
1.12494
1.24906
1.39
1.55273
1.74501
1.98077
2.28533
2.69361
3.18428
3.74748
3.89255
1.71405
-0.712933
-5.60751
-26.4035
7.57685e-05
0.000249815
0.000446502
0.000657077
0.000888766
0.00113989
0.00141454
0.00171433
0.00204297
0.00240351
0.00280006
0.00323685
0.00371876
0.00425114
0.00483999
0.00549198
0.00621453
0.00701588
0.00790522
0.00889278
0.00998993
0.0112093
0.012565
0.0140728
0.0157499
0.0176159
0.0196924
0.0220033
0.0245753
0.0274382
0.0306249
0.0341722
0.0381209
0.0425162
0.0474086
0.0528539
0.0589142
0.0656583
0.0731627
0.0815121
0.0908005
0.101132
0.112621
0.125396
0.139598
0.155383
0.172922
0.192406
0.214044
0.238068
0.264731
0.294314
0.327124
0.363499
0.403809
0.448461
0.497904
0.552631
0.613189
0.680188
0.754321
0.836395
0.927375
1.02848
1.1413
1.26811
1.41236
1.57921
1.77688
2.02022
2.336
2.75969
3.26463
3.83088
3.84733
1.03942
-1.44371
-4.08335
-23.7161
7.70988e-05
0.000254376
0.000453628
0.000666946
0.000901283
0.00115519
0.00143275
0.00173566
0.00206766
0.00243186
0.00283244
0.00327364
0.00376042
0.0042982
0.00489303
0.00555165
0.00628156
0.00709109
0.00798953
0.0089872
0.0100956
0.0113275
0.0126972
0.0142204
0.0159148
0.0178
0.0198979
0.0222326
0.0248311
0.0277235
0.0309432
0.0345271
0.0385165
0.0429572
0.0479
0.0534015
0.0595244
0.0663383
0.0739203
0.0823561
0.0917407
0.102179
0.113788
0.126696
0.141047
0.156997
0.174721
0.194412
0.216281
0.240564
0.267519
0.297428
0.330607
0.367398
0.408179
0.453369
0.503425
0.558855
0.620222
0.688158
0.763382
0.846728
0.939203
1.04207
1.15697
1.28627
1.43349
1.60393
1.80609
2.05537
2.37776
2.79839
3.284
3.81505
3.66591
0.282558
-2.19532
-3.24752
-21.4019
7.83972e-05
0.000258894
0.000460608
0.000676582
0.000913459
0.00117004
0.00145039
0.00175629
0.00209151
0.00245924
0.00286367
0.00330912
0.00380058
0.00434354
0.00494411
0.0056091
0.00634608
0.00716347
0.00807065
0.00907803
0.0101972
0.0114412
0.0128242
0.0143624
0.0160734
0.0179771
0.0200955
0.0224531
0.0250771
0.0279979
0.0312491
0.0348682
0.0388968
0.0433811
0.0483725
0.0539281
0.0601112
0.066992
0.0746487
0.0831676
0.0926447
0.103186
0.11491
0.127947
0.14244
0.158549
0.176451
0.196341
0.218433
0.242966
0.2702
0.300425
0.333959
0.371151
0.412388
0.458095
0.508743
0.564851
0.626998
0.695837
0.772107
0.856672
0.95057
1.0551
1.17195
1.30352
1.45338
1.62685
1.83257
2.08597
2.40743
2.80176
3.2737
3.72186
3.41957
-0.472456
-3.01764
-2.5903
-18.0855
7.96595e-05
0.000263363
0.000467431
0.000685973
0.00092528
0.00118443
0.00146744
0.0017762
0.00211452
0.00248562
0.00289374
0.00334325
0.00383921
0.00438713
0.00499321
0.0056643
0.00640806
0.00723299
0.00814855
0.00916526
0.0102948
0.0115503
0.0129462
0.0144986
0.0162256
0.018147
0.0202851
0.0226647
0.0253132
0.0282612
0.0315427
0.0351955
0.0392617
0.0437879
0.0488259
0.0544333
0.0606742
0.0676193
0.0753476
0.0839463
0.0935123
0.104153
0.115987
0.129146
0.143777
0.160039
0.178112
0.198193
0.2205
0.245272
0.272776
0.303303
0.337179
0.374757
0.416432
0.462638
0.513855
0.570615
0.633513
0.703218
0.780491
0.866219
0.961466
1.06755
1.18621
1.31984
1.47201
1.64795
1.8563
2.11171
2.42426
2.78435
3.2495
3.54521
3.1181
-0.995806
-3.59299
-2.64161
-14.5477
8.08808e-05
0.000267781
0.000474086
0.000695106
0.00093673
0.00119833
0.00148389
0.00179539
0.00213666
0.00251098
0.00292263
0.00337603
0.00387628
0.00442895
0.0050403
0.00571724
0.00646749
0.00729963
0.0082232
0.00924883
0.0103883
0.0116549
0.013063
0.0146291
0.0163713
0.0183097
0.0204667
0.0228673
0.0255392
0.0285133
0.0318239
0.035509
0.0396112
0.0441774
0.04926
0.0549171
0.0612133
0.0682201
0.0760169
0.084692
0.0943431
0.105078
0.117018
0.130295
0.145057
0.161466
0.179704
0.199968
0.222479
0.247482
0.275244
0.306062
0.340265
0.378215
0.420311
0.466996
0.518759
0.576145
0.639763
0.710297
0.788528
0.875363
0.971886
1.07944
1.19975
1.33522
1.48937
1.66724
1.87728
2.13241
2.4303
2.76288
3.19273
3.35049
2.84037
-1.15521
-4.00603
-2.40146
-9.98945
8.20562e-05
0.000272144
0.000480564
0.000703967
0.000947794
0.00121174
0.00149971
0.00181383
0.00215791
0.0025353
0.00295032
0.00340744
0.00391178
0.00446899
0.00508536
0.00576788
0.00652432
0.00736335
0.00829458
0.00932873
0.0104777
0.0117548
0.0131747
0.0147539
0.0165106
0.0184652
0.0206402
0.0230609
0.0257552
0.0287542
0.0320925
0.0358085
0.039945
0.0445495
0.0496748
0.0553794
0.0617284
0.068794
0.0766564
0.0854045
0.0951369
0.105963
0.118004
0.131394
0.146281
0.162831
0.181224
0.201664
0.224372
0.249594
0.277604
0.308701
0.343218
0.381523
0.424022
0.471165
0.523452
0.581438
0.645744
0.717071
0.796214
0.884098
0.981821
1.09073
1.21256
1.34967
1.50545
1.68471
1.89553
2.14783
2.42791
2.74745
3.10468
3.17286
2.58796
-1.2315
-4.32937
-2.13628
-5.5514
8.31797e-05
0.000276446
0.000486851
0.000712543
0.000958458
0.00122463
0.00151491
0.00183151
0.00217826
0.00255858
0.0029768
0.00343745
0.00394569
0.00450722
0.00512837
0.0058162
0.00657855
0.00742414
0.00836266
0.00940493
0.0105629
0.0118501
0.0132812
0.0148728
0.0166434
0.0186134
0.0208056
0.0232455
0.025961
0.0289838
0.0323485
0.0360939
0.0402632
0.0449042
0.0500701
0.0558199
0.0622193
0.069341
0.0772659
0.0860836
0.0958935
0.106806
0.118943
0.13244
0.147448
0.164131
0.182674
0.203281
0.226176
0.251609
0.279854
0.311217
0.346035
0.384679
0.427563
0.475145
0.527932
0.586491
0.651454
0.723534
0.803543
0.892418
0.991268
1.10144
1.22464
1.36318
1.52027
1.7004
1.91103
2.15757
2.4179
2.73368
3.00776
3.0148
2.38274
-1.07688
-4.21471
-1.80452
-2.88842
8.42454e-05
0.000280684
0.000492938
0.000720821
0.000968705
0.00123699
0.00152945
0.0018484
0.00219769
0.00258079
0.00300205
0.00346605
0.003978
0.00454362
0.00516932
0.0058622
0.00663015
0.00748197
0.00842743
0.0094774
0.010644
0.0119407
0.0133824
0.0149859
0.0167696
0.0187543
0.0209629
0.0234209
0.0261567
0.029202
0.0325918
0.0363653
0.0405657
0.0452414
0.0504458
0.0562387
0.0626859
0.069861
0.0778453
0.0867291
0.0966128
0.107607
0.119836
0.133435
0.148557
0.165367
0.184053
0.204819
0.227893
0.253525
0.281996
0.313612
0.348715
0.387682
0.430934
0.478933
0.532197
0.5913
0.656888
0.729685
0.810513
0.900321
1.00022
1.11155
1.23598
1.37575
1.53385
1.71435
1.9238
2.16196
2.40333
2.71015
2.91669
2.87619
2.22899
-0.799039
-3.83613
-1.2382
-1.14728
8.52465e-05
0.000284851
0.00049881
0.000728787
0.000978521
0.0012488
0.00154332
0.0018645
0.00221619
0.00260191
0.00302605
0.00349322
0.00400868
0.00457818
0.00520819
0.00590585
0.00667911
0.00753683
0.00848885
0.00954612
0.0107208
0.0120266
0.0134784
0.015093
0.0168893
0.0188879
0.0211119
0.0235872
0.0263422
0.0294088
0.0328225
0.0366224
0.0408523
0.0455609
0.0508019
0.0566355
0.0631282
0.0703538
0.0783943
0.0873409
0.0972945
0.108367
0.120683
0.134379
0.149608
0.16654
0.18536
0.206277
0.22952
0.255343
0.284026
0.315883
0.351257
0.390532
0.434132
0.482528
0.536244
0.595865
0.662045
0.735519
0.817119
0.907802
1.00868
1.12107
1.2466
1.3874
1.54621
1.72662
1.93389
2.16213
2.38937
2.67208
2.83404
2.75556
2.1165
-0.499618
-3.35064
-0.633094
0.163833
8.61759e-05
0.000288942
0.000504456
0.000736426
0.000987891
0.00126006
0.00155651
0.00187979
0.00223374
0.00262194
0.00304879
0.00351896
0.00403772
0.00461089
0.00524496
0.00594713
0.0067254
0.00758869
0.00854691
0.00961108
0.0107935
0.0121077
0.013569
0.0151943
0.0170023
0.019014
0.0212527
0.0237442
0.0265174
0.0296042
0.0330403
0.0368653
0.0411231
0.0458627
0.0511383
0.0570104
0.0635459
0.0708193
0.078913
0.0879189
0.0979385
0.109085
0.121482
0.13527
0.150602
0.167647
0.186596
0.207655
0.231058
0.25706
0.285946
0.31803
0.353662
0.393228
0.437157
0.485929
0.540073
0.600183
0.666922
0.741034
0.823359
0.914858
1.01664
1.13
1.2565
1.39815
1.55739
1.73728
1.94132
2.15888
2.37874
2.62615
2.75905
2.65221
2.03608
-0.217248
-2.82002
-0.159829
1.00098
8.70258e-05
0.000292951
0.000509862
0.000743724
0.000996799
0.00127074
0.001569
0.00189426
0.00225033
0.00264085
0.00307026
0.00354324
0.00406511
0.00464173
0.00527962
0.00598603
0.00676902
0.00763755
0.0086016
0.00967226
0.0108619
0.0121842
0.0136544
0.0152896
0.0171088
0.0191328
0.0213853
0.0238921
0.0266823
0.0297881
0.0332454
0.0370939
0.0413779
0.0461467
0.0514549
0.0573632
0.0639391
0.0712574
0.0794013
0.0884629
0.0985447
0.10976
0.122235
0.136109
0.151537
0.16869
0.187759
0.208953
0.232507
0.258678
0.287755
0.320053
0.355927
0.395767
0.440008
0.489134
0.543682
0.604253
0.671517
0.746227
0.829231
0.921489
1.0241
1.13833
1.26568
1.408
1.56742
1.7464
1.9462
2.15258
2.36929
2.58045
2.69127
2.56541
1.98055
0.0391177
-2.25706
0.243694
1.56336
8.77881e-05
0.000296871
0.000515015
0.000750667
0.00100523
0.00128082
0.00158079
0.00190788
0.00226594
0.00265864
0.00309044
0.00356605
0.00409084
0.00467068
0.00531215
0.00602254
0.00680995
0.00768339
0.0086529
0.00972964
0.010926
0.0122558
0.0137345
0.015379
0.0172086
0.0192442
0.0215095
0.0240307
0.0268369
0.0299605
0.0334376
0.0373082
0.0416168
0.046413
0.0517517
0.057694
0.0643077
0.0716681
0.079859
0.0889729
0.099113
0.110393
0.122941
0.136896
0.152414
0.169668
0.188849
0.21017
0.233865
0.260196
0.289451
0.321951
0.358052
0.39815
0.442684
0.492142
0.547069
0.608071
0.675828
0.751098
0.834732
0.927691
1.03106
1.14607
1.27416
1.41699
1.57637
1.75407
1.94891
2.14433
2.35732
2.53882
2.63082
2.49396
1.94498
0.268343
-1.70219
0.524572
1.92023
8.84546e-05
0.000300693
0.000519901
0.000757239
0.00101317
0.00129031
0.00159184
0.00192066
0.00228056
0.00267529
0.00310932
0.00358739
0.00411489
0.00469775
0.00534255
0.00605665
0.00684818
0.0077262
0.00870081
0.00978321
0.0109859
0.0123227
0.0138092
0.0154625
0.0173017
0.0193481
0.0216255
0.02416
0.0269811
0.0301214
0.0336169
0.0375081
0.0418397
0.0466615
0.0520286
0.0580026
0.0646516
0.0720514
0.080286
0.0894488
0.0996433
0.110984
0.1236
0.13763
0.153232
0.170581
0.189867
0.211306
0.235134
0.261613
0.291035
0.323723
0.360038
0.400376
0.445183
0.494952
0.550232
0.611638
0.679854
0.755643
0.839861
0.933465
1.03753
1.15323
1.28194
1.42513
1.58428
1.76044
1.95001
2.13559
2.34133
2.50195
2.57794
2.43632
1.92517
0.476731
-1.16438
0.724096
2.03162
8.90166e-05
0.00030441
0.000524505
0.000763428
0.00102061
0.00129918
0.00160216
0.00193257
0.00229419
0.0026908
0.00312689
0.00360724
0.00413726
0.00472291
0.00537081
0.00608835
0.00688369
0.00776597
0.00874531
0.00983297
0.0110415
0.0123849
0.0138786
0.0155399
0.0173881
0.0194446
0.0217331
0.0242801
0.027115
0.0302707
0.0337834
0.0376937
0.0420466
0.0468921
0.0522856
0.058289
0.0649708
0.0724071
0.0806824
0.0898906
0.100136
0.111533
0.124211
0.138312
0.153992
0.171428
0.190813
0.212361
0.236312
0.262929
0.292506
0.32537
0.361882
0.402444
0.447505
0.497563
0.553172
0.614952
0.683592
0.759862
0.844618
0.938811
1.04349
1.15982
1.28904
1.43247
1.59121
1.76561
1.95009
2.12772
2.32247
2.46944
2.5326
2.39097
1.91793
0.668449
-0.669657
0.86755
2.13147
8.94656e-05
0.000308012
0.000528814
0.000769218
0.00102753
0.00130741
0.00161174
0.00194361
0.0023068
0.00270515
0.00314314
0.00362559
0.00415794
0.00474616
0.00539692
0.00611762
0.0069165
0.00780269
0.00878639
0.0098789
0.0110928
0.0124422
0.0139426
0.0156114
0.0174679
0.0195336
0.0218324
0.0243909
0.0272386
0.0304084
0.033937
0.037865
0.0422375
0.0471048
0.0525227
0.0585533
0.0652653
0.0727353
0.0810482
0.0902981
0.10059
0.112039
0.124775
0.13894
0.154694
0.17221
0.191685
0.213335
0.237399
0.264144
0.293865
0.32689
0.363584
0.404354
0.449649
0.499974
0.555886
0.618011
0.687043
0.763754
0.849
0.943728
1.04897
1.16583
1.29547
1.43902
1.59721
1.76972
1.94955
2.12177
2.30348
2.44116
2.49451
2.35636
1.92063
0.845769
-0.23119
0.965911
2.1402
8.97933e-05
0.000311487
0.000532815
0.000774597
0.00103392
0.00131501
0.00162055
0.00195376
0.0023184
0.00271834
0.00315807
0.00364244
0.00417692
0.00476749
0.00542087
0.00614448
0.00694658
0.00783637
0.00882405
0.00992101
0.0111399
0.0124948
0.0140013
0.0156769
0.017541
0.0196152
0.0219234
0.0244924
0.0273518
0.0305347
0.0340777
0.0380218
0.0424124
0.0472997
0.05274
0.0587954
0.0655351
0.073036
0.0813832
0.0906715
0.101006
0.112503
0.125292
0.139517
0.155336
0.172927
0.192485
0.214227
0.238395
0.265257
0.29511
0.328283
0.365146
0.406105
0.451616
0.502185
0.558375
0.620816
0.690205
0.767317
0.853009
0.948218
1.05395
1.17128
1.30126
1.44482
1.60235
1.77283
1.94841
2.11735
2.2864
2.41697
2.46321
2.33096
1.9309
1.00962
0.149225
1.04356
2.08133
8.99922e-05
0.000314824
0.000536493
0.00077955
0.00103977
0.00132195
0.0016286
0.00196302
0.00232897
0.00273035
0.00317166
0.00365779
0.00419419
0.00478691
0.00544266
0.00616891
0.00697394
0.00786698
0.0088583
0.00995929
0.0111827
0.0125425
0.0140546
0.0157365
0.0176075
0.0196893
0.0220061
0.0245846
0.0274546
0.0306493
0.0342056
0.0381643
0.0425712
0.0474768
0.0529373
0.0590153
0.0657802
0.0733091
0.0816876
0.0910107
0.101384
0.112924
0.125762
0.14004
0.15592
0.173578
0.193211
0.215038
0.239301
0.266269
0.296241
0.32955
0.366565
0.407697
0.453403
0.504194
0.560638
0.623365
0.693077
0.770553
0.856645
0.952283
1.05845
1.17617
1.30641
1.4499
1.6067
1.77509
1.94675
2.11334
2.27195
2.39676
2.43817
2.31334
1.94683
1.16002
0.463407
1.09308
2.06545
9.00561e-05
0.00031801
0.000539836
0.000784066
0.00104507
0.00132824
0.00163587
0.00197139
0.00233851
0.00274118
0.00318392
0.00367161
0.00420975
0.0048044
0.00546228
0.0061909
0.00699857
0.00789454
0.00888912
0.00999374
0.0112211
0.0125855
0.0141026
0.01579
0.0176672
0.019756
0.0220804
0.0246675
0.0275471
0.0307524
0.0343205
0.0382925
0.0427141
0.047636
0.0531148
0.0592131
0.0660006
0.0735548
0.0819614
0.0913158
0.101724
0.113303
0.126184
0.140511
0.156445
0.174164
0.193865
0.215768
0.240116
0.26718
0.29726
0.33069
0.367842
0.409129
0.455012
0.506003
0.562673
0.625657
0.69566
0.773459
0.859907
0.955923
1.06247
1.18052
1.31095
1.45431
1.61031
1.77665
1.9448
2.10917
2.26027
2.3804
2.41885
2.30224
1.96675
1.29685
0.715719
1.11294
2.01883
8.99797e-05
0.000321028
0.000542832
0.000788133
0.00104981
0.00133385
0.00164235
0.00197884
0.00234701
0.00275083
0.00319483
0.00368392
0.0042236
0.00481995
0.00547974
0.00621046
0.00702047
0.00791905
0.00891652
0.0100244
0.0112554
0.0126237
0.0141453
0.0158376
0.0177203
0.0198152
0.0221465
0.0247412
0.0276292
0.030844
0.0344226
0.0384063
0.0428409
0.0477774
0.0532724
0.0593888
0.0661964
0.0737729
0.0822045
0.0915868
0.102026
0.11364
0.126559
0.14093
0.156912
0.174684
0.194445
0.216416
0.24084
0.267989
0.298165
0.331703
0.368977
0.410402
0.456441
0.50761
0.564481
0.627693
0.697953
0.776037
0.862797
0.959141
1.06601
1.18434
1.3149
1.45807
1.61329
1.77771
1.94284
2.10482
2.25111
2.36761
2.40468
2.29657
1.98922
1.41974
0.920728
1.12225
1.98348
8.97611e-05
0.000323863
0.00054547
0.000791739
0.00105398
0.00133879
0.00164805
0.00198538
0.00235447
0.00275929
0.00320439
0.0036947
0.00423573
0.00483358
0.00549502
0.00622759
0.00703965
0.0079405
0.0089405
0.0100512
0.0112853
0.0126571
0.0141826
0.0158792
0.0177668
0.019867
0.0222043
0.0248056
0.0277011
0.0309241
0.0345119
0.0385058
0.0429519
0.047901
0.0534102
0.0595423
0.0663675
0.0739636
0.082417
0.0918237
0.10229
0.113934
0.126887
0.141295
0.157319
0.175139
0.194953
0.216983
0.241473
0.268696
0.298956
0.332589
0.369969
0.411515
0.457691
0.509015
0.566062
0.629473
0.699955
0.778287
0.865315
0.96194
1.06909
1.18763
1.31827
1.46123
1.61569
1.77844
1.94114
2.1007
2.24418
2.35808
2.39506
2.2954
2.01309
1.52747
1.08692
1.129
1.96193
8.94073e-05
0.000326496
0.000547744
0.000794877
0.00105758
0.00134305
0.00165295
0.00199101
0.00236088
0.00276657
0.00321261
0.00370397
0.00424616
0.00484529
0.00550815
0.00624229
0.0070561
0.0079589
0.00896107
0.0100741
0.011311
0.0126858
0.0142145
0.0159149
0.0178066
0.0199114
0.0222538
0.0248608
0.0277626
0.0309927
0.0345884
0.0385911
0.0430469
0.048007
0.0535282
0.0596739
0.0665142
0.074127
0.0825991
0.0920266
0.102516
0.114186
0.127168
0.141609
0.157669
0.175529
0.195388
0.217468
0.242015
0.269302
0.299634
0.333347
0.370819
0.412469
0.458762
0.510218
0.567415
0.630995
0.701666
0.780208
0.867464
0.964323
1.07169
1.19041
1.32109
1.46383
1.6176
1.77896
1.93988
2.09726
2.2393
2.35151
2.38942
2.29793
2.03734
1.61859
1.21786
1.13806
1.9531
8.88986e-05
0.000328889
0.000549627
0.00079752
0.00106058
0.0013466
0.00165704
0.00199571
0.00236622
0.00277262
0.00321946
0.00371168
0.00425483
0.00485502
0.00551907
0.00625452
0.00706979
0.00797421
0.00897817
0.0100932
0.0113323
0.0127096
0.0142411
0.0159446
0.0178397
0.0199483
0.022295
0.0249067
0.0278138
0.0310498
0.034652
0.038662
0.0431259
0.0480951
0.0536264
0.0597833
0.0666361
0.0742629
0.0827506
0.0921954
0.102704
0.114396
0.127402
0.141869
0.15796
0.175853
0.19575
0.217872
0.242466
0.269807
0.300198
0.333979
0.371527
0.413263
0.459653
0.511219
0.568541
0.632261
0.70309
0.781805
0.869245
0.966295
1.07384
1.19269
1.32339
1.4659
1.61907
1.77931
1.93902
2.09468
2.23614
2.34752
2.38717
2.30339
2.06106
1.69219
1.31722
1.14632
1.96602
8.83321e-05
0.000331084
0.000551174
0.000799718
0.00106303
0.0013495
0.00166036
0.00199951
0.00237054
0.00277752
0.00322499
0.00371791
0.00426183
0.00486288
0.00552788
0.00626439
0.00708083
0.00798655
0.00899196
0.0101086
0.0113495
0.0127288
0.0142625
0.0159684
0.0178663
0.019978
0.022328
0.0249436
0.0278549
0.0310956
0.0347031
0.0387189
0.0431893
0.0481657
0.0537051
0.0598709
0.0667337
0.0743717
0.0828718
0.0923304
0.102855
0.114564
0.127589
0.142078
0.158192
0.176112
0.196039
0.218195
0.242826
0.270209
0.300648
0.334482
0.372091
0.413894
0.460361
0.512015
0.569434
0.633265
0.704216
0.783065
0.87065
0.967846
1.07553
1.19447
1.32517
1.46751
1.62021
1.77965
1.93867
2.09323
2.23456
2.34579
2.38775
2.31115
2.08352
1.7471
1.38723
1.1648
1.96938
8.75066e-05
0.000332908
0.000552218
0.000801309
0.00106479
0.00135159
0.00166276
0.00200227
0.00237368
0.00278108
0.00322901
0.00372244
0.00426693
0.00486861
0.0055343
0.00627159
0.00708889
0.00799557
0.00900205
0.0101199
0.0113621
0.0127429
0.0142782
0.015986
0.0178859
0.0199998
0.0223524
0.0249708
0.0278852
0.0311294
0.0347408
0.038761
0.0432363
0.0482181
0.0537635
0.0599361
0.0668064
0.0744528
0.0829622
0.0924313
0.102967
0.114689
0.127729
0.142234
0.158366
0.176307
0.196256
0.218437
0.243097
0.270512
0.300987
0.334862
0.372516
0.414371
0.460897
0.512616
0.57011
0.634024
0.705068
0.784019
0.871712
0.969017
1.0768
1.19581
1.3265
1.46868
1.62099
1.7798
1.93847
2.09257
2.23413
2.34583
2.39046
2.32037
2.10383
1.78339
1.42872
1.19693
1.9618
8.67323e-05
0.000334655
0.000553101
0.000802632
0.00106619
0.00135323
0.0016646
0.00200436
0.00237603
0.00278373
0.00323198
0.00372577
0.00427066
0.00487277
0.00553895
0.00627678
0.00709467
0.00800202
0.00900923
0.0101279
0.011371
0.0127528
0.0142893
0.0159983
0.0178995
0.0200151
0.0223693
0.0249896
0.0279062
0.0311527
0.0347667
0.0387898
0.0432683
0.0482537
0.0538032
0.0599802
0.0668555
0.0745073
0.0830229
0.0924987
0.103042
0.114773
0.127822
0.142337
0.158481
0.176434
0.196398
0.218595
0.243274
0.270708
0.301206
0.335106
0.372788
0.414675
0.461236
0.512995
0.570534
0.634497
0.705595
0.784605
0.872359
0.969724
1.07756
1.1966
1.3273
1.46944
1.62165
1.78021
1.93873
2.0927
2.23458
2.34712
2.39444
2.32963
2.11982
1.80419
1.44635
1.22636
1.96183
8.56346e-05
0.000335671
0.000553366
0.000803101
0.00106672
0.00135388
0.00166536
0.00200524
0.00237706
0.0027849
0.00323331
0.00372729
0.00427237
0.0048747
0.00554112
0.00627922
0.00709741
0.00800509
0.00901268
0.0101318
0.0113753
0.0127576
0.0142947
0.0160043
0.0179063
0.0200226
0.0223778
0.024999
0.0279167
0.0311645
0.0347798
0.0388044
0.0432846
0.0482719
0.0538235
0.0600029
0.0668807
0.0745355
0.0830543
0.0925338
0.103081
0.114816
0.127871
0.142392
0.158542
0.176502
0.196474
0.21868
0.243368
0.270814
0.301324
0.335238
0.372937
0.414842
0.461423
0.513205
0.57077
0.634761
0.705892
0.784936
0.872726
0.970128
1.07799
1.19706
1.32774
1.4698
1.62184
1.78024
1.93889
2.09317
2.2355
2.34894
2.3985
2.33725
2.13086
1.81777
1.45486
1.2528
1.9889
)
;

boundaryField
{
    inletFace
    {
        type            zeroGradient;
    }
    inlet
    {
        type            zeroGradient;
    }
    inletWalls
    {
        type            zeroGradient;
    }
    outletInlet
    {
        type            cyclicAMI;
        value           nonuniform List<scalar> 
15
(
-8.07469
-6.69202
-10.2776
-11.8953
-15.1421
-18.2569
-22.4656
-27.2233
-31.119
-36.6146
-39.6569
-43.6939
-46.1969
-48.8089
-51.4101
)
;
    }
    fineSymmetryWall
    {
        type            symmetryPlane;
    }
    fineWalls
    {
        type            zeroGradient;
    }
    fineCyclicBoundary
    {
        type            fixedValue;
        value           uniform 0;
    }
    fineplug
    {
        type            cyclicAMI;
        value           nonuniform List<scalar> 
80
(
-7.06814
-7.09425
-7.42555
-11.6466
-6.52661
-5.90742
-6.11022
-6.46791
-6.80992
-7.24039
-7.98359
-9.75643
-11.5083
-9.81851
-10.1318
-10.2209
-11.1285
-11.3986
-11.6734
-11.6966
-12.5518
-15.3944
-14.5647
-14.8053
-14.9029
-15.2128
-15.8985
-17.0586
-17.4325
-17.7981
-18.6536
-20.1507
-21.7692
-22.0611
-22.2833
-22.6975
-23.1369
-24.5587
-25.5599
-26.5412
-28.3881
-28.4552
-29.169
-30.3587
-30.7246
-31.1401
-31.6054
-32.0772
-34.8017
-36.9473
-36.9553
-37.0223
-37.0142
-37.9811
-38.6585
-39.0442
-39.5273
-40.4464
-42.4184
-43.8384
-43.6383
-43.5182
-43.6041
-43.7215
-44.8826
-45.2157
-45.7482
-46.6992
-47.6027
-48.0833
-48.3497
-48.4491
-48.7746
-49.1451
-50.2547
-51.4168
-52.0314
-52.7556
-50.0883
-50.3241
)
;
    }
    faceFine
    {
        type            zeroGradient;
    }
}


// ************************************************************************* //
