/*--------------------------------*- C++ -*----------------------------------*\
| =========                 |                                                 |
| \\      /  F ield         | OpenFOAM: The Open Source CFD Toolbox           |
|  \\    /   O peration     | Version:  4.1                                   |
|   \\  /    A nd           | Web:      www.OpenFOAM.org                      |
|    \\/     M anipulation  |                                                 |
\*---------------------------------------------------------------------------*/
FoamFile
{
    version     2.0;
    format      ascii;
    class       volScalarField;
    location    "4";
    object      p;
}
// * * * * * * * * * * * * * * * * * * * * * * * * * * * * * * * * * * * * * //

dimensions      [0 2 -2 0 0 0 0];

internalField   nonuniform List<scalar> 
6785
(
545.286
491.887
440.053
391.638
346.743
304.722
265.364
228.357
193.259
159.894
128.951
100.812
71.782
36.8633
7.71562
78.8214
56.5519
50.7717
47.0475
41.5698
35.8594
30.7033
26.3145
22.8327
20.3772
19.1898
19.6957
21.7956
23.6684
23.9273
-24.3009
-30.9465
-25.1365
-20.9433
-17.8138
-14.1872
-10.268
-6.29873
-2.36373
1.37239
4.72656
7.8074
10.9096
13.5764
14.8112
22.227
19.8529
24.5215
24.8574
24.9042
25.1068
24.9988
24.5941
23.9842
23.1993
22.2068
21.0452
20.1139
19.9846
20.299
39.0935
36.7609
38.253
36.0422
34.5405
33.2306
31.7545
30.3107
29.0022
27.8818
26.971
26.2504
25.7745
25.7624
26.0148
29.4894
27.3945
28.2594
26.9601
26.7549
26.7602
26.6954
26.764
26.9691
27.2727
27.6572
28.0819
28.4276
28.6862
28.8579
25.4949
24.2944
25.3903
25.161
25.6705
26.1627
26.5438
26.9744
27.4009
27.7722
28.0904
28.3566
28.539
28.6214
28.64
27.713
27.2088
28.1808
28.091
28.3632
28.491
28.515
28.5535
28.5564
28.5071
28.4272
28.3506
28.2698
28.1884
28.1296
28.8426
28.5718
29.1095
28.804
28.7353
28.5728
28.3798
28.2228
28.0563
27.8875
27.7334
27.6073
27.5194
27.4556
27.3992
27.4615
27.2275
27.4407
27.0876
26.9699
26.8352
26.7163
26.6368
26.5596
26.501
26.4616
26.4367
26.4062
26.3558
26.2767
25.6103
25.3963
25.4693
25.2096
25.1711
25.1345
25.1072
25.0948
25.0726
25.0582
25.0441
25.0232
24.9863
24.9252
24.8184
24.0799
23.9617
23.9994
23.8096
23.7942
23.769
23.734
23.6916
23.6335
23.5739
23.5065
23.4222
23.3343
23.2459
23.1286
24.973
24.8357
24.6857
24.3618
24.1701
23.9366
23.6664
23.3873
23.1093
22.8471
22.5951
22.358
22.1481
21.9869
21.8345
22.8285
23.3157
23.7275
23.6086
23.2779
22.841
22.4022
21.9853
21.5758
21.1646
20.7499
20.3325
19.9403
19.6011
19.2801
40.2889
39.9608
39.218
36.7408
33.2203
29.6326
26.2909
23.2894
20.5718
18.2445
16.2421
14.5593
13.2126
12.2055
11.3439
38.7999
37.9774
38.3694
37.5959
37.0438
35.8344
36.0864
34.9206
34.0863
33.09
33.4786
31.7868
29.8627
30.9662
29.4833
28.1906
27.9502
29.1676
26.9262
25.358
27.4805
25.9502
24.4668
24.9628
27.0923
25.1696
23.5952
24.3161
26.8426
24.8657
23.6403
26.4539
25.4198
24.2229
24.8003
27.3792
26.0902
25.2887
27.8595
27.3125
26.5735
27.0769
29.2078
28.6264
28.0418
28.5042
30.2584
29.7334
29.2857
30.5757
30.4066
30.1927
30.5445
31.7744
31.6825
31.5698
31.9255
33.3067
33.3872
33.3774
34.8274
35.0299
34.8985
34.7677
35.6308
35.7499
35.7276
35.8107
35.5543
36.0833
36.3738
33.2621
32.3074
32.5668
29.6464
24.066
26.229
19.5012
1.87623
7.96161
12.2074
12.707
13.5735
9.02876
12.2119
15.8404
16.7961
17.1386
17.1329
17.8356
19.7926
21.5667
23.2716
18.0851
18.7886
20.6867
22.1966
22.3726
22.638
22.7995
23.3505
27.4339
24.418
24.68
24.5797
25.22
26.4861
27.196
27.1925
26.8245
26.5306
31.7727
29.9554
29.7873
29.1814
28.7738
29.5561
30.4313
29.5896
28.0118
31.4303
32.8292
33.403
33.2164
32.1864
31.247
30.3564
29.5528
28.7618
35.2287
34.7193
32.6688
31.8235
30.9679
29.6443
27.7163
24.8019
22.7849
28.6417
30.7455
27.906
25.8242
23.0564
19.601
17.0683
15.2907
13.4009
12.8289
12.5957
15.9248
14.0569
13.7755
13.2899
11.4528
8.68711
8.12421
9.37145
5.33092
12.3217
11.5749
10.7704
12.6189
12.8474
13.5016
13.9655
14.4633
14.7843
14.8034
14.9779
14.9895
14.9495
14.9406
14.8158
14.7578
14.5886
14.4887
14.3248
14.0521
13.8978
13.6298
13.5613
13.2251
12.7195
12.6919
12.3173
11.8248
11.5734
11.2418
11.413
10.8793
10.2473
10.0008
9.72748
10.1184
9.6009
8.78674
9.24859
8.78738
8.16257
7.98482
7.74657
8.51428
7.82969
6.99855
6.82793
6.64624
7.63813
6.9882
5.88335
6.89246
6.29946
5.46163
5.32935
5.13812
6.5346
5.57988
4.4163
4.2497
4.06882
5.70706
4.76504
3.15289
4.79359
3.90914
2.64049
2.47861
2.25286
4.47323
3.04966
1.33013
1.10556
0.874771
3.41845
1.95865
-0.526567
2.03201
0.600119
-1.36781
-1.76188
-1.719
0.000969493
-0.000142393
0.000221355
0.000404285
0.000588786
0.000654695
0.000701432
0.000804188
0.000938292
0.00108204
0.00117619
0.00122189
0.0013939
0.00162751
0.00192537
0.00208343
0.00223526
0.00253298
0.00293082
0.00335565
0.00368447
0.00395148
0.00428257
0.00464912
0.00492813
0.00491994
0.00460277
0.0041413
0.00330687
0.00208315
-5.16334e-05
-0.00317359
-0.00883712
-0.0179761
-0.0336104
-0.0558647
-0.0826729
-0.102397
-0.10313
-0.0809413
-0.0639234
-0.0942964
-0.222267
-0.508317
-0.94872
-1.36123
-1.56347
-1.52043
-0.878818
-0.024914
0.285436
0.224543
0.19479
1.74711
1.23571
-3.61038
-0.744562
0.0486799
-0.0325982
0.0386679
0.0611982
0.153837
0.378292
1.30396
1.49943
0.86182
0.480468
0.30515
0.215643
0.152623
0.106443
0.0885179
0.086757
0.0862501
0.11463
0.149037
0.197065
0.233314
0.208847
0.00460585
-6.63749e-05
0.00123958
0.00139402
0.00168402
0.00165903
0.00174198
0.00205849
0.00239738
0.0026932
0.00281486
0.00296533
0.00356786
0.0042518
0.00498512
0.00531067
0.0059152
0.00705188
0.00824733
0.00936206
0.0103194
0.0115481
0.0131373
0.0148576
0.0164085
0.0174676
0.018453
0.0195143
0.0199231
0.0194516
0.0178563
0.0146992
0.0084436
-0.00157451
-0.0171098
-0.0363696
-0.0553036
-0.0632439
-0.0535305
-0.0310048
-0.0336333
-0.119595
-0.359388
-0.792955
-1.32451
-1.72552
-1.82193
-1.58288
-0.861609
0.0507591
0.314043
0.385144
0.567107
2.53017
2.55159
-3.75389
-1.18491
-0.0199255
0.0108907
0.0891143
0.146132
0.387609
0.897344
1.83019
2.17084
1.59567
1.21944
0.928099
0.665825
0.447881
0.303145
0.245407
0.244889
0.266183
0.34989
0.452229
0.563142
0.623749
0.5448
0.00614362
-0.0008802
0.00131027
0.00144104
0.00170992
0.00172251
0.00200824
0.00269054
0.00326714
0.00345959
0.00353585
0.00389253
0.00496021
0.00603454
0.0068103
0.00729728
0.00845
0.0104748
0.0121834
0.013332
0.0149639
0.017377
0.0201584
0.0228193
0.0255052
0.0278374
0.0307361
0.0342832
0.0373233
0.0398693
0.0426878
0.0451965
0.0453879
0.0437989
0.0394451
0.0344732
0.0324803
0.0420095
0.063164
0.0849303
0.0672559
-0.038375
-0.278552
-0.644896
-1.00182
-1.18961
-1.13518
-0.817818
-0.296573
0.349488
0.416799
0.498956
0.974669
2.93078
3.4745
-3.20428
-1.0601
-0.0138273
0.0758031
0.139273
0.240721
0.61039
1.35177
2.14316
2.53572
2.1227
1.76615
1.38876
1.01392
0.701229
0.495626
0.41038
0.411192
0.453831
0.581553
0.749712
0.935973
1.04672
1.00682
0.00754175
-0.000810331
0.00195881
0.00211323
0.00229237
0.00217404
0.00252278
0.00353176
0.00448045
0.00470656
0.00463184
0.00507626
0.00644271
0.00792334
0.00865265
0.00929703
0.0109304
0.0138069
0.016227
0.0174164
0.019517
0.0229525
0.0272416
0.0312205
0.0351487
0.0387408
0.0436165
0.0501485
0.0570051
0.063798
0.0718288
0.0819631
0.0918868
0.102008
0.111214
0.121262
0.133731
0.153519
0.17606
0.189413
0.162561
0.066933
-0.112759
-0.338697
-0.496202
-0.517118
-0.392357
-0.109035
0.207639
0.628932
0.573044
0.610193
1.31183
3.39939
4.33257
-2.55309
-0.773384
0.0293748
0.145066
0.214375
0.355884
0.836658
1.73502
2.41916
2.7834
2.46843
2.14772
1.74259
1.32392
0.956054
0.707172
0.591353
0.585011
0.645283
0.816066
1.04744
1.29688
1.4459
1.39226
0.00806633
-0.000935747
0.00226673
0.0025371
0.00286232
0.00262739
0.00292012
0.0040727
0.00536129
0.00587758
0.00580584
0.00627026
0.00777336
0.00957865
0.0104969
0.0112639
0.0131796
0.0165074
0.0196362
0.0213816
0.0238003
0.0279849
0.0337811
0.0396125
0.0451239
0.0503227
0.0571922
0.0666032
0.0777708
0.0897322
0.10355
0.121228
0.14134
0.162591
0.183578
0.204936
0.226778
0.250338
0.269934
0.273835
0.242338
0.162827
0.0431299
-0.0703629
-0.0982318
-0.0384295
0.0912074
0.311414
0.522495
0.815824
0.719959
0.716207
1.58805
3.75783
5.15435
-1.94431
-0.497324
0.0902758
0.201573
0.287966
0.474505
1.05236
2.00806
2.62131
2.95429
2.70384
2.43813
2.03774
1.60912
1.20997
0.922159
0.77755
0.763283
0.840444
1.05352
1.34441
1.65132
1.82627
1.81567
0.00823109
-0.000758326
0.00259738
0.00292219
0.00351934
0.00339871
0.00375698
0.00489283
0.00630246
0.00706813
0.00720686
0.00777109
0.00931268
0.0112089
0.0124941
0.0136397
0.0159196
0.0193801
0.0228468
0.0253367
0.0282471
0.0329821
0.0398597
0.047519
0.0550375
0.0624253
0.0715425
0.0836163
0.0988311
0.116114
0.136069
0.160659
0.18982
0.221117
0.251907
0.281133
0.308304
0.333021
0.350083
0.349016
0.317699
0.254678
0.180972
0.142915
0.195756
0.306082
0.431163
0.60308
0.758688
0.960346
0.852751
0.821284
1.81944
4.0851
5.94161
-1.35302
-0.249604
0.172185
0.25881
0.374739
0.616902
1.27185
2.23176
2.7822
3.0952
2.91827
2.71366
2.32021
1.88077
1.4543
1.12876
0.963177
0.946502
1.04102
1.29518
1.64119
1.9971
2.19716
2.15995
0.00804156
-0.000444481
0.00289841
0.00317957
0.00396534
0.00409847
0.00473437
0.00595486
0.00735198
0.00823237
0.00865165
0.00948036
0.0110803
0.0128699
0.014386
0.0161031
0.0190082
0.0227001
0.0263205
0.0294504
0.0331221
0.0384571
0.0460401
0.0550085
0.0645261
0.074409
0.0861188
0.100828
0.119547
0.14159
0.167228
0.197732
0.23387
0.273458
0.312214
0.347326
0.377646
0.403035
0.418692
0.416512
0.3888
0.344105
0.312152
0.338193
0.462588
0.631971
0.769935
0.908605
1.00216
1.0847
0.975498
0.92806
2.02238
4.37597
6.68914
-0.79572
-0.0218286
0.268412
0.30898
0.467073
0.771066
1.47912
2.401
2.90601
3.22287
3.14315
3.00487
2.61564
2.15561
1.69379
1.33446
1.15253
1.13604
1.24763
1.54031
1.9379
2.33638
2.56204
2.51936
0.00754497
-0.000215204
0.00307361
0.00330535
0.0041681
0.00456686
0.00555598
0.00703596
0.00846675
0.00941163
0.0100974
0.011315
0.0131027
0.0148177
0.0164064
0.01862
0.0222169
0.0263665
0.0302929
0.0340407
0.0386796
0.0449233
0.053285
0.063244
0.0745067
0.0869202
0.101555
0.11921
0.141289
0.167663
0.198475
0.234232
0.27569
0.32144
0.366557
0.406756
0.439687
0.465593
0.480556
0.479182
0.457944
0.434654
0.448095
0.543032
0.746427
0.986029
1.15013
1.25599
1.27229
1.20726
1.10315
1.05144
2.21444
4.65727
7.38755
-0.225788
0.211843
0.387183
0.379622
0.588612
0.953673
1.68673
2.53674
3.00501
3.33965
3.37259
3.30385
2.92116
2.43763
1.93689
1.54709
1.34808
1.33098
1.45891
1.78854
2.23401
2.66664
2.89776
2.90028
0.0070082
-4.58529e-05
0.0031741
0.00341575
0.00427785
0.00487527
0.00617526
0.00794297
0.00949815
0.0105127
0.0114389
0.013053
0.0151412
0.0169673
0.0186728
0.0212672
0.025433
0.0301105
0.0345378
0.0389734
0.0446534
0.0520575
0.0614592
0.0724076
0.0851587
0.0998546
0.117398
0.138157
0.163555
0.193879
0.229354
0.269878
0.315674
0.365778
0.415714
0.460379
0.496002
0.522419
0.537139
0.537591
0.525584
0.527155
0.590769
0.760828
1.05089
1.36688
1.56309
1.62573
1.55572
1.33796
1.23482
1.19466
2.399
4.91422
8.00613
0.353249
0.460032
0.519747
0.469813
0.726241
1.14822
1.87929
2.6359
3.07587
3.43788
3.59542
3.59844
3.22778
2.72357
2.18688
1.76657
1.54879
1.53053
1.67424
2.03911
2.52947
2.99007
3.22909
3.20967
0.00648811
7.09116e-05
0.00317943
0.00347602
0.00438885
0.00514461
0.00671857
0.0087179
0.0104437
0.0115523
0.0127103
0.0146485
0.0170622
0.0191532
0.0211281
0.0241129
0.0287465
0.0339407
0.0390119
0.0442768
0.0510907
0.0598538
0.0706305
0.0828839
0.0972013
0.114076
0.134447
0.15838
0.187157
0.221223
0.260967
0.305892
0.355627
0.409133
0.46268
0.511079
0.549634
0.57722
0.592692
0.596426
0.596632
0.627295
0.745094
0.993359
1.37251
1.76672
1.99575
2.00152
1.84708
1.48636
1.37598
1.36811
2.5873
5.15955
8.53942
0.962688
0.757202
0.684903
0.597769
0.895505
1.36978
2.06542
2.71083
3.12642
3.52083
3.80839
3.88262
3.52923
3.00734
2.43848
1.98634
1.75034
1.73199
1.89171
2.29096
2.82282
3.30418
3.55045
3.51882
0.00607191
0.000199038
0.00318858
0.00352549
0.00452111
0.00543688
0.00722866
0.00942004
0.0113143
0.012565
0.0139555
0.016152
0.0188512
0.0212523
0.0235907
0.0269893
0.0320149
0.0376623
0.0433911
0.0495309
0.0574892
0.0676336
0.0799332
0.0937573
0.109821
0.128845
0.151877
0.178854
0.210894
0.248431
0.291933
0.340718
0.393982
0.450384
0.506683
0.558091
0.599625
0.629349
0.646874
0.655462
0.670017
0.733081
0.907617
1.23486
1.70263
2.17609
2.43877
2.37763
2.14131
1.64145
1.52891
1.56321
2.77929
5.38848
8.98567
1.57995
1.09901
0.87354
0.747133
1.08204
1.60189
2.23442
2.7631
3.16019
3.59578
4.01568
4.15978
3.82686
3.28773
2.6872
2.2036
1.95182
1.93529
2.11149
2.54327
3.11368
3.61013
3.85248
3.84728
0.00573175
0.000322964
0.00318386
0.00358652
0.0046771
0.00578494
0.00774023
0.0100992
0.0121494
0.0136134
0.015261
0.0177166
0.0206784
0.0234189
0.0261997
0.0300447
0.0354473
0.0415244
0.0479045
0.0549339
0.0640175
0.0754935
0.0893531
0.104917
0.12294
0.144192
0.169821
0.199735
0.234921
0.275748
0.322615
0.374781
0.431199
0.490227
0.548856
0.602804
0.647325
0.680104
0.701299
0.716721
0.747662
0.845687
1.07909
1.48581
2.03999
2.59086
2.88671
2.75428
2.44452
1.80613
1.69514
1.77158
2.98293
5.63368
9.36313
2.21629
1.50968
1.11398
0.940573
1.31015
1.85482
2.3917
2.80389
3.18557
3.67031
4.21825
4.42834
4.11685
3.55957
2.92744
2.41492
2.15049
2.13768
2.33109
2.79427
3.40006
3.90581
4.14196
4.131
0.00547065
0.000487262
0.00322463
0.00370808
0.00490786
0.00618155
0.00826551
0.0107306
0.0129172
0.0146153
0.0165331
0.0192527
0.0224621
0.0255571
0.0288257
0.0331447
0.0389334
0.0454357
0.0524512
0.0603495
0.0704846
0.0831591
0.098463
0.115711
0.135714
0.159141
0.187211
0.219817
0.257878
0.301662
0.351469
0.406522
0.465655
0.527034
0.587734
0.643918
0.691249
0.727531
0.753535
0.777387
0.826183
0.960375
1.2538
1.74005
2.37806
3.00299
3.33303
3.13169
2.75326
1.98284
1.86353
1.97801
3.19859
5.88284
9.67262
2.83371
1.95839
1.3955
1.16769
1.56529
2.09958
2.52089
2.83405
3.20389
3.74719
4.41857
4.68954
4.39813
3.82194
3.15911
2.62109
2.34667
2.33949
2.5508
3.04328
3.68137
4.19205
4.41298
4.43418
0.00519853
0.000599563
0.00326726
0.00385524
0.00523158
0.00665875
0.00887242
0.0113991
0.0137228
0.0156415
0.0178295
0.0207892
0.0242348
0.027686
0.0314662
0.0362968
0.0425121
0.0494757
0.0571588
0.0659494
0.0771197
0.0909338
0.107595
0.126456
0.148419
0.173976
0.20437
0.239482
0.280212
0.326676
0.379137
0.436759
0.498324
0.561875
0.624532
0.68278
0.732837
0.772915
0.804766
0.838813
0.907573
1.07965
1.43446
2.00034
2.71893
3.41297
3.77814
3.51368
3.07665
2.18783
2.03006
2.18996
3.43956
6.13168
9.93184
3.46901
2.44819
1.74844
1.45932
1.86454
2.34259
2.63301
2.85858
3.21526
3.82501
4.61368
4.93835
4.66461
4.07015
3.37936
2.81903
2.53715
2.53753
2.76763
3.288
3.95521
4.46721
4.67516
4.68478
0.00491972
0.000659193
0.00330181
0.00403351
0.00559916
0.00720171
0.00953061
0.0121252
0.0145801
0.0167126
0.0191527
0.0223041
0.0259482
0.0297124
0.0339702
0.0392986
0.0459379
0.0533673
0.0617208
0.0713827
0.083553
0.0984455
0.116335
0.13668
0.160471
0.18802
0.220526
0.257886
0.300995
0.349813
0.404603
0.464492
0.528236
0.593792
0.658298
0.718473
0.771109
0.815054
0.853314
0.89884
0.989515
1.2012
1.61838
2.26322
3.0591
3.81784
4.22098
3.90177
3.40741
2.41506
2.19445
2.40295
3.69619
6.35135
10.1298
4.10788
2.96149
2.15421
1.80044
2.18115
2.56307
2.72089
2.87225
3.22367
3.90687
4.80546
5.17656
4.91787
4.30611
3.58964
3.00955
2.72253
2.73243
2.98223
3.52795
4.22065
4.73165
4.92936
4.94699
0.00460103
0.000613895
0.0032498
0.0041783
0.00593915
0.00775425
0.0102092
0.0129208
0.0155263
0.0179024
0.0205874
0.0239097
0.0277226
0.0317569
0.0364467
0.0422365
0.0492812
0.0571772
0.0661969
0.0767008
0.0898651
0.105816
0.124868
0.146631
0.172158
0.20162
0.236117
0.275563
0.320865
0.37186
0.428796
0.490791
0.556596
0.624074
0.690414
0.752521
0.807827
0.855921
0.90146
0.960249
1.07573
1.33017
1.81168
2.5351
3.40502
4.22445
4.66796
4.30131
3.74864
2.67286
2.36723
2.62375
3.97555
6.5549
10.2633
4.77074
3.53117
2.63655
2.22067
2.53137
2.75959
2.78058
2.87882
3.23952
3.99778
4.99312
5.40262
5.15648
4.52772
3.78742
3.18954
2.8999
2.92111
3.1913
3.7605
4.47507
4.98354
5.1631
5.22547
0.00428237
0.000514133
0.00316669
0.00427387
0.00623012
0.0082342
0.0108338
0.0136857
0.0164807
0.0191357
0.0220661
0.0255546
0.0295182
0.0337855
0.0388462
0.0450339
0.0524371
0.0607619
0.0703798
0.0816428
0.0957401
0.11267
0.132787
0.155855
0.182955
0.214175
0.250486
0.291807
0.339067
0.392033
0.450924
0.51485
0.582561
0.651859
0.719982
0.784061
0.84211
0.894597
0.948082
1.02164
1.16452
1.46468
2.01226
2.81329
3.75418
4.63108
5.11751
4.7111
4.09247
2.95244
2.55298
2.85064
4.26322
6.7378
10.3409
5.41917
4.12617
3.16017
2.68711
2.89446
2.93534
2.81572
2.87573
3.26108
4.09798
5.17791
5.62001
5.38371
4.73747
3.97419
3.36038
3.07024
3.10438
3.39542
3.9855
4.71746
5.22299
5.39141
5.45896
0.0039923
0.000338283
0.00306154
0.0043016
0.00645366
0.00861792
0.0113783
0.0143841
0.0174144
0.0203614
0.0235528
0.0272252
0.0313542
0.0358607
0.0412639
0.0478115
0.0555524
0.0642816
0.0744386
0.0864114
0.10137
0.119212
0.140341
0.164641
0.193209
0.226079
0.2641
0.307195
0.356308
0.411164
0.471951
0.537727
0.607243
0.6783
0.748244
0.81447
0.875605
0.933101
0.995761
1.08633
1.2601
1.61005
2.22642
3.10464
4.11363
5.045
5.57501
5.13429
4.44701
3.26675
2.76115
3.08617
4.56657
6.90293
10.4221
6.04362
4.75558
3.72909
3.2035
3.25489
3.09634
2.83592
2.86714
3.29216
4.21022
5.36057
5.82939
5.5986
4.93347
4.14792
3.51965
3.23065
3.27915
3.59099
4.20024
4.94537
5.44852
5.61319
5.69729
0.00379043
0.000168903
0.00298955
0.00432284
0.00662318
0.00891961
0.0118174
0.0149829
0.0182637
0.02148
0.0249261
0.0287976
0.0331137
0.0378745
0.0435974
0.050471
0.0585391
0.0676364
0.0782723
0.0908987
0.106596
0.125226
0.147257
0.17265
0.202526
0.236856
0.276419
0.321143
0.37197
0.428592
0.491172
0.558683
0.629859
0.702592
0.774368
0.842887
0.907381
0.970452
1.04335
1.15288
1.36046
1.76351
2.45055
3.40481
4.47871
5.46093
6.03459
5.56711
4.80166
3.6114
2.99412
3.32776
4.866
7.05581
10.5344
6.60832
5.3863
4.30731
3.74837
3.59721
3.22463
2.83687
2.84785
3.32641
4.32904
5.5385
6.0307
5.8017
5.11696
4.30978
3.66842
3.38175
3.44611
3.77882
4.40491
5.15821
5.65934
5.82053
5.94956
0.00367053
1.32604e-05
0.00293734
0.00435101
0.00676275
0.00918283
0.012189
0.0155162
0.0190256
0.0224812
0.0261679
0.0302561
0.0347913
0.0398299
0.0458666
0.0530604
0.0614772
0.0709389
0.0820652
0.0953269
0.111686
0.13101
0.153865
0.180256
0.211329
0.246978
0.287994
0.334292
0.386791
0.44514
0.509469
0.578661
0.65145
0.725866
0.799616
0.87072
0.939152
1.0088
1.09368
1.22495
1.47017
1.9305
2.69066
3.72044
4.85605
5.88511
6.50139
6.01597
5.16135
3.99844
3.26503
3.59136
5.16442
7.22997
10.6602
7.1437
6.02241
4.89986
4.27453
3.93493
3.35701
2.84292
2.82383
3.36445
4.45612
5.71446
6.22449
5.99187
5.28643
4.45802
3.80409
3.5211
3.60264
3.9559
4.59693
5.35461
5.85558
6.02108
6.18151
0.00361641
-9.57505e-05
0.00292954
0.00441047
0.00691478
0.0094481
0.0125385
0.0160057
0.0196846
0.0233396
0.0272457
0.0315539
0.0363178
0.0416241
0.04796
0.0554758
0.0642249
0.074036
0.0856749
0.0995344
0.116484
0.136398
0.159968
0.187244
0.219359
0.256142
0.298446
0.346174
0.400209
0.460151
0.526106
0.596889
0.671252
0.747375
0.823213
0.89717
0.970026
1.04714
1.14552
1.3009
1.58687
2.10733
2.94163
4.04538
5.23911
6.30984
6.96728
6.4774
5.51903
4.40024
3.56961
3.88853
5.45171
7.38389
10.7698
7.62058
6.61979
5.46352
4.75305
4.24243
3.49061
2.8642
2.79685
3.39252
4.58334
5.88252
6.40667
6.16753
5.44206
4.59275
3.92694
3.6493
3.74912
4.12322
4.77666
5.53458
6.03643
6.2089
6.43268
0.00360022
-0.000211411
0.00294006
0.00448251
0.00709885
0.00973992
0.0129096
0.0164794
0.0202788
0.0241095
0.028224
0.0327473
0.0377261
0.0432754
0.0499252
0.0577888
0.0668386
0.0770164
0.089199
0.103665
0.121192
0.141668
0.165909
0.194024
0.22709
0.264897
0.308377
0.357433
0.412913
0.474362
0.541868
0.614209
0.690215
0.768177
0.846371
0.923653
1.00179
1.08779
1.20196
1.38476
1.71552
2.2996
3.20947
4.38634
5.63518
6.74171
7.43779
6.96376
5.87512
4.78076
3.90847
4.23035
5.7645
7.5222
10.8726
8.02797
7.16797
5.95602
5.20152
4.5146
3.63228
2.92826
2.79124
3.41045
4.70501
6.04724
6.57874
6.3291
5.58281
4.7127
4.03562
3.76471
3.88365
4.27843
4.94221
5.69799
6.20393
6.39473
6.66365
0.00360837
-0.000340238
0.00297684
0.00458823
0.00734428
0.0100788
0.013308
0.0169236
0.0208187
0.0248251
0.029138
0.0338439
0.0389831
0.0447348
0.0517131
0.0599056
0.069195
0.0797353
0.0924332
0.107493
0.125569
0.146567
0.171415
0.200295
0.23421
0.272922
0.317397
0.367605
0.42439
0.487192
0.556109
0.629953
0.707628
0.787541
0.868305
0.949332
1.03349
1.12967
1.26164
1.47466
1.85329
2.50299
3.48823
4.73596
6.0366
7.17195
7.90198
7.45669
6.211
5.12825
4.27043
4.59912
6.0899
7.6546
10.9802
8.33636
7.61167
6.38595
5.57918
4.73779
3.76793
3.02451
2.81696
3.41698
4.79155
6.19639
6.73464
6.47362
5.70685
4.81711
4.13032
3.8676
4.00689
4.4225
5.09464
5.84591
6.35791
6.57667
6.91192
0.00363712
-0.000519421
0.0029981
0.00470682
0.00762542
0.0104472
0.0137217
0.0173538
0.0213621
0.0255668
0.0300679
0.0349116
0.0401658
0.0461193
0.0534355
0.0619094
0.0714182
0.0823117
0.0955002
0.111148
0.129781
0.151306
0.176765
0.206408
0.241149
0.280725
0.326125
0.377403
0.435396
0.499477
0.569733
0.645065
0.724504
0.806577
0.890293
0.975716
1.06709
1.17532
1.32795
1.57498
2.00549
2.72356
3.78462
5.10154
6.45157
7.60976
8.36337
7.94401
6.55992
5.49938
4.65592
4.98137
6.42502
7.81587
11.0577
8.57063
7.96536
6.77723
5.88835
4.91031
3.9018
3.14975
2.89534
3.45085
4.84435
6.32446
6.87785
6.60179
5.81324
4.9059
4.21103
3.95784
4.11867
4.55437
5.23376
5.98048
6.50335
6.75483
7.18829
0.00367179
-0.000709162
0.00302923
0.00486052
0.0079191
0.0108059
0.0141133
0.0177726
0.0219188
0.0263249
0.0309882
0.0359198
0.0412694
0.0474408
0.05506
0.0637484
0.0734607
0.0846472
0.0982757
0.114462
0.133629
0.15565
0.181672
0.212035
0.247575
0.287976
0.334202
0.386442
0.445537
0.510776
0.582273
0.659034
0.740251
0.82463
0.9116
1.002
1.1016
1.22353
1.39921
1.6833
2.16848
2.95611
4.09179
5.47482
6.87129
8.04605
8.80932
8.41681
6.93658
5.89098
5.04907
5.36418
6.74474
7.98403
11.0983
8.7622
8.26601
7.08697
6.14054
5.03372
4.01358
3.27196
3.00543
3.52343
4.8857
6.41391
7.00008
6.71206
5.90014
4.97808
4.27851
4.03686
4.21983
4.67517
5.36156
6.10367
6.64127
6.93689
7.44674
0.00371029
-0.000926246
0.00304867
0.00501814
0.00818651
0.0111329
0.0144889
0.0182119
0.0224993
0.0270945
0.0319056
0.0368952
0.0423604
0.0487727
0.0566605
0.0655463
0.0754753
0.0869107
0.100938
0.117621
0.137323
0.159844
0.186416
0.217493
0.253849
0.295088
0.342161
0.39535
0.455539
0.521916
0.594658
0.672875
0.755988
0.842937
0.933664
1.0299
1.13921
1.27714
1.47913
1.80421
2.34764
3.20672
4.41655
5.86363
7.30432
8.49106
9.24878
8.88427
7.34938
6.30129
5.45207
5.74953
7.05895
8.15289
11.1436
8.91731
8.53683
7.3453
6.3264
5.11515
4.09277
3.37792
3.1274
3.63064
4.95094
6.48567
7.09914
6.80248
5.96963
5.03633
4.33463
4.10612
4.3113
4.78584
5.48055
6.22002
6.77938
7.13307
7.73413
0.00376558
-0.00113569
0.00307217
0.00515981
0.00841887
0.0114413
0.0148641
0.0186548
0.0230542
0.0278296
0.0327737
0.0378024
0.0433987
0.0500421
0.058149
0.0672327
0.0773686
0.0890191
0.103376
0.120488
0.140685
0.163679
0.190742
0.222459
0.259592
0.301653
0.349559
0.403658
0.4649
0.532392
0.606381
0.686072
0.771156
0.860899
0.95583
1.0587
1.17897
1.33483
1.56579
1.9348
2.5386
3.4693
4.75113
6.2589
7.74048
8.93457
9.67232
9.32751
7.77346
6.70397
5.85742
6.13092
7.35836
8.29079
11.171
9.04494
8.77327
7.55519
6.44524
5.15529
4.124
3.44562
3.23019
3.73804
5.0302
6.55098
7.1664
6.87041
6.02502
5.08608
4.38524
4.16909
4.39451
4.88818
5.59335
6.33309
6.91879
7.33743
8.0451
0.00384909
-0.00134953
0.00308569
0.00525684
0.00861768
0.0117562
0.0152553
0.0190916
0.0235946
0.0285514
0.0336043
0.0386939
0.0444388
0.0513028
0.0595965
0.0689114
0.079262
0.0911316
0.105771
0.12328
0.143956
0.167424
0.19496
0.227269
0.265168
0.308079
0.356872
0.411911
0.474248
0.542945
0.618322
0.699666
0.78698
0.879946
0.979838
1.09051
1.22358
1.40006
1.66348
2.08013
2.7471
3.75025
5.10262
6.66868
8.18865
9.38735
10.0922
9.75993
8.21792
7.11322
6.27273
6.51731
7.6575
8.43798
11.1676
9.14882
8.97347
7.72458
6.51781
5.15586
4.1139
3.48055
3.31243
3.83142
5.10442
6.60236
7.19912
6.91284
6.0695
5.12971
4.43526
4.23026
4.47286
4.98388
5.70254
6.45184
7.07055
7.5677
8.37321
0.0039532
-0.00156938
0.00308897
0.00533976
0.00883049
0.0120932
0.0156382
0.0195013
0.0241248
0.0292253
0.0343532
0.0395405
0.0454318
0.0524826
0.0609384
0.0704971
0.0810679
0.0931465
0.108013
0.12587
0.146977
0.170893
0.198858
0.231672
0.270269
0.313995
0.363667
0.419636
0.48305
0.552999
0.629871
0.713039
0.802835
0.899441
1.005
1.12457
1.27205
1.47136
1.76993
2.23668
2.96803
4.04263
5.46248
7.08284
8.63778
9.83771
10.4997
10.17
8.66533
7.52352
6.68973
6.90214
7.93235
8.57838
11.132
9.22986
9.1443
7.86456
6.55467
5.10741
4.05573
3.47274
3.36478
3.90366
5.15486
6.61307
7.19445
6.93016
6.09865
5.16095
4.48061
4.28886
4.54582
5.07177
5.80735
6.57858
7.23456
7.8174
8.73219
0.00406507
-0.00181984
0.00305369
0.00542001
0.00906877
0.0124304
0.0159962
0.019917
0.0246714
0.029856
0.0350641
0.04038
0.046419
0.0536182
0.0622532
0.0720622
0.0828891
0.0951892
0.110267
0.128452
0.149974
0.174348
0.202756
0.236043
0.275313
0.319863
0.370476
0.427439
0.491998
0.563348
0.64196
0.727298
0.820065
0.921005
1.03331
1.16337
1.32753
1.55263
1.88979
2.40975
3.20723
4.35292
5.83805
7.50951
9.09689
10.2962
10.9076
10.5679
9.11842
7.93754
7.11608
7.29621
8.18764
8.72104
11.0878
9.309
9.29245
7.97362
6.55043
5.01175
3.95215
3.41802
3.38279
3.95614
5.17615
6.57273
7.15094
6.9217
6.10535
5.1743
4.5151
4.34147
4.61299
5.15322
5.90897
6.71824
7.42177
8.1051
9.11343
0.00414842
-0.00206336
0.00302146
0.0055341
0.00933084
0.0127453
0.0163361
0.0203555
0.0252003
0.030425
0.0357349
0.0411827
0.0473567
0.0546638
0.0634887
0.0735336
0.0846325
0.0971471
0.112416
0.13089
0.152784
0.1776
0.206442
0.240149
0.280021
0.32536
0.376925
0.434896
0.500604
0.57344
0.65397
0.74179
0.838001
0.94395
1.06403
1.20605
1.38885
1.64213
2.0203
2.59521
3.45887
4.67354
6.22018
7.93829
9.55399
10.7496
11.3068
10.9421
9.55689
8.3339
7.54362
7.68765
8.43164
8.82876
11.0121
9.38415
9.4211
8.04719
6.50671
4.87123
3.80044
3.30736
3.34725
3.96111
5.15244
6.49937
7.0783
6.87518
6.08149
5.16845
4.53982
4.38836
4.67331
5.22818
6.0055
6.86561
7.62863
8.42125
9.52261
0.00419533
-0.00228544
0.00300263
0.00565726
0.0095652
0.0130166
0.0166803
0.020815
0.0256997
0.0309712
0.0364
0.0419854
0.0482758
0.0556909
0.0647115
0.0750016
0.0863934
0.09913
0.114603
0.133354
0.155624
0.180907
0.210221
0.244365
0.284845
0.331011
0.383624
0.442714
0.509713
0.584244
0.667031
0.757847
0.858244
0.970227
1.09956
1.25557
1.45967
1.74427
2.16658
2.79875
3.72906
5.01119
6.6163
8.37752
10.0173
11.207
11.7096
11.3045
9.99508
8.73052
7.97813
8.08232
8.69417
8.92734
10.9153
9.44708
9.52293
8.08071
6.42319
4.70191
3.63257
3.18549
3.2835
3.92188
5.08686
6.40477
6.98027
6.76683
5.99062
5.11572
4.54047
4.4264
4.7295
5.30237
6.10176
7.02377
7.86529
8.77262
9.9725
0.00421072
-0.0024586
0.00300457
0.00578574
0.00977511
0.0132721
0.0170435
0.0212617
0.0261605
0.0314988
0.03705
0.0427683
0.0491403
0.0566791
0.0658745
0.0764074
0.0880814
0.101024
0.116686
0.135684
0.158319
0.184077
0.213873
0.248459
0.289511
0.336489
0.390183
0.45045
0.518834
0.595198
0.680498
0.774752
0.880008
0.998977
1.13888
1.31069
1.53829
1.85659
2.32506
3.01534
4.01117
5.35763
7.0168
8.81629
10.4741
11.6539
12.1065
11.6428
10.4196
9.12362
8.39431
8.4681
8.95701
9.0186
10.812
9.49423
9.59642
8.08039
6.30544
4.52806
3.48752
3.09168
3.21817
3.86387
4.99894
6.29131
6.84865
6.59163
5.8082
4.97758
4.4856
4.43875
4.77514
5.37379
6.1983
7.18653
8.12311
9.14691
10.414
0.00420572
-0.00259653
0.00299165
0.00589076
0.00994494
0.0135181
0.0174083
0.0216754
0.0266014
0.0320292
0.0377194
0.0435607
0.050001
0.0576855
0.0670538
0.0778352
0.0897903
0.102945
0.118802
0.138046
0.161084
0.187375
0.217725
0.252828
0.294507
0.34237
0.397284
0.458918
0.528951
0.607457
0.695729
0.794092
0.905183
1.03247
1.18473
1.37465
1.6286
1.98364
2.50089
3.25063
4.31128
5.71935
7.42873
9.26227
10.9315
12.0968
12.5089
11.9649
10.8247
9.51558
8.79292
8.84639
9.21688
9.1251
10.7056
9.52341
9.63406
8.04121
6.1598
4.37366
3.38624
3.03029
3.16633
3.80348
4.90022
6.15052
6.66284
6.33371
5.51468
4.72001
4.33447
4.39408
4.79633
5.4408
6.30246
7.35527
8.40605
9.54749
10.8751
0.00415115
-0.00268335
0.00297946
0.00598774
0.0101005
0.0137797
0.0177597
0.0220531
0.0270254
0.0325537
0.0383962
0.0443373
0.0508484
0.0586685
0.0682034
0.0792174
0.0914299
0.104789
0.120824
0.140294
0.163745
0.190602
0.221545
0.257202
0.29953
0.348303
0.404506
0.467644
0.539522
0.620421
0.712043
0.815079
0.932866
1.06964
1.23579
1.44577
1.72825
2.12212
2.68954
3.49868
4.62218
6.0878
7.84218
9.7042
11.376
12.5175
12.9006
12.26
11.1767
9.88631
9.17701
9.20957
9.43009
9.21207
10.5853
9.53915
9.64282
7.96768
6.00199
4.2492
3.31549
2.98841
3.12398
3.74168
4.79691
5.97971
6.41101
5.98417
5.11526
4.3456
4.07066
4.26584
4.77134
5.49087
6.41032
7.5215
8.69777
9.94806
11.3237
0.00403265
-0.00270972
0.00295791
0.0060539
0.0102367
0.0140454
0.0180863
0.0224065
0.0274492
0.0330951
0.0390945
0.0451215
0.0517334
0.0596794
0.0693916
0.0806381
0.0931079
0.106694
0.122921
0.142628
0.16653
0.194031
0.225672
0.262
0.305117
0.354944
0.412627
0.477559
0.551672
0.635444
0.731064
0.839638
0.965331
1.1132
1.29523
1.5277
1.84147
2.27678
2.89624
3.76515
4.95002
6.46984
8.26459
10.1495
11.8142
12.9169
13.2624
12.5318
11.4862
10.2443
9.55576
9.5514
9.62346
9.27261
10.4508
9.54408
9.61864
7.85944
5.8401
4.14937
3.26983
2.96031
3.08836
3.67617
4.68454
5.7689
6.0785
5.52969
4.59922
3.85084
3.68305
4.03314
4.68175
5.51597
6.52341
7.69534
8.99537
10.3481
11.7544
0.0038431
-0.00264879
0.00293739
0.006114
0.0103907
0.0143174
0.0183954
0.02275
0.0278707
0.0336484
0.0397898
0.0458932
0.0526208
0.0606789
0.0705629
0.082029
0.0947477
0.108572
0.124987
0.144919
0.169263
0.197436
0.229847
0.266925
0.310913
0.361891
0.421164
0.488099
0.564739
0.651766
0.751913
0.866745
1.00136
1.16165
1.3612
1.61804
1.965
2.44332
3.11539
4.0431
5.28671
6.85676
8.68669
10.5878
12.2344
13.2784
13.5712
12.7821
11.7569
10.5765
9.91406
9.85959
9.833
9.3484
10.3427
9.54696
9.5707
7.73458
5.68978
4.07146
3.24205
2.94211
3.05591
3.60833
4.56207
5.51904
5.66887
4.98222
3.97912
3.25074
3.18206
3.69303
4.51475
5.50287
6.62951
7.87768
9.27595
10.7213
12.1515
0.00361847
-0.00250636
0.0029085
0.006178
0.0105565
0.0145791
0.0186899
0.0230984
0.0283049
0.0342264
0.040493
0.0466884
0.0535422
0.061722
0.0717866
0.0834768
0.0964646
0.110566
0.127206
0.147394
0.172218
0.201134
0.234449
0.27244
0.317491
0.369846
0.43098
0.500302
0.579981
0.670898
0.776411
0.898558
1.04347
1.21794
1.43711
1.72063
2.10317
2.6265
3.35212
4.33803
5.63799
7.25484
9.11536
11.026
12.6433
13.6083
13.8342
13.0333
12.0059
10.8816
10.2589
10.1456
10.067
9.49016
10.2882
9.54588
9.50031
7.59966
5.55878
4.01669
3.23175
2.93675
3.02711
3.53952
4.42412
5.22231
5.17572
4.33778
3.2562
2.55271
2.57307
3.24384
4.26431
5.44653
6.7274
8.07461
9.53448
11.0632
12.512
0.00337134
-0.00228562
0.00289596
0.00628308
0.010748
0.0148428
0.0189867
0.0234583
0.0287548
0.0348087
0.0411742
0.0474833
0.0544575
0.0627677
0.0730075
0.0849076
0.0981689
0.112566
0.12945
0.149913
0.175222
0.2049
0.239193
0.278208
0.324442
0.378322
0.441496
0.513472
0.596576
0.691872
0.803426
0.933731
1.09003
1.28006
1.52048
1.83233
2.2519
2.82109
3.60002
4.64242
5.99542
7.65486
9.54086
11.4539
13.0313
13.9014
14.0559
13.2811
12.2344
11.1585
10.5815
10.4081
10.2949
9.67463
10.2923
9.54986
9.42609
7.47417
5.45905
3.98532
3.23776
2.94247
3.00412
3.47491
4.27619
4.88795
4.6192
3.61958
2.46026
1.78605
1.87933
2.69894
3.93175
5.34031
6.80682
8.27195
9.7697
11.3522
12.823
0.00312349
-0.00198947
0.00291861
0.00643724
0.0109558
0.0151016
0.0192923
0.0238355
0.0292358
0.0354075
0.0418617
0.0483091
0.0554117
0.0638731
0.0742991
0.0864197
0.0999856
0.114721
0.131907
0.152712
0.178574
0.209086
0.244495
0.284736
0.332403
0.388082
0.453653
0.528747
0.615911
0.716374
0.83497
0.974672
1.14385
1.35125
1.61498
1.95732
2.41581
3.03213
3.8645
4.96197
6.36502
8.06286
9.96914
11.8769
13.4047
14.1703
14.2531
13.5343
12.4583
11.4119
10.8589
10.6432
10.5162
9.89363
10.3309
9.55431
9.35393
7.36143
5.39268
3.97802
3.25984
2.96061
2.98806
3.41365
4.11578
4.51544
4.00512
2.84091
1.60858
0.966275
1.11478
2.06862
3.52301
5.18715
6.87167
8.47175
10.0058
11.5923
13.0911
0.00286095
-0.00161009
0.00300267
0.00665491
0.011195
0.0153712
0.0196136
0.0242301
0.0297352
0.0360044
0.0425487
0.0491364
0.0563717
0.064991
0.0755953
0.0879333
0.101821
0.116911
0.134434
0.15562
0.182069
0.213442
0.250032
0.291624
0.340877
0.398519
0.466715
0.545237
0.636912
0.743128
0.869492
1.01952
1.20271
1.42877
1.71727
2.09146
2.58983
3.25354
4.13848
5.28893
6.73867
8.47052
10.3914
12.2851
13.7536
14.4139
14.4287
13.7773
12.6758
11.6354
11.0927
10.8544
10.7343
10.1149
10.4062
9.57252
9.30084
7.27594
5.36288
3.995
3.29799
2.99308
2.98604
3.3673
3.95456
4.12284
3.36625
2.04257
0.742199
0.128706
0.313249
1.37998
3.05262
4.99017
6.91603
8.66406
10.2441
11.7913
13.3109
0.00258737
-0.00112926
0.00317029
0.00693391
0.0114614
0.0156565
0.0199545
0.0246519
0.0302594
0.0366124
0.0432699
0.0500062
0.0573952
0.0661879
0.0769771
0.0895488
0.103798
0.11929
0.137228
0.158885
0.186023
0.218356
0.256268
0.299417
0.350533
0.410449
0.481683
0.564164
0.66106
0.773934
0.909137
1.07082
1.26956
1.51604
1.83114
2.23901
2.77868
3.49039
4.42744
5.62911
7.12238
8.88366
10.8127
12.6821
14.0793
14.6407
14.5926
13.9962
12.8866
11.8373
11.306
11.063
10.9661
10.3434
10.5053
9.60312
9.26833
7.21706
5.36251
4.0366
3.35676
3.04286
3.00016
3.33769
3.79433
3.71705
2.71938
1.24803
-0.111272
-0.701586
-0.49817
0.657233
2.53849
4.76046
6.94782
8.85698
10.487
11.9752
13.4927
0.00228265
-0.000546971
0.00343053
0.00727925
0.011767
0.0159753
0.0203214
0.0251012
0.0307925
0.0372106
0.0439967
0.0508882
0.0584462
0.0674144
0.0783782
0.0911771
0.105799
0.121715
0.140119
0.162307
0.190189
0.223536
0.262836
0.307649
0.360769
0.423141
0.497659
0.584444
0.687016
0.807166
0.951946
1.12617
1.34154
1.60962
1.95249
2.39499
2.97646
3.73591
4.72382
5.9745
7.50804
9.29413
11.2243
13.0578
14.3704
14.8438
14.7357
14.1738
13.0788
12.0244
11.5021
11.2638
11.1983
10.5707
10.6437
9.66299
9.26711
7.19399
5.39088
4.10162
3.43697
3.11235
3.04016
3.33813
3.65019
3.32188
2.10023
0.497321
-0.909393
-1.48798
-1.27855
-0.0627204
2.00418
4.50746
6.96447
9.04234
10.7222
12.1504
13.6296
0.00196564
0.000150232
0.00378505
0.0076894
0.0121156
0.0163367
0.0207293
0.0255941
0.0313545
0.0378305
0.0447561
0.0518234
0.0595827
0.0687391
0.0798898
0.0929312
0.107946
0.124343
0.143311
0.166146
0.194885
0.229381
0.270227
0.316903
0.372296
0.437471
0.515718
0.607396
0.716387
0.844753
1.00023
1.18832
1.42183
1.71314
2.08543
2.56398
3.18818
3.99549
5.0333
6.33084
7.90109
9.70629
11.6289
13.4131
14.6253
15.0078
14.8546
14.3141
13.2481
12.1869
11.6565
11.4398
11.4179
10.8064
10.8067
9.74705
9.29244
7.20117
5.44222
4.18754
3.53816
3.20136
3.10748
3.36728
3.52593
2.95202
1.52827
-0.185501
-1.62643
-2.20756
-1.99887
-0.749243
1.47348
4.24628
6.97688
9.22797
10.9577
12.3261
13.7425
0.00162749
0.000955916
0.00422602
0.00815742
0.0125088
0.0167416
0.0211817
0.0261271
0.0319358
0.038461
0.045519
0.0527761
0.0607587
0.0701044
0.0814373
0.0947175
0.110114
0.127017
0.146611
0.170165
0.199814
0.235525
0.277987
0.326621
0.384404
0.452568
0.53478
0.631688
0.747542
0.88469
1.05155
1.25433
1.5069
1.82244
2.22505
2.74032
3.40738
4.26202
5.34833
6.69047
8.29397
10.1126
12.018
13.7392
14.8384
15.1302
14.9526
14.4282
13.3963
12.3232
11.7708
11.5895
11.627
11.0599
11.0177
9.87099
9.35134
7.24742
5.5225
4.29724
3.65964
3.3131
3.21198
3.43489
3.43472
2.63094
1.03145
-0.773419
-2.23811
-2.83554
-2.62951
-1.36908
0.970948
3.98884
6.98462
9.40557
11.1886
12.4928
13.8398
0.00128667
0.00187534
0.00475621
0.00868839
0.0129524
0.0171944
0.0216908
0.0267145
0.0325625
0.039139
0.0463232
0.0537919
0.062031
0.0715865
0.083115
0.0966506
0.11244
0.129905
0.150228
0.174624
0.205302
0.242366
0.286612
0.33742
0.397865
0.469379
0.555999
0.658706
0.78217
0.929015
1.10835
1.32709
1.60011
1.94133
2.37566
2.92878
3.63932
4.54112
5.67472
7.05888
8.69111
10.5156
12.3915
14.033
15.0131
15.2265
15.0373
14.5202
13.5251
12.436
11.8569
11.7171
11.8229
11.3298
11.247
10.0264
9.43661
7.32705
5.62847
4.43233
3.79918
3.44521
3.3496
3.53393
3.37816
2.37056
0.622147
-1.25716
-2.73899
-3.36227
-3.15817
-1.90107
0.517115
3.75005
6.99939
9.58438
11.4249
12.6583
13.9061
0.000940624
0.00287722
0.00535353
0.00927138
0.0134414
0.0176883
0.0222457
0.0273406
0.0332206
0.0398431
0.0471389
0.054829
0.0633415
0.073122
0.0848405
0.0986223
0.114792
0.132841
0.153938
0.179246
0.210999
0.249464
0.295564
0.348653
0.411885
0.486926
0.578156
0.686913
0.818366
0.975393
1.16782
1.4032
1.69743
2.06511
2.53181
3.1232
3.87716
4.82547
6.00491
7.42853
9.08491
10.9074
12.7412
14.2866
15.1492
15.3096
15.1133
14.5984
13.6377
12.5282
11.939
11.8419
12.0251
11.6253
11.5246
10.2323
9.55444
7.44941
5.76894
4.60409
3.9659
3.60513
3.527
3.67024
3.36462
2.18236
0.309514
-1.63461
-3.13465
-3.78874
-3.58356
-2.33399
0.126308
3.53854
7.01959
9.75841
11.6615
12.8183
13.9392
0.000618979
0.00395893
0.00601836
0.00991473
0.0139852
0.0182371
0.0228627
0.0280262
0.0339442
0.0406091
0.0480101
0.055937
0.0647452
0.0747832
0.0867125
0.100752
0.117319
0.136005
0.157957
0.184285
0.217231
0.257214
0.305344
0.360958
0.427286
0.506221
0.6025
0.71782
0.85795
1.02602
1.23258
1.48578
1.80249
2.19797
2.69822
3.32875
4.12653
5.12086
6.34447
7.8039
9.47772
11.2871
13.0634
14.496
15.2465
15.3793
15.1744
14.6639
13.7297
12.5936
12.0341
11.9845
12.2447
11.947
11.8102
10.4772
9.69516
7.60489
5.94281
4.8141
4.16298
3.79191
3.73461
3.83391
3.39222
2.0673
0.0917961
-1.91416
-3.44086
-4.12733
-3.91893
-2.67371
-0.196413
3.36199
7.0516
9.93605
11.9057
12.9832
13.9624
0.000319889
0.00508343
0.00672824
0.0105996
0.0145701
0.0188335
0.0235308
0.0287583
0.0347141
0.0414085
0.0489033
0.0570668
0.066174
0.0764885
0.0886377
0.102922
0.119879
0.139217
0.16205
0.189434
0.223605
0.265124
0.315346
0.373598
0.443172
0.526159
0.627661
0.749739
0.898822
1.07831
1.29948
1.57105
1.91088
2.33481
2.86913
3.53914
4.38066
5.42025
6.68625
8.17791
9.8623
11.6476
13.3512
14.6594
15.3104
15.4367
15.2185
14.7134
13.7983
12.6439
12.1463
12.1506
12.4721
12.2862
12.124
10.7777
9.87067
7.80272
6.16448
5.07462
4.40501
4.01857
3.9801
4.03037
3.46384
2.02112
-0.0433909
-2.11607
-3.67853
-4.39559
-4.18189
-2.93627
-0.453543
3.22193
7.09097
10.1165
12.1526
13.1585
13.9456
6.06817e-05
0.00625157
0.00749257
0.0113415
0.0152131
0.0195001
0.024275
0.0295681
0.0355664
0.042279
0.0498602
0.0582634
0.0676796
0.0782958
0.0906988
0.105239
0.122609
0.142657
0.166451
0.194974
0.230473
0.27363
0.326106
0.387245
0.460399
0.547793
0.654932
0.784283
0.942951
1.13467
1.37137
1.66234
2.02647
2.48005
3.04951
3.75976
4.64519
5.72912
7.03485
8.55307
10.2381
11.9848
13.5987
14.7764
15.3469
15.4748
15.2456
14.7427
13.8493
12.6894
12.2531
12.3171
12.7064
12.6501
12.4508
11.1081
10.0689
8.0264
6.42486
5.37523
4.68309
4.27826
4.25008
4.24692
3.57232
2.03431
-0.113179
-2.25868
-3.86455
-4.60495
-4.38637
-3.14139
-0.653839
3.1182
7.14306
10.3041
12.4031
13.3485
13.8202
-0.000175099
0.00742716
0.00828696
0.0121194
0.0158973
0.0202203
0.0250728
0.0304335
0.0364684
0.0431775
0.0508282
0.059462
0.0691843
0.0801058
0.0927743
0.107562
0.125343
0.146124
0.17092
0.200607
0.23745
0.282257
0.337015
0.401135
0.478005
0.569921
0.682808
0.819611
0.988087
1.19233
1.4449
1.75573
2.14465
2.62834
3.23336
3.98403
4.91308
6.04029
7.38284
8.9217
10.5974
12.2919
13.8026
14.8538
15.3676
15.4934
15.2707
14.7705
13.8909
12.7317
12.3595
12.4692
12.9483
13.0261
12.7908
11.4778
10.3014
8.28117
6.73166
5.71264
4.99672
4.57583
4.54982
4.48647
3.7158
2.09426
-0.139217
-2.36138
-4.01444
-4.76589
-4.54171
-3.30139
-0.803532
3.04987
7.20808
10.4939
12.6428
13.5768
13.788
-0.000375611
0.00861781
0.00912165
0.0129476
0.0166404
0.0210121
0.0259442
0.0313799
0.0374467
0.0441335
0.0518407
0.0607018
0.0707418
0.0819823
0.0949439
0.109996
0.128219
0.149799
0.175698
0.206642
0.244929
0.291499
0.348684
0.416002
0.496876
0.593609
0.712604
0.857351
1.03626
1.25379
1.5231
1.85481
2.26951
2.78425
3.42562
4.21707
5.18922
6.35774
7.73231
9.28278
10.9357
12.5624
13.9589
14.8949
15.374
15.493
15.2923
14.7945
13.9172
12.7805
12.475
12.6194
13.1999
13.3888
13.1216
11.86
10.5531
8.54157
7.05137
6.04518
5.31653
4.88858
4.85752
4.73161
3.88543
2.19196
-0.131967
-2.43222
-4.13329
-4.88425
-4.65128
-3.42281
-0.909074
3.01292
7.2859
10.6772
12.8686
13.8778
13.7757
-0.000555608
0.00978949
0.00996641
0.0137902
0.0174114
0.0218441
0.0268558
0.0323681
0.0384544
0.0451007
0.052847
0.0619235
0.0722848
0.0838487
0.0971089
0.11242
0.131084
0.153484
0.180531
0.212768
0.252522
0.300883
0.360512
0.431064
0.515981
0.617559
0.742733
0.895566
1.08509
1.31616
1.60256
1.95555
2.39629
2.94229
3.62022
4.45227
5.46643
6.67381
8.07511
9.62812
11.2457
12.7917
14.0712
14.9124
15.3715
15.4807
15.3061
14.8088
13.937
12.8526
12.599
12.7735
13.4611
13.756
13.4671
12.2586
10.8365
8.8122
7.36649
6.35875
5.63773
5.21397
5.1732
4.98353
4.07792
2.31553
-0.104189
-2.47787
-4.22903
-4.97249
-4.72325
-3.50778
-0.969995
3.00616
7.3729
10.8472
13.1224
14.0197
13.2534
-0.000702561
0.0109461
0.0108268
0.0146508
0.0182191
0.0227274
0.0278263
0.0334196
0.0395202
0.0461201
0.0538986
0.0631829
0.0738811
0.0857897
0.0993687
0.114957
0.134093
0.157364
0.185649
0.219274
0.260601
0.310876
0.373083
0.447016
0.536164
0.642829
0.774563
0.935933
1.1366
1.38189
1.68625
2.06135
2.52878
3.10667
3.82147
4.69371
5.74788
6.98976
8.40981
9.95303
11.5205
12.9746
14.1403
14.9098
15.3514
15.4478
15.3034
14.8133
13.9574
12.9451
12.7187
12.93
13.7312
14.1293
13.8208
12.643
11.1328
9.07175
7.63702
6.62767
5.93327
5.52258
5.4708
5.22458
4.27902
2.45212
-0.0590864
-2.49154
-4.30083
-5.0382
-4.76643
-3.56045
-0.990357
3.02241
7.45889
10.9956
13.3787
13.9231
12.6294
-0.000827394
0.012046
0.0116682
0.015491
0.0190286
0.0236224
0.0288219
0.0345004
0.0406082
0.0471572
0.0549594
0.0644325
0.075469
0.0877341
0.101623
0.117484
0.137101
0.161241
0.190784
0.22582
0.268722
0.320926
0.385706
0.463007
0.556372
0.668168
0.806543
0.976488
1.18832
1.44799
1.77052
2.16777
2.66192
3.27154
4.02271
4.93398
6.02559
7.29698
8.72756
10.2495
11.7555
13.1139
14.1774
14.8975
15.3182
15.4079
15.2973
14.8164
13.9817
13.0503
12.8395
13.1037
14.0083
14.5042
14.205
13.0241
11.4473
9.33816
7.8659
6.86953
6.20888
5.81804
5.75468
5.45512
4.47565
2.58519
-0.00413435
-2.47453
-4.34711
-5.08356
-4.79308
-3.58154
-0.970053
3.05963
7.5404
11.1299
13.5332
13.7597
13.0007
-0.0009123
0.0130874
0.0124948
0.0163236
0.0198558
0.0245476
0.0298705
0.0356434
0.0417575
0.0482578
0.0560812
0.0657268
0.0771036
0.0897465
0.10395
0.120114
0.140252
0.165288
0.196127
0.23264
0.277177
0.331413
0.398879
0.479684
0.577444
0.694624
0.839913
1.01871
1.24207
1.51661
1.85781
2.27766
2.79889
3.44013
4.22679
5.17501
6.30001
7.59362
9.02389
10.5115
11.9465
13.2101
14.1876
14.8753
15.273
15.3673
15.2909
14.8202
14.0147
13.1681
12.9589
13.2974
14.2942
14.8809
14.6101
13.3831
11.7544
9.60124
8.05145
7.07796
6.44358
6.08156
6.00229
5.65705
4.65134
2.70748
0.0662523
-2.42304
-4.35419
-5.09268
-4.80591
-3.56913
-0.916764
3.1084
7.60158
11.2643
13.4585
13.8229
14.362
-0.000957886
0.0140324
0.0132781
0.0171234
0.0206758
0.025478
0.0309435
0.0368148
0.042928
0.0493766
0.0572157
0.0670133
0.0787149
0.091733
0.106236
0.122708
0.143367
0.16927
0.201367
0.239344
0.285502
0.341772
0.411916
0.496219
0.598342
0.720873
0.872982
1.06054
1.29532
1.58458
1.94421
2.38639
2.93427
3.60621
4.42665
5.40895
6.56264
7.87122
9.29141
10.7352
12.0961
13.273
14.1868
14.8537
15.228
15.3356
15.2862
14.8271
14.0644
13.2863
13.0785
13.4893
14.5784
15.2679
15.0418
13.743
12.0611
9.86745
8.22215
7.27411
6.65836
6.33012
6.21666
5.82974
4.79971
2.81564
0.153639
-2.34755
-4.30951
-5.05552
-4.79379
-3.51387
-0.831478
3.16955
7.63711
11.3659
13.1621
14.0163
16.5962
-0.00094143
0.0148834
0.0140266
0.0179052
0.0215068
0.026437
0.032061
0.0380329
0.0441422
0.0505445
0.0584032
0.0683438
0.080358
0.093743
0.10854
0.125335
0.146523
0.173292
0.206642
0.246119
0.293963
0.352341
0.425234
0.513127
0.619684
0.747639
0.906661
1.10315
1.34949
1.6535
2.03146
2.49582
3.06989
3.77143
4.62334
5.63555
6.81142
8.12598
9.52558
10.918
12.2059
13.3093
14.1816
14.829
15.1791
15.3055
15.2761
14.8404
14.1266
13.4049
13.1921
13.6516
14.8596
15.6434
15.4538
14.0741
12.3525
10.1328
8.39379
7.46387
6.85401
6.54567
6.37883
5.96099
4.91481
2.91014
0.258464
-2.25427
-4.21672
-4.96524
-4.72353
-3.40572
-0.715865
3.238
7.64597
11.2864
12.8667
13.9471
21.0288
-0.000847582
0.0156157
0.0147257
0.0186511
0.0223297
0.0274026
0.0331941
0.0392626
0.0453603
0.0517228
0.0596009
0.069669
0.0819629
0.095673
0.110723
0.127818
0.149504
0.177097
0.211643
0.252577
0.302089
0.362551
0.438139
0.52952
0.640328
0.773516
0.939258
1.14445
1.40194
1.72008
2.11551
2.60105
3.19991
3.92916
4.80953
5.84705
7.03868
8.35132
9.7233
11.063
12.2856
13.3326
14.1786
14.801
15.1314
15.2824
15.2702
14.8646
14.1916
13.5166
13.3006
13.7948
15.137
16.0029
15.8365
14.3877
12.6182
10.3849
8.57629
7.66644
7.04552
6.73332
6.49586
6.05459
4.99697
2.98923
0.371666
-2.14631
-4.09338
-4.83805
-4.59685
-3.246
-0.568863
3.31107
7.64278
10.987
12.662
13.901
28.8813
-0.000626125
0.0162596
0.0154113
0.0193938
0.0231736
0.0283996
0.0343617
0.0405179
0.0465922
0.0529194
0.0608108
0.0709884
0.0835247
0.0975139
0.112783
0.130168
0.152341
0.180739
0.216436
0.258811
0.310031
0.372625
0.450898
0.54568
0.660624
0.798987
0.971374
1.18513
1.45349
1.78523
2.19731
2.70286
3.32488
4.07942
4.98449
6.04178
7.24187
8.54449
9.88346
11.1721
12.3396
13.3446
14.1691
14.7636
15.0907
15.2746
15.2751
14.8958
14.2541
13.6137
13.4108
13.932
15.4062
16.3298
16.1833
14.6682
12.8231
10.5782
8.73442
7.84488
7.19846
6.87047
6.56518
6.11028
5.04443
3.05164
0.488081
-2.01829
-3.93936
-4.67617
-4.41707
-3.03464
-0.390844
3.37833
7.5637
10.6489
12.5482
14.422
35.4208
-0.00022662
0.0168189
0.0160963
0.0201316
0.0240212
0.0293892
0.035505
0.0417223
0.0477451
0.0540207
0.0619037
0.0721595
0.0848884
0.0990987
0.114547
0.132195
0.15482
0.183961
0.22071
0.264457
0.317379
0.382055
0.46284
0.560729
0.679494
0.822726
1.00133
1.22307
1.50146
1.84566
2.27289
2.79655
3.43929
4.21594
5.14153
6.21335
7.41597
8.70339
10.0084
11.2519
12.3755
13.3479
14.1496
14.7266
15.0715
15.2894
15.2718
14.9099
14.3118
13.7049
13.5207
14.0737
15.6786
16.6347
16.5055
14.9396
12.9771
10.7074
8.86753
7.98603
7.30908
6.96076
6.60584
6.13814
5.06225
3.09922
0.601823
-1.87395
-3.76218
-4.48834
-4.19812
-2.78055
-0.185481
3.44551
7.38188
10.5064
12.655
15.3853
35.446
0.00038771
0.0172787
0.0167679
0.020832
0.0248179
0.0302944
0.0365208
0.0427549
0.0486889
0.0548848
0.0627358
0.0730454
0.0859307
0.100339
0.115977
0.133909
0.156991
0.18685
0.224589
0.26969
0.324329
0.391029
0.474121
0.574808
0.69708
0.844874
1.02929
1.25844
1.54603
1.90156
2.34244
2.88221
3.54294
4.33806
5.27947
6.36026
7.55987
8.82852
10.1006
11.3054
12.394
13.3393
14.1209
14.7004
15.0643
15.2983
15.2455
14.9032
14.3587
13.7771
13.6244
14.2407
15.9554
16.9261
16.8054
15.1859
13.0558
10.7618
8.94468
8.05261
7.35893
7.0029
6.63297
6.14137
5.05659
3.13601
0.710685
-1.71756
-3.55931
-4.27059
-3.94267
-2.49088
0.0405163
3.50733
7.19542
10.6264
13.0403
16.46
31.0562
0.00116621
0.0175105
0.0173083
0.0213587
0.0254068
0.0309356
0.0372081
0.0434044
0.0492151
0.0553043
0.0631094
0.0734659
0.0864956
0.101115
0.116994
0.135257
0.158815
0.189367
0.228019
0.274387
0.330643
0.399161
0.484195
0.587177
0.712401
0.864165
1.05367
1.28929
1.58483
1.9501
2.40258
2.95601
3.63157
4.44136
5.39421
6.47964
7.67321
8.92331
10.1671
11.3411
12.4026
13.3285
14.0979
14.6875
15.0587
15.2785
15.2088
14.8811
14.3749
13.8247
13.7118
14.4172
16.2239
17.211
17.0928
15.3795
13.0397
10.7412
8.96469
8.05012
7.37149
7.02276
6.65602
6.13217
5.03892
3.16492
0.807359
-1.5645
-3.34603
-4.03466
-3.66706
-2.19058
0.278249
3.5649
7.23339
11.0061
13.5487
17.3991
28.6342
0.00201662
0.0173455
0.017573
0.0215619
0.0256333
0.0311598
0.0374214
0.0435446
0.0492315
0.0552234
0.0630109
0.0734634
0.0866853
0.101595
0.117832
0.136542
0.160649
0.191904
0.231407
0.278916
0.336602
0.406654
0.493188
0.597896
0.725437
0.880515
1.07435
1.31554
1.61786
1.99133
2.45348
3.01814
3.70555
4.52637
5.48674
6.5734
7.75951
8.99317
10.214
11.3631
12.4034
13.317
14.0808
14.6754
15.0499
15.2385
15.1688
14.8496
14.3813
13.8759
13.7804
14.575
16.4558
17.4759
17.3572
15.479
12.9379
10.6623
8.9622
8.02013
7.37469
7.03754
6.66878
6.11574
5.01311
3.18154
0.883686
-1.4251
-3.13619
-3.7905
-3.38421
-1.89941
0.522515
3.69732
7.71824
11.6834
13.9297
17.6019
28.3842
0.00288179
0.0166876
0.0175057
0.0214063
0.0254845
0.0309798
0.0372105
0.043266
0.0488774
0.0548293
0.0626706
0.0733058
0.086802
0.102094
0.118813
0.138075
0.162769
0.19467
0.234874
0.283264
0.342023
0.413161
0.500609
0.606322
0.735373
0.892909
1.0901
1.33574
1.64346
2.02345
2.49323
3.06674
3.76327
4.59221
5.55741
6.64375
7.82288
9.04297
10.2443
11.3713
12.3944
13.3028
14.0672
14.663
15.0393
15.1894
15.1204
14.8225
14.4016
13.9584
13.847
14.708
16.6509
17.7163
17.5835
15.521
12.841
10.5842
8.98293
8.023
7.39244
7.05177
6.67509
6.09937
4.9872
3.18872
0.937788
-1.31136
-2.9502
-3.56338
-3.12426
-1.63338
0.786964
4.137
8.78345
12.6908
14.2142
16.7108
26.2648
0.003831
0.0155929
0.0172088
0.0210357
0.0251441
0.030626
0.0368509
0.0428918
0.048521
0.054537
0.0625259
0.0734373
0.0872879
0.103036
0.120327
0.140214
0.165471
0.197884
0.238559
0.2875
0.346889
0.418619
0.506395
0.612445
0.742255
0.901461
1.10113
1.35026
1.66223
2.04739
2.52312
3.10351
3.80697
4.64167
5.60964
6.69447
7.86679
9.07442
10.2579
11.3662
12.3806
13.2896
14.0555
14.6472
15.0214
15.1345
15.0662
14.791
14.4279
14.0793
13.9674
14.862
16.8411
17.9314
17.7522
15.6032
12.8512
10.5803
9.02596
8.04854
7.41375
7.05844
6.67714
6.08296
4.96198
3.18617
0.971481
-1.2228
-2.79432
-3.36884
-2.90315
-1.37451
1.17691
5.18583
10.5643
13.9992
14.4783
15.5374
23.1689
0.00496689
0.0142336
0.0168562
0.02067
0.0248609
0.0303764
0.0366527
0.0427592
0.0485118
0.0546994
0.0629102
0.0741401
0.0883674
0.104565
0.122424
0.142909
0.168615
0.201306
0.242137
0.29124
0.350782
0.422604
0.510178
0.615961
0.745831
0.905911
1.10718
1.35884
1.67395
2.06301
2.54316
3.12871
3.83722
4.67591
5.64519
6.72786
7.89358
9.08988
10.2584
11.3539
12.3639
13.2731
14.0374
14.6261
14.9921
15.0746
14.996
14.7321
14.408
14.1596
14.0999
15.0426
17.0269
18.106
17.8757
15.7371
12.9258
10.6446
9.0748
8.0762
7.42531
7.06165
6.67849
6.06788
4.93713
3.17328
0.985882
-1.15809
-2.67374
-3.21899
-2.71952
-1.0688
1.93894
7.11661
13.1639
15.4748
14.6854
14.8939
20.5593
0.00637403
0.0128983
0.016652
0.0205544
0.0248958
0.0305116
0.036901
0.0431512
0.0491062
0.0555376
0.0639967
0.0755137
0.0900558
0.106608
0.124912
0.145857
0.171822
0.204496
0.245099
0.293936
0.353138
0.424551
0.511436
0.616445
0.745766
0.906021
1.10817
1.36158
1.67905
2.07115
2.55475
3.14431
3.85672
4.69844
5.66872
6.74997
7.91139
9.10055
10.2599
11.347
12.3491
13.2523
14.0133
14.6009
14.9525
15.0062
14.8948
14.6142
14.315
14.1509
14.187
15.2072
17.1766
18.2223
17.9354
15.8043
12.9845
10.7041
9.10317
8.08907
7.43164
7.0662
6.68206
6.05448
4.91173
3.1537
0.989116
-1.10728
-2.57849
-3.09224
-2.50875
-0.541642
3.44847
10.2165
16.6345
17.0631
14.8114
14.4496
18.2079
0.0078743
0.0119781
0.0167404
0.0208583
0.0254046
0.0311689
0.0376957
0.0441088
0.0502742
0.0569422
0.0656058
0.0772836
0.0919608
0.108653
0.127138
0.148266
0.174201
0.206514
0.246469
0.29458
0.352965
0.423488
0.509279
0.613136
0.741491
0.901446
1.10403
1.35883
1.67841
2.07347
2.56058
3.1544
3.87131
4.71741
5.69095
6.77408
7.93513
9.12074
10.2727
11.3494
12.3398
13.2332
13.9916
14.5796
14.9143
14.9413
14.7893
14.4819
14.1974
14.0947
14.2362
15.3342
17.2622
18.2481
17.9114
15.7727
13.0122
10.7418
9.13703
8.10695
7.4465
7.08144
6.69363
6.04612
4.88992
3.13789
0.999496
-1.04876
-2.47776
-2.93276
-2.1413
0.515926
6.11435
14.6871
20.8722
18.7598
14.7074
13.3089
15.8069
0.00886136
0.0118904
0.0171228
0.0215745
0.026347
0.0322741
0.0389006
0.0454118
0.0517117
0.0585338
0.0672953
0.0789589
0.0935214
0.110075
0.12843
0.149434
0.175081
0.20681
0.245881
0.293031
0.350403
0.419891
0.504575
0.607434
0.73507
0.895025
1.09844
1.35515
1.67756
2.07656
2.56841
3.16786
3.89078
4.74287
5.7213
6.80747
7.96819
9.14863
10.2897
11.3514
12.3266
13.2084
13.9647
14.5538
14.8762
14.8875
14.7078
14.3911
14.128
14.0588
14.2787
15.3998
17.2159
18.1444
17.8065
15.7086
13.0406
10.7959
9.19135
8.14079
7.47475
7.104
6.70569
6.0339
4.86481
3.12661
1.03116
-0.952381
-2.30943
-2.61855
-1.36278
2.52406
10.2832
20.5365
25.66
20.5275
14.4249
11.8402
13.4606
0.00853316
0.0128868
0.0177571
0.0226058
0.0275983
0.0336688
0.0403214
0.0468228
0.0531426
0.0600187
0.0687849
0.0803144
0.0945782
0.110775
0.128804
0.149538
0.174856
0.206089
0.244449
0.29084
0.347479
0.416309
0.500408
0.602985
0.730766
0.891611
1.09671
1.3561
1.68211
2.08584
2.58326
3.18897
3.91804
4.77556
5.75742
6.84397
8.00043
9.17114
10.2981
11.3441
12.3049
13.1761
13.9302
14.5203
14.8397
14.8513
14.6662
14.3612
14.1197
14.0703
14.337
15.4319
17.1188
18.0232
17.6403
15.6143
13.0627
10.8751
9.27022
8.19691
7.51729
7.12838
6.70832
6.00773
4.82946
3.12207
1.10421
-0.765375
-1.97222
-1.97257
0.108676
5.78332
16.0126
27.4523
30.6444
22.2711
14.1182
10.5939
11.3371
0.00673604
0.0144955
0.0185598
0.0237884
0.0289831
0.0351691
0.0417697
0.0481629
0.0544026
0.0612566
0.0699779
0.0813403
0.0952613
0.111057
0.128768
0.14933
0.174538
0.205669
0.243887
0.2902
0.346858
0.415875
0.500351
0.603763
0.732928
0.895861
1.10361
1.36633
1.69623
2.10465
2.60722
3.21815
3.95133
4.81096
5.7918
6.87341
8.02043
9.17816
10.2916
11.3263
12.278
13.1434
13.897
14.4864
14.8062
14.8275
14.6513
14.3693
14.1494
14.1089
14.3932
15.4291
16.9903
17.8738
17.4247
15.4865
13.0805
10.972
9.37607
8.27614
7.57182
7.14784
6.69149
5.95861
4.77975
3.13029
1.24314
-0.430521
-1.36715
-0.846163
2.43772
10.322
23.0113
34.9265
35.5213
23.9628
13.8581
9.68058
9.56761
0.00437793
0.0160387
0.0194044
0.024933
0.0302808
0.0365168
0.0429925
0.0492048
0.0552957
0.0620613
0.0706839
0.0818537
0.0954538
0.110926
0.128468
0.149084
0.174493
0.205959
0.244648
0.291654
0.349213
0.419379
0.50526
0.610582
0.742216
0.908211
1.11931
1.38562
1.71919
2.13158
2.63807
3.2524
3.98705
4.84519
5.82047
6.89213
8.02493
9.16642
10.2656
11.291
12.2364
13.0981
13.8501
14.4363
14.7577
14.7956
14.6421
14.3956
14.2043
14.1709
14.4508
15.403
16.8376
17.6806
17.1676
15.3306
13.0908
11.0761
9.49897
8.37555
7.63991
7.16854
6.66448
5.89773
4.72879
3.16641
1.46716
0.076075
-0.470201
0.757148
5.51334
15.7961
30.674
42.3548
40.0335
25.5969
13.7077
9.07137
8.37938
0.00221457
0.0169924
0.0198862
0.0256137
0.0310272
0.0372065
0.0434676
0.0494345
0.0553281
0.061951
0.070403
0.0813066
0.0945566
0.109753
0.127248
0.148099
0.173938
0.20602
0.245555
0.293764
0.352858
0.424927
0.513072
0.621233
0.756278
0.926229
1.14145
1.41194
1.74951
2.16589
2.67595
3.29283
4.02758
4.88224
5.84951
6.90847
8.0246
9.14841
10.2334
11.2501
12.1898
13.0467
13.7933
14.3709
14.6909
14.7467
14.6239
14.4219
14.2664
14.243
14.5079
15.371
16.6797
17.4539
16.8897
15.1635
13.0948
11.1829
9.63206
8.48922
7.71932
7.19375
6.63574
5.83546
4.68454
3.23099
1.76205
0.716444
0.642762
2.6817
9.0171
21.6494
38.3026
49.2284
44.0495
27.2047
13.7999
8.78872
7.92135
0.00126925
0.0177395
0.0203469
0.026236
0.0316649
0.0377238
0.0437354
0.0494537
0.0551751
0.0616885
0.0699954
0.0806445
0.0935637
0.10853
0.126044
0.147208
0.173555
0.206317
0.24675
0.296213
0.356922
0.431027
0.521649
0.632917
0.771659
0.945841
1.16547
1.44046
1.78243
2.20323
2.71727
3.33707
4.07226
4.92385
5.8836
6.93056
8.031
9.13846
10.2105
11.2193
12.1531
13.0033
13.7403
14.3046
14.6192
14.6893
14.5968
14.4393
14.3209
14.3109
14.5606
15.3436
16.5363
17.2236
16.6161
14.9987
13.0903
11.2784
9.75819
8.60419
7.80445
7.22764
6.61765
5.78697
4.65806
3.31972
2.09376
1.41326
1.82956
4.67249
12.509
27.2518
45.2569
55.1775
47.5012
28.7917
14.2471
8.81483
8.13776
0.00202484
0.0181699
0.0208627
0.0269061
0.0323468
0.0382853
0.0440794
0.0496064
0.0552277
0.0617166
0.0699741
0.0804719
0.0931633
0.107981
0.12555
0.146998
0.173768
0.207067
0.248174
0.298558
0.360439
0.436051
0.528568
0.642312
0.784069
0.961752
1.18505
1.46387
1.80967
2.23447
2.75219
3.37477
4.11054
4.95965
5.91307
6.94982
8.03697
9.13089
10.1925
11.195
12.124
12.9681
13.6953
14.2463
14.555
14.6368
14.571
14.4517
14.364
14.3644
14.5999
15.32
16.4143
17.0134
16.3772
14.8561
13.0809
11.3565
9.86696
8.70838
7.8854
7.26555
6.61156
5.75576
4.6476
3.41474
2.41321
2.07158
2.93398
6.47856
15.5987
32.1009
51.1044
60.0277
50.3992
30.3281
14.9335
9.14138
8.99668
0.00439813
0.0178994
0.0213305
0.0275165
0.0329781
0.0388174
0.0444492
0.0498553
0.0554492
0.0619887
0.0702905
0.0807616
0.093369
0.108161
0.125844
0.14755
0.174641
0.208305
0.249832
0.300766
0.363316
0.439784
0.533406
0.648689
0.792397
0.972414
1.19819
1.47966
1.8282
2.25597
2.77654
3.40136
4.13775
4.98519
5.93405
6.96333
8.04072
9.12481
10.1791
11.1772
12.1026
12.9419
13.6612
14.2018
14.5068
14.599
14.5561
14.468
14.4046
14.4125
14.636
15.3099
16.3287
16.8504
16.19
14.7436
13.0691
11.4108
9.94681
8.78929
7.95255
7.30266
6.61687
5.74308
4.65189
3.50248
2.68226
2.61886
3.83992
7.92098
18.0198
35.8883
55.6334
63.7425
52.7873
31.7534
15.6821
9.69667
10.3514
0.00771329
0.0165858
0.021549
0.0278174
0.0332966
0.0390477
0.0445558
0.0498771
0.0554616
0.0620551
0.0704174
0.0809083
0.0935068
0.108339
0.126154
0.148076
0.175404
0.209315
0.251103
0.302365
0.365293
0.442238
0.536484
0.65269
0.797612
0.97914
1.20659
1.48991
1.84046
2.27052
2.79342
3.42027
4.15769
5.00474
5.95134
6.9765
8.04819
9.12655
10.1765
11.1717
12.0945
12.93
13.6431
14.176
14.4792
14.5799
14.5544
14.4882
14.4407
14.4521
14.6657
15.3085
16.268
16.7247
16.0519
14.6579
13.0457
11.4307
9.98664
8.8342
7.99224
7.32641
6.62432
5.74309
4.66629
3.57688
2.88766
3.02711
4.50097
8.92973
19.6749
38.5264
58.838
66.392
54.6927
32.9968
16.4243
10.3583
12.1198
0.0112381
0.0148542
0.0218586
0.028123
0.0336392
0.0393256
0.04475
0.0500048
0.055562
0.0621591
0.0705279
0.0809994
0.0935631
0.108389
0.126249
0.148257
0.175678
0.209677
0.251549
0.302926
0.365981
0.443096
0.537585
0.654202
0.799697
0.981982
1.21031
1.49467
1.84638
2.27786
2.80228
3.43059
4.16902
5.01641
5.96243
6.98604
8.05529
9.13112
10.179
11.1728
12.0939
12.927
13.6361
14.1642
14.4663
14.572
14.556
14.5008
14.4599
14.47
14.6756
15.2997
16.2173
16.6278
15.9539
14.593
13.01
11.4163
9.98492
8.83867
7.99815
7.32934
6.62581
5.74775
4.68407
3.63273
3.02377
3.28668
4.9046
9.50602
20.6046
40.1119
60.8403
68.0667
56.074
34.0124
17.0684
11.0275
14.0578
0.0136967
0.0135325
0.0222086
0.028408
0.0339809
0.0396434
0.0450368
0.05026
0.0557948
0.0623781
0.0707326
0.0811753
0.0937008
0.108499
0.126346
0.14836
0.175789
0.209795
0.251664
0.303047
0.366098
0.44322
0.537736
0.654445
0.800083
0.982591
1.21119
1.4959
1.84803
2.28006
2.8051
3.43409
4.1731
5.0209
5.96706
6.99053
8.0593
9.1347
10.1823
11.1759
12.097
12.9295
13.6372
14.1631
14.4647
14.572
14.5593
14.5072
14.4671
14.4747
14.6756
15.2912
16.1853
16.573
15.9071
14.5619
12.9847
11.3972
9.97244
8.83127
7.99464
7.32966
6.63226
5.76158
4.707
3.67405
3.10138
3.41894
5.09582
9.75667
21.0063
40.8647
61.7882
68.8914
56.9311
34.7243
17.5366
11.5674
15.5348
)
;

boundaryField
{
    inletFace
    {
        type            zeroGradient;
    }
    inlet
    {
        type            zeroGradient;
    }
    inletWalls
    {
        type            zeroGradient;
    }
    outletInlet
    {
        type            cyclicAMI;
        value           nonuniform List<scalar> 
15
(
11.7947
15.1586
17.0613
19.2515
21.1703
23.3434
25.6806
27.3064
29.2346
31.1799
29.9003
30.5401
25.964
24.5173
23.7803
)
;
    }
    fineSymmetryWall
    {
        type            symmetryPlane;
    }
    fineWalls
    {
        type            zeroGradient;
    }
    fineCyclicBoundary
    {
        type            fixedValue;
        value           uniform 0;
    }
    fineplug
    {
        type            cyclicAMI;
        value           nonuniform List<scalar> 
80
(
11.8373
12.1228
12.618
10.3899
11.8399
14.1594
14.8286
15.0243
15.0211
15.4226
16.6848
17.9864
17.3578
15.9969
16.3989
17.4836
18.9235
19.0241
19.1757
19.268
19.5828
20.5243
20.914
21.0637
21.0064
21.3723
22.3818
23.3597
23.3577
23.1474
22.9795
23.8192
25.9339
25.8378
25.4916
25.2587
25.7057
26.9822
26.8894
25.9878
26.644
28.7406
29.4973
30.2484
29.6598
29.123
28.614
28.1549
29.135
31.9387
32.5393
31.3676
30.8846
31.4207
31.1769
30.0752
28.4099
27.2573
32.0235
33.3148
31.6923
30.5027
28.921
26.9465
26.5611
25.5453
24.4654
24.1386
28.2476
26.12
25.1589
24.9981
24.7206
23.6709
22.1372
21.9088
22.6216
25.8828
24.3074
23.8807
)
;
    }
    faceFine
    {
        type            zeroGradient;
    }
}


// ************************************************************************* //
