/*--------------------------------*- C++ -*----------------------------------*\
| =========                 |                                                 |
| \\      /  F ield         | OpenFOAM: The Open Source CFD Toolbox           |
|  \\    /   O peration     | Version:  4.1                                   |
|   \\  /    A nd           | Web:      www.OpenFOAM.org                      |
|    \\/     M anipulation  |                                                 |
\*---------------------------------------------------------------------------*/
FoamFile
{
    version     2.0;
    format      ascii;
    class       volScalarField;
    location    "25";
    object      p;
}
// * * * * * * * * * * * * * * * * * * * * * * * * * * * * * * * * * * * * * //

dimensions      [0 2 -2 0 0 0 0];

internalField   nonuniform List<scalar> 
6785
(
581.189
504.92
456.753
404.118
357.239
312.462
270.619
231.086
193.783
158.525
124.419
91.7576
64.5447
35.271
-4.23991
-22.8172
-41.3124
-32.7152
-39.575
-40.0592
-42.7915
-44.137
-45.1277
-45.2017
-44.3067
-42.4461
-39.7435
-35.4228
-30.8322
-28.7252
-26.6456
-31.7995
-22.8628
-27.4664
-24.4147
-25.6372
-25.3955
-26.1357
-26.8247
-27.8722
-29.0734
-30.3481
-31.332
-31.0016
-29.2256
-1.56268
-4.04756
-0.104238
-5.11284
-3.17565
-5.76413
-6.14076
-7.30719
-8.01632
-8.63908
-8.95435
-8.95473
-8.08486
-6.35314
-3.10354
12.3539
11.8949
15.8233
13.7867
17.7739
17.6583
20.0676
21.4627
23.3119
25.0859
27.0428
29.1851
31.5831
33.6957
35.8184
31.0482
31.4806
34.279
33.2464
36.3576
36.1759
38.1969
38.9199
40.034
40.6532
41.0317
41.0397
40.8418
41.0051
41.2334
42.6487
40.9908
42.6971
40.4714
42.0195
40.32
40.7281
39.4593
38.6404
36.9652
35.1051
33.1796
31.9011
31.2252
29.0898
17.693
13.32
13.3011
9.62223
9.13488
6.11669
5.00222
2.726
1.59404
0.297204
-0.4489
-0.944883
-1.30969
-2.50531
-4.95295
-17.9643
-22.1162
-22.1644
-25.1759
-25.7321
-28.3877
-29.5425
-31.6504
-32.9909
-34.4316
-35.6936
-36.7622
-37.7823
-38.4612
-37.0979
-26.3088
-27.2432
-26.0719
-27.3285
-26.4903
-27.4213
-27.2514
-27.8114
-27.9811
-28.1202
-27.852
-27.1645
-25.6778
-24.1696
-21.4263
-5.04943
-3.75365
-1.87472
-1.50069
0.320153
1.04368
2.49703
3.62201
4.94053
6.26083
7.70987
9.14914
10.8282
12.1449
13.9921
11.4175
12.9984
14.318
14.7952
16.1906
16.7949
17.8664
18.674
19.5841
20.4419
21.3402
22.156
23.0641
23.698
24.5274
30.2232
30.8935
30.9421
30.655
31.0272
30.6685
30.7085
30.603
30.6481
30.7979
31.0861
31.4034
31.88
32.1582
32.7774
34.3624
36.162
35.231
34.127
33.7281
33.4029
33.65
33.9869
34.5634
35.0683
35.4684
35.6476
35.7129
35.6341
35.5185
84.9557
82.2539
75.1678
66.6184
60.5199
54.54
48.9301
44.3019
39.8055
35.9703
32.7374
30.0855
27.601
25.8578
22.8617
15.2258
17.425
18.0944
18.2601
18.9128
20.0458
21.2222
21.213
21.5105
22.3336
23.238
22.9709
23.9573
24.9676
24.2478
24.6358
25.9531
26.4961
24.869
26.3433
27.045
25.4938
25.6205
27.5376
27.9202
26.1005
26.2126
28.0653
29.105
26.7746
28.4898
29.91
28.2103
28.233
29.9267
31.2999
29.4757
30.7487
32.277
31.1556
31.1774
32.3903
33.3918
32.5438
32.5793
33.4536
34.051
33.335
33.9569
34.6128
34.2718
34.3827
34.8447
35.7204
35.5811
35.6499
35.8722
36.9868
36.9023
37.0059
37.1222
37.0832
37.1974
37.1391
37.8573
38.3402
39.4911
38.0128
36.7167
38.919
41.1075
31.7212
28.5273
33.8168
37.4804
9.87652
24.3704
30.2767
-22.057
-3.50227
6.87073
5.55696
10.4723
-0.180804
5.23635
10.0823
9.94138
10.4675
10.8774
11.0405
10.2468
12.7324
15.3171
8.62151
10.196
9.56904
9.70202
10.3901
10.5931
10.1454
12.7056
20.1005
9.71687
10.5014
9.22314
9.31385
10.5123
10.813
9.86523
8.33017
8.34817
18.3536
9.9712
8.92766
7.03409
4.74536
4.60267
5.32466
3.12725
-0.47578
2.39512
4.77862
5.31601
4.43767
1.78955
-0.32759
-2.68941
-2.40287
-5.61527
-3.98127
6.32311
2.27728
2.32598
1.41502
-0.726559
-2.42368
-4.37247
-10.1983
-8.59457
6.76304
2.04542
0.554385
-2.15683
-4.17551
-5.89061
-6.79926
-7.73481
-10.0411
-15.0227
1.94952
-1.74154
-1.69655
-2.60106
-4.17595
-9.07634
-10.1973
-7.31856
-20.051
-1.63321
-4.41701
-5.99009
-0.825788
-1.89414
-0.0667456
0.483549
1.32754
2.34246
2.23026
2.7209
3.09076
3.13858
3.29172
3.39032
3.47946
3.56436
3.57896
3.58365
3.58387
3.57714
3.56309
3.55465
3.52501
3.46559
3.53721
3.44184
3.3727
3.41642
3.28195
3.55334
3.30301
3.18859
3.30919
3.10531
3.64543
3.26276
2.75133
3.78935
3.06572
2.74988
3.05377
2.58658
3.96471
2.80356
2.4313
2.78727
2.2239
3.98052
2.73426
1.4487
4.11235
2.33836
1.68106
2.25485
1.40773
4.13225
1.9763
1.28955
1.90127
0.997536
3.89785
1.94539
0.00586247
3.91173
1.47322
0.458384
1.26204
0.150204
3.59329
1.03192
-0.0957439
0.784123
-0.475971
2.92492
0.876823
-1.80082
2.66111
0.320817
-1.56483
-0.372341
-1.76002
0.00780691
-0.0331191
-0.0221371
-0.0268218
-0.0288009
-0.0284422
-0.0246316
-0.0169711
-0.00811562
-0.00549863
-0.0252673
-0.0705553
-0.0702848
-0.0565691
-0.270314
-0.325395
-0.430558
-0.568674
-0.695455
-0.804128
-0.888799
-0.944498
-0.97187
-0.970411
-0.940963
-0.886422
-0.810519
-0.71726
-0.610498
-0.494037
-0.371982
-0.248124
-0.125432
-0.00641161
0.106639
0.211887
0.30841
0.396074
0.474828
0.5445
0.605571
0.658973
0.704965
0.743396
0.774263
0.796337
0.806923
0.804931
0.790921
0.762148
0.712436
0.639392
0.54489
0.432631
0.300284
0.157103
0.0236497
0.00779208
0.00260153
-0.00487521
-0.00438452
-0.00705704
-0.00461851
0.00786369
-0.0350289
-0.169292
-0.267242
-0.324221
-0.321404
-0.271359
-0.200585
-0.132194
-0.0781495
-0.0331339
-0.0190841
-0.0304054
-0.113499
-0.0884758
-0.141318
0.0516713
-0.0231687
0.00296202
-0.00300865
-0.0143512
-0.035969
-0.0718022
-0.115817
-0.153981
-0.171913
-0.175809
-0.172218
-0.0927746
0.0079022
-0.371347
-0.469978
-0.683129
-0.938602
-1.1664
-1.36107
-1.50994
-1.60327
-1.64249
-1.6268
-1.55794
-1.44225
-1.28662
-1.09826
-0.885381
-0.656345
-0.418901
-0.179657
0.0557521
0.282207
0.495406
0.692817
0.873909
1.03836
1.18464
1.31211
1.42316
1.51984
1.60128
1.66628
1.71564
1.74728
1.75535
1.73773
1.69546
1.62253
1.50747
1.3476
1.14673
0.910527
0.630088
0.339873
0.0497387
0.0463774
0.0250909
-0.00986786
-0.0169056
-0.0290649
-0.0195006
-0.0042911
-0.0862426
-0.332034
-0.491161
-0.568331
-0.55161
-0.466264
-0.350425
-0.230254
-0.135727
-0.0437334
-0.0249327
-0.0899839
-0.330756
-0.0847483
0.0811042
0.0596818
-0.053006
-0.0189652
-0.0301857
-0.0476837
-0.0754107
-0.117006
-0.162593
-0.197896
-0.213839
-0.227962
-0.250719
-0.177236
0.0433373
-0.377057
-0.495075
-0.746334
-1.04739
-1.31447
-1.54362
-1.7182
-1.82661
-1.87091
-1.84979
-1.76526
-1.6251
-1.43741
-1.21106
-0.956058
-0.682311
-0.398967
-0.113979
0.165874
0.434685
0.687685
0.921943
1.13639
1.33035
1.50248
1.6525
1.78266
1.89477
1.98827
2.06225
2.11704
2.15025
2.15605
2.13121
2.07437
1.97877
1.83446
1.63953
1.39564
1.10806
0.761899
0.425899
0.0661306
0.0798035
0.0356689
-0.0210787
-0.0373021
-0.0590943
-0.0431544
-0.0436721
-0.147722
-0.430538
-0.607691
-0.684559
-0.652505
-0.544182
-0.4038
-0.258542
-0.145608
-0.0359997
-0.00776789
-0.0226362
-0.220064
-0.0560141
0.0694112
0.0720142
-0.0544224
-0.0184722
-0.0315888
-0.0576566
-0.0980345
-0.158274
-0.22367
-0.276603
-0.304458
-0.320541
-0.330907
-0.245587
0.0192292
-0.42691
-0.607805
-0.901767
-1.26926
-1.59499
-1.87358
-2.08473
-2.21453
-2.26605
-2.23767
-2.13197
-1.95858
-1.72739
-1.44948
-1.13714
-0.802333
-0.456126
-0.1083
0.232863
0.560357
0.868636
1.1541
1.41503
1.65041
1.8591
2.04116
2.19874
2.33359
2.44552
2.53394
2.59879
2.63718
2.64298
2.61175
2.54003
2.41991
2.24186
2.00402
1.70616
1.35432
0.926146
0.518781
0.122171
0.121867
0.048757
-0.0325507
-0.0632571
-0.0973082
-0.0782789
-0.0904335
-0.229013
-0.557567
-0.763506
-0.846375
-0.798402
-0.660571
-0.48639
-0.307606
-0.168941
-0.0344818
0.00156091
0.0263265
-0.177211
0.0621131
0.13886
0.0694583
-0.0565119
-0.0270557
-0.0420858
-0.0781714
-0.129374
-0.201981
-0.276018
-0.334479
-0.367192
-0.389378
-0.404972
-0.332909
-0.0606629
-0.423517
-0.723528
-1.05979
-1.4999
-1.89026
-2.22392
-2.47683
-2.63199
-2.69317
-2.6582
-2.53023
-2.32091
-2.04207
-1.70717
-1.3311
-0.92824
-0.511883
-0.093795
0.316051
0.709297
1.0794
1.42207
1.73508
2.01709
2.26689
2.48472
2.67295
2.83346
2.9662
3.07067
3.14666
3.1907
3.19588
3.15663
3.06774
2.91978
2.70253
2.41408
2.053
1.62743
1.11009
0.595682
0.207012
0.164254
0.0567466
-0.0481319
-0.0979142
-0.146602
-0.129487
-0.151934
-0.329871
-0.702815
-0.938596
-1.02615
-0.960173
-0.790688
-0.580444
-0.365158
-0.198296
-0.0344295
0.00862168
0.078351
-0.106126
0.214066
0.272344
0.0599395
-0.0456377
-0.0304066
-0.0458382
-0.0937623
-0.156625
-0.242516
-0.327432
-0.396435
-0.439803
-0.470397
-0.488003
-0.426538
-0.171988
-0.38214
-0.85473
-1.21887
-1.72327
-2.17277
-2.55541
-2.84487
-3.02153
-3.08993
-3.0471
-2.89674
-2.65246
-2.3279
-1.93875
-1.50235
-1.03534
-0.553069
-0.0691442
0.404895
0.859462
1.28712
1.68294
2.04423
2.36931
2.65697
2.90767
3.12392
3.30774
3.45924
3.57808
3.66384
3.71254
3.71657
3.66924
3.56352
3.38848
3.13354
2.79666
2.37496
1.87975
1.29665
0.652946
0.302034
0.210623
0.0647183
-0.0674564
-0.14173
-0.207742
-0.199719
-0.237118
-0.452883
-0.856477
-1.11408
-1.20145
-1.11538
-0.914558
-0.669931
-0.420155
-0.226533
-0.0345376
0.016627
0.13164
-0.0510553
0.36711
0.363092
0.0389412
-0.0275344
-0.0354345
-0.0507294
-0.112394
-0.186173
-0.28324
-0.376477
-0.453907
-0.506906
-0.547887
-0.574065
-0.52799
-0.297729
-0.339275
-1.00665
-1.39487
-1.95924
-2.46954
-2.90004
-3.22401
-3.42036
-3.49452
-3.44244
-3.26849
-2.98829
-2.61729
-2.17345
-1.67653
-1.1454
-0.597411
-0.0480044
0.48976
1.00511
1.48975
1.93812
2.34702
2.71451
3.03938
3.32233
3.56603
3.7726
3.94238
4.07523
4.17055
4.22384
4.22683
4.17168
4.04948
3.8478
3.55571
3.17085
2.68849
2.12206
1.48542
0.720561
0.39914
0.254249
0.0694309
-0.0923788
-0.196441
-0.283609
-0.294005
-0.351964
-0.604203
-1.02798
-1.29938
-1.38241
-1.27383
-1.04056
-0.761331
-0.477429
-0.25666
-0.0366381
0.0217985
0.184594
0.0183466
0.549259
0.505326
0.00738206
0.000254712
-0.039699
-0.054138
-0.131017
-0.214869
-0.322542
-0.424639
-0.512249
-0.577322
-0.631136
-0.668328
-0.637628
-0.43569
-0.346824
-1.16417
-1.58644
-2.20487
-2.77948
-3.2584
-3.61582
-3.83084
-3.90994
-3.84772
-3.64916
-3.33194
-2.91335
-2.41367
-1.85509
-1.25876
-0.644059
-0.0282538
0.574066
1.15094
1.69319
2.19463
2.65158
3.06181
3.42415
3.73951
4.01075
4.24012
4.4282
4.57508
4.68001
4.73795
4.73995
4.677
4.53826
4.30969
3.97991
3.54596
3.00105
2.35809
1.64616
0.830732
0.499253
0.294608
0.071731
-0.123426
-0.263067
-0.377433
-0.417013
-0.503172
-0.79113
-1.22608
-1.50075
-1.57351
-1.43895
-1.17135
-0.856628
-0.538278
-0.289211
-0.0407178
0.0253477
0.229847
0.0974812
0.718886
0.728231
-0.0361804
0.0359493
-0.0453239
-0.0583754
-0.151471
-0.244298
-0.362064
-0.472782
-0.570609
-0.648396
-0.716804
-0.768827
-0.757839
-0.594778
-0.439045
-1.30648
-1.79579
-2.45944
-3.10048
-3.62822
-4.01711
-4.24869
-4.33102
-4.25718
-4.03274
-3.67739
-3.21027
-2.65398
-2.03321
-1.37131
-0.689706
-0.00744742
0.659368
1.29761
1.89725
2.45147
2.95612
3.40871
3.80811
4.15546
4.45381
4.70556
4.91158
5.07219
5.18652
5.24903
5.25004
5.17934
5.0241
4.76857
4.40093
3.9173
3.30887
2.59225
1.76469
0.975112
0.602375
0.333611
0.0711861
-0.162016
-0.343254
-0.492693
-0.573284
-0.698729
-1.02286
-1.45962
-1.72352
-1.77619
-1.61023
-1.30559
-0.95429
-0.601239
-0.322787
-0.045821
0.0309617
0.263929
0.18876
0.872544
0.855305
-0.0921373
0.0789194
-0.0526229
-0.0634342
-0.173112
-0.274019
-0.401823
-0.52133
-0.630244
-0.722328
-0.807334
-0.877096
-0.88986
-0.776311
-0.610119
-1.41061
-2.02602
-2.72551
-3.43389
-4.01208
-4.43089
-4.67686
-4.76033
-4.67292
-4.42098
-4.02609
-3.50924
-2.89541
-2.21173
-1.48381
-0.735043
0.013744
0.744986
1.44442
2.10118
2.70782
3.25977
3.75428
4.19027
4.56913
4.8941
5.16779
5.39135
5.56537
5.68891
5.75592
5.75602
5.67774
5.50613
5.22366
4.81812
4.28432
3.61085
2.84032
1.86104
1.12454
0.702658
0.371105
0.0670355
-0.209012
-0.438165
-0.632207
-0.766627
-0.945064
-1.309
-1.73976
-1.97719
-1.99589
-1.78965
-1.44328
-1.05324
-0.664746
-0.355633
-0.0504843
0.0416855
0.289838
0.29088
1.04018
1.02701
-0.161058
0.127206
-0.062707
-0.0700761
-0.196373
-0.304757
-0.442392
-0.570557
-0.691174
-0.79872
-0.901978
-0.992226
-1.03269
-0.973342
-0.826903
-1.46026
-2.27989
-3.00624
-3.78006
-4.4113
-4.85906
-5.11764
-5.20017
-5.09704
-4.81568
-4.3796
-3.81159
-3.13903
-2.3915
-1.59685
-0.780454
0.0351453
0.83094
1.59157
2.30534
2.96421
3.56318
4.09927
4.57149
4.98147
5.33266
5.62788
5.86863
6.05582
6.18842
6.25994
6.25925
6.1736
5.98575
5.6763
5.23275
4.64811
3.90501
3.08009
1.9792
1.27298
0.797177
0.40714
0.0586435
-0.265364
-0.549166
-0.798707
-1.00047
-1.24688
-1.65683
-2.07613
-2.27129
-2.23934
-1.98011
-1.58445
-1.15191
-0.726453
-0.385201
-0.0522981
0.0609186
0.315744
0.403457
1.19178
1.23779
-0.242808
0.17858
-0.0759824
-0.0784592
-0.221255
-0.336548
-0.483528
-0.620373
-0.753624
-0.87797
-1.00114
-1.11422
-1.18512
-1.17794
-1.05948
-1.47173
-2.56547
-3.30621
-4.13908
-4.82643
-5.30248
-5.5722
-5.65179
-5.53052
-5.21748
-4.73826
-4.11745
-3.38479
-2.57235
-1.71019
-0.825625
0.0570969
0.917577
1.73939
2.51004
3.22092
3.86659
4.44391
4.95196
5.39262
5.76959
6.08592
6.3435
6.54358
6.68509
6.76113
6.75982
6.66704
6.46311
6.12661
5.64493
5.00903
4.19123
3.26649
2.14976
1.42275
0.886313
0.441466
0.0452985
-0.331756
-0.677365
-0.99449
-1.27776
-1.60776
-2.07089
-2.4744
-2.61147
-2.51098
-2.18346
-1.72849
-1.24816
-0.783434
-0.408468
-0.0482322
0.0918476
0.351175
0.525747
1.33229
1.36663
-0.336141
0.2301
-0.0925664
-0.0889465
-0.247923
-0.369315
-0.524969
-0.670721
-0.817542
-0.959838
-1.10442
-1.2425
-1.34604
-1.38629
-1.29644
-1.4966
-2.8846
-3.62949
-4.51157
-5.25828
-5.76208
-6.04171
-6.11659
-5.97469
-5.62741
-5.10275
-4.42721
-3.6329
-2.75433
-1.82376
-0.870436
0.0797576
1.00507
1.88804
2.71543
3.47805
4.17008
4.78821
5.33164
5.80253
6.20478
6.54176
6.81577
7.02843
7.17872
7.2593
7.25757
7.15796
6.93812
6.57451
6.05463
5.36776
4.48675
3.40185
2.3503
1.57105
0.971208
0.473451
0.0263467
-0.408759
-0.823821
-1.2217
-1.60113
-2.03094
-2.55428
-2.93716
-2.99974
-2.81238
-2.40012
-1.87447
-1.34009
-0.833222
-0.422911
-0.035596
0.136426
0.403068
0.656671
1.47812
1.57256
-0.437721
0.278319
-0.112113
-0.101871
-0.276129
-0.402532
-0.566295
-0.72147
-0.882819
-1.04417
-1.21164
-1.37683
-1.51516
-1.59999
-1.54413
-1.59258
-3.23094
-3.98142
-4.89858
-5.70775
-6.23889
-6.52718
-6.59591
-6.43099
-6.04673
-5.47401
-4.74152
-3.88376
-2.93765
-1.93765
-0.914854
0.103231
1.09355
2.0377
2.92169
3.73578
4.47381
5.13233
5.71068
6.21129
6.63832
6.99546
7.28547
7.51042
7.66932
7.7545
7.7526
7.64649
7.41095
7.02014
6.46203
5.72313
4.80406
3.51935
2.54466
1.71224
1.05276
0.50243
0.00129534
-0.496791
-0.989451
-1.48232
-1.97304
-2.51984
-3.10997
-3.46588
-3.43642
-3.14364
-2.62982
-2.02161
-1.42656
-0.874417
-0.427149
-0.0127284
0.194989
0.473918
0.794098
1.60085
1.69807
-0.541186
0.319151
-0.134097
-0.11751
-0.305259
-0.435619
-0.607229
-0.772515
-0.949262
-1.13066
-1.32249
-1.51695
-1.69265
-1.82349
-1.81905
-1.80228
-3.58893
-4.36408
-5.30177
-6.17603
-6.73396
-7.02947
-7.09074
-6.90066
-6.47662
-5.85298
-5.061
-4.13772
-3.12247
-2.05185
-0.958789
0.127675
1.18324
2.18858
3.12902
3.99432
4.77796
5.47642
6.08921
6.61902
7.07028
7.44706
7.75263
7.98954
8.15691
8.24676
8.24497
8.13275
7.8817
7.46356
6.86732
6.07086
5.09657
3.68519
2.73028
1.84459
1.13129
0.527681
-0.0301758
-0.596104
-1.17499
-1.77814
-2.39558
-3.07821
-3.74153
-4.06231
-3.92164
-3.50466
-2.87237
-2.1697
-1.50731
-0.906657
-0.420907
0.0209385
0.266589
0.562859
0.936626
1.74249
1.84744
-0.636754
0.347949
-0.157811
-0.13579
-0.3344
-0.46807
-0.647562
-0.823709
-1.01664
-1.21906
-1.43672
-1.6627
-1.87882
-2.06069
-2.13207
-2.13319
-3.92787
-4.77891
-5.72422
-6.66445
-7.24871
-7.54945
-7.60194
-7.38473
-6.9182
-6.2406
-5.38631
-4.39517
-3.30895
-2.1664
-1.00215
0.153256
1.27434
2.34091
3.33766
4.25386
5.08272
5.82065
6.46734
7.02578
7.5007
7.89657
8.21724
8.46576
8.64143
8.73604
8.73468
8.61677
8.35046
7.90479
7.27138
6.41412
5.31075
3.92181
2.91249
1.96957
1.20638
0.548464
-0.0682449
-0.706792
-1.381
-2.1108
-2.8702
-3.70987
-4.45332
-4.72898
-4.45599
-3.89569
-3.12788
-2.31893
-1.5826
-0.930223
-0.404588
0.0652275
0.349614
0.667032
1.08192
1.86865
2.02002
-0.712182
0.359919
-0.182253
-0.156259
-0.362656
-0.499581
-0.68716
-0.874894
-1.08471
-1.30909
-1.5541
-1.81391
-2.07376
-2.31304
-2.4805
-2.55746
-4.22196
-5.22954
-6.17067
-7.17447
-7.78473
-8.08825
-8.13032
-7.88407
-7.37244
-6.63782
-5.7182
-4.65655
-3.49731
-2.28131
-1.04484
0.180141
1.36704
2.49491
3.54781
4.51462
5.38826
6.16516
6.8452
7.43167
7.92963
8.344
8.67925
8.939
9.12282
9.22229
9.22172
9.09862
8.81728
8.34383
7.67584
6.78222
5.46232
4.18058
3.08809
2.089
1.2772
0.56417
-0.112955
-0.828765
-1.60784
-2.48159
-3.39849
-4.41886
-5.25041
-5.46937
-5.04068
-4.31732
-3.39666
-2.46963
-1.65292
-0.945653
-0.37889
0.119562
0.442247
0.783109
1.22837
1.98086
2.14083
-0.755415
0.351185
-0.205994
-0.17823
-0.389336
-0.529985
-0.72589
-0.925884
-1.15324
-1.40053
-1.67444
-1.97044
-2.27745
-2.58034
-2.85596
-3.04055
-4.4607
-5.72204
-6.64635
-7.70779
-8.34383
-8.64723
-8.67681
-8.3995
-7.84018
-7.04549
-6.05738
-4.92236
-3.68778
-2.39663
-1.08677
0.208504
1.4616
2.65083
3.75974
4.77682
5.6948
6.51013
7.22292
7.83677
8.35711
8.78935
9.13864
9.40922
9.60099
9.70545
9.70608
9.5783
9.28217
8.78053
8.0784
7.1754
5.60464
4.42054
3.25228
2.20375
1.34301
0.574418
-0.164204
-0.961694
-1.85559
-2.89156
-3.98399
-5.20997
-6.13863
-6.28773
-5.67744
-4.77048
-3.67906
-2.62214
-1.71872
-0.953558
-0.344612
0.18312
0.542675
0.907631
1.37437
2.10642
2.26904
-0.758122
0.320154
-0.22734
-0.201025
-0.414015
-0.559187
-0.763611
-0.976477
-1.22198
-1.49317
-1.79755
-2.13215
-2.48971
-2.86146
-3.24769
-3.54439
-4.6492
-6.26446
-7.1609
-8.26573
-8.92775
-9.22801
-9.24253
-8.93187
-8.32215
-7.46432
-6.40453
-5.19308
-3.88062
-2.51241
-1.12787
0.238528
1.55822
2.80893
3.9737
5.04071
6.00254
6.85572
7.60062
8.24118
8.78318
9.23263
9.59537
9.87633
10.0759
10.1854
10.1877
10.0558
9.74512
9.21489
8.47261
7.52555
5.81721
4.6414
3.40467
2.31332
1.40301
0.579016
-0.221737
-1.10495
-2.12392
-3.3416
-4.63278
-6.08887
-7.12472
-7.18902
-6.36832
-5.25625
-3.97539
-2.77669
-1.78045
-0.954585
-0.302604
0.254941
0.64915
1.03729
1.51805
2.21789
2.40874
-0.718457
0.268465
-0.244745
-0.22408
-0.436455
-0.58709
-0.800162
-1.02646
-1.29072
-1.5868
-1.92322
-2.2988
-2.71022
-3.1548
-3.646
-4.04351
-4.83641
-6.87746
-7.72143
-8.85011
-9.53809
-9.83241
-9.82885
-9.4822
-8.81906
-7.89492
-6.76021
-5.46918
-4.0761
-2.62874
-1.16802
0.270406
1.65718
2.96948
4.18997
5.30654
6.31172
7.20215
7.97847
8.64497
9.20789
9.67382
10.0494
10.3402
10.5473
10.6621
10.6666
10.5312
10.206
9.64813
8.86323
7.77046
6.11426
4.85017
3.54824
2.4166
1.45632
0.577828
-0.285123
-1.25749
-2.41194
-3.83211
-5.35055
-7.06156
-8.21641
-8.17884
-7.11555
-5.77577
-4.28591
-2.93347
-1.83851
-0.949432
-0.253759
0.334011
0.760038
1.16924
1.65794
2.31808
2.50753
-0.641611
0.200838
-0.257211
-0.24692
-0.456529
-0.613569
-0.835362
-1.07563
-1.35923
-1.6812
-2.05121
-2.47008
-2.93841
-3.45878
-4.04683
-4.53244
-5.08574
-7.57158
-8.33906
-9.46164
-10.1765
-10.4623
-10.4374
-10.0517
-9.33173
-8.33784
-7.12489
-5.75106
-4.27448
-2.74568
-1.20716
0.304336
1.75874
3.13279
4.40884
5.5746
6.62259
7.5496
8.35661
9.04827
9.63129
10.1129
10.5006
10.8008
11.0152
11.1354
11.1425
11.0044
10.6649
10.0833
9.29431
7.93525
6.43013
5.04547
3.68537
2.51244
1.50227
0.570812
-0.353702
-1.41779
-2.71805
-4.36273
-6.14084
-8.13416
-9.42241
-9.26351
-7.92143
-6.33016
-4.61071
-3.09255
-1.89327
-0.938849
-0.199001
0.419301
0.873867
1.30102
1.7923
2.42196
2.62618
-0.537969
0.123861
-0.264443
-0.269072
-0.47415
-0.638459
-0.869017
-1.12375
-1.4273
-1.77614
-2.18122
-2.64552
-3.17356
-3.77217
-4.45133
-5.02522
-5.47035
-8.35729
-9.01838
-10.1016
-10.844
-11.1199
-11.0698
-10.6419
-9.86112
-8.79365
-7.49896
-6.03902
-4.47599
-2.86331
-1.24519
0.340527
1.86316
3.29916
4.63063
5.8452
6.93542
7.89833
8.73522
9.45118
10.0534
10.55
10.949
11.258
11.4793
11.6051
11.6155
11.4753
11.1213
10.5181
9.77371
8.08952
6.71728
5.22522
3.81624
2.59968
1.54032
0.557997
-0.426576
-1.5838
-3.03988
-4.93212
-7.00614
-9.31247
-10.7522
-10.45
-8.78834
-6.92043
-4.94966
-3.25386
-1.94507
-0.923651
-0.139281
0.509777
0.989311
1.43052
1.92018
2.50395
2.71307
-0.419975
0.04433
-0.266739
-0.29002
-0.489248
-0.661563
-0.900933
-1.17062
-1.4947
-1.87136
-2.31287
-2.82453
-3.41468
-4.0938
-4.86475
-5.5628
-6.07159
-9.21489
-9.76106
-10.7704
-11.5418
-11.8073
-11.7281
-11.2543
-10.4084
-9.26305
-7.88278
-6.3333
-4.68078
-2.98167
-1.28202
0.379197
1.97076
3.46893
4.8557
6.11866
7.25051
8.24857
9.11449
9.85384
10.4744
10.9849
11.3945
11.7116
11.9396
12.071
12.0853
11.9439
11.575
10.9409
10.2174
8.32439
6.97331
5.39101
3.93942
2.67714
1.57006
0.539507
-0.502584
-1.75293
-3.37413
-5.53761
-7.94739
-10.601
-12.2156
-11.7459
-9.71863
-7.5475
-5.30239
-3.41722
-1.99421
-0.904711
-0.0755743
0.604395
1.10511
1.55587
2.03989
2.59575
2.80056
-0.299169
-0.0320574
-0.264745
-0.309213
-0.501758
-0.682663
-0.930918
-1.21601
-1.5612
-1.96655
-2.44571
-3.00636
-3.66052
-4.42197
-5.28944
-6.15674
-6.89849
-10.062
-10.5618
-11.4675
-12.271
-12.5268
-12.4143
-11.8907
-10.9749
-9.74686
-8.27678
-6.63409
-4.88895
-3.10079
-1.31754
0.420571
2.08184
3.64246
5.0844
6.39534
7.5682
8.6006
9.49465
10.2564
10.8942
11.4178
11.8371
12.1616
12.3958
12.533
12.5519
12.4098
12.027
11.3428
10.517
8.66165
7.20528
5.54655
4.05293
2.74382
1.59115
0.515562
-0.580284
-1.9219
-3.71625
-6.17437
-8.96278
-12.0014
-13.8212
-13.1583
-10.7144
-8.21205
-5.6682
-3.58222
-2.04095
-0.882962
-0.00889244
0.702087
1.22011
1.67472
2.14961
2.67242
2.88538
-0.184356
-0.101314
-0.25922
-0.326104
-0.511614
-0.701536
-0.958795
-1.25972
-1.62657
-2.06139
-2.57921
-3.19015
-3.90961
-4.75457
-5.72421
-6.79577
-7.9055
-10.8648
-11.408
-12.1943
-13.0312
-13.2806
-13.1306
-12.5529
-11.5622
-10.2461
-8.68146
-6.94157
-5.10052
-3.22062
-1.35163
0.46489
2.19673
3.82013
5.31713
6.67563
7.88883
8.95474
9.87593
10.659
11.3131
11.8486
12.2766
12.6076
12.8477
12.9907
13.0151
12.8731
12.4832
11.7725
10.6894
9.03243
7.41529
5.69462
4.15524
2.7989
1.60319
0.4865
-0.657851
-2.08655
-4.0599
-6.8343
-10.0457
-13.5098
-15.5752
-14.6933
-11.777
-8.91446
-6.04604
-3.74828
-2.08546
-0.859398
0.0596934
0.801775
1.33335
1.7852
2.24692
2.73533
2.9512
-0.081064
-0.16113
-0.250869
-0.340187
-0.518758
-0.717975
-0.984411
-1.30156
-1.69055
-2.1555
-2.7128
-3.3749
-4.16031
-5.08905
-6.16553
-7.46097
-9.00725
-11.5452
-12.2837
-12.9497
-13.8227
-14.0704
-13.879
-13.2428
-12.1717
-10.7617
-9.09744
-7.25597
-5.31553
-3.34107
-1.38412
0.512413
2.3158
4.00234
5.55432
6.95995
8.21279
9.31133
10.2586
11.0619
11.731
12.2774
12.7131
13.0497
13.295
13.444
13.4747
13.3332
12.9476
12.3014
10.8089
9.36316
7.60481
5.83533
4.24518
2.84189
1.60591
0.45287
-0.732965
-2.24164
-4.39658
-7.50558
-11.1835
-15.1133
-17.4768
-16.3538
-12.9061
-9.6544
-6.43437
-3.91452
-2.12784
-0.835077
0.129023
0.902411
1.44342
1.88633
2.32997
2.80099
3.01399
0.00807367
-0.210495
-0.240267
-0.35103
-0.523146
-0.731798
-1.00764
-1.34136
-1.7529
-2.24849
-2.84581
-3.55955
-4.41084
-5.42266
-6.60809
-8.12264
-10.0869
-12.0696
-13.1761
-13.7353
-14.643
-14.8975
-14.6617
-13.9622
-12.805
-11.2951
-9.52545
-7.5776
-5.53396
-3.46203
-1.41482
0.563417
2.4394
4.18954
5.79643
7.24875
8.54051
9.67072
10.643
11.4652
12.1482
12.7043
13.1464
13.4877
13.7376
13.8925
13.9305
13.7893
13.4083
12.875
11.0018
9.65136
7.77806
5.9667
4.32139
2.8723
1.5991
0.415518
-0.802769
-2.38095
-4.71628
-8.17448
-12.3594
-16.7899
-19.5157
-18.1376
-14.0988
-10.4304
-6.831
-4.07979
-2.16806
-0.81114
0.197858
1.0028
1.54936
1.97811
2.39873
2.853
3.07389
0.082515
-0.249244
-0.227837
-0.358292
-0.524752
-0.742863
-1.02837
-1.37895
-1.81337
-2.33994
-2.97755
-3.74291
-4.65931
-5.75229
-7.04435
-8.7508
-11.0479
-12.4558
-14.0656
-14.5515
-15.4894
-15.7616
-15.4804
-14.7129
-13.4637
-11.8474
-9.9663
-7.90684
-5.75589
-3.58334
-1.44349
0.618202
2.56792
4.38219
6.04397
7.54252
8.87245
10.0333
11.0294
11.8693
12.5648
13.1292
13.5766
13.9214
14.1752
14.3358
14.3821
14.2409
13.8439
13.3498
11.3303
9.91288
7.94156
6.0867
4.38274
2.88972
1.58281
0.375637
-0.864069
-2.49807
-5.00937
-8.82928
-13.5601
-18.5248
-21.679
-20.0377
-15.3488
-11.2391
-7.23285
-4.24252
-2.20597
-0.788841
0.264873
1.10169
1.65027
2.06025
2.4558
2.8929
3.12047
0.142974
-0.277671
-0.213874
-0.361733
-0.523581
-0.751069
-1.04653
-1.41417
-1.8717
-2.4294
-3.10727
-3.92374
-4.90369
-6.07468
-7.46689
-9.31836
-11.8021
-12.7499
-14.9584
-15.3977
-16.357
-16.6609
-16.3358
-15.4962
-14.1493
-12.4197
-10.4208
-8.24413
-5.9814
-3.70487
-1.46987
0.677091
2.70177
4.58076
6.29746
7.8418
9.2091
10.3996
11.4183
12.2745
12.981
13.5524
14.0036
14.3507
14.6075
14.7736
14.8291
14.6914
14.2509
13.6276
11.747
10.1492
8.099
6.19362
4.42853
2.89397
1.55743
0.334616
-0.91387
-2.58747
-5.26872
-9.46388
-14.7822
-20.3332
-23.9683
-22.0475
-16.6467
-12.0749
-7.63559
-4.40064
-2.24132
-0.76956
0.328663
1.19781
1.74539
2.13209
2.50195
2.93204
3.16537
0.19075
-0.296275
-0.198576
-0.361213
-0.519666
-0.756359
-1.06207
-1.44689
-1.92763
-2.5164
-3.23415
-4.10068
-5.14181
-6.38634
-7.86852
-9.81377
-12.3598
-13.0712
-15.8304
-16.271
-17.2392
-17.5918
-17.2279
-16.3131
-14.8629
-13.0133
-10.8897
-8.58994
-6.21064
-3.82648
-1.49369
0.74043
2.84134
4.78576
6.55746
8.14717
9.55102
10.77
11.8099
12.681
13.3971
13.9739
14.4275
14.7754
15.0343
15.2055
15.2713
15.1504
14.7024
13.7563
12.1495
10.3576
8.25018
6.28591
4.45845
2.88519
1.52355
0.293735
-0.9499
-2.64518
-5.4904
-10.0783
-16.0344
-22.259
-26.4112
-24.1687
-17.982
-12.9301
-8.0334
-4.55139
-2.27369
-0.754818
0.387786
1.29005
1.83436
2.1927
2.53957
2.96211
3.20396
0.227286
-0.305608
-0.182088
-0.356682
-0.513073
-0.758718
-1.07496
-1.47697
-1.98089
-2.60044
-3.35734
-4.27228
-5.37139
-6.68377
-8.24379
-10.2406
-12.7755
-13.5158
-16.6539
-17.1639
-18.13
-18.5489
-18.155
-17.1634
-15.6052
-13.6289
-11.3739
-8.94471
-6.44376
-3.94807
-1.51466
0.808583
2.98707
4.99767
6.82456
8.45925
9.89881
11.1452
12.2049
13.0893
13.8133
14.3939
14.8483
15.1956
15.4553
15.6312
15.7078
15.622
15.2598
13.8456
12.4898
10.5424
8.39321
6.36256
4.47253
2.86375
1.48187
0.253835
-0.970802
-2.66845
-5.67254
-10.6761
-17.3345
-24.3544
-29.0563
-26.4163
-19.3463
-13.795
-8.41884
-4.69116
-2.30244
-0.746262
0.440834
1.37755
1.91718
2.24241
2.56482
2.99769
3.24611
0.253923
-0.306215
-0.164533
-0.348174
-0.503895
-0.758161
-1.08517
-1.50429
-2.03121
-2.68099
-3.47591
-4.43701
-5.59009
-6.96371
-8.58965
-10.614
-13.1339
-14.1403
-17.3531
-18.0663
-19.0245
-19.5261
-19.1143
-18.0459
-16.3762
-14.2672
-11.8737
-9.3088
-6.68091
-4.06955
-1.53249
0.881936
3.13938
5.21699
7.09932
8.77868
10.2531
11.5256
12.6037
13.4998
14.23
14.8126
15.2662
15.611
15.8701
16.05
16.1371
16.0914
15.8515
14.034
12.7834
10.7134
8.5261
6.42295
4.47103
2.83014
1.43282
0.215126
-0.975854
-2.65481
-5.81345
-11.2616
-18.7034
-26.6719
-31.9671
-28.8192
-20.7355
-14.6596
-8.78293
-4.8153
-2.32669
-0.745627
0.486518
1.45983
1.99459
2.28112
2.57939
3.03016
3.28667
0.271805
-0.298618
-0.146033
-0.335785
-0.492246
-0.754734
-1.09272
-1.52873
-2.0783
-2.75751
-3.58886
-4.59328
-5.79565
-7.22332
-8.90455
-10.9476
-13.4779
-14.9103
-17.8393
-18.9697
-19.9234
-20.5174
-20.1018
-18.958
-17.1747
-14.9279
-12.3894
-9.68243
-6.92217
-4.19081
-1.5469
0.960894
3.29872
5.44422
7.38234
9.10614
10.6147
11.912
13.007
13.913
14.6475
15.2304
15.6812
16.0217
16.2785
16.4615
16.559
16.536
16.3265
14.363
13.0482
10.8791
8.64744
6.46714
4.45427
2.78464
1.37629
0.177192
-0.964542
-2.60117
-5.9103
-11.8376
-20.1622
-29.2693
-35.2219
-31.4192
-22.1504
-15.5145
-9.11557
-4.91808
-2.34519
-0.754687
0.523755
1.53684
2.06797
2.30902
2.58359
3.05445
3.32637
0.28185
-0.283315
-0.12672
-0.319661
-0.478261
-0.748504
-1.0976
-1.55019
-2.12188
-2.8294
-3.69519
-4.73955
-5.98604
-7.46061
-9.18844
-11.2492
-13.7999
-15.6731
-18.0812
-19.8879
-20.8325
-21.5177
-21.1128
-19.8962
-17.9985
-15.6101
-12.9208
-10.0656
-7.16753
-4.3117
-1.55757
1.04589
3.46558
5.67986
7.67416
9.44227
10.9842
12.3052
13.4153
14.3293
15.0662
15.6474
16.0935
16.4278
16.6802
16.8649
16.9771
16.9562
16.5893
14.7712
13.2865
11.043
8.75612
6.4954
4.42243
2.72706
1.31155
0.139124
-0.936256
-2.50333
-5.95839
-12.4042
-21.731
-32.2119
-38.913
-34.2704
-23.597
-16.3517
-9.40593
-4.99261
-2.35632
-0.775185
0.55173
1.60904
2.13925
2.32658
2.57562
3.08474
3.37002
0.284763
-0.260775
-0.106738
-0.299982
-0.462088
-0.739563
-1.09984
-1.56857
-2.16164
-2.89607
-3.79388
-4.87439
-6.15977
-7.67468
-9.44258
-11.5234
-14.0869
-16.3036
-18.1913
-20.8384
-21.7616
-22.5244
-22.1436
-20.8565
-18.8441
-16.3119
-13.467
-10.4579
-7.41682
-4.43201
-1.56416
1.13737
3.64047
5.92444
7.97536
9.78773
11.3624
12.7058
13.8294
14.7495
15.4867
16.064
16.5034
16.8292
17.075
17.2598
17.4015
17.4192
16.6878
15.1632
13.497
11.2046
8.85139
6.50789
4.37511
2.65656
1.23729
0.0996479
-0.890165
-2.35585
-5.95048
-12.9565
-23.4212
-35.5625
-43.1379
-37.4364
-25.085
-17.1648
-9.643
-5.03092
-2.35803
-0.808799
0.569922
1.67732
2.21097
2.33389
2.55517
3.11421
3.41125
0.281041
-0.231425
-0.0862421
-0.276958
-0.443889
-0.728024
-1.09949
-1.58377
-2.19731
-2.95693
-3.88402
-4.99673
-6.31604
-7.86593
-9.66958
-11.7738
-14.3378
-16.7759
-18.3986
-21.7991
-22.7233
-23.5372
-23.1918
-21.8353
-19.7077
-17.0304
-14.0262
-10.8585
-7.66961
-4.55141
-1.56628
1.23584
3.82395
6.17852
8.28651
10.1431
11.75
13.1148
14.2502
15.1743
15.9095
16.4806
16.9111
17.2261
17.4625
17.6451
17.8365
17.9779
16.7411
15.5013
13.685
11.3621
8.9328
6.50435
4.31132
2.57173
1.15174
0.0571652
-0.825202
-2.15176
-5.87608
-13.48
-25.221
-39.3566
-47.9715
-40.9829
-26.6273
-17.9494
-9.81592
-5.02408
-2.34792
-0.857129
0.578088
1.74302
2.2862
2.33076
2.52179
3.13742
3.45136
0.270984
-0.195642
-0.0653946
-0.250821
-0.423848
-0.71403
-1.09661
-1.59574
-2.22861
-3.01144
-3.96487
-5.10593
-6.45494
-8.03589
-9.87293
-12.0049
-14.5694
-17.1714
-18.8824
-22.661
-23.7281
-24.5607
-24.2574
-22.8303
-20.5851
-17.762
-14.5961
-11.2661
-7.92516
-4.66943
-1.56348
1.34182
4.01663
6.44274
8.60819
10.5091
12.1478
13.5328
14.6784
15.6045
16.3352
16.8978
17.317
17.6187
17.8425
18.0189
18.2695
18.5753
16.8845
15.8019
13.8595
11.5133
9.00019
6.48385
4.22942
2.47074
1.05275
0.00969927
-0.74011
-1.88321
-5.72285
-13.9476
-27.0783
-43.5635
-53.4169
-44.9608
-28.2377
-18.7023
-9.91429
-4.96233
-2.32336
-0.921755
0.576201
1.8078
2.36844
2.31696
2.47314
3.16968
3.48831
0.254691
-0.153734
-0.0443683
-0.22183
-0.402169
-0.697756
-1.09131
-1.60443
-2.25531
-3.05918
-4.03598
-5.20194
-6.57737
-8.18693
-10.0564
-12.2205
-14.7963
-17.5584
-19.6518
-23.2727
-24.7879
-25.605
-25.3423
-23.8416
-21.4735
-18.5032
-15.1736
-11.6785
-8.18232
-4.78538
-1.55522
1.45587
4.21913
6.71775
8.94107
10.8863
12.5565
13.9608
15.1151
16.0409
16.7647
17.3161
17.7215
18.0072
18.2145
18.3805
18.6794
19.0831
17.1647
16.0832
14.0287
11.6564
9.05352
6.44487
4.1273
2.35139
0.937755
-0.0452133
-0.633892
-1.54658
-5.4834
-14.3263
-28.9134
-48.077
-59.3683
-49.3829
-29.9282
-19.4213
-9.9284
-4.8352
-2.28166
-1.00435
0.564347
1.87365
2.46167
2.29158
2.40764
3.20153
3.52755
0.23207
-0.105947
-0.0233505
-0.190272
-0.379092
-0.679418
-1.0837
-1.60985
-2.27724
-3.09989
-4.09728
-5.28529
-6.68486
-8.32165
-10.2232
-12.4228
-15.021
-17.9297
-20.5043
-23.578
-25.9215
-26.6852
-26.4496
-24.8707
-22.3712
-19.2505
-15.7553
-12.0933
-8.43951
-4.89831
-1.54085
1.57861
4.43213
7.00427
9.28584
11.2754
12.9766
14.3996
15.561
16.4845
17.1987
17.7361
18.1252
18.392
18.5781
18.7319
19.0563
19.3848
17.5374
16.3489
14.1996
11.7917
9.09253
6.38522
4.00238
2.21116
0.803719
-0.110526
-0.50809
-1.1532
-5.18138
-14.6208
-30.6754
-52.7836
-65.6558
-54.2113
-31.7055
-20.1048
-9.84944
-4.63169
-2.22036
-1.10689
0.54259
1.94285
2.57038
2.25329
2.32249
3.23959
3.56219
0.202846
-0.0524756
-0.00255089
-0.156473
-0.354896
-0.659276
-1.07397
-1.61204
-2.29433
-3.13355
-4.14909
-5.35698
-6.77921
-8.44251
-10.3759
-12.6124
-15.2398
-18.2572
-21.2288
-23.7202
-27.1428
-27.8187
-27.5821
-25.921
-23.2785
-20.0018
-16.3383
-12.5076
-8.69477
-5.00706
-1.51962
1.71064
4.6563
7.30306
9.64328
11.6771
13.409
14.8498
16.0171
16.9362
17.6383
18.1588
18.5287
18.7737
18.9331
19.0808
19.4394
19.4884
17.9231
16.5971
14.3761
11.9207
9.11658
6.30208
3.85167
2.04728
0.647078
-0.188909
-0.374395
-0.747468
-4.92326
-14.9023
-32.3804
-57.6409
-72.1464
-59.3746
-33.5671
-20.7512
-9.66972
-4.34039
-2.13754
-1.23185
0.510817
2.01797
2.69955
2.20012
2.21437
3.28606
3.60141
0.166588
0.00650669
0.017791
-0.120807
-0.329904
-0.637632
-1.06232
-1.61108
-2.30664
-3.16037
-4.19205
-5.41825
-6.8622
-8.5515
-10.5163
-12.7897
-15.4489
-18.5336
-21.7641
-24.0091
-28.4048
-29.0201
-28.7417
-26.9956
-24.197
-20.7564
-16.9202
-12.9189
-8.94593
-5.11019
-1.49068
1.85261
4.89227
7.61483
10.0142
12.0922
13.8543
15.3121
16.4842
17.3971
18.0844
18.5849
18.9328
19.1529
19.2789
19.4354
19.8967
19.4864
18.2726
16.829
14.5592
12.0437
9.12461
6.1919
3.67187
1.85674
0.464869
-0.28562
-0.264211
-0.467489
-4.80658
-15.1988
-34.0864
-62.649
-78.7401
-64.7912
-35.4998
-21.3566
-9.38282
-3.94965
-2.03213
-1.38257
0.468563
2.10197
2.85471
2.1293
2.07897
3.34314
3.63572
0.12276
0.0707937
0.0374002
-0.0837017
-0.30448
-0.614816
-1.04897
-1.60713
-2.31434
-3.18076
-4.22699
-5.47037
-6.93532
-8.65003
-10.6452
-12.9547
-15.6472
-18.7779
-22.211
-24.6773
-29.5334
-30.2975
-29.9321
-28.0971
-25.1292
-21.5144
-17.4996
-13.3247
-9.19085
-5.20614
-1.45308
2.00511
5.1406
7.94027
10.3993
12.5214
14.3133
15.7874
16.963
17.868
18.5382
19.0155
19.3383
19.5308
19.6143
19.7916
20.4398
19.5031
18.5915
17.0508
14.7487
12.161
9.11532
6.05048
3.45944
1.6368
0.259751
-0.413345
-0.228043
-0.460346
-4.81926
-15.5142
-35.8178
-67.7601
-85.2656
-70.3646
-37.4787
-21.9146
-8.98373
-3.44785
-1.90426
-1.56351
0.414834
2.19826
3.04194
2.03717
1.91075
3.41728
3.68464
0.0708059
0.140078
0.0559687
-0.0456404
-0.279006
-0.59117
-1.03415
-1.60036
-2.31771
-3.19526
-4.25478
-5.51443
-6.99967
-8.73895
-10.7633
-13.1071
-15.8338
-19.0072
-22.6462
-25.7088
-30.3168
-31.6588
-31.1607
-29.2265
-26.0775
-22.2769
-18.076
-13.7235
-9.42758
-5.29333
-1.40581
2.16873
5.40175
8.27992
10.7995
12.9658
14.7869
16.2764
17.4544
18.3499
19.0005
19.4517
19.7464
19.9083
19.9383
20.1321
21.0107
19.6164
18.8984
17.2705
14.9451
12.2734
9.08746
5.87314
3.21067
1.38858
0.0398289
-0.535634
-0.39204
-0.740613
-5.02057
-15.901
-37.4552
-72.8458
-91.4642
-75.9812
-39.4694
-22.4155
-8.469
-2.82373
-1.75559
-1.78068
0.347913
2.31093
3.26778
1.91876
1.70249
3.51727
3.73257
0.0102763
0.213863
0.0731703
-0.00715502
-0.25386
-0.567017
-1.01806
-1.59099
-2.31707
-3.20442
-4.27616
-5.55126
-7.05596
-8.8187
-10.8706
-13.2465
-16.007
-19.2231
-23.0468
-26.7976
-30.6868
-33.1188
-32.4404
-30.3825
-27.0432
-23.045
-18.6495
-14.1145
-9.65462
-5.37028
-1.34784
2.344
5.67601
8.63414
11.2152
13.426
15.2759
16.7798
17.959
18.8434
19.4725
19.8945
20.1579
20.2868
20.251
20.4368
21.5247
19.8318
19.2008
17.4942
15.1492
12.3823
9.03971
5.65488
2.92289
1.12352
-0.16804
-0.56575
-0.921416
-1.29688
-5.51028
-16.4287
-38.8934
-77.7817
-97.013
-81.4802
-41.432
-22.8474
-7.8371
-2.06698
-1.58956
-2.04198
0.265152
2.44501
3.53908
1.76745
1.44461
3.66223
3.77635
-0.0589825
0.291355
0.0886903
0.0311968
-0.229373
-0.542628
-1.00087
-1.57921
-2.31274
-3.20871
-4.29173
-5.58143
-7.10461
-8.88946
-10.9669
-13.3724
-16.1651
-19.4215
-23.375
-27.67
-30.8326
-34.685
-33.788
-31.5612
-28.0259
-23.8193
-19.2206
-14.4973
-9.87097
-5.43574
-1.2782
2.53143
5.96356
9.00307
11.6468
13.9027
15.7812
17.2987
18.4776
19.3494
19.9549
20.3451
20.574
20.6677
20.5554
20.6927
21.9109
20.1155
19.4973
17.7257
15.3619
12.4889
8.97052
5.39057
2.6007
0.848676
-0.226476
-0.641269
-1.79964
-2.20063
-6.40025
-17.1631
-40.107
-82.7654
-101.626
-86.6713
-43.3221
-23.1963
-7.08892
-1.16888
-1.41174
-2.35775
0.162727
2.60679
3.86274
1.57385
1.12467
3.85479
3.85299
-0.136582
0.37136
0.102271
0.068866
-0.205787
-0.518191
-0.982666
-1.56516
-2.30496
-3.2085
-4.3019
-5.6053
-7.14585
-8.95128
-11.0522
-13.4845
-16.3065
-19.5988
-23.6231
-28.2578
-31.1531
-36.2919
-35.2176
-32.7574
-29.0236
-24.5997
-19.7892
-14.8718
-10.076
-5.48875
-1.19599
2.7315
6.26443
9.3866
12.0944
14.3963
16.3036
17.8338
19.0111
19.8685
20.4486
20.8043
20.9957
21.0527
20.8572
20.8993
22.1301
20.4208
19.7855
17.9673
15.5846
12.5941
8.87821
5.07666
2.25669
0.589971
-0.0760989
-0.903149
-3.02661
-3.55234
-7.8313
-18.1838
-41.1878
-88.3855
-104.92
-91.3542
-45.1062
-23.4466
-6.22852
-0.12418
-1.22987
-2.74131
0.0353392
2.8042
4.24491
1.32507
0.726375
4.13303
3.91591
-0.221309
0.452202
0.113766
0.105357
-0.183222
-0.493795
-0.963474
-1.54891
-2.29389
-3.20403
-4.30695
-5.62311
-7.17982
-9.00421
-11.1264
-13.5826
-16.4307
-19.7547
-23.8177
-28.7021
-31.9462
-37.7283
-36.7331
-33.967
-30.0324
-25.3851
-20.3546
-15.2377
-10.2695
-5.52863
-1.10045
2.94467
6.57864
9.78445
12.5578
14.9069
16.8435
18.3859
19.5603
20.4016
20.9543
21.2733
21.424
21.4433
21.1656
21.0799
22.2023
20.7109
20.0644
18.2211
15.8188
12.6994
8.76123
4.71597
1.87404
0.541579
0.0404218
-1.34334
-4.69726
-5.49388
-9.97741
-19.6032
-42.413
-94.4752
-106.242
-95.1719
-46.7773
-23.5843
-5.26244
1.06988
-1.05407
-3.20971
-0.124118
3.04717
4.69003
1.00223
0.225971
4.51512
3.97671
-0.310869
0.531714
0.123186
0.140273
-0.161659
-0.469416
-0.943221
-1.53049
-2.27965
-3.19552
-4.30712
-5.63507
-7.20669
-9.04838
-11.1897
-13.6666
-16.5373
-19.8898
-23.9832
-29.1105
-33.1862
-38.7258
-38.3308
-35.1904
-31.0467
-26.1734
-20.9157
-15.5946
-10.4509
-5.55488
-0.990953
3.17142
6.90623
10.1962
13.0364
15.4342
17.4011
18.9558
20.126
20.9494
21.4726
21.7527
21.86
21.841
21.491
21.2749
22.1872
20.9755
20.3363
18.489
16.0665
12.8065
8.62004
4.3125
1.47216
0.754149
-0.0879988
-1.94779
-6.94128
-8.17254
-13.0477
-21.5926
-43.8765
-98.1908
-106.55
-97.5249
-48.2665
-23.5973
-4.20791
2.40157
-0.896785
-3.78481
-0.325033
3.34775
5.19902
0.57366
-0.402225
5.02203
4.07095
-0.40178
0.607355
0.13073
0.173353
-0.140941
-0.444936
-0.92178
-1.50987
-2.26235
-3.18316
-4.30265
-5.64142
-7.22665
-9.08398
-11.2422
-13.7368
-16.6261
-20.0032
-24.1246
-29.4628
-34.4904
-39.1764
-40.0166
-36.437
-32.059
-26.9614
-21.4703
-15.9412
-10.6198
-5.56705
-0.86694
3.41224
7.24733
10.6216
13.5295
15.9777
17.9762
19.5436
20.7089
21.5126
22.0044
22.2433
22.3045
22.2464
21.8406
21.5181
22.1524
21.2266
20.6066
18.7734
16.3304
12.9179
8.46018
3.84213
1.26683
1.02733
-0.437154
-2.77728
-9.92394
-11.7314
-17.2761
-24.3693
-45.5218
-99.5285
-106.098
-99.2126
-49.4722
-23.5053
-3.05151
3.87314
-0.77333
-4.49513
-0.579404
3.71937
5.76429
-0.00596897
-1.21074
5.82285
4.03744
-0.489543
0.676477
0.136782
0.204491
-0.1208
-0.420172
-0.899022
-1.48709
-2.24214
-3.16721
-4.2938
-5.64242
-7.24001
-9.11131
-11.2841
-13.7932
-16.697
-20.0938
-24.2389
-29.7179
-35.5258
-39.2746
-41.7875
-37.72
-33.0593
-27.7447
-22.0158
-16.2761
-10.7754
-5.56464
-0.727899
3.66764
7.60219
11.0602
14.0365
16.5363
18.5681
20.1493
21.3095
22.0919
22.5501
22.7457
22.7582
22.6597
22.2165
21.8305
22.1613
21.4801
20.8813
19.077
16.6132
13.0366
8.28816
3.31208
1.36607
1.09472
-0.782783
-3.92228
-13.9454
-16.4051
-22.9048
-28.171
-47.4352
-99.3808
-105.135
-100.309
-50.3899
-23.2877
-1.75702
5.48362
-0.695372
-5.37773
-0.902826
4.1767
6.36154
-0.794142
-2.21685
6.7423
4.01173
-0.569203
0.736746
0.141871
0.233735
-0.100905
-0.394943
-0.874871
-1.46224
-2.21924
-3.14796
-4.28093
-5.63843
-7.24713
-9.13076
-11.3159
-13.8363
-16.75
-20.1608
-24.3226
-29.8628
-36.1848
-39.4402
-43.5729
-39.0497
-34.0363
-28.5175
-22.549
-16.597
-10.9166
-5.54704
-0.57332
3.93813
7.97117
11.5121
14.5567
17.1092
19.1759
20.7722
21.9276
22.6878
23.1102
23.2605
23.2217
23.0806
22.6154
22.2054
22.2378
21.7554
21.1658
19.4025
16.9174
13.168
8.09379
2.85164
1.76965
0.813185
-1.13348
-5.46387
-19.4095
-22.5215
-30.1689
-33.2065
-49.7252
-98.1202
-103.733
-100.776
-51.0705
-22.9058
-0.32408
7.19669
-0.676677
-6.48552
-1.31424
4.73226
6.92969
-1.90806
-3.40446
8.29761
3.21951
-0.636244
0.786613
0.146612
0.261254
-0.0809311
-0.36913
-0.849355
-1.43553
-2.19397
-3.12579
-4.26442
-5.62987
-7.24845
-9.14275
-11.3379
-13.8662
-16.7855
-20.2044
-24.3758
-29.9226
-36.5813
-40.0209
-45.2063
-40.4277
-34.9796
-29.2727
-23.0665
-16.9016
-11.0421
-5.5135
-0.40268
4.22423
8.35472
11.9775
15.0897
17.6954
19.7984
21.4115
22.5629
23.3002
23.6853
23.7881
23.6956
23.5085
23.0316
22.63
22.3887
22.0564
21.4648
19.7521
17.2456
13.3218
7.86665
2.57012
2.35533
0.474549
-1.59884
-7.46763
-26.7436
-30.4405
-39.201
-39.5855
-52.4943
-95.985
-101.791
-100.576
-51.5224
-22.3604
1.21999
8.96301
-0.737063
-7.8965
-1.84108
5.52077
7.39916
-3.46326
-4.88587
10.3047
3.86848
-0.687601
0.825697
0.151617
0.287284
-0.0606315
-0.342722
-0.822628
-1.40727
-2.16672
-3.10114
-4.24474
-5.61724
-7.24447
-9.14781
-11.3506
-13.8836
-16.804
-20.2252
-24.4007
-29.9312
-36.8682
-41.0919
-46.4766
-41.838
-35.8833
-30.0019
-23.5644
-17.187
-11.1502
-5.4632
-0.215456
4.52641
8.75329
12.4565
15.6355
18.2944
20.4346
22.0658
23.2144
23.9289
24.2753
24.3286
24.1801
23.9426
23.4591
23.0971
22.6292
22.3849
21.7808
20.1272
17.6006
13.5031
7.64801
2.55934
2.89212
0.346631
-2.23272
-9.99198
-36.3533
-40.4375
-49.8424
-47.1873
-55.7406
-93.2414
-99.314
-99.6787
-51.7554
-21.6671
2.84801
10.7044
-0.911891
-9.71697
-2.50776
6.83471
7.70455
-5.58942
-6.47415
11.4636
5.77015
-0.72244
0.854918
0.157408
0.312066
-0.03989
-0.315845
-0.794965
-1.37785
-2.13796
-3.0745
-4.22241
-5.60106
-7.23574
-9.14645
-11.3546
-13.889
-16.8062
-20.2241
-24.3984
-29.9067
-37.09
-42.3981
-47.232
-43.2535
-36.749
-30.6955
-24.0391
-17.4505
-11.2392
-5.39525
-0.0111621
4.84504
9.16728
12.9497
16.1943
18.9058
21.0836
22.734
23.881
24.573
24.8799
24.8821
24.6753
24.3827
23.8933
23.5864
22.9306
22.7437
22.1139
20.5275
17.985
13.7112
7.54039
2.89101
3.20848
0.361724
-3.03407
-13.071
-48.4695
-52.4926
-61.5524
-55.5249
-59.2657
-90.1914
-96.5606
-98.1391
-51.8155
-20.8349
4.53963
12.2836
-1.24407
-12.1678
-3.38553
8.9009
7.87774
-8.36811
-8.40563
12.1253
8.58379
-0.74238
0.876316
0.164331
0.335781
-0.0187474
-0.288753
-0.766744
-1.34775
-2.10818
-3.04642
-4.198
-5.58192
-7.22283
-9.13927
-11.3505
-13.883
-16.7928
-20.2019
-24.3696
-29.8535
-37.2256
-43.5847
-47.4428
-44.6526
-37.5824
-31.3441
-24.4861
-17.6893
-11.3073
-5.30879
0.210607
5.18036
9.59697
13.4573
16.7662
19.5296
21.7448
23.415
24.5611
25.2314
25.4984
25.4483
25.1812
24.8287
24.3306
24.0818
23.274
23.1235
22.4633
20.9503
18.3982
13.9516
7.64512
3.57391
3.47078
0.411837
-3.98823
-16.6872
-62.9362
-66.1657
-73.5036
-63.7554
-62.6322
-87.1208
-93.96
-96.0172
-51.7634
-19.8563
6.27828
13.4392
-1.95828
-15.6222
-4.51013
11.8178
8.05767
-11.469
-10.5995
11.8397
11.4305
-0.751061
0.892586
0.17251
0.358514
0.00260296
-0.261803
-0.738415
-1.31747
-2.07793
-3.01745
-4.17208
-5.56041
-7.20636
-9.12683
-11.3388
-13.8664
-16.7648
-20.1599
-24.3151
-29.7701
-37.2458
-44.4141
-47.2902
-46.0064
-38.3929
-31.9381
-24.9007
-17.9005
-11.3528
-5.20305
0.450124
5.53242
10.0424
13.9794
17.3516
20.1659
22.4181
24.1079
25.2536
25.9026
26.1297
26.0262
25.6972
25.28
24.7676
24.5769
23.6693
23.517
22.825
21.3898
18.8338
14.2439
8.01173
4.56211
3.92735
0.495533
-5.07168
-20.747
-79.0787
-80.7267
-84.7665
-70.9764
-65.3066
-84.2216
-91.8251
-93.3185
-51.6422
-18.7249
7.9701
13.9268
-3.43143
-21.0905
-6.15639
15.4468
8.59471
-14.6352
-13.1282
10.4057
14.0641
-0.753215
0.906494
0.181833
0.380233
0.0238432
-0.235424
-0.710469
-1.28754
-2.04775
-2.98818
-4.14526
-5.53715
-7.18691
-9.10974
-11.3201
-13.8398
-16.7233
-20.0994
-24.2356
-29.6543
-37.1431
-44.8406
-47.0985
-47.2578
-39.1881
-32.4684
-25.2781
-18.082
-11.374
-5.07737
0.70748
5.90102
10.5033
14.5161
17.9505
20.815
23.1035
24.8124
25.9573
26.585
26.7721
26.6146
26.2224
25.7365
25.2022
25.0596
24.1001
23.9169
23.1917
21.8353
19.2829
14.6152
8.63079
5.7514
4.64134
0.666554
-6.24295
-25.0758
-95.7309
-95.4597
-94.6774
-76.6809
-66.9327
-81.513
-90.1556
-90.0017
-51.4706
-17.3838
10.1482
13.7659
-5.5374
-28.1501
-8.51312
19.3493
9.49176
-17.2574
-16.5684
8.67467
15.466
-0.753582
0.920343
0.19199
0.400797
0.0445707
-0.210077
-0.683415
-1.2585
-2.01822
-2.9592
-4.11814
-5.51273
-7.16507
-9.08853
-11.2951
-13.8041
-16.6692
-20.0219
-24.1329
-29.5065
-36.938
-44.9573
-47.1318
-48.337
-39.9631
-32.929
-25.613
-18.2317
-11.3696
-4.93132
0.982534
6.2857
10.979
15.0668
18.5629
21.477
23.8011
25.5282
26.6716
27.2774
27.4242
27.212
26.7554
26.1976
25.6344
25.5204
24.5505
24.3131
23.5528
22.2714
19.7377
15.0862
9.45677
7.024
5.53734
0.964592
-7.44982
-29.4535
-111.547
-109.927
-103.147
-80.9378
-67.4657
-78.8058
-88.6761
-86.0142
-51.2632
-15.8893
13.0605
13.844
-8.23873
-35.5407
-11.5052
23.0377
11.4351
-18.0975
-20.2277
6.19087
17.5189
-0.756
0.935626
0.202536
0.419972
0.0643375
-0.186234
-0.657758
-1.23087
-1.98988
-2.93105
-4.09129
-5.4877
-7.14136
-9.06374
-11.2643
-13.7601
-16.6039
-19.9292
-24.0088
-29.3294
-36.6616
-44.8965
-47.4782
-49.1553
-40.7035
-33.3166
-25.9001
-18.3483
-11.3385
-4.76472
1.27488
6.68567
11.4687
15.6306
19.1882
22.1519
24.5113
26.2556
27.396
27.9786
28.0841
27.8166
27.2947
26.6624
26.0646
25.9548
25.013
24.6952
23.8938
22.6805
20.194
15.6638
10.4382
8.31091
6.53454
1.40015
-8.64421
-33.6781
-125.509
-123.879
-110.54
-84.1029
-67.0366
-75.7879
-87.1601
-81.288
-51.0583
-14.427
16.1304
14.9674
-12.0763
-43.1125
-15.2675
26.1458
15.5353
-15.9467
-22.3245
4.70187
25.9947
-0.762878
0.952906
0.212963
0.437455
0.0826852
-0.164353
-0.633982
-1.20515
-1.96323
-2.90426
-4.06519
-5.46253
-7.1162
-9.0358
-11.2284
-13.7087
-16.5286
-19.823
-23.8655
-29.1254
-36.338
-44.7392
-48.0421
-49.6521
-41.388
-33.6314
-26.135
-18.431
-11.2802
-4.57765
1.5838
7.09983
11.971
16.2063
19.8253
22.839
25.2339
26.9947
28.1304
28.688
28.7507
28.4265
27.8381
27.1295
26.4924
26.3576
25.4726
25.0493
24.198
23.0461
20.6497
16.3411
11.5338
9.60685
7.6022
1.97355
-9.78311
-37.6182
-137.302
-137.026
-117.21
-86.4265
-65.7556
-72.1779
-85.7616
-75.6383
-50.9254
-13.1438
18.5653
16.6267
-17.897
-50.4019
-19.7745
28.3154
19.4746
-9.48632
-20.2195
6.22526
34.404
-0.775061
0.971876
0.222769
0.452899
0.0991714
-0.144863
-0.612532
-1.18178
-1.9387
-2.87923
-4.04022
-5.43754
-7.0899
-9.00506
-11.1877
-13.6506
-16.4447
-19.7052
-23.7049
-28.8967
-35.9795
-44.5009
-48.6207
-49.806
-41.9877
-33.8771
-26.3141
-18.4792
-11.1946
-4.37056
1.90829
7.52673
12.4841
16.7919
20.4727
23.5375
25.9685
27.7455
28.8749
29.405
29.4227
29.04
28.3836
27.5972
26.9162
26.7249
25.9119
25.3588
24.4487
23.3567
21.1036
17.1037
12.7155
10.9298
8.74392
2.694
-10.8127
-41.2056
-147.244
-149.154
-123.24
-87.9299
-63.6492
-67.7578
-84.5817
-68.7087
-50.9779
-12.1034
19.9302
18.2965
-26.0205
-56.0569
-24.9078
28.8291
21.8133
-0.625314
-14.445
9.95995
34.2811
-0.792018
0.991552
0.231504
0.465936
0.113392
-0.128142
-0.593787
-1.16111
-1.91661
-2.8562
-4.01656
-5.41287
-7.06262
-8.97176
-11.1429
-13.5867
-16.3535
-19.5777
-23.5295
-28.6459
-35.5925
-44.1767
-49.0448
-49.635
-42.4798
-34.0597
-26.4353
-18.4931
-11.0822
-4.14421
2.247
7.96461
13.0058
17.3853
21.1283
24.2456
26.7142
28.5076
29.6293
30.1295
30.0992
29.6556
28.9291
28.0631
27.3329
27.0562
26.3126
25.6078
24.633
23.6072
21.5556
17.9346
13.9679
12.3009
9.97432
3.58507
-11.6546
-44.3787
-155.816
-160.226
-128.547
-88.5085
-60.7079
-62.3332
-82.6952
-60.4936
-51.5141
-11.2933
20.2135
19.5687
-34.7832
-58.991
-30.3546
27.9642
23.1082
8.0724
-7.75946
14.6286
30.2619
-0.812181
1.01049
0.238797
0.476203
0.125003
-0.11449
-0.578019
-1.14335
-1.89708
-2.8352
-3.99415
-5.38843
-7.03431
-8.93606
-11.0943
-13.518
-16.2565
-19.4427
-23.3418
-28.3754
-35.1794
-43.7592
-49.2195
-49.2024
-42.842
-34.1858
-26.4985
-18.4731
-10.9441
-3.8997
2.5983
8.41135
13.5337
17.9835
21.7895
24.9612
27.4695
29.2801
30.3932
30.861
30.7798
30.2722
29.4729
28.5251
27.7384
27.3557
26.6529
25.7829
24.744
23.8006
22.0063
18.818
15.2803
13.7313
11.3057
4.67755
-12.2114
-47.0526
-163.259
-170.234
-132.972
-88.0543
-56.9206
-55.8732
-78.5549
-51.8831
-52.9729
-10.7054
19.642
20.5631
-40.7803
-58.9755
-35.8939
26.2904
23.8464
15.3731
-1.58418
18.6689
29.238
-0.833326
1.02702
0.244371
0.483376
0.133749
-0.104093
-0.565342
-1.12849
-1.87997
-2.81598
-3.97264
-5.36387
-7.00479
-8.89807
-11.0425
-13.4457
-16.1556
-19.3026
-23.1448
-28.0884
-34.7412
-43.2436
-49.1073
-48.5874
-43.0652
-34.2617
-26.505
-18.42
-10.7819
-3.63851
2.96028
8.86454
14.0648
18.5834
22.4529
25.6815
28.2323
30.0617
31.1657
31.599
31.4637
30.8887
30.0132
28.9807
28.1274
27.6263
26.8963
25.8764
24.7836
23.9457
22.4571
19.7391
16.639
15.2171
12.7428
5.99442
-12.3861
-49.1271
-169.459
-179.099
-136.283
-86.4901
-52.2728
-48.6875
-71.741
-44.3571
-55.1826
-10.3738
18.5127
21.6373
-41.7335
-56.8542
-41.0677
23.945
23.9877
20.7591
3.52115
21.0969
31.2129
-0.852896
1.03939
0.248045
0.487205
0.139499
-0.0969709
-0.555653
-1.11626
-1.86484
-2.79791
-3.95138
-5.33865
-6.97377
-8.85794
-10.9883
-13.3711
-16.0528
-19.1601
-22.9421
-27.7887
-34.2793
-42.6353
-48.7316
-47.8845
-43.1465
-34.2916
-26.4585
-18.335
-10.5978
-3.36244
3.33073
9.32154
14.5959
19.1815
23.115
26.4031
28.9997
30.8502
31.9454
32.3424
32.1501
31.5042
30.5488
29.4282
28.4947
27.8638
27.0088
25.8918
24.7613
24.0556
22.9086
20.6839
18.0277
16.7481
14.277
7.53677
-12.1073
-50.5142
-173.909
-186.5
-138.189
-83.7715
-46.751
-41.2588
-62.9385
-39.8679
-57.6331
-10.3543
17.1773
23.0523
-37.8193
-54.0519
-45.225
21.3177
23.6936
24.098
7.33019
21.4322
30.4247
-0.86823
1.04592
0.249754
0.487567
0.142296
-0.0929131
-0.548561
-1.10605
-1.85087
-2.78009
-3.92947
-5.3121
-6.94104
-8.81604
-10.9327
-13.2959
-15.9507
-19.0186
-22.7379
-27.4808
-33.7968
-41.9483
-48.1492
-47.1739
-43.0927
-34.2788
-26.3637
-18.22
-10.3941
-3.07366
3.70722
9.77939
15.1236
19.7736
23.7716
27.1221
29.7683
31.6428
32.7299
33.0895
32.8378
32.1177
31.0787
29.8665
28.8348
28.0584
26.9831
25.8454
24.6919
24.144
23.3601
21.638
19.427
18.3073
15.8867
9.27917
-11.341
-51.1598
-175.981
-192.112
-138.531
-79.9361
-40.3713
-34.0082
-53.3517
-39.9114
-60.0374
-10.6622
16.1129
24.851
-30.8104
-51.9496
-47.6922
18.831
23.1947
25.6971
9.99793
21.1514
27.6839
-0.876737
1.04514
0.24956
0.484528
0.142417
-0.0914172
-0.543334
-1.09688
-1.83692
-2.76133
-3.90593
-5.28366
-6.90666
-8.77313
-10.8771
-13.2225
-15.8522
-18.8819
-22.5371
-27.1702
-33.2988
-41.2003
-47.4224
-46.5133
-42.917
-34.2246
-26.2271
-18.0772
-10.174
-2.77464
4.08712
10.235
15.6442
20.3558
24.4183
27.8341
30.534
32.4357
33.5162
33.8378
33.5248
32.7278
31.6018
30.2951
29.146
28.1991
26.8543
25.7568
24.5918
24.2226
23.8091
22.5854
20.8156
19.8712
17.5421
11.176
-10.0877
-51.0597
-175.469
-195.844
-137.473
-75.1228
-33.2164
-27.1367
-44.1137
-44.5245
-61.8826
-11.1973
15.8861
26.8807
-22.0337
-50.2019
-47.5535
16.4949
22.9023
26.1037
11.8314
21.0117
25.3674
-0.876053
1.03592
0.247687
0.478413
0.140429
-0.091639
-0.538882
-1.08746
-1.82164
-2.74043
-3.87996
-5.25317
-6.87116
-8.73049
-10.8237
-13.1535
-15.7608
-18.7543
-22.3451
-26.8634
-32.7919
-40.4098
-46.6086
-45.9272
-42.6285
-34.1313
-26.0557
-17.9098
-9.94031
-2.46804
4.46765
10.6851
16.1538
20.9234
25.0503
28.5344
31.2924
33.225
34.3004
34.584
34.2084
33.3326
32.1172
30.714
29.4334
28.2934
26.6864
25.6272
24.4784
24.2996
24.2514
23.508
22.1703
21.4112
19.2102
13.1711
-8.37559
-50.2551
-172.528
-197.729
-135.019
-69.4536
-25.4378
-20.5808
-35.6946
-51.497
-61.8851
-11.8028
16.9447
28.5773
-12.1576
-45.1698
-42.6619
15.1849
23.6191
26.0159
13.1101
20.8463
23.7462
-0.86426
1.01769
0.244556
0.469875
0.137227
-0.0923884
-0.53382
-1.07632
-1.80371
-2.7165
-3.85131
-5.22112
-6.83576
-8.68997
-10.7747
-13.0921
-15.6801
-18.6403
-22.1676
-26.5677
-32.284
-39.5909
-45.7364
-45.3862
-42.2347
-34.0005
-25.8573
-17.7214
-9.69665
-2.15699
4.84574
11.1263
16.6485
21.472
25.6627
29.218
32.0385
34.0055
35.0778
35.3235
34.8849
33.9294
32.6233
31.1233
29.7078
28.3725
26.528
25.4398
24.371
24.3805
24.6811
24.3857
23.4631
22.8929
20.8562
15.2038
-6.25807
-48.8038
-166.989
-198.04
-130.902
-62.9196
-17.2513
-14.1056
-27.83
-57.2578
-58.84
-12.4856
19.3737
29.0617
-1.99062
-34.9872
-31.905
17.3043
26.4381
26.2144
14.1287
19.9991
21.9733
-0.840221
0.99073
0.240822
0.459938
0.134032
-0.09221
-0.526648
-1.06212
-1.78223
-2.6893
-3.82054
-5.18877
-6.80229
-8.65382
-10.7331
-13.0413
-15.614
-18.5444
-22.0108
-26.2908
-31.7843
-38.7555
-44.8146
-44.8449
-41.7327
-33.8355
-25.6396
-17.5159
-9.4459
-1.84397
5.2189
11.5553
17.1241
21.9968
26.2504
29.8796
32.767
34.7721
35.8429
36.0513
35.5496
34.5144
33.118
31.5229
29.9774
28.4582
26.4033
25.2075
24.2853
24.4699
25.0906
25.1969
24.6622
24.2792
22.4421
17.2075
-3.81348
-46.7019
-158.344
-196.48
-125.754
-55.4715
-8.95159
-7.47403
-19.9689
-58.8899
-52.9944
-13.3552
22.8142
28.071
7.54657
-22.2829
-17.6371
23.2485
31.104
26.8497
14.7745
18.2456
20.0208
-0.804042
0.956469
0.237382
0.449974
0.132275
-0.0895991
-0.516079
-1.04406
-1.75714
-2.65962
-3.78915
-5.15811
-6.77294
-8.62442
-10.7012
-13.004
-15.5656
-18.4709
-21.8804
-26.041
-31.3035
-37.9147
-43.8432
-44.2641
-41.124
-33.6395
-25.41
-17.2975
-9.19213
-1.53331
5.58276
11.9677
17.5763
22.4933
26.8085
30.514
33.4723
35.5188
36.5896
36.7611
36.1969
35.0831
33.5982
31.9114
30.2454
28.5581
26.3259
24.9781
24.2277
24.5706
25.4712
25.9216
25.7356
25.5339
23.9262
19.1122
-1.15357
-44.0984
-148.116
-192.196
-120.256
-47.2052
-0.89333
-0.579705
-11.7781
-55.4763
-45.9267
-14.3463
26.4588
26.6876
15.5949
-10.0263
-3.39793
30.6728
36.1085
27.6364
15.199
16.9854
18.4404
-0.757651
0.91776
0.235331
0.441589
0.133387
-0.0833404
-0.50146
-1.02228
-1.72947
-2.62925
-3.75939
-5.13146
-6.74992
-8.60386
-10.6813
-12.9826
-15.5378
-18.4232
-21.7814
-25.8259
-30.8531
-37.0818
-42.8206
-43.6082
-40.4192
-33.4134
-25.1741
-17.0693
-8.93645
-1.22522
5.93732
12.3621
18.0017
22.9565
27.3315
31.1157
34.1492
36.24
37.3118
37.4464
36.8204
35.6299
34.0597
32.2862
30.5115
28.6743
26.3036
24.7957
24.196
24.6819
25.813
26.5435
26.6566
26.6276
25.2676
20.848
1.56403
-40.9479
-138.977
-185.532
-114.09
-38.2326
6.62543
6.472
-3.4267
-47.9996
-39.3908
-14.9595
29.5531
26.1306
21.0983
0.437838
8.92219
37.6645
40.4515
28.478
15.425
16.0915
17.2978
-0.705189
0.87893
0.235795
0.436289
0.138344
-0.0730315
-0.483258
-0.99818
-1.70143
-2.60083
-3.73389
-5.11113
-6.73516
-8.5938
-10.6749
-12.9784
-15.5316
-18.4029
-21.7163
-25.651
-30.4445
-36.2743
-41.7524
-42.8525
-39.6549
-33.1521
-24.9358
-16.8354
-8.68482
-0.928387
6.27286
12.7298
18.394
23.3819
27.8152
31.6797
34.7912
36.9282
38.0013
38.0991
37.4124
36.1481
34.4973
32.6437
30.7729
28.8056
26.3327
24.6794
24.1855
24.7984
26.1073
27.0531
27.41
27.5416
26.4309
22.3575
4.1407
-37.1813
-130.55
-177.171
-107.194
-28.2819
13.6233
13.3096
4.39623
-38.4457
-34.2535
-14.4771
31.8141
26.731
23.8791
8.73764
18.9237
43.4948
43.8893
29.3833
15.5872
15.5022
16.7341
-0.653121
0.845329
0.239685
0.435154
0.147373
-0.0592926
-0.463058
-0.974148
-1.67583
-2.57712
-3.71491
-5.09869
-6.72959
-8.59479
-10.6822
-12.9915
-15.5471
-18.4091
-21.6839
-25.5168
-30.086
-35.5149
-40.6639
-42.0001
-38.9025
-32.837
-24.6991
-16.5983
-8.43499
-0.636647
6.59713
13.0755
18.7519
23.7637
28.2529
32.2012
35.3952
37.5799
38.6529
38.7123
37.9652
36.6303
34.9047
32.9789
31.0253
28.948
26.4028
24.6266
24.1913
24.9105
26.3476
27.4495
27.9953
28.2725
27.3934
23.6057
6.36029
-33.0166
-121.916
-167.241
-99.4707
-17.1462
20.5635
19.5214
10.9242
-28.6064
-30.3473
-12.5558
33.1075
27.929
25.1957
15.1116
26.852
48.0519
46.5153
30.3864
15.7909
15.2168
16.6442
-0.609184
0.822205
0.247134
0.438081
0.159224
-0.0442921
-0.443784
-0.953458
-1.65585
-2.56084
-3.70462
-5.09578
-6.73442
-8.60735
-10.7027
-13.0197
-15.5798
-18.4351
-21.6753
-25.4149
-29.7787
-34.8285
-39.6016
-41.0687
-38.1942
-32.4403
-24.4609
-16.3616
-8.19884
-0.371987
6.88264
13.3749
19.0609
24.0959
28.64
32.6721
35.9497
38.1831
39.2557
39.2764
38.4706
37.0693
35.2757
33.2864
31.2628
29.0945
26.4985
24.6216
24.2043
25.007
26.5339
27.743
28.4222
28.826
28.1472
24.5879
8.19269
-28.8773
-113.319
-156.618
-91.0091
-5.07252
27.9062
24.9439
15.8521
-19.597
-26.5396
-9.24504
33.4212
29.2244
26.0851
19.9857
32.9564
51.4453
48.4974
31.4826
16.0684
15.2238
16.8737
-0.580585
0.812998
0.257449
0.444174
0.17216
-0.0302295
-0.427872
-0.938413
-1.64331
-2.55301
-3.70293
-5.10118
-6.74746
-8.62883
-10.7335
-13.0596
-15.6241
-18.4711
-21.6758
-25.3292
-29.5147
-34.2372
-38.6346
-40.1049
-37.4782
-31.9626
-24.2271
-16.1383
-7.97632
-0.120931
7.15305
13.6488
19.3284
24.3752
28.9743
33.0969
36.4623
38.7413
39.8065
39.7833
38.9184
37.4553
35.6019
33.5598
31.4798
29.2393
26.6053
24.6404
24.2135
25.0799
26.6747
27.956
28.7186
29.2225
28.6988
25.3253
9.65702
-25.2096
-105.332
-146.086
-82.1129
7.2947
35.5143
29.4662
19.2448
-12.1086
-21.9784
-4.71758
33.1751
30.3183
26.8592
23.7227
37.4229
53.8359
50.0085
32.6704
16.4521
15.4181
18.0201
-0.570765
0.817417
0.268422
0.450775
0.182835
-0.0205457
-0.41846
-0.931446
-1.63991
-2.5549
-3.7113
-5.11676
-6.77037
-8.65885
-10.7701
-13.1004
-15.6633
-18.4954
-21.6619
-25.239
-29.2851
-33.7611
-37.8487
-39.2416
-36.7718
-31.4301
-23.9456
-15.905
-7.7646
0.0888979
7.35177
13.8345
19.5103
24.5769
29.2336
33.4488
36.9069
39.2354
40.2933
40.2248
39.3017
37.7815
35.8764
33.7914
31.6669
29.3704
26.707
24.6634
24.2127
25.1222
26.7816
28.1032
28.9096
29.4808
29.0714
25.8635
10.7412
-22.2079
-98.3608
-136.425
-73.2539
18.8906
42.69
32.8054
21.3319
-6.5276
-17.2111
0.194506
33.0903
31.3017
27.5834
26.4464
40.4367
55.4098
51.1962
33.8177
17.1393
15.9691
20.0272
-0.577559
0.831161
0.278317
0.456742
0.19065
-0.015114
-0.414923
-0.931503
-1.644
-2.56363
-3.72476
-5.13504
-6.79375
-8.68777
-10.8037
-13.1346
-15.6889
-18.4987
-21.6258
-25.1423
-29.0953
-33.417
-37.3069
-38.6446
-36.2785
-31.0429
-23.7241
-15.7514
-7.66336
0.164215
7.41094
13.8874
19.5706
24.6756
29.4203
33.7588
37.3233
39.6933
40.7256
40.5968
39.6103
38.0374
36.0902
33.9748
31.8205
29.4866
26.7977
24.6893
24.2148
25.1352
26.8735
28.2164
29.0273
29.6356
29.287
26.1992
11.4202
-19.9891
-92.7662
-128.359
-65.0759
28.7058
48.7671
34.7786
22.4605
-2.84631
-13.4006
4.23701
33.3094
32.1642
28.1886
28.1386
42.2034
56.3883
52.2211
34.7417
17.9827
16.7044
23.071
-0.59252
0.846463
0.284636
0.459331
0.193103
-0.0155725
-0.417529
-0.937124
-1.65291
-2.57673
-3.74269
-5.15769
-6.81951
-8.7132
-10.8238
-13.1434
-15.6808
-18.4693
-21.571
-25.0567
-28.9664
-33.2134
-37.0024
-38.3183
-36.0229
-30.8589
-23.6306
-15.688
-7.62049
0.18944
7.40833
13.8557
19.525
24.6529
29.4797
33.9538
37.6525
40.0896
41.1056
40.9121
39.855
38.227
36.2409
34.1006
31.9218
29.5619
26.8712
24.728
24.2233
25.1653
26.9303
28.2774
29.0823
29.7069
29.3977
26.4029
11.8287
-18.499
-88.7638
-122.402
-58.291
35.84
53.174
35.659
22.9974
-0.714928
-10.9378
6.85635
33.5904
32.7492
28.5402
28.9616
43.0355
56.9757
53.0864
35.4662
18.7032
17.4889
26.852
-0.604902
0.856539
0.288179
0.460984
0.194389
-0.0165571
-0.420774
-0.943165
-1.66122
-2.58637
-3.75224
-5.16588
-6.82545
-8.7164
-10.8236
-13.1388
-15.6698
-18.4497
-21.5406
-25.0129
-28.9036
-33.1169
-36.8593
-38.1654
-35.9044
-30.7759
-23.5891
-15.6689
-7.62324
0.170684
7.38439
13.8436
19.5385
24.7014
29.5804
34.1325
37.914
40.3928
41.3884
41.1355
40.0154
38.3399
36.323
34.1667
31.9791
29.6213
26.9236
24.7528
24.2613
25.2042
26.9371
28.2709
29.0966
29.7239
29.3961
26.3954
11.927
-17.8198
-86.5796
-118.971
-54.1707
39.0051
55.3086
35.982
23.1733
0.0796213
-9.99476
7.98674
33.824
33.0711
28.7085
29.3141
43.4299
57.4122
53.6796
36.0354
19.3013
18.2045
34.064
)
;

boundaryField
{
    inletFace
    {
        type            zeroGradient;
    }
    inlet
    {
        type            zeroGradient;
    }
    inletWalls
    {
        type            zeroGradient;
    }
    outletInlet
    {
        type            cyclicAMI;
        value           nonuniform List<scalar> 
15
(
13.81
17.0692
18.8735
19.6014
20.9403
22.7196
21.0301
22.3881
21.2457
25.6627
25.2325
29.4659
30.6386
33.649
35.0327
)
;
    }
    fineSymmetryWall
    {
        type            symmetryPlane;
    }
    fineWalls
    {
        type            zeroGradient;
    }
    fineCyclicBoundary
    {
        type            fixedValue;
        value           uniform 0;
    }
    fineplug
    {
        type            cyclicAMI;
        value           nonuniform List<scalar> 
80
(
13.724
12.9733
15.7821
13.3665
12.7901
16.4154
16.7629
17.0635
17.2978
17.391
17.1864
19.1045
22.539
16.7554
17.6552
17.2969
18.4378
18.831
18.947
18.6912
20.1542
27.0102
19.5831
20.0314
19.301
19.3528
20.4993
21.5945
21.053
20.1758
20.1861
28.7108
22.7574
22.1611
21.0791
19.7712
19.6897
21.3872
20.774
18.7152
27.0336
21.7176
22.6856
23.5055
21.9923
20.7825
19.4329
19.5966
20.1657
30.4241
26.9876
24.6757
24.7035
25.8919
25.5227
24.5529
23.4393
20.1103
33.234
32.4149
29.7191
28.8671
27.3178
26.1643
28.8489
28.3297
27.7951
26.4772
38.0026
35.3541
34.2575
34.2832
33.7664
32.8664
30.4517
30.5819
32.2269
41.6827
35.4757
33.8849
)
;
    }
    faceFine
    {
        type            zeroGradient;
    }
}


// ************************************************************************* //
