/*--------------------------------*- C++ -*----------------------------------*\
| =========                 |                                                 |
| \\      /  F ield         | OpenFOAM: The Open Source CFD Toolbox           |
|  \\    /   O peration     | Version:  4.1                                   |
|   \\  /    A nd           | Web:      www.OpenFOAM.org                      |
|    \\/     M anipulation  |                                                 |
\*---------------------------------------------------------------------------*/
FoamFile
{
    version     2.0;
    format      ascii;
    class       volScalarField;
    location    "24";
    object      p;
}
// * * * * * * * * * * * * * * * * * * * * * * * * * * * * * * * * * * * * * //

dimensions      [0 2 -2 0 0 0 0];

internalField   nonuniform List<scalar> 
6785
(
591.744
515.935
468.023
415.765
369.227
324.838
283.389
244.262
207.305
172.273
138.341
105.571
77.1098
46.4088
7.1145
-5.3609
-22.747
-13.8321
-19.9905
-20.0228
-22.2534
-23.1976
-23.857
-23.6918
-22.6123
-20.4935
-17.6578
-13.4567
-7.56279
-4.11123
10.3022
6.6878
16.6484
13.3511
17.7585
18.0399
19.8338
20.7684
21.8092
22.6986
23.6536
24.4816
25.0139
25.5071
27.1889
49.6298
46.9331
50.3514
45.5515
47.0604
44.4928
44.0633
42.6753
41.8173
40.9313
40.2831
39.7925
39.3742
38.8329
38.0346
21.027
16.9075
18.0763
13.8644
14.7478
11.9221
11.6273
10.0132
9.23609
8.21562
7.53647
6.99052
6.09429
4.56668
3.34874
-6.83651
-10.2865
-8.96717
-12.1361
-11.0929
-13.6145
-13.7297
-15.3668
-16.2741
-17.4076
-18.099
-18.4688
-18.8343
-19.1977
-17.7397
-4.06071
-5.06456
-2.75296
-4.41815
-2.33106
-3.36937
-2.34396
-2.53146
-2.21206
-2.09339
-1.74898
-1.2317
-0.0557703
1.27525
3.95324
17.1461
17.8321
20.2102
19.7833
22.2071
22.4402
24.1594
25.1681
26.5474
27.8745
29.3265
30.7357
32.3594
33.6391
35.372
33.7607
34.784
36.6073
36.4276
38.346
38.6128
39.9072
40.6814
41.6496
42.554
43.5055
44.4022
45.4362
46.2084
47.2429
46.5656
47.7154
49.0926
49.0058
50.4961
50.6212
51.6022
52.116
52.8384
53.5629
54.338
55.1018
55.9677
56.5624
57.5107
60.6869
61.6803
62.5838
62.7192
63.9251
64.165
65.0205
65.2191
65.4106
65.2123
64.8637
64.7138
64.856
65.2294
65.5077
67.3899
66.7508
66.841
66.1032
66.2932
65.3289
64.858
63.7668
62.7849
61.6573
60.6903
59.9594
59.4172
59.4471
58.5639
66.2644
63.1061
61.3236
59.0107
57.3442
55.2777
53.9796
52.4235
51.0456
49.3827
47.6302
45.9068
44.7851
44.2937
42.0265
37.1819
35.5922
33.6452
30.6254
27.6056
24.3548
21.5261
18.662
16.1319
13.9944
12.529
11.7175
11.6985
11.6836
10.4649
62.2242
59.2993
54.235
46.7209
37.7289
29.3559
23.2354
18.5932
15.6252
14.7552
14.8099
15.2003
15.4277
14.9969
13.1932
25.134
26.0978
25.9583
25.939
26.6192
28.9471
29.8323
29.7184
29.6274
29.6178
31.015
30.4716
30.3584
30.9171
29.9311
29.6608
29.982
30.1291
28.3449
29.0744
29.2168
27.447
27.1886
28.3794
28.3621
26.3861
26.1986
27.5626
28.0924
25.6492
27.1305
27.9606
26.1626
25.9842
27.4846
28.2604
26.3553
27.5629
28.4816
27.3018
27.1714
28.3075
28.8168
27.9194
27.8524
28.7292
28.9333
28.0797
28.853
29.0908
28.6066
28.6188
29.199
29.7906
29.5147
29.4976
29.7871
30.8391
30.7014
30.6302
31.7707
31.7282
31.6051
31.483
32.0424
32.1374
33.288
32.2719
30.7709
32.0481
33.9229
26.0539
22.436
25.8803
29.8808
4.8614
15.0613
22.1527
-24.5956
-13.1965
-7.27846
-8.6849
-3.84258
-10.753
-9.96297
-3.60073
-3.5257
-2.4384
-2.27833
-1.46976
1.12699
5.35254
6.6372
-0.40501
1.15126
5.20896
9.01048
9.17383
10.7607
11.8425
14.0574
20.0036
16.7852
19.4304
20.1346
22.5153
26.4834
28.8249
29.9288
31.7954
30.8777
40.16
38.2608
39.5897
40.0143
40.3217
42.1232
45.2782
46.539
42.0124
48.4414
51.0976
52.8106
53.0461
51.3592
49.6008
48.0614
48.904
43.0238
52.3031
53.3024
47.4758
46.0354
43.6301
39.6127
36.6141
33.1613
24.0114
31.1835
38.283
31.0626
27.8232
23.0708
16.6027
11.5045
9.39167
5.8254
1.58246
0.854188
5.62063
1.28988
1.25484
0.402779
-0.836399
-5.56083
-6.96064
-4.32164
-13.5438
-0.777666
-2.58354
-3.11614
1.22473
0.343038
1.92097
2.36847
3.07708
3.82429
3.77643
4.10451
4.2734
4.29714
4.34287
4.33427
4.3457
4.30525
4.3021
4.24429
4.16309
4.17584
4.04116
4.20635
4.00954
3.70241
4.20852
3.77481
3.54808
3.7168
3.36655
4.2457
3.47653
3.15613
3.42976
2.96808
4.25446
3.35723
2.32807
4.39237
3.04435
2.48234
2.98345
2.2824
4.49373
2.78256
2.20127
2.74038
1.99304
4.39095
2.81959
1.17233
4.47328
2.45722
1.55972
2.29366
1.33581
4.32615
2.10421
1.23856
1.93704
0.990108
3.83081
2.01957
0.0307393
3.65106
1.62214
0.261655
1.23719
-0.00979402
3.05348
1.12076
-0.385327
0.681433
-0.609757
2.29342
0.796638
-1.63762
2.11796
0.278759
-1.36993
-0.349742
-1.50828
0.0142673
-0.00670397
-0.00426048
-0.00973151
-0.0109665
-0.0146813
-0.0180471
-0.0224497
-0.026608
-0.0296722
-0.0301268
-0.0272723
-0.0216476
-0.0166741
-0.0235627
-0.0587351
-0.0928576
-0.0407002
-0.264557
-0.315484
-0.384313
-0.519261
-0.658736
-0.780152
-0.880217
-0.950977
-0.988659
-0.995497
-0.971557
-0.918378
-0.840382
-0.742201
-0.628337
-0.50326
-0.371228
-0.236575
-0.103007
0.0272572
0.152989
0.272442
0.383798
0.486704
0.581293
0.667121
0.743786
0.811265
0.868649
0.91502
0.951278
0.977433
0.989278
0.982037
0.953698
0.902281
0.824583
0.716175
0.575547
0.418876
0.28444
0.175938
0.0687695
0.0156828
-0.00296704
-0.0224605
-0.0582658
-0.107838
-0.158187
-0.187046
-0.180517
-0.145772
-0.100025
-0.0558697
-0.0286508
-0.00651268
0.0135287
0.0836736
0.0536735
-0.0312699
-0.0506488
0.0289348
-0.0356528
0.00663157
-0.000525662
0.0115062
0.0126669
0.0144609
0.00912988
-0.00386145
-0.0285145
-0.0647644
-0.106815
-0.141823
-0.15971
-0.166324
-0.176545
-0.163863
-0.0218172
-0.352751
-0.43646
-0.583926
-0.838222
-1.08752
-1.30318
-1.47892
-1.59877
-1.65631
-1.65531
-1.5958
-1.48231
-1.32383
-1.1284
-0.904417
-0.660898
-0.406258
-0.148018
0.108427
0.359459
0.600945
0.828402
1.04036
1.23726
1.41778
1.57936
1.72231
1.8474
1.95147
2.03283
2.09472
2.13648
2.14811
2.121
2.05268
1.93739
1.7665
1.5286
1.2216
0.880818
0.592427
0.371624
0.151684
0.037047
-0.00686281
-0.0492014
-0.120616
-0.211005
-0.290623
-0.328271
-0.312344
-0.254375
-0.178282
-0.0976153
-0.0474073
-0.00687038
-0.017124
-0.088454
-0.0235884
0.249425
0.169995
0.0580104
-0.055251
0.00363784
-0.0109118
0.0033672
0.00117948
-0.00011031
-0.0117491
-0.0330935
-0.0678763
-0.113333
-0.160403
-0.195149
-0.211323
-0.222658
-0.253173
-0.276099
-0.096574
-0.299404
-0.454143
-0.627644
-0.927037
-1.21904
-1.47144
-1.67741
-1.81672
-1.88198
-1.87812
-1.80471
-1.66734
-1.47671
-1.24223
-0.974082
-0.683021
-0.378771
-0.0699839
0.236742
0.536594
0.82467
1.09631
1.34968
1.58451
1.79916
1.99123
2.16086
2.30844
2.43111
2.52736
2.59927
2.64496
2.65449
2.61881
2.53318
2.38884
2.17311
1.87509
1.49242
1.07245
0.722903
0.459398
0.192983
0.0479976
-0.0137209
-0.0722863
-0.16378
-0.273058
-0.363136
-0.400539
-0.375817
-0.30256
-0.208765
-0.10965
-0.04288
0.00846016
-0.000114375
-0.00128127
0.0148307
0.298408
0.187225
0.0758598
-0.0791782
0.00640078
-0.0116594
0.00998066
0.00856253
0.00782499
-0.007794
-0.0377199
-0.0868324
-0.150418
-0.215696
-0.265858
-0.293912
-0.312142
-0.340781
-0.362277
-0.187638
-0.240932
-0.565212
-0.757135
-1.11728
-1.47432
-1.78098
-2.03061
-2.19809
-2.27488
-2.26761
-2.17568
-2.00607
-1.77177
-1.48426
-1.1561
-0.800353
-0.428608
-0.0512498
0.323413
0.689115
1.04011
1.37137
1.68036
1.96609
2.22668
2.45995
2.66576
2.84411
2.99237
3.10909
3.19534
3.24817
3.25722
3.21242
3.10652
2.92802
2.66018
2.29215
1.82034
1.30373
0.876124
0.562507
0.243943
0.0622853
-0.0229957
-0.103319
-0.22006
-0.35285
-0.457675
-0.497223
-0.463009
-0.371123
-0.254474
-0.131517
-0.0449942
0.0234138
0.0105845
0.0340937
-0.00577282
0.394859
0.278753
0.0992258
-0.0971744
0.00788997
-0.0142646
0.0118677
0.00959863
0.00739592
-0.0138533
-0.053245
-0.115204
-0.191387
-0.265658
-0.32161
-0.355171
-0.380332
-0.416274
-0.446426
-0.288549
-0.173214
-0.675246
-0.888902
-1.31403
-1.74367
-2.11046
-2.40969
-2.60996
-2.70114
-2.69146
-2.58
-2.37533
-2.09304
-1.74686
-1.35197
-0.924058
-0.476986
-0.0231178
0.427517
0.867202
1.28901
1.68712
2.05848
2.40158
2.71414
2.99376
3.24021
3.45331
3.63022
3.76944
3.87164
3.93286
3.94145
3.88589
3.75688
3.54018
3.21485
2.76873
2.19625
1.56987
1.05044
0.675421
0.299164
0.0760944
-0.0374936
-0.144775
-0.290917
-0.448399
-0.56591
-0.604019
-0.557372
-0.445028
-0.303822
-0.154579
-0.0454679
0.0439722
0.0390506
0.129995
0.00353563
0.45542
0.359066
0.116017
-0.11442
0.0106871
-0.0134343
0.0181493
0.016154
0.0129803
-0.0138163
-0.0630504
-0.13797
-0.226491
-0.310745
-0.376083
-0.420162
-0.455819
-0.498118
-0.528758
-0.391938
-0.171852
-0.771588
-1.02601
-1.50429
-2.00203
-2.42269
-2.76618
-2.99486
-3.09739
-3.0837
-2.95227
-2.71334
-2.38495
-1.98289
-1.52479
-1.02881
-0.51088
0.0148164
0.536642
1.04552
1.53344
1.99391
2.42337
2.81981
3.18056
3.50311
3.78711
4.03218
4.23539
4.3952
4.51183
4.58031
4.58789
4.52178
4.37065
4.11768
3.7378
3.21786
2.54946
1.8206
1.21481
0.777957
0.349636
0.0861538
-0.0597474
-0.20023
-0.37965
-0.560671
-0.685557
-0.715957
-0.652062
-0.516452
-0.349478
-0.173842
-0.0406529
0.0698416
0.0767225
0.219085
0.0513471
0.484513
0.441849
0.132994
-0.126777
0.0145542
-0.0105628
0.0253471
0.0233355
0.0182118
-0.015209
-0.075025
-0.162003
-0.260475
-0.352518
-0.425897
-0.479898
-0.527043
-0.579859
-0.617111
-0.509702
-0.259728
-0.822411
-1.18368
-1.70642
-2.27379
-2.74791
-3.13419
-3.38943
-3.50167
-3.48256
-3.32986
-3.05564
-2.68041
-2.22201
-1.70055
-1.1366
-0.5481
0.0489634
0.641352
1.21865
1.77184
2.29382
2.78049
3.22934
3.63734
4.00193
4.32266
4.59892
4.82774
5.00759
5.13819
5.21359
5.22007
5.14358
4.97075
4.68233
4.24919
3.65726
2.89458
2.06611
1.37509
0.873594
0.396236
0.0919215
-0.0917804
-0.273786
-0.492541
-0.697907
-0.826013
-0.842281
-0.754823
-0.590593
-0.394076
-0.190305
-0.0313459
0.102218
0.125971
0.315499
0.178577
0.549325
0.50594
0.145346
-0.135461
0.0196151
-0.00457797
0.0353638
0.0335548
0.0258095
-0.0150707
-0.0857528
-0.183693
-0.291007
-0.39124
-0.47426
-0.540383
-0.601368
-0.66711
-0.714601
-0.640653
-0.407265
-0.80995
-1.36252
-1.91983
-2.55744
-3.08681
-3.51571
-3.79651
-3.91758
-3.89219
-3.71711
-3.4064
-2.98311
-2.46714
-1.88113
-1.24806
-0.587928
0.0814595
0.745269
1.39176
2.01091
2.59498
3.13934
3.64098
4.09656
4.50343
4.86106
5.16861
5.42309
5.62298
5.76756
5.84992
5.85532
5.76846
5.57394
5.25014
4.76392
4.10001
3.24357
2.31555
1.53402
0.9619
0.437045
0.0911578
-0.136369
-0.369031
-0.633739
-0.864424
-0.99129
-0.986271
-0.868055
-0.66874
-0.437779
-0.203164
-0.016668
0.141828
0.187008
0.422947
0.351742
0.632747
0.647085
0.15497
-0.138469
0.0263951
0.00474401
0.0477169
0.045749
0.0340567
-0.0154296
-0.0969942
-0.204702
-0.320185
-0.428789
-0.521858
-0.600833
-0.67699
-0.758194
-0.820699
-0.780046
-0.575863
-0.76344
-1.56531
-2.14683
-2.85036
-3.43707
-3.90775
-4.21199
-4.33999
-4.30679
-4.10789
-3.75946
-3.28707
-2.71271
-2.06154
-1.35897
-0.626994
0.114771
0.849921
1.56543
2.25029
2.89613
3.49781
4.05185
4.55458
5.00331
5.39739
5.73584
6.01561
6.23522
6.39352
6.4827
6.487
6.38985
6.17388
5.81513
5.27647
4.54094
3.59306
2.56713
1.68795
1.04092
0.472169
0.0832238
-0.195331
-0.488595
-0.806268
-1.06271
-1.18307
-1.14882
-0.992095
-0.750813
-0.480238
-0.211804
0.00387958
0.189132
0.260808
0.540282
0.538969
0.762186
0.741072
0.159784
-0.135571
0.0348843
0.0176956
0.0626713
0.059983
0.0428124
-0.0161537
-0.108108
-0.224687
-0.348366
-0.465836
-0.569806
-0.663034
-0.756081
-0.854836
-0.935585
-0.92602
-0.752907
-0.753632
-1.78921
-2.39243
-3.15328
-3.80073
-4.31322
-4.63874
-4.77144
-4.72847
-4.50393
-4.11626
-3.59347
-2.95969
-2.24262
-1.47005
-0.665981
0.148217
0.954592
1.73887
2.4891
3.1963
3.85484
4.46075
5.01012
5.50017
5.9302
6.29904
6.60366
6.84263
7.0144
7.11023
7.11341
7.00615
6.76901
6.3758
5.78538
4.97825
3.94064
2.81884
1.83406
1.1142
0.505948
0.0681603
-0.271148
-0.634481
-1.01297
-1.29551
-1.4036
-1.33171
-1.12831
-0.837703
-0.521951
-0.216335
0.0303502
0.244064
0.346015
0.662058
0.729391
0.961946
0.8581
0.15981
-0.125525
0.0454244
0.0344368
0.0798829
0.07538
0.0509495
-0.0179799
-0.119672
-0.244766
-0.376779
-0.503253
-0.618703
-0.727258
-0.838582
-0.956857
-1.0591
-1.08151
-0.95025
-0.844307
-2.01218
-2.65981
-3.46651
-4.17858
-4.73407
-5.07909
-5.21438
-5.15947
-4.90721
-4.47848
-3.90376
-3.20926
-2.4253
-1.58199
-0.70533
0.18158
1.05927
1.91227
2.72771
3.49605
4.21112
4.86855
5.46415
5.99512
6.46068
6.85953
7.18865
7.4467
7.63173
7.73411
7.7362
7.61902
7.36098
6.9337
6.29201
5.41252
4.28555
3.06964
1.97225
1.18991
0.541322
0.0434272
-0.36794
-0.808214
-1.25641
-1.566
-1.65556
-1.53692
-1.27821
-0.930385
-0.563448
-0.216905
0.0627651
0.306279
0.441411
0.788987
0.916956
1.16252
1.05221
0.153847
-0.10778
0.0579663
0.0548146
0.0987902
0.0909988
0.0577187
-0.0210857
-0.132005
-0.265538
-0.405719
-0.541212
-0.668902
-0.793979
-0.925017
-1.06473
-1.19149
-1.24918
-1.17684
-1.0487
-2.19696
-2.95226
-3.79169
-4.57078
-5.17113
-5.53419
-5.67009
-5.60085
-5.31843
-4.84657
-4.21813
-3.46145
-2.60944
-1.69457
-0.744754
0.215179
1.1643
2.08596
2.96645
3.79566
4.56694
5.27549
5.9169
6.48837
6.98903
7.41746
7.77074
8.04759
8.24569
8.35452
8.35558
8.22869
7.95003
7.48901
6.79645
5.84418
4.62748
3.31532
2.10853
1.27482
0.575892
0.00499733
-0.489303
-1.01128
-1.53881
-1.87734
-1.94198
-1.76667
-1.44335
-1.0298
-0.605209
-0.213707
0.101093
0.375255
0.545508
0.920442
1.09548
1.35332
1.17643
0.141328
-0.0816262
0.0724868
0.0784281
0.118423
0.105645
0.0624343
-0.025844
-0.145798
-0.287492
-0.435275
-0.57984
-0.720565
-0.863212
-1.01525
-1.17826
-1.33238
-1.42906
-1.42655
-1.33127
-2.31938
-3.27536
-4.13241
-4.97769
-5.6253
-6.00518
-6.14
-6.054
-5.73868
-5.22125
-4.53704
-3.7165
-2.79514
-1.80774
-0.784149
0.24916
1.26982
2.26009
3.20544
4.09523
4.92233
5.68157
6.36834
6.97983
7.51512
7.9727
8.34976
8.64513
8.85609
8.97128
8.97137
8.83501
8.53601
8.04154
7.29829
6.2738
4.96708
3.54587
2.25493
1.36863
0.603746
-0.0506397
-0.637764
-1.24617
-1.86281
-2.2328
-2.26613
-2.02345
-1.62552
-1.13701
-0.647766
-0.207018
0.145141
0.450531
0.656764
1.05524
1.2637
1.54207
1.39706
0.121338
-0.0467896
0.0886274
0.104446
0.137505
0.118274
0.0647232
-0.0326499
-0.161435
-0.310434
-0.465121
-0.619038
-0.773649
-0.934846
-1.10913
-1.29724
-1.48139
-1.62019
-1.68931
-1.64878
-2.38121
-3.63529
-4.4942
-5.40005
-6.09749
-6.49305
-6.62543
-6.52039
-6.16929
-5.60354
-4.86118
-3.97485
-2.98265
-1.92163
-0.82351
0.283601
1.37596
2.43481
3.44483
4.3949
5.27744
6.08692
6.81857
7.46961
8.03904
8.52533
8.92579
9.23939
9.46302
9.58447
9.58368
9.43811
9.11903
8.59132
7.7971
6.70089
5.30504
3.75434
2.41624
1.46525
0.619929
-0.125539
-0.815703
-1.51774
-2.2324
-2.63643
-2.6316
-2.30994
-1.82665
-1.25312
-0.691681
-0.197164
0.194538
0.531595
0.773581
1.19207
1.42163
1.70288
1.51437
0.0931091
-0.00320693
0.105798
0.131679
0.15467
0.128166
0.0642882
-0.0419178
-0.178813
-0.333801
-0.494924
-0.658693
-0.828
-1.00862
-1.2063
-1.42131
-1.63802
-1.82136
-1.95678
-1.96683
-2.41568
-4.04111
-4.88425
-5.83862
-6.58874
-6.99868
-7.12738
-7.00126
-6.6115
-5.99442
-5.19122
-4.23692
-3.17217
-2.03628
-0.862781
0.318632
1.48291
2.61031
3.68484
4.69489
5.63246
6.49171
7.26775
7.95783
8.56091
9.07544
9.49892
9.83046
10.0666
10.1942
10.1926
10.0381
9.69917
9.13835
8.2923
7.12357
5.63857
3.9493
2.58414
1.55682
0.622295
-0.220856
-1.02554
-1.83291
-2.65257
-3.09299
-3.04242
-2.629
-2.04879
-1.37929
-0.737547
-0.18451
0.248847
0.617815
0.894357
1.32941
1.57008
1.86631
1.66616
0.0556958
0.0487506
0.123012
0.158632
0.168772
0.134954
0.0608317
-0.0536792
-0.197212
-0.356875
-0.524369
-0.698618
-0.883366
-1.08421
-1.30641
-1.55013
-1.80192
-2.03197
-2.22719
-2.27885
-2.49724
-4.50129
-5.3083
-6.29467
-7.10032
-7.5231
-7.64667
-7.49763
-7.06645
-6.39491
-5.52789
-4.50314
-3.36392
-2.15174
-0.901898
0.354395
1.59083
2.7868
3.92565
4.99536
5.98754
6.89607
7.71599
8.44457
9.08077
9.62306
10.0692
10.4184
10.6667
10.8004
10.7982
10.635
10.2764
9.68252
8.78307
7.53971
5.95108
4.15296
2.75127
1.63844
0.610624
-0.337903
-1.26992
-2.19825
-3.12857
-3.60782
-3.5031
-2.9837
-2.29408
-1.51674
-0.785995
-0.169447
0.307655
0.708424
1.01753
1.46524
1.70829
2.00628
1.84084
0.00806213
0.108288
0.138954
0.183802
0.179128
0.138422
0.0541901
-0.0673437
-0.215617
-0.379076
-0.553232
-0.738611
-0.939461
-1.16127
-1.40914
-1.6834
-1.97288
-2.25224
-2.50601
-2.61088
-2.70876
-5.00339
-5.77125
-6.76976
-7.63383
-8.06771
-8.18418
-8.01034
-7.53515
-6.806
-5.87198
-4.77401
-3.55814
-2.26808
-0.940807
0.391027
1.69993
2.96449
4.16748
5.29652
6.34286
7.30016
8.1634
8.92993
9.59869
10.1682
10.6366
11.0031
11.2635
11.4032
11.4004
11.2289
10.8508
10.2237
9.26844
7.94912
6.21831
4.37818
2.91462
1.70862
0.584618
-0.478318
-1.55144
-2.6183
-3.66546
-4.18652
-4.01841
-3.37727
-2.56479
-1.66674
-0.837684
-0.152349
0.370572
0.802567
1.14149
1.59798
1.83655
2.1267
1.94521
-0.050992
0.174059
0.152099
0.205988
0.185469
0.138386
0.0446813
-0.0817793
-0.233074
-0.400024
-0.581331
-0.778442
-0.995989
-1.2395
-1.51417
-1.82088
-2.15077
-2.48271
-2.79987
-2.99071
-3.09589
-5.51426
-6.27534
-7.26642
-8.19083
-8.63446
-8.74095
-8.54013
-8.01844
-7.22859
-6.22425
-5.05007
-3.75513
-2.3854
-0.979456
0.42867
1.8104
3.14361
4.41056
5.59857
6.69859
7.70411
8.6101
9.41398
10.1147
10.711
11.2011
11.5846
11.8568
12.0025
11.9992
11.8197
11.4223
10.7619
9.74721
8.35579
6.44844
4.60721
3.06856
1.7671
0.543351
-0.643571
-1.87226
-3.09645
-4.26821
-4.83491
-4.59332
-3.81307
-2.86328
-1.83059
-0.893276
-0.133562
0.437187
0.89932
1.26376
1.72569
1.95509
2.24499
2.06288
-0.122656
0.244109
0.161062
0.224487
0.187696
0.134872
0.0332823
-0.0957118
-0.24893
-0.41951
-0.608502
-0.817876
-1.05266
-1.3186
-1.62127
-1.96238
-2.33546
-2.72366
-3.11201
-3.42262
-3.63998
-5.99293
-6.82124
-7.78771
-8.77347
-9.22545
-9.31837
-9.08783
-8.51703
-7.66342
-6.58544
-5.33186
-3.95518
-2.50377
-1.01779
0.467478
1.92245
3.32439
4.65512
5.90174
7.05494
8.1081
9.05622
9.89682
10.6289
11.2514
11.7628
12.163
12.4468
12.5983
12.5946
12.4075
11.9909
11.2972
10.2186
8.74671
6.67506
4.82319
3.20824
1.81375
0.485859
-0.834633
-2.23412
-3.63591
-4.94169
-5.55915
-5.23293
-4.29447
-3.19196
-2.00961
-0.953414
-0.113408
0.507042
0.997758
1.3812
1.84514
2.06342
2.34398
2.20201
-0.20771
0.315843
0.164981
0.238939
0.18578
0.128452
0.0214124
-0.108114
-0.262831
-0.437407
-0.63458
-0.856673
-1.10921
-1.39832
-1.73021
-2.10768
-2.52679
-2.97512
-3.44326
-3.89855
-4.29489
-6.40327
-7.40951
-8.34057
-9.38314
-9.84322
-9.91818
-9.65445
-9.03164
-8.1111
-6.95616
-5.61991
-4.15862
-2.62333
-1.05576
0.507608
2.0363
3.50708
4.90144
6.20626
7.41212
8.51231
9.50191
10.3785
11.1413
11.7894
12.3217
12.7381
13.0332
13.1905
13.1866
12.9921
12.5565
11.8294
10.6849
9.08105
6.93559
5.02784
3.33279
1.848
0.411505
-1.0519
-2.63852
-4.23984
-5.69078
-6.36557
-5.94245
-4.82484
-3.55328
-2.2051
-1.01871
-0.0922116
0.579602
1.09699
1.49224
1.95223
2.1615
2.42924
2.27777
-0.305641
0.386049
0.163694
0.249052
0.180001
0.120338
0.0104736
-0.118365
-0.274619
-0.45361
-0.659381
-0.894583
-1.16536
-1.4784
-1.84076
-2.25658
-2.72451
-3.23685
-3.7923
-4.4031
-5.00519
-6.735
-8.04957
-8.93084
-10.0219
-10.4902
-10.5423
-10.2413
-9.56306
-8.5722
-7.33693
-5.91469
-4.36577
-2.74419
-1.09332
0.549223
2.15219
3.69197
5.14977
6.51241
7.77035
8.91692
9.9473
10.8593
11.652
12.325
12.8777
13.31
13.6161
13.779
13.775
13.5736
13.1191
12.3579
11.1575
9.33993
7.21774
5.21998
3.44287
1.86911
0.320081
-1.29531
-3.08672
-4.91133
-6.52082
-7.26103
-6.72729
-5.40749
-3.9497
-2.41831
-1.08972
-0.0703321
0.654213
1.19535
1.59663
2.0444
2.24869
2.50984
2.40383
-0.413295
0.450871
0.157543
0.254546
0.171274
0.112055
0.00149189
-0.126175
-0.284214
-0.467997
-0.682695
-0.931345
-1.22083
-1.55859
-1.95268
-2.40879
-2.92825
-3.5083
-4.15671
-4.91972
-5.71122
-7.00131
-8.74725
-9.56965
-10.6914
-11.1684
-11.1931
-10.8501
-10.1124
-9.04727
-7.72815
-6.21656
-4.57693
-2.86648
-1.13043
0.592494
2.27036
3.87933
5.40042
6.82045
8.12989
9.32214
10.3926
11.3391
12.1611
12.8583
13.4308
13.8785
14.1953
14.3637
14.3597
14.1517
13.6789
12.8803
11.653
9.56293
7.47726
5.39276
3.5384
1.87658
0.211887
-1.56439
-3.5797
-5.65337
-7.43754
-8.25296
-7.59311
-6.04573
-4.38365
-2.65043
-1.16696
-0.0481834
0.730011
1.29153
1.69504
2.12442
2.3243
2.57177
2.47146
-0.52338
0.505676
0.14709
0.255468
0.161146
0.104967
-0.00495681
-0.131437
-0.291539
-0.480408
-0.704283
-0.966681
-1.27536
-1.63862
-2.06568
-2.56392
-3.1375
-3.78864
-4.53362
-5.43384
-6.37475
-7.28111
-9.52684
-10.2692
-11.3919
-11.8802
-11.8726
-11.4825
-10.6808
-9.53702
-8.13017
-6.52581
-4.79231
-2.99032
-1.16704
0.637596
2.39109
4.06946
5.65369
7.13069
8.49101
9.72822
10.8379
11.8181
12.6685
13.3893
13.981
14.4436
14.7708
14.9445
14.9406
14.7264
14.2361
13.3916
12.13
9.82144
7.70715
5.5445
3.61887
1.87019
0.0878097
-1.85809
-4.11769
-6.46804
-8.44697
-9.34916
-8.54572
-6.74282
-4.85754
-2.90254
-1.25091
-0.0262519
0.806002
1.38432
1.78811
2.198
2.39042
2.63664
2.55369
-0.623886
0.545009
0.133153
0.252502
0.15138
0.0999792
-0.00861576
-0.134098
-0.296481
-0.490639
-0.723877
-1.0003
-1.32865
-1.71817
-2.1794
-2.7215
-3.35153
-4.07668
-4.91997
-5.93974
-6.99021
-7.65582
-10.4068
-11.0331
-12.1257
-12.6265
-12.5832
-12.1404
-11.2699
-10.0423
-8.54341
-6.84261
-5.01205
-3.11577
-1.20309
0.684715
2.51463
4.2627
5.90993
7.44345
8.85401
10.1354
11.2834
12.2965
13.1744
13.918
14.5283
15.0052
15.3424
15.5212
15.5176
15.2974
14.7916
13.8913
12.4962
10.1537
7.91926
5.6776
3.68341
1.84994
-0.0506705
-2.17437
-4.6995
-7.35556
-9.55445
-10.5569
-9.59049
-7.50178
-5.3737
-3.17561
-1.342
-0.00508742
0.881146
1.47263
1.87573
2.26805
2.45064
2.68966
2.65125
-0.699645
0.563234
0.117162
0.246883
0.143456
0.0975479
-0.00937793
-0.134086
-0.298877
-0.49845
-0.741196
-1.03192
-1.38039
-1.79694
-2.29344
-2.88095
-3.56946
-4.37095
-5.31322
-6.43867
-7.57935
-8.19279
-11.3705
-11.8738
-12.8904
-13.4088
-13.3269
-12.826
-11.8814
-10.5643
-8.96837
-7.16715
-5.23622
-3.24285
-1.23852
0.734044
2.64128
4.45937
6.16948
7.75909
9.21921
10.544
11.7295
12.7744
13.6789
14.4445
15.0725
15.5632
15.9099
16.0937
16.0905
15.8645
15.3467
14.4032
12.7348
10.4992
8.10538
5.79234
3.7313
1.81633
-0.201382
-2.50995
-5.32183
-8.31329
-10.7637
-11.8813
-10.7314
-8.32496
-5.93427
-3.47047
-1.44062
0.014754
0.95449
1.55559
1.95809
2.33572
2.50852
2.73559
2.71923
-0.736357
0.556125
0.101321
0.239969
0.138346
0.0978555
-0.00717084
-0.13129
-0.298522
-0.503581
-0.755956
-1.06123
-1.43029
-1.87456
-2.40733
-3.04158
-3.7902
-4.66963
-5.71073
-6.93659
-8.20646
-8.98719
-12.3999
-12.7803
-13.6859
-14.227
-14.1059
-13.5411
-12.517
-11.1043
-9.40575
-7.49963
-5.46483
-3.37151
-1.27321
0.785793
2.77135
4.65984
6.43273
8.07796
9.58697
10.9543
12.1763
13.252
14.1821
14.9687
15.6138
16.1176
16.4732
16.6617
16.6591
16.4275
15.9004
14.9775
12.9208
10.7803
8.25863
5.88722
3.76196
1.7704
-0.361297
-2.85999
-5.97873
-9.3352
-12.0758
-13.3242
-11.9702
-9.21347
-6.54095
-3.78776
-1.54707
0.0328202
1.02534
1.63273
2.03571
2.40198
2.56668
2.7862
2.79463
-0.725491
0.522799
0.0882105
0.232869
0.136568
0.100978
-0.00190191
-0.125549
-0.295186
-0.505775
-0.767893
-1.08798
-1.47805
-1.95067
-2.52056
-3.2026
-4.01248
-4.97056
-6.10912
-7.43447
-8.87989
-10.0197
-13.3872
-13.7344
-14.5108
-15.0802
-14.922
-14.2875
-13.1782
-11.6636
-9.85639
-7.84037
-5.69788
-3.50166
-1.30701
0.840191
2.90516
4.8645
6.70008
8.40048
9.95765
11.3666
12.6241
13.7296
14.6842
15.4908
16.1521
16.6682
17.0322
17.2252
17.2232
16.9863
16.4417
15.5534
13.1702
11.0088
8.38502
5.96107
3.775
1.71374
-0.526368
-3.21773
-6.66115
-10.4115
-13.4859
-14.8825
-13.3048
-10.1665
-7.1947
-4.12784
-1.66149
0.0489112
1.09341
1.70393
2.10942
2.4676
2.62601
2.8309
2.88141
-0.667401
0.466714
0.0800399
0.226358
0.138364
0.106984
0.00655661
-0.116676
-0.288641
-0.504794
-0.776772
-1.11192
-1.52339
-2.02489
-2.63257
-3.36314
-4.23486
-5.27126
-6.50458
-7.92955
-9.58084
-11.1955
-14.2546
-14.7231
-15.3598
-15.9666
-15.7764
-15.0671
-13.8668
-12.2436
-10.3212
-8.1898
-5.93542
-3.63314
-1.33972
0.897498
3.04305
5.07376
6.97199
8.72709
10.3317
11.7813
13.0733
14.2073
15.1852
16.0108
16.6873
17.2149
17.5867
17.7837
17.7825
17.5419
16.9604
15.9869
13.5346
11.2077
8.49111
6.01278
3.7704
1.64846
-0.691337
-3.57447
-7.35724
-11.5291
-14.9828
-16.5475
-14.7292
-11.181
-7.89536
-4.49061
-1.78376
0.0632395
1.15892
1.76942
2.18008
2.53359
2.68675
2.87339
2.94828
-0.57095
0.394959
0.078078
0.221023
0.143845
0.11598
0.0183591
-0.104474
-0.278681
-0.500444
-0.782408
-1.13286
-1.56604
-2.09683
-2.74276
-3.52224
-4.45573
-5.56897
-6.89279
-8.41605
-10.2822
-12.4019
-14.9563
-15.7042
-16.2333
-16.8823
-16.6693
-15.8811
-14.5838
-12.8456
-10.8012
-8.54844
-6.17755
-3.76582
-1.37109
0.958003
3.18538
5.28805
7.24893
9.05826
10.7095
12.1989
13.5241
14.6855
15.6854
16.5288
17.2195
17.7578
18.1366
18.3373
18.3367
18.098
17.4823
16.2348
13.9349
11.3691
8.57631
6.04091
3.74883
1.57746
-0.849846
-3.92038
-8.05435
-12.6752
-16.5547
-18.3078
-16.2341
-12.251
-8.6414
-4.87531
-1.91332
0.0765736
1.22264
1.82962
2.24862
2.60091
2.74879
2.92015
3.03052
-0.450151
0.316205
0.0825647
0.217425
0.153067
0.128108
0.0336643
-0.0887706
-0.26515
-0.492586
-0.78466
-1.1506
-1.60576
-2.16612
-2.8505
-3.67883
-4.67329
-5.86071
-7.26935
-8.8873
-10.9488
-13.4923
-15.4391
-16.673
-17.1262
-17.8226
-17.5993
-16.73
-15.3304
-13.4706
-11.2972
-8.91685
-6.42446
-3.89957
-1.40087
1.02203
3.33253
5.50784
7.53141
9.39452
11.0916
12.6197
13.977
15.1644
16.1851
17.0449
17.7487
18.2966
18.6816
18.8857
18.8856
18.6596
18.0975
16.3843
14.2655
11.489
8.63838
6.04487
3.71173
1.50426
-0.995216
-4.2464
-8.74235
-13.8424
-18.1964
-20.1561
-17.8091
-13.3688
-9.4296
-5.28035
-2.04904
0.0903454
1.2858
1.88507
2.31597
2.67009
2.81231
2.95954
3.1016
-0.319843
0.238493
0.0929956
0.216148
0.166063
0.143534
0.0526078
-0.0694382
-0.24795
-0.481142
-0.783442
-1.16504
-1.64232
-2.23234
-2.95512
-3.83177
-4.88557
-6.14325
-7.62964
-9.33501
-11.5497
-14.3784
-15.7441
-17.6072
-18.0392
-18.7813
-18.5634
-17.6133
-16.1067
-14.1194
-11.81
-9.29555
-6.67637
-4.03431
-1.42876
1.08991
3.4849
5.73359
7.81997
9.73645
11.4786
13.0442
14.4324
15.6445
16.6844
17.5593
18.275
18.8315
19.2216
19.4287
19.4285
19.2161
18.7888
16.585
14.5201
11.5779
8.67591
6.02485
3.6612
1.43248
-1.12172
-4.54622
-9.4163
-15.0321
-19.9144
-22.0958
-19.4472
-14.5252
-10.2552
-5.7031
-2.18904
0.106722
1.3501
1.93629
2.38296
2.74243
2.87718
3.0052
3.17707
-0.192363
0.167839
0.108508
0.217784
0.182845
0.162416
0.0752767
-0.0464122
-0.227053
-0.466089
-0.77871
-1.17605
-1.6755
-2.29511
-3.05587
-3.97976
-5.0904
-6.41325
-7.96925
-9.75183
-12.0637
-15.0099
-15.9564
-18.5168
-18.9729
-19.7515
-19.5569
-18.5293
-16.9121
-14.7921
-12.34
-9.68494
-6.9335
-4.16998
-1.45451
1.16203
3.64289
5.96578
8.11516
10.0846
11.871
13.4731
14.8908
16.1261
17.1838
18.0722
18.7984
19.3623
19.7564
19.9658
19.9656
19.7422
19.3876
16.9369
14.7303
11.6463
8.68835
5.98214
3.59956
1.36505
-1.22548
-4.81682
-10.0764
-16.2538
-21.7278
-24.1431
-21.1479
-15.7119
-11.1119
-6.13974
-2.3306
0.128647
1.41754
1.98367
2.4504
2.81852
2.94362
3.04535
3.25422
-0.0760267
0.107903
0.128178
0.22287
0.2034
0.18487
0.101692
-0.0196978
-0.202496
-0.447461
-0.770464
-1.18357
-1.7051
-2.35399
-3.15199
-4.12143
-5.28551
-6.66742
-8.28435
-10.133
-12.4915
-15.4288
-16.2246
-19.4057
-19.9274
-20.7276
-20.574
-19.4747
-17.7449
-15.4882
-12.8873
-10.0852
-7.196
-4.30653
-1.47783
1.23877
3.80694
6.20487
8.41755
10.4397
12.2695
13.9069
15.3527
16.6097
17.6834
18.5837
19.319
19.8892
20.2858
20.4967
20.5004
20.2243
19.7325
17.3882
14.8944
11.6971
8.67492
5.91868
3.52882
1.30373
-1.30429
-5.05732
-10.7261
-17.5219
-23.6647
-26.3264
-22.9185
-16.9223
-11.9928
-6.58526
-2.47002
0.159867
1.49044
2.02739
2.51899
2.89957
3.01119
3.08122
3.32324
0.0248123
0.0603595
0.15119
0.231844
0.22767
0.210953
0.131801
0.0106318
-0.174373
-0.425336
-0.758737
-1.18755
-1.73094
-2.40856
-3.24261
-4.25529
-5.46856
-6.9028
-8.5722
-10.4772
-12.8538
-15.7484
-16.6891
-20.2194
-20.9028
-21.7073
-21.6089
-20.4456
-18.6021
-16.2061
-13.4512
-10.4962
-7.46386
-4.44387
-1.49847
1.32053
3.97749
6.45134
8.72768
10.8024
12.6748
14.3463
15.8188
17.0957
18.1837
19.0941
19.8369
20.4122
20.81
21.0211
21.044
20.7415
19.8719
17.812
15.0048
11.7304
8.63605
5.83642
3.45006
1.24926
-1.35673
-5.26745
-11.3697
-18.8542
-25.762
-28.6851
-24.7732
-18.1527
-12.8906
-7.03354
-2.60256
0.204952
1.57127
2.06737
2.58937
2.98708
3.08043
3.11709
3.39117
0.108853
0.0255124
0.176888
0.245009
0.255546
0.240644
0.165481
0.044444
-0.142824
-0.399829
-0.743594
-1.18796
-1.75281
-2.45834
-3.32685
-4.37981
-5.63741
-7.11713
-8.83168
-10.7866
-13.1748
-16.0572
-17.3917
-20.847
-21.9017
-22.6934
-22.6575
-21.4377
-19.4798
-16.9434
-14.0305
-10.9173
-7.73686
-4.58182
-1.51614
1.40773
4.15501
6.70567
9.04607
11.1732
13.0877
14.7922
16.2897
17.5847
18.6851
19.6037
20.3524
20.9314
21.3288
21.5384
21.6048
21.414
19.9346
18.1359
15.0744
11.7455
8.57256
5.73661
3.3633
1.20182
-1.38115
-5.44627
-12.0117
-20.2717
-28.0651
-31.2714
-26.7338
-19.402
-13.7985
-7.47753
-2.72252
0.269312
1.66273
2.10317
2.66216
3.08225
3.15222
3.14526
3.45895
0.176737
0.00286351
0.204775
0.262522
0.286857
0.273845
0.202548
0.0815568
-0.108033
-0.371092
-0.725133
-1.1848
-1.77055
-2.50288
-3.40377
-4.49353
-5.79029
-7.30923
-9.06335
-11.0646
-13.4695
-16.3719
-18.2128
-21.2227
-22.9377
-23.6974
-23.7184
-22.4478
-20.3737
-17.6963
-14.6231
-11.3475
-8.01449
-4.72006
-1.53049
1.50079
4.33999
6.96834
9.37322
11.5528
13.5088
15.2452
16.7662
18.0775
19.1882
20.1128
20.8655
21.4469
21.8421
22.0471
22.1659
22.1806
20.1026
18.3875
15.1224
11.7428
8.48509
5.61916
3.26766
1.16145
-1.37511
-5.59153
-12.6557
-21.7984
-30.6297
-34.1515
-28.83
-20.6723
-14.7099
-7.9095
-2.82322
0.359212
1.76757
2.13393
2.73795
3.18706
3.22649
3.16473
3.52219
0.230096
-0.00847463
0.234467
0.284399
0.321378
0.310395
0.242768
0.121749
-0.0702151
-0.33931
-0.703484
-1.17809
-1.784
-2.5417
-3.47248
-4.59522
-5.92614
-7.47922
-9.26939
-11.3154
-13.7447
-16.6755
-18.9789
-21.4038
-24.0345
-24.7371
-24.7927
-23.4743
-21.2802
-18.4611
-15.2259
-11.7849
-8.2958
-4.85809
-1.54112
1.60018
4.53297
7.23988
9.70964
11.9417
13.9389
15.7063
17.2493
18.5749
19.6935
20.6218
21.3766
21.959
22.3497
22.5469
22.6955
22.8445
20.4378
18.5977
15.1609
11.7212
8.37338
5.48282
3.16166
1.12841
-1.33494
-5.69903
-13.3035
-23.4595
-33.5213
-37.407
-31.0989
-21.9682
-15.6195
-8.32133
-2.89719
0.481803
1.88864
2.1583
2.81728
3.30429
3.30281
3.17467
3.58179
0.270881
-0.0095172
0.26565
0.310533
0.358837
0.350073
0.285874
0.164765
-0.0296225
-0.304708
-0.67882
-1.16791
-1.79302
-2.57435
-3.53223
-4.68406
-6.0448
-7.62849
-9.45299
-11.5432
-14.0032
-16.9526
-19.5886
-21.5951
-25.1945
-25.8312
-25.8833
-24.5178
-22.1972
-19.2338
-15.8357
-12.2273
-8.57939
-4.99514
-1.54751
1.70639
4.73449
7.52086
10.0559
12.3405
14.3787
16.1763
17.7399
19.0777
20.2018
21.1312
21.8858
22.4678
22.8514
23.0413
23.1783
23.2302
20.8629
18.7664
15.1948
11.6789
8.23621
5.32536
3.04341
1.10327
-1.25539
-5.76204
-13.9534
-25.2793
-36.811
-41.1325
-33.5849
-23.2969
-16.5223
-8.70473
-2.93625
0.64515
2.02883
2.17432
2.90078
3.43642
3.38327
3.16313
3.64487
0.300958
-0.0012622
0.298048
0.340717
0.398932
0.392619
0.331565
0.210314
0.0134526
-0.267559
-0.651365
-1.15435
-1.7975
-2.60047
-3.58248
-4.75981
-6.14704
-7.75934
-9.61778
-11.752
-14.2471
-17.2074
-20.0733
-22.0301
-26.34
-26.9917
-26.9947
-25.581
-23.1245
-20.0116
-16.4489
-12.6716
-8.8634
-5.13013
-1.54899
1.81997
4.94512
7.81186
10.4124
12.7497
14.8287
16.656
18.2388
19.5869
20.714
21.6415
22.3936
22.9738
23.347
23.5415
23.677
23.3603
21.275
18.8914
15.2229
11.6136
8.0714
5.14375
2.91059
1.087
-1.12956
-5.77074
-14.5974
-27.2715
-40.5624
-45.4223
-36.3358
-24.6678
-17.4143
-9.05151
-2.9317
0.858282
2.19097
2.17932
2.98903
3.58791
3.46535
3.13181
3.70619
0.321895
0.0153812
0.331394
0.374678
0.441338
0.437737
0.379513
0.258066
0.0586684
-0.228195
-0.621398
-1.13757
-1.79741
-2.61983
-3.62307
-4.82289
-6.23437
-7.87445
-9.76705
-11.9449
-14.4785
-17.4551
-20.5296
-22.8237
-27.298
-28.2241
-28.135
-26.6675
-24.0638
-20.7932
-17.0626
-13.1149
-9.14561
-5.26168
-1.54475
1.94149
5.16544
8.1135
10.7799
13.1697
15.2895
17.1461
18.7472
20.1037
21.2311
22.1536
22.9004
23.4776
23.8362
24.0585
24.3065
23.3661
21.6213
18.9817
15.2425
11.5227
7.87567
4.9341
2.76047
1.08095
-0.94895
-5.7121
-15.217
-29.4204
-44.7973
-50.3352
-39.3939
-26.0913
-18.2922
-9.35385
-2.87449
1.13122
2.37782
2.16976
3.08274
3.76355
3.55099
3.06887
3.76313
0.334896
0.039623
0.365426
0.412098
0.485717
0.485099
0.429355
0.307642
0.105622
-0.187013
-0.589261
-1.11778
-1.79278
-2.63238
-3.65425
-4.87427
-6.30871
-7.9764
-9.90337
-12.1239
-14.6983
-17.702
-20.9852
-23.8618
-27.9252
-29.5389
-29.3167
-27.7802
-25.018
-21.5787
-17.6749
-13.5546
-9.42364
-5.38818
-1.5338
2.07162
5.39603
8.4264
11.1589
13.6013
15.7617
17.6473
19.2659
20.629
21.7542
22.6683
23.4066
23.9796
24.3175
24.5839
25.0695
23.4217
21.9224
19.0536
15.2499
11.4029
7.64473
4.69171
2.58983
1.08683
-0.704842
-5.57235
-15.779
-31.6594
-49.4461
-55.8322
-42.7765
-27.5776
-19.1533
-9.60462
-2.75544
1.47498
2.5919
2.14098
3.18269
3.9699
3.64003
2.96446
3.81751
0.340795
0.0708031
0.399879
0.452629
0.531713
0.534341
0.480682
0.358601
0.153839
-0.144479
-0.555346
-1.09523
-1.78371
-2.63834
-3.67664
-4.91527
-6.37195
-8.06723
-10.0284
-12.2903
-14.9058
-17.945
-21.4098
-24.8763
-28.2317
-30.9531
-30.5567
-28.9198
-25.9899
-22.3694
-18.2852
-13.9887
-9.69526
-5.50783
-1.51499
2.21104
5.63742
8.75112
11.55
14.0449
16.2457
18.1602
19.7957
21.164
22.2844
23.1867
23.913
24.4807
24.7901
25.0906
25.8486
23.6277
22.2061
19.1218
15.2435
11.2508
7.37328
4.41119
2.39514
1.10617
-0.394155
-5.34597
-16.2444
-33.8785
-54.3298
-61.7305
-46.4534
-29.1341
-19.9959
-9.7977
-2.56547
1.90145
2.83521
2.08694
3.2897
4.21645
3.73196
2.81137
3.861
0.340092
0.10839
0.434489
0.4959
0.578954
0.585052
0.533031
0.410429
0.202775
-0.101113
-0.520069
-1.07018
-1.77044
-2.63812
-3.69112
-4.94723
-6.42569
-8.1484
-10.1431
-12.4441
-15.0997
-18.1778
-21.7719
-25.6707
-28.4332
-32.4678
-31.8723
-30.0848
-26.9808
-23.1669
-18.8934
-14.4161
-9.95866
-5.61891
-1.48712
2.36051
5.8901
9.08813
11.9539
14.5011
16.7421
18.6853
20.3372
21.7096
22.823
23.7099
24.4202
24.9813
25.2556
25.5528
26.5024
23.9696
22.4804
19.1932
15.2228
11.0629
7.05514
4.08658
2.17279
1.13845
-0.0285657
-5.05998
-16.6147
-35.9918
-59.2434
-67.7598
-50.3374
-30.763
-20.8188
-9.92854
-2.29593
2.42326
3.10893
1.99974
3.4046
4.5146
3.8268
2.59168
3.90298
0.33299
0.151975
0.468988
0.541518
0.627035
0.636768
0.585867
0.462539
0.251826
-0.0574576
-0.483841
-1.04294
-1.75329
-2.63228
-3.69858
-4.9713
-6.47109
-8.22073
-10.2478
-12.5854
-15.279
-18.3959
-22.0694
-26.2356
-28.8625
-34.0145
-33.2752
-31.2723
-27.9906
-23.9724
-19.5003
-14.8362
-10.2126
-5.71986
-1.44895
2.52079
6.15448
9.43775
12.371
14.9705
17.2514
19.223
20.8912
22.2668
23.3712
24.2394
24.9292
25.4822
25.719
25.9637
26.9328
24.3809
22.7428
19.2703
15.1863
10.8348
6.68348
3.71173
1.92043
1.17609
0.346728
-4.81371
-16.9528
-37.9994
-64.0778
-73.7027
-54.3076
-32.4595
-21.6217
-9.99466
-1.93895
3.05349
3.41291
1.86915
3.52804
4.87929
3.92245
2.28593
3.92015
0.319437
0.201257
0.503098
0.589058
0.675506
0.688954
0.638589
0.514284
0.300364
-0.0140299
-0.447022
-1.01376
-1.73261
-2.62137
-3.69978
-4.98833
-6.50888
-8.28462
-10.3423
-12.7139
-15.443
-18.5977
-22.3258
-26.7122
-29.7473
-35.3998
-34.7687
-32.4805
-29.0165
-24.7864
-20.106
-15.2491
-10.4562
-5.80949
-1.39933
2.69261
6.4309
9.80015
12.8014
15.4535
17.7743
19.7741
21.4581
22.8363
23.93
24.7763
25.441
25.9839
26.1903
26.3531
27.1354
24.797
22.9894
19.354
15.1327
10.5618
6.2511
3.28163
1.6382
1.19391
0.587487
-4.71547
-17.253
-39.9521
-68.8005
-79.3974
-58.2245
-34.2097
-22.4048
-9.99625
-1.48784
3.8053
3.74513
1.68192
3.6604
5.3297
4.01547
1.85693
3.97011
0.299158
0.256013
0.53652
0.63805
0.723862
0.741008
0.690531
0.564987
0.347792
0.0287337
-0.409895
-0.982885
-1.7087
-2.60585
-3.69529
-4.99889
-6.53945
-8.34018
-10.4268
-12.8294
-15.5912
-18.7822
-22.5593
-27.1805
-31.0326
-36.3893
-36.3475
-33.7117
-30.0544
-25.6081
-20.7103
-15.6547
-10.6893
-5.88695
-1.33727
2.87674
6.7197
10.1753
13.2452
15.9504
18.3111
20.339
22.0386
23.4186
24.5003
25.3221
25.9568
26.4868
26.6821
26.7864
27.1834
25.181
23.2225
19.4449
15.0602
10.2384
5.75109
2.79741
1.32866
1.15045
0.523
-4.81539
-17.5459
-41.8223
-73.2905
-84.6236
-61.9467
-35.989
-23.1675
-9.93655
-0.937516
4.69143
4.10105
1.42109
3.80076
5.88926
4.09267
1.27411
3.99041
0.271696
0.316064
0.568925
0.687972
0.771537
0.792261
0.740994
0.614
0.39361
0.0705271
-0.372622
-0.950445
-1.68175
-2.58601
-3.68546
-5.00329
-6.56299
-8.38743
-10.5009
-12.9319
-15.7228
-18.9478
-22.7725
-27.6121
-32.3685
-36.8862
-38.0198
-34.9763
-31.0979
-26.4354
-21.3122
-16.0526
-10.9115
-5.95167
-1.26194
3.07387
7.02122
10.5633
13.7022
16.4611
18.8622
20.9182
22.6332
24.0144
25.0829
25.878
26.4779
26.9904
27.2021
27.3258
27.1919
25.5355
23.4504
19.5439
14.9677
9.8589
5.17943
2.27313
1.02849
0.939789
0.0557638
-5.19849
-17.9321
-43.5159
-77.2869
-88.9884
-65.2898
-37.7622
-23.9093
-9.82211
-0.285074
5.72346
4.47279
1.06497
3.94713
6.57606
4.12841
0.480436
4.03413
0.236464
0.38122
0.599946
0.738232
0.817902
0.84201
0.789307
0.660773
0.437474
0.111209
-0.335228
-0.916445
-1.65185
-2.56201
-3.67054
-5.00176
-6.57959
-8.42636
-10.5646
-13.0211
-15.8376
-19.0925
-22.9611
-27.9621
-33.4516
-37.0637
-39.7889
-36.2877
-32.1385
-27.2646
-21.9096
-16.4419
-11.1224
-6.0032
-1.17266
3.2847
7.33583
10.9638
14.1719
16.9852
19.4276
21.512
23.2423
24.6242
25.6783
26.4448
27.0058
27.4936
27.7453
27.9818
27.27
25.8877
23.6816
19.6528
14.854
9.4181
4.54317
1.73482
0.862672
0.354233
-0.855546
-5.998
-18.4913
-44.8913
-80.6811
-92.1485
-68.0896
-39.4892
-24.6313
-9.66303
0.469634
6.91061
4.84853
0.586274
4.09452
7.40722
4.09791
-0.563037
4.06346
0.192825
0.451204
0.629169
0.788173
0.8623
0.889563
0.834891
0.704924
0.47924
0.15082
-0.297583
-0.880775
-1.61897
-2.53398
-3.65071
-4.99446
-6.58938
-8.45704
-10.6182
-13.0972
-15.9353
-19.2152
-23.1202
-28.2098
-34.1752
-37.2992
-41.5987
-37.6587
-33.1661
-28.0904
-22.5001
-16.821
-11.3215
-6.04108
-1.06885
3.5099
7.66398
11.377
14.6539
17.5222
20.0068
22.1207
23.8665
25.2483
26.287
27.0233
27.5414
27.9947
28.2982
28.7195
27.4683
26.2601
23.9255
19.774
14.7186
8.914
3.86232
1.27457
0.793139
-0.701708
-2.31448
-7.36762
-19.301
-45.8362
-83.5477
-93.8632
-70.2233
-41.1134
-25.3363
-9.47335
1.32331
8.25853
5.21128
-0.0492186
4.23085
8.39361
3.93234
-1.85166
4.14423
0.140205
0.525566
0.656146
0.83708
0.904082
0.93431
0.877338
0.746289
0.518977
0.189574
-0.259445
-0.843279
-1.58314
-2.50207
-3.62619
-4.98159
-6.59253
-8.47966
-10.6616
-13.1602
-16.0158
-19.3151
-23.2484
-28.3726
-34.6421
-37.924
-43.3101
-39.0913
-34.17
-28.9062
-23.0804
-17.1877
-11.5075
-6.06471
-0.949943
3.75011
8.00621
11.803
15.1477
18.0711
20.5993
22.744
24.5059
25.8873
26.9092
27.6139
28.0859
28.4929
28.8434
29.4834
27.7821
26.661
24.1892
19.9109
14.5623
8.35342
3.14864
1.11426
0.589415
-2.26243
-4.44771
-9.49701
-20.4642
-46.4296
-85.789
-94.1179
-71.5721
-42.5829
-26.0311
-9.27113
2.26864
9.76719
5.54045
-0.88257
4.33236
9.53254
3.59967
-3.55788
3.86668
0.0782697
0.603574
0.680421
0.884213
0.942682
0.975798
0.916465
0.784937
0.556948
0.227811
-0.220531
-0.80384
-1.54441
-2.46648
-3.59723
-4.96341
-6.58929
-8.49448
-10.6952
-13.2106
-16.0793
-19.3922
-23.3465
-28.4812
-35.0091
-39.0452
-44.7193
-40.5677
-35.1443
-29.7036
-23.647
-17.5395
-11.679
-6.07335
-0.815346
4.00598
8.36308
12.2419
15.6531
18.6313
21.2041
23.3815
25.1606
26.5415
27.5453
28.2168
28.6401
28.9879
29.3679
30.2304
28.1961
27.0896
24.4787
20.0672
14.3892
7.74203
2.48591
1.23726
0.0153454
-4.40858
-7.38095
-12.6226
-22.116
-46.8494
-87.533
-93.0936
-72.4106
-43.854
-26.7265
-9.07757
3.29413
11.4259
5.80914
-1.96639
4.34352
10.8122
3.15083
-5.27423
4.19535
0.00715272
0.684106
0.701578
0.928863
0.977687
1.01379
0.952336
0.821147
0.593556
0.265912
-0.180614
-0.762461
-1.503
-2.42754
-3.56418
-4.94027
-6.58
-8.50183
-10.7194
-13.2485
-16.126
-19.4464
-23.4151
-28.5534
-35.3295
-40.4535
-45.6421
-42.0653
-36.0882
-30.473
-24.1959
-17.8735
-11.8344
-6.06607
-0.66442
4.27814
8.73522
12.6942
16.1699
19.2021
21.8204
24.0323
25.8303
27.2108
28.1955
28.8321
29.2043
29.4808
29.864
30.9246
28.6763
27.5444
24.7982
20.2469
14.2096
7.06097
2.08347
1.39652
-0.994008
-7.31117
-11.3313
-17.0168
-24.4539
-47.234
-88.6815
-91.0043
-73.0429
-44.8421
-27.4469
-8.90395
4.39067
13.224
5.99083
-3.36529
4.23581
12.2489
2.41469
-7.12715
3.65059
-0.0722589
0.765555
0.719308
0.970411
1.0089
1.0483
0.985238
0.855353
0.629254
0.304193
-0.139614
-0.719299
-1.45924
-2.38566
-3.52748
-4.91259
-6.56509
-8.50214
-10.7345
-13.2743
-16.1563
-19.4782
-23.4543
-28.5942
-35.5802
-41.7956
-46.028
-43.5664
-37.0051
-31.2048
-24.7224
-18.1866
-11.9716
-6.04182
-0.496503
4.56716
9.12322
13.1604
16.6983
19.783
22.4472
24.6956
26.5144
27.8954
28.8598
29.4596
29.7789
29.9741
30.3291
31.5365
29.1913
28.0194
25.1517
20.4555
14.0307
6.34653
2.06744
1.22666
-2.25715
-11.2126
-16.6129
-22.9907
-27.7273
-47.6284
-88.2481
-88.176
-73.2462
-45.5388
-28.1969
-8.7561
5.54313
15.1605
6.0503
-5.18505
4.11947
13.9217
0.84316
-9.59033
1.74231
-0.158042
0.845797
0.733478
1.0084
1.03638
1.07955
1.01563
0.888046
0.664436
0.342821
-0.0976283
-0.674673
-1.41356
-2.34131
-3.48761
-4.88086
-6.54502
-8.49585
-10.741
-13.2884
-16.1706
-19.488
-23.4647
-28.602
-35.7252
-42.8122
-46.0348
-45.0346
-37.9059
-31.8881
-25.2214
-18.4757
-12.0886
-5.99951
-0.310944
4.87358
9.52757
13.6409
17.2384
20.3737
23.0837
25.3703
27.2122
28.5946
29.5379
30.099
30.3637
30.4702
30.7636
32.0559
29.7445
28.5079
25.5424
20.7018
13.8408
5.76862
2.4929
0.495147
-3.79011
-16.5118
-23.6422
-30.8974
-32.202
-48.0755
-86.2555
-84.6957
-72.8656
-46.0193
-28.9675
-8.65412
6.71276
17.2022
5.97052
-7.58963
4.24016
15.8911
-1.17968
-13.2493
-0.78182
-0.247058
0.922272
0.744188
1.04258
1.06042
1.10797
1.04403
0.919674
0.699347
0.381764
-0.0549384
-0.62903
-1.3665
-2.29507
-3.44514
-4.84562
-6.52033
-8.48346
-10.7393
-13.2914
-16.1695
-19.4768
-23.4469
-28.574
-35.7465
-43.4083
-45.9349
-46.4234
-38.7967
-32.513
-25.6871
-18.7378
-12.1833
-5.93806
-0.107154
5.1978
9.94867
14.136
17.7903
20.9741
23.7294
26.0556
27.9227
29.3079
30.2296
30.7499
30.9586
30.9723
31.1718
32.4692
30.3023
29.0111
25.9716
20.9951
13.6384
5.46563
3.15468
-0.410253
-5.74822
-23.7443
-32.9452
-41.0363
-38.1129
-48.673
-83.0438
-80.6869
-71.8693
-46.3147
-29.7646
-8.6239
7.81597
19.2649
5.63791
-11.012
4.86574
17.7299
-1.58484
-16.4007
0.656248
-0.335012
0.992216
0.751785
1.07293
1.08148
1.13404
1.07095
0.950541
0.734029
0.420795
-0.0119716
-0.582914
-1.31864
-2.24753
-3.40067
-4.80748
-6.49157
-8.46549
-10.7299
-13.2837
-16.1538
-19.4459
-23.4026
-28.5101
-35.6567
-43.6494
-46.0019
-47.6673
-39.6749
-33.0714
-26.1131
-18.9703
-12.2536
-5.85646
0.115337
5.54006
10.3867
14.6458
18.3542
21.5843
24.3842
26.7509
28.6452
30.0345
30.9342
31.4117
31.563
31.4841
31.5604
32.7657
30.8441
29.5234
26.4428
21.335
13.4906
5.57608
3.66449
-1.19907
-8.25253
-33.4688
-44.8985
-53.4154
-45.5521
-49.5244
-78.8864
-76.2021
-70.2894
-46.4563
-30.6095
-8.69227
8.68665
21.0277
4.81276
-16.1017
5.79743
18.8582
0.659273
-16.6204
4.04949
-0.416886
1.05306
0.756834
1.09962
1.10014
1.15826
1.09674
0.980752
0.76832
0.459525
0.0307433
-0.536924
-1.27063
-2.19935
-3.35486
-4.76708
-6.45935
-8.44246
-10.7133
-13.266
-16.1244
-19.3966
-23.3337
-28.4129
-35.4875
-43.6913
-46.4019
-48.673
-40.529
-33.557
-26.4932
-19.1707
-12.2977
-5.75386
0.356826
5.90042
10.8415
15.1702
18.9299
22.2039
25.0478
27.456
29.3791
30.7738
31.6509
32.0835
32.1762
32.01
31.9485
32.9807
31.3725
30.0398
26.957
21.7149
13.5278
6.17783
3.81591
-1.95794
-11.3249
-46.0496
-59.4673
-67.7249
-54.2909
-50.6528
-74.0751
-71.4338
-68.1976
-46.5157
-31.5177
-8.85168
9.05352
22.0696
3.12344
-22.418
6.05592
19.7364
4.83022
-14.2102
9.99861
-0.487752
1.1029
0.76005
1.12297
1.11696
1.181
1.1216
1.01021
0.801889
0.49746
0.0726206
-0.491694
-1.22312
-2.1512
-3.3084
-4.72507
-6.42426
-8.4149
-10.69
-13.2389
-16.0823
-19.3309
-23.2425
-28.2851
-35.2652
-43.6366
-47.086
-49.3668
-41.3346
-33.9688
-26.8213
-19.3373
-12.3144
-5.62962
0.617388
6.27865
11.3128
15.7088
19.5168
22.8327
25.7199
28.1707
30.1242
31.525
32.3789
32.7644
32.7975
32.5549
32.3753
33.1793
31.8822
30.5597
27.5075
22.1379
13.8652
7.28066
3.91452
-2.80615
-14.9314
-61.5644
-76.2691
-83.3268
-63.6195
-51.8752
-68.9213
-67.0053
-65.6593
-46.5919
-32.5038
-9.03329
9.22603
22.6715
0.288109
-29.4166
5.10721
20.3415
10.2536
-10.3853
18.2222
-0.543808
1.14093
0.762191
1.14336
1.1324
1.20246
1.14549
1.03863
0.834289
0.534048
0.113051
-0.447869
-1.17679
-2.1038
-3.262
-4.68215
-6.38691
-8.38331
-10.6605
-13.2029
-16.0288
-19.2504
-23.1313
-28.1294
-35.0044
-43.5056
-47.8311
-49.7029
-42.0612
-34.3081
-27.0923
-19.4685
-12.3025
-5.48337
0.896826
6.67429
11.7998
16.2605
20.114
23.4697
26.4003
28.895
30.8805
32.2878
33.1174
33.4534
33.4253
33.1198
32.8648
33.401
32.3864
31.0764
28.0795
22.6255
14.5394
8.77811
4.30819
-3.7294
-18.9995
-79.7852
-94.4851
-99.0234
-72.3574
-52.7232
-63.7375
-64.1581
-62.7154
-46.818
-33.6021
-9.1667
10.2034
23.526
-3.43716
-36.6749
3.02159
20.5015
15.1569
-5.62487
27.9459
-0.583281
1.16765
0.763958
1.16118
1.14675
1.22266
1.1682
1.06563
0.865017
0.568716
0.151424
-0.406097
-1.13233
-2.05786
-3.21637
-4.63896
-6.34785
-8.34814
-10.6252
-13.1589
-15.9649
-19.1571
-23.0023
-27.9484
-34.7129
-43.2957
-48.4485
-49.6874
-42.683
-34.5803
-27.3026
-19.5634
-12.2616
-5.31506
1.19464
7.0865
12.3014
16.8242
20.7201
24.1138
27.0881
29.6288
31.6481
33.0623
33.8659
34.1494
34.0579
33.7018
33.411
33.6373
32.8871
31.5785
28.6549
23.2071
15.5126
10.4577
5.04842
-4.63756
-23.3877
-99.9636
-112.88
-113.255
-79.2574
-52.6104
-58.5967
-63.0556
-58.96
-47.3385
-34.8086
-9.25977
12.2485
25.2794
-8.41268
-43.687
0.0333244
19.8775
19.029
-0.0568962
32.8498
-0.606844
1.18475
0.765882
1.17671
1.16013
1.24143
1.18943
1.09076
0.893552
0.600904
0.187144
-0.367012
-1.0904
-2.01406
-3.17218
-4.59611
-6.30758
-8.30981
-10.5846
-13.1076
-15.892
-19.0528
-22.858
-27.7448
-34.3932
-42.9959
-48.8184
-49.3792
-43.1741
-34.7908
-27.4504
-19.6214
-12.1919
-5.125
1.50999
7.51414
12.8163
17.398
21.333
24.763
27.7822
30.3717
32.4272
33.8486
34.6241
34.8515
34.6932
34.2944
33.9947
33.8702
33.371
32.05
29.2199
23.9038
16.7213
12.1413
6.02379
-5.44862
-27.8937
-120.803
-130.391
-124.789
-83.6644
-51.1921
-53.1659
-61.3065
-54.1914
-48.0829
-36.1762
-9.41229
14.7044
27.6433
-14.9536
-48.6763
-3.44092
18.2443
21.6051
5.60047
31.4171
-0.617353
1.1947
0.768269
1.19013
1.17246
1.25851
1.20876
1.11354
0.91939
0.630076
0.219643
-0.331216
-1.05163
-1.97302
-3.13
-4.5541
-6.26649
-8.26862
-10.539
-13.0495
-15.8113
-18.9397
-22.701
-27.5211
-34.046
-42.5967
-48.8815
-48.8564
-43.5196
-34.9462
-27.5359
-19.6425
-12.0942
-4.91394
1.84173
7.95574
13.3425
17.9797
21.9502
25.4149
28.4805
31.1226
33.2178
34.6469
35.3918
35.5588
35.3291
34.8894
34.5914
34.0864
33.8178
32.4729
29.7656
24.7141
18.1106
13.8132
7.16678
-6.11279
-32.2954
-140.707
-146.816
-133.312
-85.7437
-48.557
-47.0004
-57.366
-50.0209
-48.9956
-37.9037
-9.73582
16.8707
29.933
-21.1329
-50.9829
-7.52955
15.6685
22.7771
11.0355
27.7722
-0.618997
1.20016
0.771171
1.20151
1.18352
1.27356
1.22581
1.13353
0.942062
0.655739
0.248402
-0.299247
-1.01656
-1.93525
-3.09027
-4.51324
-6.22481
-8.2248
-10.4889
-12.9855
-15.7243
-18.8195
-22.534
-27.2804
-33.6719
-42.1004
-48.6531
-48.2226
-43.713
-35.05
-27.5612
-19.6271
-11.9699
-4.68296
2.18836
8.40946
13.878
18.5667
22.5688
26.0665
29.1806
31.8803
34.0196
35.4574
36.1691
36.2708
35.9636
35.4769
35.1726
34.2765
34.2123
32.8333
30.2851
25.618
19.6343
15.5337
8.47344
-6.59495
-36.3925
-158.074
-162.513
-139.347
-86.021
-45.0535
-40.0212
-51.6923
-49.8468
-49.6762
-40.2345
-10.2432
18.6668
31.8719
-24.6326
-51.2001
-12.1524
12.5334
22.6538
15.498
25.9025
-0.616202
1.2034
0.774423
1.21078
1.19303
1.28622
1.24017
1.15032
0.961153
0.677464
0.272986
-0.271524
-0.985548
-1.90103
-3.05316
-4.47362
-6.18258
-8.17848
-10.4345
-12.9164
-15.6322
-18.6946
-22.3598
-27.0257
-33.2726
-41.5185
-48.1876
-47.565
-43.7558
-35.1056
-27.5306
-19.576
-11.8209
-4.43361
2.5481
8.87319
14.42
19.1558
23.185
26.714
29.8793
32.6425
34.8315
36.2802
36.9561
36.9869
36.595
36.0466
35.7045
34.4275
34.5495
33.1232
30.7727
26.5867
21.2463
17.3304
9.95869
-6.85068
-40.0392
-171.523
-177.33
-143.619
-84.8431
-40.9903
-32.4718
-44.9341
-51.8716
-48.0554
-43.4802
-10.866
20.5442
33.1176
-22.0826
-48.3526
-16.5983
9.54981
21.5437
18.1184
29.3303
-0.612636
1.20597
0.777708
1.21784
1.20068
1.29617
1.25151
1.16358
0.976322
0.694919
0.293093
-0.248285
-0.958735
-1.87034
-3.01852
-4.43501
-6.13963
-8.12969
-10.3763
-12.8431
-15.5367
-18.567
-22.1814
-26.761
-32.8515
-40.8691
-47.5541
-46.9497
-43.6613
-35.1134
-27.4497
-19.4911
-11.6494
-4.16778
2.91887
9.34447
14.9659
19.7436
23.7948
27.3531
30.5728
33.4063
35.652
37.1144
37.7523
37.7068
37.222
36.5901
36.1566
34.5356
34.8309
33.3399
31.2242
27.5898
22.9034
19.1913
11.6294
-6.81902
-43.1941
-180.418
-190.316
-146.443
-82.2304
-36.561
-24.571
-37.4828
-50.0759
-44.9597
-47.649
-11.5734
22.9762
33.2598
-11.7989
-40.4133
-17.8046
8.67942
20.5909
18.3547
29.1731
-0.610601
1.20846
0.780639
1.2225
1.20617
1.30315
1.25955
1.17304
0.987332
0.707916
0.308622
-0.229493
-0.9359
-1.84279
-2.98578
-4.39683
-6.09559
-8.07845
-10.3149
-12.7668
-15.4396
-18.4394
-22.0023
-26.4903
-32.4137
-40.1716
-46.8195
-46.4101
-43.4398
-35.0745
-27.3256
-19.3747
-11.4583
-3.88774
3.29835
9.82066
15.5123
20.3262
24.3937
27.979
31.2564
34.1681
36.4787
37.9589
38.5572
38.4297
37.8435
37.1031
36.52
34.6419
35.0489
33.4888
31.6381
28.5978
24.566
21.0841
13.4732
-6.43429
-45.9156
-185.052
-200.409
-147.751
-78.051
-31.8739
-16.6025
-30.159
-44.7525
-44.2584
-51.6676
-12.637
25.8511
32.4909
2.2055
-28.0539
-13.3103
10.8464
20.2792
18.3051
26.4747
-0.610851
1.21064
0.782834
1.22462
1.20925
1.30695
1.26412
1.17857
0.994102
0.71648
0.319759
-0.214746
-0.916391
-1.81747
-2.95396
-4.35822
-6.04997
-8.02492
-10.2511
-12.689
-15.3431
-18.3145
-21.8262
-26.2185
-31.965
-39.4416
-46.0223
-45.9219
-43.1032
-34.9905
-27.1658
-19.2302
-11.2505
-3.5961
3.68395
10.2987
16.0557
20.8992
24.9765
28.5862
31.9251
34.9239
37.3085
38.8114
39.3691
39.1545
38.4586
37.5885
36.8161
34.7994
35.1622
33.584
32.0144
29.5828
26.1956
22.9663
15.4511
-5.65001
-48.273
-186.283
-207.27
-147.528
-72.2758
-26.8947
-8.94205
-23.636
-38.5574
-48.3833
-53.9225
-14.1367
28.3479
31.8711
14.3337
-14.7748
-5.40108
14.4118
20.159
18.6945
24.349
-0.612771
1.21164
0.783972
1.22404
1.20976
1.30747
1.26512
1.18017
0.996767
0.720928
0.327064
-0.203193
-0.899063
-1.79305
-2.92172
-4.31816
-6.00241
-7.96951
-10.186
-12.6116
-15.2497
-18.1955
-21.6572
-25.9509
-31.5119
-38.6908
-45.1785
-45.4414
-42.6591
-34.863
-26.9786
-19.0612
-11.0292
-3.2956
4.07307
10.7758
16.5929
21.4586
25.5384
29.1695
32.5736
35.6689
38.1376
39.6689
40.1858
39.8795
39.0668
38.0531
37.0756
35.0133
35.1261
33.6507
32.3526
30.5172
27.7531
24.7892
17.4947
-4.45971
-50.2525
-185.042
-211.237
-145.806
-65.0938
-21.3976
-1.98188
-18.0305
-32.0696
-52.8013
-52.147
-15.7402
30.12
32.1021
22.6437
-2.79197
2.8892
17.8535
19.9227
19.2507
22.9411
-0.614748
1.21019
0.78382
1.22067
1.2076
1.30473
1.26267
1.17807
0.995753
0.721952
0.331547
-0.193491
-0.882311
-1.76785
-2.88763
-4.27583
-5.95295
-7.91317
-10.1215
-12.5371
-15.1624
-18.0861
-21.4998
-25.6937
-31.0624
-37.9291
-44.2925
-44.9292
-42.1096
-34.6952
-26.7711
-18.8718
-10.7974
-2.98896
4.46299
11.2484
17.1192
21.9988
26.0729
29.7222
33.1961
36.3981
38.9618
40.5274
41.0036
40.602
39.6668
38.5035
37.3202
35.2473
34.9649
33.7123
32.653
31.3742
29.1996
26.5018
19.513
-2.90698
-51.7325
-181.427
-212.714
-142.126
-56.7876
-15.0772
3.93656
-13.0855
-25.129
-52.0111
-46.9156
-17.4063
31.1854
33.1535
28.3734
7.4903
10.3012
20.6108
19.6747
18.6986
21.4289
-0.614599
1.20488
0.782253
1.2145
1.20283
1.29889
1.25706
1.17281
0.991856
0.720682
0.334687
-0.183877
-0.864268
-1.7402
-2.85059
-4.23101
-5.90233
-7.85748
-10.0598
-12.4683
-15.0846
-17.9902
-21.3591
-25.4536
-30.6252
-37.1662
-43.3636
-44.3508
-41.46
-34.4891
-26.5496
-18.6656
-10.5578
-2.67899
4.85087
11.7134
17.6315
22.516
26.5757
30.239
33.7867
37.1062
39.7762
41.3826
41.8184
41.3182
40.2564
38.9437
37.568
35.4875
34.7745
33.7589
32.9188
32.1281
30.4963
28.0572
21.4097
-1.08087
-52.5141
-174.623
-211.616
-136.447
-47.5983
-7.79095
8.62813
-8.44229
-17.7473
-45.4244
-41.4618
-18.4622
31.6421
34.734
32.7923
15.8648
16.5067
22.6455
19.386
16.7954
19.7211
-0.609964
1.19437
0.77926
1.20566
1.19565
1.29037
1.24887
1.16525
0.986286
0.718678
0.338326
-0.172408
-0.843191
-1.70895
-2.81034
-4.18445
-5.85214
-7.80461
-10.0036
-12.4082
-15.0194
-17.9114
-21.24
-25.2377
-30.2101
-36.4123
-42.392
-43.6812
-40.7337
-34.2435
-26.318
-18.4451
-10.312
-2.36742
5.23502
12.1683
18.1254
23.0039
27.0389
30.7125
34.3392
37.7879
40.5758
42.2289
42.6244
42.0231
40.8322
39.3751
37.8296
35.7396
34.6371
33.763
33.1548
32.7592
31.606
29.417
23.0985
0.885093
-52.5738
-166.089
-207.945
-129.629
-37.7547
0.248748
12.1316
-3.82493
-10.2621
-35.9157
-37.5537
-17.6694
31.7562
36.6395
36.5308
22.686
21.5449
24.0671
19.2229
15.4378
18.4107
-0.598627
1.17762
0.774946
1.19442
1.18645
1.2798
1.23903
1.15666
0.980647
0.717815
0.344407
-0.157393
-0.818036
-1.67402
-2.76793
-4.13808
-5.80476
-7.75708
-9.95539
-12.3595
-14.9701
-17.8533
-21.1472
-25.0532
-29.8277
-35.6807
-41.3859
-42.9129
-39.9706
-33.9535
-26.0784
-18.2127
-10.0622
-2.0581
5.6097
12.6055
18.5932
23.4563
27.4581
31.138
34.8482
38.4381
41.3561
43.0615
43.4158
42.7107
41.3897
39.7955
38.1053
36.0011
34.5799
33.7285
33.363
33.261
32.508
30.5532
24.5174
2.82983
-51.6425
-159.357
-202.357
-121.728
-27.4358
8.49402
14.68
0.917677
-2.97477
-25.3648
-33.2736
-14.2874
31.7834
38.8999
40.1716
28.5802
25.6467
25.0773
19.0994
14.4949
17.4463
-0.578826
1.15405
0.76958
1.18135
1.17594
1.26819
1.22883
1.14863
0.976752
0.71991
0.354422
-0.138061
-0.789105
-1.63692
-2.72579
-4.09472
-5.76288
-7.71725
-9.9174
-12.3245
-14.9385
-17.8185
-21.0845
-24.9063
-29.4889
-34.9879
-40.3639
-42.0552
-39.2183
-33.6054
-25.8303
-17.9699
-9.80908
-1.7508
5.97766
13.0299
19.0379
23.8699
27.8238
31.5051
35.3056
39.0507
42.1113
43.8738
44.1855
43.3736
41.9228
40.2005
38.3888
36.2625
34.5944
33.6965
33.5398
33.6404
33.2042
31.4511
25.6364
4.56827
-49.3365
-153.769
-195.048
-113.034
-16.8218
16.2753
16.6005
5.81176
3.86406
-14.93
-26.1511
-8.15738
32.3968
41.8929
44.286
34.0842
29.0129
25.8133
19.039
13.8276
16.9261
-0.549576
1.12382
0.763537
1.16718
1.16498
1.25676
1.21976
1.1429
0.976307
0.726306
0.368933
-0.114986
-0.758225
-1.60049
-2.68726
-4.05754
-5.72909
-7.68715
-9.89129
-12.3044
-14.9263
-17.8086
-21.0541
-24.8013
-29.2033
-34.3533
-39.3554
-41.1293
-38.5008
-33.1814
-25.5734
-17.7198
-9.55637
-1.45462
6.31971
13.4107
19.4259
24.2218
28.1283
31.8126
35.7095
39.6226
42.838
44.6612
44.9266
44.0042
42.4243
40.5838
38.671
36.5158
34.6666
33.7022
33.6781
33.9096
33.7102
32.1182
26.4613
5.89011
-45.9007
-147.007
-185.793
-103.989
-6.54921
22.9692
18.1987
10.7673
10.0042
-5.72285
-17.1023
-0.379721
34.3889
46.0466
49.105
39.3436
31.7485
26.3717
19.1176
13.5043
16.7655
-0.511145
1.08815
0.757472
1.1531
1.15487
1.24707
1.21344
1.14088
0.980176
0.736926
0.386625
-0.0907823
-0.729048
-1.56886
-2.65617
-4.02954
-5.70538
-7.66795
-9.87768
-12.2995
-14.9326
-17.8218
-21.0534
-24.7364
-28.9745
-33.7958
-38.3992
-40.1547
-37.775
-32.6733
-25.3044
-17.4673
-9.30947
-1.17176
6.64811
13.7806
19.7961
24.5323
28.3668
32.0471
36.0515
40.1502
43.5319
45.4159
45.6288
44.5917
42.8855
40.9376
38.9407
36.7514
34.774
33.7474
33.7747
34.0848
34.0505
32.5768
27.0266
6.87192
-42.1218
-139.075
-175.486
-95.0273
2.53937
28.0485
19.6659
15.5766
15.1967
1.47168
-8.63218
7.08768
37.4381
50.8957
54.1462
44.095
33.8987
26.8226
19.3044
13.4878
16.7272
-0.465572
1.04945
0.751993
1.14023
1.14668
1.24028
1.21084
1.14313
0.988165
0.750606
0.405356
-0.0683326
-0.704773
-1.54505
-2.63502
-4.01246
-5.6927
-7.65982
-9.8759
-12.3082
-14.9553
-17.8549
-21.0772
-24.7047
-28.7991
-33.3301
-37.5498
-39.1932
-37.0061
-32.093
-25.0001
-17.202
-9.05266
-0.891888
6.9399
14.0554
20.0203
24.6968
28.4946
32.1907
36.3157
40.6268
44.1972
46.1436
46.2915
45.129
43.2959
41.2519
39.1866
36.9616
34.8928
33.8118
33.8342
34.1856
34.2525
32.8583
27.4017
7.62324
-38.6597
-131.018
-164.984
-86.6874
9.30029
31.2811
21.1743
20.0603
19.246
6.46078
-2.09976
12.9967
40.5573
55.4458
58.667
48.046
35.5363
27.2483
19.523
13.6606
16.9268
-0.417119
1.01166
0.748047
1.1301
1.14164
1.23729
1.21213
1.14869
0.998013
0.763855
0.420734
-0.0523976
-0.689896
-1.53273
-2.62636
-4.00787
-5.6921
-7.66359
-9.88618
-12.3287
-14.9881
-17.895
-21.1063
-24.6836
-28.6587
-32.9587
-36.8637
-38.3687
-36.2918
-31.5189
-24.6563
-16.9275
-8.82366
-0.702298
7.07498
14.1363
20.0529
24.6809
28.4409
32.1713
36.471
41.0493
44.8366
46.8451
46.9137
45.6137
43.6518
41.5192
39.3955
37.1336
35.0008
33.8752
33.8682
34.2374
34.3564
33.0068
27.6257
8.10659
-35.7287
-123.62
-155.21
-79.2525
13.3173
33.0027
23.06
24.0998
21.9831
9.53722
2.41168
17.1788
43.1172
59.1221
62.2591
51.0802
36.7205
27.6812
19.7354
14.0351
17.903
-0.372222
0.979311
0.745861
1.1231
1.13948
1.23728
1.21581
1.15562
1.0077
0.775061
0.431963
-0.042752
-0.683272
-1.53017
-2.62819
-4.01354
-5.70055
-7.67456
-9.90157
-12.3521
-15.021
-17.9311
-21.1272
-24.658
-28.5409
-32.6814
-36.3787
-37.7953
-35.7993
-31.1197
-24.4026
-16.7424
-8.69136
-0.604915
7.13872
14.1523
20.0059
24.5865
28.3321
32.1127
36.5899
41.4556
45.4879
47.5575
47.5167
46.0491
43.9466
41.7322
39.5634
37.2702
35.0883
33.9185
33.8817
34.2502
34.386
33.0651
27.7081
8.32456
-33.4644
-117.45
-146.99
-72.9025
16.2846
34.0372
25.1279
26.9175
23.2935
11.2135
5.31792
19.9435
44.9742
61.8132
64.8484
53.2486
37.5714
28.0889
20.0111
14.6486
18.6222
-0.338156
0.956882
0.745665
1.11964
1.13981
1.2391
1.21989
1.16117
1.01389
0.780577
0.435536
-0.0421723
-0.686292
-1.53699
-2.6387
-4.02737
-5.71721
-7.69376
-9.92317
-12.3748
-15.0405
-17.9392
-21.1128
-24.6081
-28.439
-32.4994
-36.0962
-37.4828
-35.5502
-30.9331
-24.2923
-16.6635
-8.63736
-0.582897
7.10989
14.0772
19.9276
24.5435
28.3154
32.1133
36.6771
41.7584
46.0328
48.2004
48.077
46.4448
44.1946
41.8923
39.6736
37.3519
35.146
33.9357
33.88
34.2573
34.395
33.0422
27.6872
8.41705
-31.9217
-112.912
-140.895
-67.8881
18.5966
34.9978
26.8991
28.2317
23.5508
11.982
6.99752
21.5754
46.158
63.5659
66.5014
54.6098
38.159
28.3843
20.3352
15.6011
19.3767
-0.320449
0.946126
0.745891
1.11799
1.14014
1.24016
1.22217
1.16429
1.01745
0.78378
0.437415
-0.0426375
-0.689876
-1.54389
-2.64828
-4.03816
-5.72737
-7.70172
-9.92811
-12.3765
-15.0384
-17.9318
-21.0966
-24.5779
-28.3874
-32.4134
-35.9655
-37.3393
-35.4374
-30.8512
-24.2436
-16.632
-8.62161
-0.582395
7.09388
14.0444
19.884
24.5118
28.3242
32.1834
36.8393
42.0638
46.478
48.6862
48.4814
46.7151
44.3511
41.9871
39.741
37.4172
35.1838
33.9497
33.8896
34.2538
34.3642
32.9752
27.6219
8.41854
-31.1666
-110.372
-137.434
-64.9043
19.6791
35.5077
27.7539
28.9429
23.5615
12.2355
7.71888
22.3178
46.7847
64.478
67.2805
55.2991
38.5556
28.5631
20.7005
16.713
29.3978
)
;

boundaryField
{
    inletFace
    {
        type            zeroGradient;
    }
    inlet
    {
        type            zeroGradient;
    }
    inletWalls
    {
        type            zeroGradient;
    }
    outletInlet
    {
        type            cyclicAMI;
        value           nonuniform List<scalar> 
15
(
1.99608
5.21023
9.03691
13.1545
17.965
23.9181
29.7753
34.0106
38.7338
39.3583
35.8948
36.056
28.4384
25.645
26.0708
)
;
    }
    fineSymmetryWall
    {
        type            symmetryPlane;
    }
    fineWalls
    {
        type            zeroGradient;
    }
    fineCyclicBoundary
    {
        type            fixedValue;
        value           uniform 0;
    }
    fineplug
    {
        type            cyclicAMI;
        value           nonuniform List<scalar> 
80
(
1.49515
0.691471
3.4585
3.32558
-0.0388485
4.11217
4.41279
5.03408
5.12556
5.58759
7.13286
9.67039
11.8053
6.38032
7.26963
9.58834
11.6633
11.7566
12.6634
13.2816
14.5472
17.0266
15.9386
17.4501
17.8525
19.2129
21.4726
22.7951
23.4259
24.4926
23.9681
25.2241
28.5598
29.3191
29.5618
29.7374
30.7669
33.4175
34.5619
31.9753
30.8926
37.1668
38.809
40.2703
39.3063
38.3015
37.4219
37.9033
37.1661
38.8122
43.0395
39.7101
38.887
39.9048
38.8053
37.0919
35.1189
29.8905
36.7938
41.8992
37.7732
35.9221
33.2064
29.5103
29.8177
28.6103
26.5725
24.148
32.2381
27.9028
26.1518
26.1317
25.6449
24.9368
22.6546
22.6895
24.1975
31.0004
26.2227
25.1907
)
;
    }
    faceFine
    {
        type            zeroGradient;
    }
}


// ************************************************************************* //
