/*--------------------------------*- C++ -*----------------------------------*\
| =========                 |                                                 |
| \\      /  F ield         | OpenFOAM: The Open Source CFD Toolbox           |
|  \\    /   O peration     | Version:  4.1                                   |
|   \\  /    A nd           | Web:      www.OpenFOAM.org                      |
|    \\/     M anipulation  |                                                 |
\*---------------------------------------------------------------------------*/
FoamFile
{
    version     2.0;
    format      ascii;
    class       volScalarField;
    location    "14";
    object      p;
}
// * * * * * * * * * * * * * * * * * * * * * * * * * * * * * * * * * * * * * //

dimensions      [0 2 -2 0 0 0 0];

internalField   nonuniform List<scalar> 
6785
(
540.974
487.577
435.746
387.335
342.444
300.427
261.072
224.068
188.974
155.61
124.668
96.5285
67.4996
32.5808
3.42795
74.542
52.2806
46.5216
42.8113
37.3371
31.6294
26.4763
22.0873
18.6032
16.1443
14.9528
15.4543
17.5506
19.4221
19.6821
-28.2421
-34.8858
-29.1194
-24.9727
-21.8823
-18.2873
-14.4013
-10.4643
-6.56026
-2.84474
0.500416
3.56709
6.64348
9.296
10.5299
17.8901
15.4714
20.0635
20.3876
20.4409
20.6559
20.5666
20.1892
19.6076
18.8483
17.8915
16.782
15.8712
15.7182
16.0284
34.3246
31.9909
33.5441
31.4457
30.0262
28.7822
27.3717
25.9893
24.7313
23.6398
22.7383
22.0253
21.547
21.5136
21.7583
25.1086
23.0832
24.0546
22.8335
22.6279
22.6102
22.5204
22.5517
22.7055
22.9473
23.2651
23.6267
23.9455
24.2016
24.3763
21.6631
20.5028
21.5812
21.2529
21.6335
22.0226
22.3167
22.6627
23.0151
23.3361
23.6224
23.8735
24.0494
24.1289
24.1436
23.3865
22.8212
23.6597
23.4183
23.603
23.7046
23.7179
23.7532
23.769
23.7561
23.7253
23.6912
23.6528
23.6039
23.5534
23.7966
23.4592
23.9366
23.6326
23.6469
23.5937
23.4971
23.4302
23.357
23.2807
23.2075
23.1425
23.0863
23.0336
22.9775
22.5922
22.37
22.6537
22.421
22.4397
22.4064
22.353
22.324
22.2884
22.2519
22.2159
22.1783
22.1381
22.0908
22.0243
21.526
21.3808
21.5651
21.4051
21.4246
21.3905
21.341
21.3043
21.2565
21.2046
21.15
21.0916
21.0298
20.9637
20.876
20.5657
20.5098
20.6122
20.4406
20.3982
20.3156
20.226
20.1422
20.0477
19.9507
19.8519
19.7517
19.6552
19.5677
19.4639
21.3702
21.2466
21.0975
20.7387
20.4933
20.2085
19.9092
19.6194
19.334
19.0644
18.8127
18.5827
18.3814
18.2214
18.0736
18.9015
19.3649
19.7539
19.6165
19.2908
18.8778
18.4763
18.0956
17.7143
17.3284
16.9411
16.5548
16.1794
15.835
15.4988
36.0464
35.6924
34.9083
32.4754
29.0408
25.5493
22.2845
19.3447
16.6675
14.374
12.4042
10.7589
9.45426
8.48328
7.67886
37.9063
36.7983
37.3791
36.3619
35.598
33.872
33.9293
32.1614
30.8141
29.0277
29.0185
26.468
23.4476
24.3224
22.0657
20.2396
19.7603
20.8042
17.5988
15.5232
17.8987
15.6814
13.84
14.9289
17.3318
14.6056
12.8231
14.6646
17.9761
15.3186
14.4794
18.6987
17.5086
16.261
17.8542
21.5268
19.8496
19.4014
23.2523
22.6485
21.8302
22.9426
25.9059
25.1083
24.4074
25.2909
27.6936
26.9698
26.5341
28.4401
28.2308
27.9025
28.276
29.8107
29.626
29.4437
29.8549
31.5232
31.5917
31.557
33.2584
33.4892
33.3436
33.2027
34.1384
34.2466
34.1322
34.201
33.9056
34.42
34.6602
31.5275
30.5236
30.745
27.7246
22.1217
24.3081
17.6343
0.19632
6.27803
10.3996
10.7659
11.4875
6.53573
9.19193
12.715
13.6934
14.117
14.2163
14.9789
16.9283
18.6464
20.1163
14.841
15.5457
17.4892
19.1081
19.4309
19.8127
20.0401
20.6205
24.6589
21.442
21.6649
21.5529
22.2254
23.5694
24.3907
24.4774
24.1732
23.9218
29.0779
27.1324
26.9827
26.4368
26.1334
27.004
27.9431
27.1538
25.6154
28.8258
30.2411
30.9022
30.8219
29.9013
29.0388
28.1941
27.4173
26.6008
32.5992
32.2459
30.4203
29.8188
29.1861
27.9973
26.1415
23.1984
20.9483
25.7336
27.7876
25.1631
23.3903
20.9459
17.7477
15.3704
13.7316
11.9368
11.2115
10.1364
12.2845
10.1557
9.88126
9.58398
7.97537
5.40717
5.31184
7.21816
4.69167
10.036
8.61467
7.35809
9.99354
9.06326
9.45942
9.82583
10.9326
11.7093
10.9662
12.3066
12.9594
11.937
11.9017
12.0781
13.1253
13.5673
12.7758
12.8456
12.9095
13.545
13.4833
13.0561
13.6193
13.2794
12.7349
12.6746
12.4185
12.4924
11.8495
11.494
11.1671
10.6603
10.5664
9.86057
9.98805
9.68965
8.46577
8.79158
8.26477
7.48024
7.39513
6.86185
7.91952
7.1136
5.96622
5.81109
5.35021
7.01546
6.18487
4.21998
5.8861
4.90656
3.43297
3.33531
3.04166
5.8089
4.50034
2.57317
2.35387
2.01285
5.23595
4.00583
1.28825
4.20033
2.75204
0.54502
0.421687
0.142113
4.30678
2.43829
-0.193489
-0.484595
-0.942645
3.51865
1.69141
-1.94924
2.38569
0.153856
-2.96652
-3.31306
-2.91722
0.000380023
0.000165653
0.000282167
0.000463532
0.000869956
0.000677407
0.000622095
0.000675319
0.000430686
0.000129884
-0.000421112
-0.00123429
-0.00207649
-0.00277907
-0.00352274
-0.00428541
-0.00506907
-0.00582317
-0.0066417
-0.00760286
-0.00877708
-0.0103825
-0.0126746
-0.0159959
-0.0207769
-0.0273558
-0.0359248
-0.0463701
-0.0565229
-0.0635208
-0.0581367
-0.0264186
0.050194
0.164927
0.172559
0.0567213
0.0453426
0.0486546
0.0071912
0.00714
-0.0138777
-0.0338718
-0.0149676
0.00903758
0.0371482
-0.0527543
-0.155078
-0.137524
-0.0326278
0.017422
0.0417198
0.0177338
0.0117454
0.0482825
-0.0593804
-0.184184
-0.348484
-0.436283
-0.00398457
0.0875303
0.0151043
0.134474
0.0799909
0.144311
0.149062
0.301976
0.37535
-0.104477
-0.86573
-0.674005
-0.286532
-0.268538
-0.303127
-0.208787
-0.0375959
0.0845562
0.0721401
0.0919829
0.0798727
0.000404452
-0.000315787
0.000261303
0.000197493
0.00051007
-2.77572e-05
0.000169273
0.000438694
0.000185267
-0.000164647
-0.000863543
-0.00157482
-0.00220243
-0.0024248
-0.00307064
-0.00347598
-0.00378912
-0.00392828
-0.004355
-0.00485902
-0.00581362
-0.00747868
-0.0103552
-0.0150878
-0.0224339
-0.0332313
-0.0479762
-0.0669873
-0.0875688
-0.106047
-0.109352
-0.0780973
0.0122988
0.165615
0.238829
0.113066
0.10203
0.0905735
0.0291482
-0.000602173
-0.045107
-0.0733463
-0.0327914
0.025078
0.052109
-0.0696477
-0.204788
-0.180858
-0.043768
0.0194028
0.0548739
0.0462642
0.0470053
0.170611
0.0196608
-0.0957315
-0.45068
-0.482596
-0.00987886
0.13101
0.063953
0.175952
0.113559
0.211476
0.304249
0.512537
0.517112
-0.00318014
-0.615463
-0.772758
-0.386986
-0.240141
-0.127981
-0.0814553
0.126032
0.246204
0.249985
0.285539
0.209826
0.000509423
-0.000591283
-0.000299065
-0.000154134
0.000267917
-0.000229998
-0.000374025
-0.000209685
-0.00016696
-0.000129873
-0.000437354
-0.000973395
-0.00134856
-0.00121132
-0.00117545
-0.000936396
-0.000589511
4.86445e-05
0.000697762
0.00134499
0.00184154
0.00180469
0.000712768
-0.002106
-0.00754173
-0.0164918
-0.029751
-0.0479196
-0.0688774
-0.089707
-0.0981962
-0.0758111
-0.000796701
0.129643
0.202154
0.0932465
0.0745772
0.0530132
-0.0180605
-0.0592311
-0.0989586
-0.112781
-0.0519024
0.0235933
0.0595473
-0.0500786
-0.168514
-0.141914
-0.0143642
0.0364762
0.0713229
0.0725714
0.0789508
0.217911
0.104243
0.0112976
-0.34324
-0.331698
0.0946718
0.174732
0.119549
0.207932
0.132451
0.248709
0.440951
0.619685
0.578425
0.083633
-0.411167
-0.853182
-0.47833
-0.0993668
0.136577
0.112228
0.294504
0.433457
0.413471
0.487371
0.513151
0.000749103
-0.000295832
-0.000106808
0.000187262
0.000682152
0.000339516
0.000160091
0.000296088
0.000532982
0.000824106
0.000886052
0.000690149
0.000651472
0.00109563
0.00173669
0.00267553
0.00384542
0.00540676
0.0072946
0.00934788
0.0115158
0.0134196
0.0145965
0.0143941
0.011871
0.00601167
-0.00421314
-0.0199143
-0.0398312
-0.0624986
-0.0776959
-0.06966
-0.0212537
0.0728582
0.141323
0.0616466
0.0293301
-0.00645229
-0.0893915
-0.13938
-0.168776
-0.159892
-0.0752223
0.0172949
0.0586205
-0.0330328
-0.125154
-0.0877442
0.0273176
0.0668207
0.0933852
0.100234
0.107602
0.237621
0.125519
0.0552469
-0.210145
-0.183214
0.21141
0.228463
0.174942
0.259836
0.166588
0.294437
0.546069
0.688016
0.620939
0.143041
-0.302697
-0.884894
-0.5015
0.0214718
0.377642
0.329879
0.456825
0.616037
0.584559
0.704052
0.759513
0.00070738
-0.000277507
-2.4541e-05
0.000268771
0.000720903
0.000515847
0.000480222
0.000740237
0.00114974
0.00161292
0.00197614
0.00219416
0.00260124
0.00343885
0.00456444
0.00616719
0.00817715
0.0106747
0.0136645
0.017058
0.0207895
0.0245317
0.0278352
0.0300203
0.0301083
0.0268434
0.018934
0.00463841
-0.0157388
-0.0423633
-0.0671194
-0.0770284
-0.0576808
0.00750688
0.0829895
0.0386018
-0.00736082
-0.0598977
-0.15486
-0.213773
-0.233217
-0.20266
-0.10047
0.00915368
0.0522245
-0.0250198
-0.0944117
-0.046223
0.0636169
0.100017
0.115928
0.128259
0.134255
0.242709
0.117021
0.0896895
-0.0997947
-0.0540991
0.317364
0.295748
0.2342
0.318219
0.210126
0.341675
0.62423
0.736493
0.648816
0.166949
-0.252344
-0.887542
-0.505063
0.0714909
0.541468
0.541473
0.618891
0.787336
0.765121
0.923407
1.08115
0.000642751
-0.000353247
-4.07634e-05
0.000224439
0.000600302
0.000488219
0.000584143
0.000994738
0.00157146
0.00220531
0.00284939
0.00347398
0.00434486
0.00564849
0.00728496
0.00952438
0.0123296
0.0157483
0.0197908
0.0244471
0.029669
0.0351715
0.0404817
0.0448684
0.0472913
0.046266
0.0401468
0.0265704
0.00484011
-0.0268429
-0.0623751
-0.091492
-0.0997501
-0.0517912
0.0300792
0.0185595
-0.038403
-0.109132
-0.215342
-0.282571
-0.292019
-0.242971
-0.128861
-0.00488652
0.0402298
-0.023549
-0.0741557
-0.0164928
0.0912994
0.129452
0.139649
0.15639
0.158864
0.243185
0.117319
0.143898
0.0133442
0.0707653
0.410686
0.367214
0.296318
0.377937
0.257787
0.385702
0.680655
0.771537
0.657088
0.153025
-0.230597
-0.874703
-0.512056
0.0718923
0.647514
0.738753
0.788385
0.956023
0.944462
1.15049
1.31784
0.000672852
-0.000323207
1.87973e-05
0.000263166
0.000575101
0.00054043
0.000744565
0.00130008
0.00204664
0.00287185
0.00379333
0.00480595
0.00612323
0.00791746
0.0101225
0.0130045
0.016588
0.0209298
0.0260585
0.0319735
0.0386616
0.0458758
0.0531419
0.0596725
0.064334
0.0654724
0.0610582
0.0481144
0.024925
-0.0119167
-0.0584418
-0.10697
-0.140467
-0.102064
-0.0174022
-0.000609848
-0.0676878
-0.155787
-0.273344
-0.347566
-0.346924
-0.283069
-0.158632
-0.0233612
0.026282
-0.0235683
-0.0575063
0.00530252
0.112654
0.154181
0.164426
0.183178
0.180965
0.248157
0.131978
0.207383
0.146944
0.193481
0.497091
0.441584
0.365462
0.437188
0.309635
0.427575
0.722093
0.799524
0.65079
0.122606
-0.216508
-0.848618
-0.519342
0.0597077
0.726623
0.918512
0.957237
1.12442
1.11861
1.38062
1.58416
0.000709792
-0.00025111
9.94367e-05
0.000320197
0.000578483
0.000612111
0.000911178
0.00159963
0.00250305
0.0035269
0.0047224
0.00611685
0.00787417
0.0101719
0.0129895
0.0165558
0.0209517
0.0262504
0.0325187
0.0397475
0.0479294
0.0568535
0.0660601
0.0747354
0.0816194
0.0849044
0.0822036
0.0699067
0.0452818
0.00335527
-0.0540365
-0.121914
-0.178348
-0.144969
-0.0618566
-0.0214211
-0.0963152
-0.201835
-0.330996
-0.411078
-0.400867
-0.32592
-0.190175
-0.0450304
0.0111507
-0.0237346
-0.0422331
0.0225662
0.130447
0.175574
0.19055
0.208922
0.200061
0.260062
0.156182
0.26759
0.288029
0.306021
0.574208
0.514269
0.443099
0.501603
0.364388
0.465032
0.748871
0.825855
0.631334
0.0835736
-0.218834
-0.811002
-0.520484
0.0483462
0.790543
1.07485
1.11986
1.27964
1.27773
1.57884
1.86816
0.000722675
-0.000171003
0.000181592
0.000383093
0.000608258
0.000715175
0.00110749
0.0019218
0.00297294
0.004194
0.00565816
0.00741461
0.00959341
0.0123823
0.0158159
0.0200787
0.0253
0.0315643
0.0389886
0.0475621
0.0572807
0.067941
0.0790994
0.0899333
0.0990718
0.104529
0.103586
0.0920129
0.0660519
0.0191684
-0.0491674
-0.136779
-0.214815
-0.184892
-0.105007
-0.0438169
-0.123511
-0.245989
-0.386266
-0.471076
-0.451727
-0.36813
-0.220047
-0.0672375
-0.00462121
-0.024002
-0.0279648
0.0385569
0.147274
0.195488
0.217172
0.233232
0.216253
0.277346
0.183741
0.3205
0.415752
0.400101
0.642737
0.583442
0.525281
0.575396
0.422877
0.499821
0.755362
0.843025
0.608578
0.043813
-0.24032
-0.76388
-0.516665
0.0539136
0.856314
1.22076
1.28263
1.42027
1.42745
1.7821
2.05364
0.000699605
-0.000117425
0.000229048
0.000416845
0.00062494
0.000806377
0.00129151
0.00222683
0.00341915
0.00483634
0.00656259
0.00866252
0.0112493
0.0145213
0.018565
0.0235285
0.0295837
0.036825
0.0454194
0.0553577
0.0666577
0.0791076
0.0922598
0.105283
0.116714
0.12438
0.125219
0.114396
0.0871386
0.0353417
-0.0440391
-0.151954
-0.250682
-0.224319
-0.14651
-0.0667736
-0.150443
-0.288769
-0.438335
-0.527106
-0.49912
-0.409194
-0.248663
-0.0901349
-0.0230173
-0.0264128
-0.016302
0.054388
0.163878
0.214417
0.243463
0.256872
0.229346
0.296647
0.20781
0.366423
0.523827
0.475904
0.700712
0.642593
0.601074
0.654989
0.485562
0.531205
0.737651
0.839513
0.577653
0.00248117
-0.282935
-0.719358
-0.498308
0.081677
0.92542
1.35535
1.43976
1.53738
1.57102
1.98508
2.27353
0.000669344
-6.38049e-05
0.000276666
0.000461436
0.000671516
0.000934919
0.00151969
0.00257824
0.0039177
0.00553753
0.00752512
0.00995227
0.0129339
0.0166756
0.0213114
0.0269635
0.0338365
0.0420454
0.0518052
0.0631008
0.0759972
0.0902712
0.105468
0.120728
0.134509
0.14446
0.147172
0.137226
0.108848
0.0523357
-0.0383257
-0.167534
-0.286861
-0.264864
-0.185729
-0.0890322
-0.175972
-0.328283
-0.485548
-0.576673
-0.54116
-0.44653
-0.276068
-0.113358
-0.043304
-0.0308217
-0.00664379
0.071294
0.181114
0.232785
0.268764
0.280424
0.241504
0.316018
0.221168
0.4058
0.617157
0.53867
0.750659
0.696386
0.670863
0.735007
0.55323
0.560004
0.705554
0.812416
0.539533
-0.0295325
-0.343708
-0.680329
-0.460141
0.124354
0.989756
1.47275
1.58909
1.63886
1.72738
2.18614
2.57278
0.000626147
-3.18947e-05
0.000295601
0.000483701
0.000706821
0.0010524
0.00173935
0.00292091
0.00441226
0.00624456
0.00849636
0.0112456
0.0146222
0.0188366
0.0240637
0.0304074
0.0380965
0.0472772
0.0582065
0.0708634
0.0853661
0.101488
0.118772
0.136322
0.152508
0.164814
0.169481
0.160509
0.13115
0.0700646
-0.0320902
-0.183697
-0.323777
-0.308147
-0.22177
-0.109349
-0.199696
-0.364154
-0.52772
-0.619347
-0.578783
-0.48065
-0.301931
-0.137204
-0.0650258
-0.0373453
0.00143685
0.0891821
0.198448
0.250019
0.292509
0.304117
0.253413
0.334625
0.223084
0.441072
0.703987
0.594554
0.794085
0.745129
0.737411
0.812124
0.621885
0.583255
0.667536
0.763838
0.498842
-0.0554644
-0.412829
-0.655382
-0.427478
0.162431
1.03268
1.55727
1.71773
1.72901
1.88933
2.39851
2.8354
0.000586607
4.55703e-06
0.000320563
0.000520522
0.000768914
0.00120039
0.00199319
0.00329999
0.00495241
0.00700837
0.00953067
0.0125999
0.0163708
0.0210595
0.0268755
0.0339089
0.0424061
0.052553
0.0646417
0.0786574
0.0947658
0.11274
0.132135
0.152021
0.17068
0.185436
0.19219
0.184389
0.154326
0.0889696
-0.0249635
-0.200366
-0.362083
-0.353731
-0.254455
-0.127921
-0.220482
-0.395527
-0.56335
-0.654146
-0.611764
-0.509893
-0.324729
-0.160425
-0.0857829
-0.0445916
0.0092519
0.108288
0.216059
0.26665
0.314236
0.326514
0.266502
0.352898
0.217438
0.473757
0.787357
0.646117
0.838052
0.793613
0.803001
0.886415
0.6898
0.605883
0.634057
0.700287
0.460642
-0.072829
-0.471615
-0.653502
-0.423829
0.187903
1.05588
1.60992
1.8231
1.81554
2.0484
2.61382
3.15077
0.000540189
2.41282e-05
0.000321367
0.00053641
0.000815844
0.00133108
0.00222643
0.00365578
0.00547178
0.0077593
0.0105574
0.0139498
0.0181181
0.0232923
0.0297073
0.0374439
0.0467622
0.0578884
0.0711435
0.0865298
0.104256
0.124095
0.145621
0.167878
0.189057
0.206333
0.215279
0.208798
0.178265
0.108881
-0.0170299
-0.217617
-0.402471
-0.400539
-0.284333
-0.143329
-0.238548
-0.422212
-0.591631
-0.681279
-0.641498
-0.534375
-0.343723
-0.181449
-0.104035
-0.051054
0.0177737
0.127699
0.233257
0.282306
0.333597
0.346267
0.280613
0.369499
0.208813
0.506171
0.869639
0.702101
0.888312
0.840879
0.867604
0.956475
0.75407
0.629182
0.612161
0.631381
0.424968
-0.0842999
-0.521343
-0.680317
-0.44575
0.195637
1.06594
1.63705
1.89723
1.88431
2.19572
2.83745
3.39763
0.000500936
5.47132e-05
0.000335559
0.000572606
0.000891614
0.00149242
0.00248906
0.00404216
0.00602743
0.00855307
0.0116316
0.0153484
0.0199127
0.0255755
0.0325902
0.0410334
0.0511776
0.0632872
0.07771
0.0944699
0.11382
0.135537
0.159212
0.183873
0.207631
0.227515
0.238793
0.233867
0.20323
0.13025
-0.00774423
-0.234712
-0.445463
-0.448077
-0.311435
-0.154465
-0.253077
-0.443067
-0.61254
-0.70007
-0.666979
-0.554399
-0.358612
-0.199037
-0.118673
-0.0551621
0.0276759
0.146791
0.250058
0.297404
0.351263
0.362712
0.29619
0.384359
0.200062
0.537594
0.949887
0.767863
0.946943
0.890358
0.933169
1.02247
0.81351
0.649288
0.601967
0.566008
0.39862
-0.0866574
-0.564688
-0.725082
-0.481135
0.181081
1.06482
1.65282
1.93919
1.93772
2.33608
3.07141
3.68409
0.000459135
7.44479e-05
0.000331726
0.000592785
0.000955083
0.00163892
0.00273198
0.00440629
0.00656049
0.00932624
0.0126873
0.0167322
0.0216949
0.0278528
0.0354738
0.0446359
0.0556231
0.0687338
0.0843404
0.102491
0.123484
0.147102
0.17295
0.200048
0.226427
0.248987
0.262708
0.259521
0.229102
0.152934
0.00303954
-0.250577
-0.487445
-0.495745
-0.334719
-0.160327
-0.263465
-0.457178
-0.625863
-0.710667
-0.687362
-0.568195
-0.367668
-0.212441
-0.130054
-0.0563923
0.039157
0.165079
0.265938
0.311386
0.366576
0.375055
0.310948
0.396642
0.193164
0.569739
1.02954
0.851074
1.01219
0.938162
0.994773
1.08001
0.867357
0.664271
0.596088
0.51013
0.382459
-0.0914405
-0.604603
-0.790549
-0.536187
0.130036
1.03406
1.64807
1.94892
1.97506
2.46698
3.29336
4.00569
0.000426212
0.000108667
0.000346859
0.000637792
0.0010504
0.00181882
0.00300839
0.00480564
0.0071324
0.0101396
0.0137862
0.0181626
0.0235229
0.0301748
0.0383986
0.0482793
0.0601135
0.0742311
0.0910278
0.11058
0.133229
0.158767
0.186819
0.216396
0.245462
0.270795
0.28711
0.285929
0.256173
0.177427
0.0161296
-0.263505
-0.525669
-0.539571
-0.353774
-0.161526
-0.269107
-0.4648
-0.631379
-0.713725
-0.701413
-0.575214
-0.37237
-0.223216
-0.139328
-0.0556302
0.0513093
0.182386
0.281149
0.323905
0.378792
0.38343
0.321999
0.406589
0.187924
0.600472
1.1065
0.947666
1.0825
0.979159
1.04926
1.13472
0.915861
0.673269
0.589142
0.469414
0.381327
-0.099583
-0.638768
-0.878284
-0.616141
0.0409307
0.96845
1.62907
1.93422
2.00265
2.59571
3.52676
4.27209
0.000392176
0.000133212
0.00034749
0.000668695
0.00113401
0.00198418
0.00326795
0.00518529
0.0076845
0.0109318
0.0148661
0.0195789
0.0253398
0.0324887
0.0413183
0.0519255
0.064618
0.0797567
0.0977594
0.118732
0.143057
0.170544
0.200833
0.232931
0.264739
0.292927
0.311975
0.313035
0.284356
0.203658
0.0318852
-0.272078
-0.558077
-0.576515
-0.368025
-0.157688
-0.269381
-0.465387
-0.628306
-0.709601
-0.70678
-0.574745
-0.373491
-0.231523
-0.145487
-0.0528689
0.0640667
0.199402
0.29572
0.333758
0.387363
0.387919
0.323947
0.411598
0.183285
0.632061
1.18211
1.04964
1.15435
1.01395
1.09947
1.19333
0.954163
0.676229
0.581866
0.447143
0.392021
-0.108542
-0.673746
-0.994622
-0.731442
-0.0874998
0.851152
1.5791
1.8806
2.01217
2.71977
3.76704
4.57328
0.000367291
0.000171467
0.000369551
0.000726063
0.00124975
0.0021824
0.00356258
0.00560196
0.00827893
0.0117658
0.0159907
0.0210442
0.0272077
0.0348524
0.0442835
0.0556152
0.069164
0.085325
0.104537
0.126942
0.152954
0.182412
0.214973
0.249644
0.284273
0.315432
0.337395
0.341016
0.313946
0.232111
0.0511177
-0.274568
-0.581477
-0.606511
-0.377851
-0.148879
-0.264186
-0.459157
-0.618529
-0.699579
-0.703847
-0.56856
-0.371827
-0.237306
-0.147923
-0.0484864
0.0769637
0.217017
0.310341
0.341198
0.392977
0.389734
0.316443
0.412114
0.177749
0.660827
1.25414
1.13831
1.22338
1.06098
1.15179
1.2526
0.976725
0.668445
0.570178
0.449549
0.413502
-0.106098
-0.708306
-1.13871
-0.877544
-0.236088
0.689723
1.48449
1.785
2.00857
2.8456
4.00432
4.92239
0.000343107
0.00019976
0.000379283
0.000769913
0.0013528
0.00236542
0.00384018
0.00599999
0.00885438
0.0125777
0.0170941
0.0224933
0.0290666
0.0372103
0.0472451
0.0593069
0.073719
0.0909102
0.111341
0.135193
0.162908
0.19436
0.229221
0.266508
0.304018
0.338249
0.3633
0.369778
0.344839
0.262707
0.0740408
-0.270224
-0.594829
-0.6294
-0.382301
-0.134375
-0.253055
-0.445158
-0.601979
-0.684202
-0.691711
-0.556338
-0.365184
-0.23708
-0.14497
-0.0411258
0.0909009
0.235735
0.325695
0.347194
0.39634
0.390017
0.302425
0.406837
0.173996
0.689505
1.32626
1.21822
1.29471
1.12522
1.19944
1.30495
0.989708
0.656421
0.553826
0.473534
0.446084
-0.087729
-0.742789
-1.30314
-1.06659
-0.405983
0.501896
1.34563
1.64832
1.98643
2.97833
4.25443
5.26052
0.000328872
0.000240763
0.000411874
0.00084035
0.00148619
0.00258071
0.00415161
0.00643544
0.00946989
0.0134287
0.0182374
0.0239868
0.0309774
0.0396205
0.0502553
0.0630436
0.0783197
0.0965386
0.118188
0.143493
0.17292
0.206383
0.243578
0.283531
0.324005
0.361436
0.389784
0.399488
0.377285
0.295831
0.101247
-0.258166
-0.597325
-0.64244
-0.378096
-0.114757
-0.236694
-0.424774
-0.580215
-0.664912
-0.67552
-0.540895
-0.356046
-0.232653
-0.138494
-0.0314338
0.105256
0.254313
0.341205
0.352932
0.398597
0.389435
0.288758
0.394711
0.170903
0.713325
1.39756
1.2921
1.36242
1.20214
1.24311
1.35183
0.995532
0.646875
0.540146
0.510864
0.492878
-0.050056
-0.763589
-1.46816
-1.31828
-0.616477
0.316838
1.16391
1.48711
1.95775
3.11983
4.5134
5.63944
0.000316595
0.000271357
0.000433656
0.000898293
0.00160581
0.0027801
0.0044453
0.00685227
0.0100631
0.0142541
0.019353
0.0254562
0.0328734
0.042021
0.0532593
0.0667789
0.0829264
0.102178
0.125052
0.151819
0.182967
0.218458
0.258007
0.300663
0.344157
0.384895
0.416737
0.430013
0.41115
0.331353
0.132714
-0.23824
-0.587089
-0.643969
-0.364486
-0.0895186
-0.214392
-0.398316
-0.553546
-0.641618
-0.652021
-0.520224
-0.343671
-0.224354
-0.128289
-0.0182522
0.12102
0.272711
0.356671
0.35987
0.402195
0.388106
0.280446
0.375151
0.16982
0.73718
1.47351
1.36621
1.42424
1.29069
1.28579
1.39401
0.999873
0.642463
0.538956
0.562942
0.557086
0.00724664
-0.758195
-1.60924
-1.60648
-0.891394
0.122003
0.932759
1.30142
1.92084
3.2639
4.79269
5.99498
0.000314871
0.000313535
0.000479042
0.000984683
0.00175623
0.00301125
0.00477301
0.00730715
0.0106952
0.0151166
0.0205044
0.0269642
0.034814
0.0444697
0.0563107
0.0705593
0.0875786
0.107861
0.131957
0.16019
0.193064
0.230594
0.272524
0.317928
0.364521
0.408696
0.444256
0.461502
0.446623
0.369536
0.16874
-0.210394
-0.56547
-0.634884
-0.342788
-0.0595694
-0.187585
-0.368385
-0.523731
-0.615435
-0.62398
-0.496665
-0.329622
-0.214531
-0.115923
-0.00256661
0.137399
0.290091
0.371122
0.368697
0.40619
0.386323
0.281062
0.350741
0.171578
0.757357
1.55268
1.43968
1.48922
1.38908
1.33399
1.43141
1.00793
0.64754
0.554285
0.631168
0.636124
0.0886741
-0.719683
-1.70599
-1.86995
-1.2021
-0.110085
0.67219
1.09941
1.87905
3.40923
5.08851
6.36721
0.000315858
0.000345324
0.000515049
0.00106054
0.00189429
0.00322742
0.00508411
0.00774494
0.0113055
0.0159512
0.0216251
0.0284416
0.0367297
0.0468992
0.0593464
0.0743279
0.0922251
0.11354
0.138861
0.168567
0.203168
0.242745
0.287066
0.335242
0.38498
0.432695
0.47218
0.493769
0.483519
0.410178
0.209084
-0.175236
-0.533632
-0.614986
-0.312432
-0.025529
-0.15663
-0.334936
-0.490006
-0.584306
-0.590674
-0.46975
-0.311872
-0.201271
-0.0998397
0.0169196
0.156095
0.30806
0.385968
0.380028
0.41036
0.385682
0.28994
0.32867
0.184784
0.782182
1.64074
1.5242
1.56181
1.4926
1.39693
1.46772
1.02952
0.673667
0.595447
0.722311
0.732383
0.194029
-0.65162
-1.76429
-2.0888
-1.5025
-0.395017
0.392484
0.894851
1.83688
3.56073
5.38982
6.77737
0.00032664
0.000387921
0.000574685
0.00116412
0.0020626
0.00347514
0.00542838
0.00822031
0.0119539
0.01682
0.0227796
0.0299523
0.0386818
0.0493685
0.0624212
0.0781337
0.0969093
0.119256
0.1458
0.176981
0.213312
0.254943
0.301676
0.352662
0.405619
0.457003
0.50064
0.526979
0.522006
0.453475
0.253968
-0.132777
-0.490619
-0.584259
-0.273126
0.0109437
-0.122787
-0.298733
-0.454801
-0.552015
-0.557117
-0.442385
-0.292188
-0.186319
-0.082045
0.0384787
0.175852
0.326076
0.401219
0.390885
0.413576
0.385781
0.304825
0.316336
0.20859
0.807359
1.73405
1.61692
1.6341
1.59813
1.47013
1.50513
1.06529
0.728392
0.666561
0.825707
0.842784
0.319705
-0.564797
-1.7972
-2.27399
-1.78156
-0.7185
0.0862456
0.696073
1.80409
3.72054
5.70116
7.16533
0.000339048
0.000419798
0.000624929
0.00125572
0.00221808
0.00370828
0.00575599
0.00867827
0.0125804
0.0176603
0.023901
0.0314284
0.0405996
0.0518067
0.0654673
0.0819124
0.10157
0.124948
0.152717
0.185375
0.223434
0.267122
0.316266
0.370078
0.426293
0.481445
0.529446
0.560916
0.561872
0.499204
0.303102
-0.083782
-0.437623
-0.542285
-0.225626
0.0506109
-0.0847149
-0.258453
-0.41737
-0.518261
-0.521817
-0.411363
-0.269012
-0.168337
-0.0616387
0.0626964
0.198759
0.346304
0.418474
0.401581
0.417907
0.386956
0.32174
0.319827
0.243691
0.841454
1.83618
1.72341
1.70933
1.70314
1.55377
1.55108
1.12458
0.81545
0.77154
0.940467
0.969231
0.463906
-0.461815
-1.81219
-2.43688
-2.05792
-1.06203
-0.234894
0.502223
1.78288
3.89205
6.02615
7.57973
0.000359882
0.000461427
0.000697895
0.00137341
0.00240206
0.00397162
0.00611743
0.00917272
0.0132441
0.0185357
0.0250529
0.0329369
0.0425483
0.0542764
0.068544
0.0857182
0.106255
0.130662
0.159655
0.193786
0.233578
0.279329
0.330903
0.387573
0.447117
0.506166
0.558759
0.59576
0.603263
0.547501
0.356733
-0.028079
-0.376845
-0.491017
-0.17103
0.0933594
-0.0432495
-0.215919
-0.379576
-0.485143
-0.486805
-0.379466
-0.24492
-0.149248
-0.0407978
0.0873924
0.224226
0.368392
0.434526
0.4122
0.422329
0.387761
0.337004
0.336224
0.279559
0.878695
1.94053
1.83636
1.78673
1.80248
1.64374
1.60587
1.20919
0.931832
0.905696
1.06369
1.1035
0.61911
-0.341848
-1.80932
-2.57392
-2.33491
-1.42498
-0.551347
0.307204
1.77014
4.07023
6.33938
8.00065
0.00038135
0.000492629
0.000762297
0.00147982
0.00257188
0.00421922
0.00646429
0.00964938
0.0138859
0.0193839
0.0261705
0.0344106
0.0444573
0.0567049
0.0715786
0.0894793
0.110893
0.136325
0.16654
0.202134
0.243654
0.291461
0.345459
0.404995
0.467898
0.530937
0.588328
0.631223
0.645889
0.598041
0.414507
0.0340077
-0.309838
-0.432105
-0.110765
0.137972
0.000828506
-0.171796
-0.339174
-0.448825
-0.449511
-0.345923
-0.21859
-0.127119
-0.0178284
0.114687
0.254041
0.395205
0.449523
0.425507
0.427695
0.387906
0.351213
0.361536
0.314941
0.928684
2.04996
1.94297
1.8641
1.89547
1.73567
1.67475
1.32683
1.08479
1.07315
1.20786
1.24146
0.780906
-0.200032
-1.7789
-2.67445
-2.59425
-1.77678
-0.850407
0.116201
1.76983
4.25757
6.64982
8.41167
0.000410199
0.000532757
0.000848548
0.00161115
0.00276704
0.00449438
0.00684294
0.0101591
0.0145622
0.0202657
0.0273189
0.0359155
0.0463938
0.059158
0.0746347
0.0932558
0.115539
0.141992
0.173426
0.210476
0.253722
0.303591
0.360029
0.422464
0.488798
0.555959
0.618371
0.667537
0.68992
0.650945
0.476711
0.103809
-0.235449
-0.365013
-0.0458792
0.182578
0.0455801
-0.128182
-0.298094
-0.410781
-0.412879
-0.313806
-0.192616
-0.103904
0.00522016
0.142131
0.284428
0.42408
0.462611
0.43987
0.432734
0.385691
0.364968
0.39045
0.34044
0.986151
2.15965
2.03622
1.93492
1.97553
1.82039
1.75268
1.47049
1.27323
1.26622
1.37459
1.37223
0.941354
-0.0496553
-1.72308
-2.73898
-2.8234
-2.09947
-1.12714
-0.0643768
1.78225
4.44709
6.94258
8.80982
0.000438639
0.000562735
0.000925928
0.00173123
0.00294835
0.00475445
0.00720477
0.0106486
0.0152134
0.0211176
0.0284328
0.0373816
0.0482854
0.0615607
0.0776359
0.0969709
0.120115
0.14758
0.180222
0.218714
0.263672
0.315589
0.374457
0.439794
0.509588
0.580964
0.648595
0.704363
0.734998
0.705762
0.542679
0.181087
-0.15402
-0.28788
0.0233309
0.226849
0.0913425
-0.0838405
-0.257239
-0.371353
-0.375389
-0.282479
-0.165767
-0.0782179
0.0305787
0.170902
0.315758
0.453413
0.478229
0.4571
0.441439
0.383366
0.382148
0.422589
0.359422
1.06199
2.27555
2.1301
2.00592
2.05258
1.90163
1.84306
1.63564
1.49599
1.48935
1.57114
1.50637
1.10039
0.106381
-1.63257
-2.75354
-2.98872
-2.3595
-1.38035
-0.230276
1.81458
4.64282
7.22483
9.19991
0.000473697
0.000602037
0.00102384
0.0018756
0.00315562
0.00504137
0.00759441
0.0111682
0.0158941
0.0219991
0.0295756
0.0388755
0.0502008
0.0639825
0.0806512
0.100692
0.124684
0.153155
0.186996
0.226918
0.273583
0.327549
0.388861
0.457138
0.530468
0.606194
0.679259
0.741962
0.781292
0.762546
0.612357
0.26579
-0.0653048
-0.202649
0.0947968
0.270906
0.138028
-0.0399657
-0.218733
-0.332011
-0.338638
-0.253741
-0.140574
-0.0519284
0.0569785
0.199906
0.345527
0.479676
0.49582
0.475799
0.453055
0.381293
0.401389
0.454657
0.367224
1.1511
2.39359
2.22557
2.07494
2.12432
1.97691
1.93967
1.80565
1.7277
1.73401
1.7853
1.65369
1.25062
0.258547
-1.53089
-2.73749
-3.10383
-2.57315
-1.60915
-0.371887
1.86476
4.83774
7.48865
9.55883
0.000507945
0.000633379
0.00111332
0.00200998
0.00335195
0.00531462
0.00796718
0.0116679
0.0165477
0.0228486
0.0306814
0.0403261
0.0520656
0.0663455
0.0835992
0.104336
0.12916
0.15862
0.193639
0.234969
0.283315
0.339307
0.403044
0.474256
0.551149
0.631308
0.709979
0.779876
0.828288
0.820583
0.684464
0.35591
0.0295877
-0.112404
0.166215
0.313799
0.184705
0.00382133
-0.180182
-0.292322
-0.300542
-0.224043
-0.114755
-0.0230923
0.0863371
0.230977
0.376212
0.506404
0.518323
0.497308
0.468628
0.382994
0.421384
0.488419
0.373598
1.26423
2.51909
2.32201
2.14275
2.18405
2.05194
2.04743
1.98544
1.95623
1.98895
2.00896
1.81877
1.39848
0.411182
-1.42777
-2.72478
-3.20402
-2.76234
-1.81038
-0.475676
1.94039
5.03832
7.7313
9.8958
0.000549132
0.000674339
0.00122168
0.00216701
0.00357357
0.005614
0.00836593
0.0121935
0.0172262
0.0237225
0.0318101
0.0417959
0.0539477
0.0687208
0.0865527
0.107977
0.133619
0.164056
0.200238
0.24296
0.292977
0.35099
0.417165
0.491351
0.571887
0.656614
0.741086
0.81844
0.87621
0.879957
0.758842
0.450586
0.130909
-0.0155202
0.237963
0.355813
0.229243
0.0471717
-0.142576
-0.255308
-0.263413
-0.194724
-0.0895081
0.00561906
0.116094
0.261985
0.407505
0.53332
0.543644
0.518432
0.483871
0.386984
0.438881
0.52205
0.378542
1.39657
2.64858
2.40833
2.20707
2.2247
2.12226
2.15889
2.17106
2.1781
2.23033
2.22166
1.98389
1.5411
0.557302
-1.3359
-2.74103
-3.31196
-2.94341
-1.98742
-0.544487
2.03886
5.23926
7.94757
10.1942
0.00059022
0.000708628
0.00132153
0.00231449
0.00378551
0.00590238
0.00874896
0.0126973
0.0178763
0.0245613
0.0328962
0.0432147
0.0557714
0.0710266
0.0894246
0.111521
0.137963
0.169354
0.206671
0.250754
0.30241
0.362413
0.431
0.508153
0.592354
0.681722
0.772128
0.857099
0.92441
0.939732
0.833873
0.547286
0.236679
0.0869029
0.309933
0.396906
0.271281
0.089622
-0.105044
-0.219167
-0.225464
-0.165845
-0.0641182
0.0342895
0.146898
0.295865
0.442029
0.563949
0.573227
0.540135
0.49897
0.395213
0.453729
0.555666
0.392328
1.55705
2.78943
2.48741
2.27162
2.25742
2.19266
2.27685
2.36395
2.40683
2.46712
2.42713
2.14398
1.68165
0.696944
-1.23748
-2.76583
-3.4101
-3.09155
-2.1258
-0.569584
2.16978
5.44809
8.14859
10.468
0.000639499
0.000752333
0.00143985
0.00248377
0.00402139
0.00621608
0.00915606
0.0132238
0.0185489
0.0254205
0.0339993
0.0446461
0.0576063
0.0733362
0.0922924
0.115051
0.142278
0.174608
0.213042
0.258467
0.31175
0.373737
0.444748
0.524906
0.612855
0.706994
0.803494
0.896243
0.97315
1.00003
0.90953
0.645535
0.345776
0.193144
0.380272
0.437306
0.31047
0.126964
-0.0696475
-0.183824
-0.188791
-0.139268
-0.040918
0.0603691
0.176733
0.330224
0.477372
0.596137
0.603695
0.560191
0.512706
0.405877
0.466168
0.585853
0.411871
1.73795
2.94051
2.56215
2.33686
2.29382
2.25816
2.39316
2.55386
2.63983
2.6986
2.62279
2.29306
1.81424
0.812398
-1.14726
-2.78922
-3.49576
-3.20543
-2.22214
-0.554424
2.32599
5.65511
8.31624
10.716
0.000689837
0.000790518
0.00155332
0.00264597
0.00424994
0.00652128
0.00955016
0.0137305
0.0191948
0.0262448
0.0350582
0.0460223
0.059378
0.0755663
0.0950651
0.118466
0.146456
0.179697
0.21921
0.26594
0.320809
0.38474
0.458143
0.541294
0.633
0.731954
0.834611
0.935152
1.02156
1.05963
0.983865
0.742361
0.456132
0.30132
0.447252
0.476242
0.347004
0.159077
-0.0366255
-0.148842
-0.151945
-0.111564
-0.0169885
0.087829
0.209341
0.366579
0.515649
0.631527
0.634823
0.580905
0.529183
0.420175
0.481
0.611978
0.445304
1.9465
3.10985
2.6466
2.40863
2.34211
2.32671
2.50821
2.74775
2.88631
2.93656
2.82165
2.44884
1.94957
0.915198
-1.05843
-2.79448
-3.54848
-3.26436
-2.25791
-0.489555
2.51242
5.8651
8.46522
10.9472
0.000749619
0.000836891
0.0016865
0.00282925
0.00450111
0.00684881
0.00996653
0.0142575
0.0198599
0.027085
0.0361303
0.0474065
0.0611558
0.0777914
0.0978236
0.121856
0.150593
0.184728
0.225298
0.273312
0.329755
0.395624
0.471432
0.557614
0.653157
0.757036
0.865951
0.974302
1.06999
1.11876
1.05706
0.837596
0.56626
0.409407
0.510836
0.515725
0.382175
0.188803
-0.00535347
-0.1175
-0.117121
-0.0835408
0.00733894
0.115989
0.243704
0.402562
0.554583
0.667288
0.66481
0.601995
0.546092
0.436983
0.500464
0.633752
0.49051
2.18241
3.29825
2.7452
2.48446
2.40026
2.3982
2.61714
2.94063
3.13549
3.1752
3.02836
2.62142
2.07493
0.99661
-0.976388
-2.77701
-3.56093
-3.27511
-2.23811
-0.381951
2.71801
6.06856
8.60783
11.1387
0.000811817
0.000879225
0.0018169
0.00300807
0.00474633
0.00716728
0.0103728
0.0147695
0.0205014
0.0278927
0.0371603
0.0487346
0.0628629
0.0799278
0.100473
0.125115
0.154571
0.189568
0.231153
0.280407
0.338381
0.406145
0.484323
0.573517
0.672892
0.781701
0.896846
1.01284
1.11739
1.17597
1.1269
0.927952
0.671976
0.513996
0.569576
0.553758
0.414505
0.217393
0.026304
-0.0898376
-0.0838159
-0.0552857
0.0324466
0.146001
0.280012
0.440007
0.595891
0.705025
0.695981
0.625634
0.564394
0.456544
0.522473
0.65199
0.552926
2.45739
3.51429
2.86646
2.56925
2.47054
2.47637
2.72738
3.13707
3.38437
3.42072
3.25312
2.81449
2.20442
1.07892
-0.883434
-2.7144
-3.52392
-3.2376
-2.15493
-0.226728
2.94608
6.2702
8.7475
11.3189
0.000885038
0.000931406
0.00196651
0.00320888
0.00501179
0.00750467
0.0108015
0.0153051
0.0211638
0.028718
0.0382059
0.0500694
0.0645645
0.0820535
0.1031
0.128338
0.158498
0.19434
0.236915
0.287388
0.346882
0.416536
0.497099
0.589345
0.692621
0.806438
0.927833
1.05131
1.16421
1.23166
1.19383
1.01384
0.771701
0.612186
0.623559
0.589813
0.441897
0.244015
0.0576465
-0.0646485
-0.0531114
-0.028948
0.056352
0.175981
0.315951
0.477537
0.637187
0.742138
0.7272
0.649854
0.582768
0.477489
0.542711
0.663988
0.628356
2.77245
3.75935
3.00979
2.66191
2.54955
2.55517
2.8378
3.3303
3.62093
3.65615
3.48255
3.02751
2.34176
1.16584
-0.789748
-2.6121
-3.46406
-3.18478
-2.03462
-0.0352458
3.18572
6.45919
8.87312
11.4723
0.000962343
0.000983654
0.00211514
0.00340888
0.00527389
0.00783668
0.011226
0.015835
0.0218141
0.029523
0.0392216
0.0513566
0.0661949
0.0840909
0.105612
0.131419
0.16225
0.198895
0.242415
0.294058
0.355023
0.426519
0.509426
0.604693
0.71184
0.83061
0.958104
1.08867
1.20915
1.28417
1.25542
1.09252
0.862302
0.701916
0.672542
0.622452
0.46405
0.269163
0.0875181
-0.0378191
-0.0252552
-0.00328817
0.0811502
0.207578
0.353068
0.517448
0.679547
0.779193
0.759125
0.675453
0.601396
0.498792
0.56037
0.668418
0.722778
3.1337
4.04015
3.17988
2.76631
2.63989
2.64112
2.95312
3.52157
3.85021
3.88373
3.70948
3.25753
2.50219
1.26892
-0.676498
-2.47096
-3.36745
-3.10896
-1.89353
0.195399
3.44328
6.63802
8.97743
11.58
0.00105193
0.00104737
0.00228228
0.00362811
0.00555489
0.00818708
0.0116735
0.0163911
0.0224929
0.0303551
0.0402626
0.0526588
0.0678251
0.0861195
0.108098
0.13446
0.165943
0.203366
0.24781
0.300601
0.363018
0.436355
0.521618
0.619936
0.731001
0.854746
0.988249
1.12554
1.25275
1.33408
1.31252
1.16377
0.943874
0.782855
0.718126
0.652072
0.481995
0.293512
0.116292
-0.00786656
-0.00103909
0.0207713
0.106967
0.239486
0.390021
0.558201
0.721207
0.814745
0.790863
0.701254
0.619045
0.520087
0.579631
0.668512
0.841798
3.54586
4.36055
3.37402
2.87876
2.73863
2.73283
3.06741
3.70202
4.06761
4.10341
3.93054
3.48936
2.67574
1.39198
-0.54168
-2.31768
-3.24316
-3.01378
-1.74604
0.456025
3.71017
6.80176
9.05763
11.6056
0.00114689
0.00111181
0.00244921
0.00384323
0.00583327
0.00853589
0.0121231
0.0169515
0.023176
0.0311874
0.0412941
0.0539333
0.0694004
0.0880664
0.110473
0.137354
0.169448
0.207602
0.252919
0.306801
0.37061
0.445736
0.533302
0.634621
0.749532
0.878121
1.01734
1.16073
1.29355
1.37965
1.36308
1.22659
1.01615
0.853597
0.759247
0.67561
0.496862
0.317914
0.144998
0.0232368
0.0181268
0.0434242
0.134269
0.272569
0.427947
0.600477
0.763227
0.850042
0.822998
0.727734
0.636557
0.54137
0.603544
0.66871
0.998861
4.02146
4.72746
3.59212
3.00228
2.85201
2.8323
3.18347
3.87308
4.27794
4.32943
4.15169
3.72207
2.86734
1.55164
-0.372913
-2.15439
-3.09231
-2.88626
-1.57316
0.747402
3.98979
6.96067
9.12796
11.5453
0.00125628
0.0011829
0.00263098
0.00406888
0.00612462
0.008902
0.0125962
0.0175426
0.0238975
0.0320633
0.0423676
0.0552423
0.0709924
0.0900097
0.112829
0.140208
0.17289
0.211746
0.257912
0.312858
0.378034
0.45494
0.544813
0.649143
0.767908
0.901285
1.04599
1.19491
1.33222
1.4216
1.40877
1.2841
1.08283
0.915146
0.796969
0.694262
0.511529
0.344117
0.175167
0.0539589
0.0331351
0.0637558
0.161112
0.30526
0.465215
0.642311
0.80458
0.88494
0.855086
0.755355
0.654664
0.564378
0.63118
0.674774
1.20531
4.57205
5.14773
3.83374
3.1358
2.97638
2.9345
3.29805
4.03146
4.47988
4.55916
4.37551
3.9464
3.06513
1.71473
-0.190916
-1.98504
-2.92996
-2.73258
-1.37006
1.05451
4.27074
7.11027
9.17529
11.4238
0.00137663
0.00124708
0.00280791
0.0042838
0.00640882
0.0092681
0.0130771
0.0181498
0.0246433
0.0329694
0.0434664
0.0565617
0.0725652
0.0918953
0.115094
0.142923
0.176139
0.215641
0.262594
0.318533
0.384999
0.463622
0.555725
0.662979
0.785469
0.923403
1.07316
1.22678
1.36719
1.4581
1.4487
1.33489
1.14324
0.966097
0.829878
0.70899
0.527241
0.371803
0.20653
0.0836695
0.0475628
0.082847
0.187368
0.337862
0.502647
0.683875
0.845242
0.919615
0.886928
0.783921
0.6725
0.591467
0.654485
0.690608
1.47343
5.20654
5.62952
4.10059
3.28162
3.11137
3.04426
3.41206
4.17344
4.6737
4.78315
4.60176
4.16413
3.26951
1.88352
-0.0029049
-1.79492
-2.74636
-2.54343
-1.12505
1.38645
4.55229
7.2513
9.19435
11.2586
0.00152031
0.00130615
0.00298892
0.00449818
0.00669583
0.00964538
0.0135808
0.0187931
0.0254422
0.0339442
0.0446394
0.0579506
0.074189
0.093805
0.117358
0.145604
0.179321
0.219435
0.267141
0.324029
0.391741
0.472056
0.566362
0.676507
0.802658
0.944988
1.09943
1.25701
1.39915
1.48972
1.484
1.37863
1.19535
1.00748
0.859293
0.722134
0.545734
0.400563
0.238093
0.112252
0.0628862
0.100574
0.212563
0.369769
0.538937
0.723918
0.884867
0.954661
0.919693
0.812896
0.690664
0.625569
0.669923
0.725444
1.81359
5.93484
6.1857
4.39866
3.44673
3.24814
3.15967
3.52075
4.28921
4.85267
4.98696
4.82402
4.38631
3.47745
2.07147
0.194931
-1.58568
-2.54603
-2.32372
-0.848495
1.73997
4.82546
7.38214
9.18334
11.0416
0.00168836
0.00134417
0.00315227
0.0046907
0.00696719
0.0100178
0.0140946
0.0194651
0.0262906
0.0349877
0.0458863
0.0594019
0.0758463
0.0957031
0.119556
0.148159
0.182311
0.222969
0.271349
0.329092
0.397946
0.479856
0.576247
0.689137
0.818734
0.965117
1.12366
1.28426
1.42657
1.51462
1.51254
1.41259
1.23733
1.04036
0.88329
0.734219
0.56568
0.427294
0.268781
0.138907
0.0801894
0.118005
0.237074
0.400733
0.574034
0.762377
0.922878
0.98993
0.952122
0.840629
0.708935
0.664447
0.679792
0.783502
2.23559
6.7667
6.82727
4.73565
3.6421
3.39184
3.2875
3.62929
4.38556
5.01213
5.17841
5.04731
4.61822
3.69495
2.27856
0.419191
-1.34562
-2.31524
-2.06561
-0.537073
2.11147
5.09589
7.51659
9.13498
10.8077
0.00189748
0.00135891
0.00330407
0.00486712
0.00722797
0.0103903
0.0146237
0.020175
0.0272039
0.0361223
0.0472405
0.0609604
0.0775965
0.0976618
0.121767
0.150691
0.185231
0.226388
0.275388
0.333925
0.403845
0.487278
0.58568
0.701211
0.834101
0.984264
1.14643
1.30915
1.45012
1.53396
1.53513
1.43892
1.27083
1.0675
0.903994
0.746693
0.585465
0.450828
0.298433
0.164457
0.099034
0.134673
0.260571
0.430311
0.608079
0.798773
0.958526
1.02347
0.981805
0.86559
0.728107
0.701214
0.69012
0.877586
2.75844
7.71741
7.56854
5.12036
3.87872
3.54841
3.42563
3.74142
4.47003
5.14479
5.36236
5.25805
4.83566
3.90722
2.48132
0.654644
-1.09066
-2.06798
-1.7826
-0.200743
2.48248
5.36079
7.65373
9.04437
10.527
0.00215576
0.0013343
0.00342693
0.00500929
0.00746207
0.0107496
0.0151587
0.0209176
0.0281833
0.0373538
0.0487118
0.0626369
0.0794451
0.0996715
0.123959
0.153125
0.187968
0.229534
0.27905
0.338263
0.409102
0.493886
0.594129
0.712076
0.847954
1.00145
1.16655
1.33032
1.46846
1.54778
1.55073
1.4591
1.29687
1.08999
0.91964
0.757373
0.602303
0.471122
0.326634
0.189759
0.119424
0.151615
0.28286
0.458186
0.641099
0.832799
0.991168
1.0528
1.00609
0.886524
0.748937
0.728397
0.701808
1.01644
3.40135
8.79795
8.41975
5.56066
4.16661
3.72795
3.57997
3.86299
4.54813
5.25266
5.53161
5.44935
5.03441
4.10709
2.68192
0.896235
-0.829018
-1.80982
-1.48546
0.151382
2.85099
5.62808
7.78833
8.88532
10.2018
0.00248214
0.00127428
0.003531
0.00512607
0.00767183
0.0110931
0.0156938
0.0216849
0.0292214
0.0386794
0.0503077
0.064457
0.081436
0.101798
0.126217
0.15556
0.190639
0.232538
0.282491
0.342289
0.413925
0.499897
0.601847
0.722016
0.860622
1.01705
1.18443
1.3481
1.48219
1.55772
1.56078
1.47458
1.31495
1.10843
0.931542
0.766538
0.616057
0.489937
0.353811
0.213736
0.138732
0.170231
0.304565
0.484137
0.672664
0.864315
1.02019
1.07804
1.02669
0.906616
0.771577
0.744885
0.718491
1.20627
4.18394
10.0203
9.39705
6.0693
4.50737
3.93269
3.74509
3.99224
4.62536
5.33693
5.67712
5.62569
5.20572
4.27379
2.86392
1.11811
-0.587938
-1.55853
-1.19065
0.502761
3.21302
5.89981
7.91633
8.64579
9.80267
0.00287732
0.00117204
0.00360143
0.00520167
0.0078402
0.0114014
0.0162134
0.022467
0.0303155
0.0401057
0.052043
0.0664419
0.083594
0.104063
0.128549
0.157967
0.193163
0.235261
0.285507
0.345735
0.417975
0.504882
0.608276
0.730357
0.871277
1.03006
1.19882
1.36116
1.49071
1.56379
1.56568
1.48436
1.32611
1.1227
0.941155
0.774562
0.627715
0.507189
0.378841
0.237422
0.15626
0.18774
0.324782
0.507772
0.701591
0.892023
1.04602
1.10018
1.04595
0.926262
0.792914
0.754928
0.749009
1.44855
5.12115
11.3905
10.5075
6.65447
4.88981
4.15975
3.92292
4.12824
4.70473
5.41089
5.81001
5.78522
5.33851
4.40504
3.01747
1.30133
-0.383597
-1.32437
-0.902998
0.843354
3.56858
6.18709
8.0463
8.36694
9.23557
0.00333226
0.00104106
0.00364747
0.00524003
0.00796168
0.0116564
0.0166874
0.0232274
0.0314244
0.0415919
0.0538816
0.068567
0.085916
0.106495
0.131018
0.160444
0.19566
0.237838
0.288248
0.348763
0.421442
0.509043
0.613586
0.737263
0.880053
1.04053
1.20972
1.36983
1.49588
1.56689
1.56672
1.48929
1.33269
1.13354
0.949754
0.782413
0.637572
0.52155
0.399804
0.261584
0.176597
0.205151
0.343041
0.528632
0.72821
0.917166
1.07096
1.12099
1.06646
0.944322
0.812973
0.767287
0.804304
1.76014
6.23067
12.9135
11.7602
7.33641
5.31179
4.40224
4.10401
4.2599
4.78824
5.47577
5.92388
5.90575
5.42054
4.49284
3.12748
1.42543
-0.23901
-1.12531
-0.634311
1.15833
3.90794
6.48219
8.18476
8.11084
8.81378
0.00380733
0.000877701
0.00364608
0.00521298
0.00800396
0.0118231
0.0170759
0.0239262
0.03251
0.0431001
0.055789
0.0708028
0.0883759
0.109063
0.13358
0.162929
0.198034
0.240124
0.290504
0.351075
0.423934
0.511891
0.617119
0.741886
0.885934
1.04735
1.21628
1.37442
1.49828
1.56651
1.56474
1.49034
1.33642
1.14105
0.956039
0.788483
0.645521
0.533359
0.417035
0.282614
0.196345
0.223158
0.359994
0.546264
0.752233
0.939567
1.0942
1.13976
1.08742
0.959381
0.830587
0.785203
0.888342
2.16733
7.53011
14.5899
13.1551
8.12798
5.77192
4.66221
4.28819
4.39353
4.88623
5.54305
6.01404
5.99179
5.46633
4.53643
3.18711
1.47722
-0.174797
-0.975361
-0.399072
1.42551
4.22569
6.77917
8.35469
8.08828
8.29512
0.00425657
0.000708594
0.00360977
0.00512805
0.00795877
0.0118802
0.0173391
0.0245041
0.0334862
0.0445187
0.057639
0.0730201
0.0908536
0.111672
0.136169
0.165381
0.200277
0.242148
0.29234
0.352768
0.425566
0.513566
0.619039
0.744398
0.889243
1.05126
1.22006
1.37717
1.49918
1.56361
1.56054
1.48859
1.33772
1.14571
0.959974
0.792572
0.652172
0.543564
0.433085
0.302305
0.215415
0.241106
0.374953
0.560199
0.773837
0.959291
1.11445
1.15743
1.10636
0.976357
0.846168
0.810283
1.00367
2.72077
9.03414
16.4209
14.6948
9.05655
6.27435
4.9309
4.47202
4.54559
5.00491
5.6233
6.08871
6.05467
5.47452
4.53344
3.19819
1.45896
-0.182991
-0.870844
-0.204042
1.63479
4.50391
7.0716
8.56955
8.02371
7.19625
0.00463243
0.00056052
0.00353802
0.00498551
0.00782574
0.0118271
0.0174766
0.024953
0.0343418
0.0458289
0.0594014
0.0751789
0.0933046
0.114283
0.13877
0.167803
0.202393
0.243908
0.293736
0.35384
0.426362
0.514168
0.619598
0.745182
0.890566
1.05314
1.22202
1.37829
1.49811
1.5591
1.55485
1.48421
1.33628
1.14799
0.962001
0.794548
0.657766
0.552629
0.447283
0.321084
0.233473
0.25733
0.386892
0.570935
0.791248
0.976029
1.12846
1.17189
1.11759
0.994348
0.861922
0.8424
1.15395
3.46282
10.7527
18.4087
16.3763
10.1357
6.82203
5.20653
4.65725
4.71868
5.14495
5.71646
6.15748
6.10777
5.46157
4.48787
3.14419
1.37608
-0.232285
-0.795444
-0.057763
1.78328
4.72584
7.35143
8.75613
7.85036
6.53824
0.00490121
0.000482317
0.00346857
0.00482664
0.00763866
0.0116914
0.0175048
0.0252684
0.0350563
0.0470069
0.0610442
0.0772394
0.0956942
0.116886
0.141438
0.170372
0.204713
0.245885
0.295337
0.355093
0.427313
0.514913
0.620254
0.745881
0.891522
1.05431
1.22294
1.37808
1.49573
1.55437
1.54864
1.47705
1.33206
1.14839
0.963889
0.796269
0.6631
0.562382
0.460352
0.338263
0.250243
0.270591
0.397217
0.58116
0.803317
0.991716
1.1357
1.18102
1.1222
1.00978
0.879869
0.882565
1.37045
4.43228
12.6833
20.5503
18.1934
11.3811
7.42783
5.4811
4.83572
4.90053
5.3157
5.83647
6.22037
6.1343
5.43126
4.40962
3.02624
1.25215
-0.289249
-0.717578
0.0444296
1.8912
4.87201
7.57856
8.75908
7.83627
7.4146
0.00502871
0.000497922
0.00339139
0.00464331
0.00740466
0.0114943
0.017465
0.0255126
0.0357019
0.0481366
0.0626762
0.0793297
0.0981565
0.119612
0.144298
0.173217
0.2074
0.248302
0.297413
0.356819
0.428705
0.516029
0.621163
0.746609
0.892073
1.05453
1.22253
1.37657
1.4926
1.54988
1.5426
1.4695
1.32826
1.14933
0.966593
0.799398
0.66893
0.573064
0.472921
0.353107
0.265076
0.280186
0.405878
0.592202
0.810716
1.00336
1.13802
1.18179
1.11819
1.01234
0.89584
0.93792
1.71571
5.64644
14.8211
22.8415
20.1326
12.7872
8.08958
5.74233
5.00085
5.10235
5.5382
5.98916
6.27904
6.13939
5.39962
4.31089
2.85918
1.10444
-0.343247
-0.632467
0.0904194
1.94091
4.92837
7.70943
8.5994
8.06016
9.37659
0.00496653
0.000617285
0.00330509
0.0044321
0.00712545
0.0112546
0.0173945
0.0257494
0.0363619
0.0493019
0.0643747
0.0815355
0.100791
0.12257
0.147454
0.176445
0.210564
0.251276
0.300079
0.359105
0.430566
0.51744
0.622123
0.747087
0.891972
1.05362
1.22057
1.37342
1.48843
1.54518
1.53698
1.46334
1.32608
1.15171
0.970497
0.804705
0.675991
0.583645
0.484574
0.365297
0.278335
0.287919
0.414432
0.603648
0.816964
1.00851
1.13751
1.17338
1.10439
1.00014
0.904921
1.04353
2.24749
7.1013
17.1417
25.2657
22.1729
14.337
8.78976
5.96264
5.13292
5.3307
5.79868
6.15879
6.33928
6.13873
5.38143
4.21743
2.69384
0.957039
-0.381203
-0.537244
0.0993933
1.90655
4.8955
7.67359
8.42758
8.22284
12.0452
0.00463446
0.000798502
0.00317997
0.00419649
0.00683749
0.0110381
0.0173929
0.026111
0.0372031
0.0506847
0.0663155
0.0840072
0.103724
0.125862
0.150974
0.180064
0.214144
0.254664
0.303095
0.36157
0.432341
0.518407
0.622183
0.746133
0.889864
1.05014
1.2156
1.36723
1.48203
1.53993
1.53323
1.46142
1.32827
1.15738
0.976619
0.812323
0.685042
0.593728
0.494038
0.374314
0.289911
0.298084
0.424477
0.613896
0.82196
1.0057
1.12694
1.15034
1.07672
0.980418
0.933973
1.25095
2.98475
8.77842
19.6217
27.8046
24.2879
15.9831
9.50306
6.10462
5.19296
5.54913
6.06389
6.33984
6.42004
6.14843
5.36845
4.14224
2.54669
0.787634
-0.429851
-0.456952
0.0879034
1.76467
4.76917
7.48923
8.33396
8.01458
16.8017
0.00395538
0.000969588
0.00299714
0.00396118
0.00660411
0.0109349
0.0175603
0.0266922
0.0383068
0.0523594
0.0685566
0.0867733
0.106949
0.129451
0.154806
0.183999
0.218028
0.258313
0.306278
0.364024
0.433802
0.518639
0.621001
0.743367
0.885361
1.04377
1.20748
1.35819
1.47399
1.53511
1.5327
1.46494
1.33562
1.16663
0.985234
0.821571
0.694838
0.601715
0.500242
0.380849
0.300348
0.31309
0.439051
0.625991
0.828378
0.999794
1.10722
1.11984
1.0509
0.98122
1.02028
1.58337
3.92147
10.6445
22.2136
30.4205
26.4487
17.6617
10.2097
6.13016
5.13981
5.70773
6.29789
6.52833
6.52761
6.18016
5.35748
4.09537
2.40969
0.596196
-0.498051
-0.402125
0.0942677
1.56192
4.60125
7.20798
8.21427
7.78958
24.9199
0.00289938
0.00104342
0.00273202
0.00373871
0.00648895
0.0110505
0.0180343
0.0276466
0.0398293
0.05448
0.0712549
0.0899889
0.110598
0.13342
0.158953
0.18814
0.221937
0.261718
0.308877
0.365498
0.433827
0.516952
0.617461
0.737925
0.878083
1.03483
1.19747
1.34846
1.46698
1.53324
1.53705
1.47467
1.34906
1.18102
0.998298
0.833559
0.705146
0.606448
0.500835
0.383329
0.309662
0.331718
0.460451
0.645505
0.839907
0.995552
1.08384
1.08755
1.03515
1.01448
1.17737
2.04517
5.03357
12.6574
24.8715
33.0723
28.6334
19.3089
10.8624
5.99341
4.94404
5.76632
6.48142
6.71882
6.65664
6.24106
5.36451
4.07025
2.25039
0.357904
-0.61251
-0.391144
0.097591
1.33991
4.4087
6.95937
8.06526
8.0989
31.7494
0.00152233
0.000924874
0.0023797
0.00352827
0.00648767
0.0113777
0.0188067
0.0289673
0.0417664
0.0570562
0.074443
0.0937198
0.114763
0.137867
0.163479
0.192475
0.225749
0.264621
0.310475
0.36544
0.431845
0.512923
0.611476
0.730281
0.869234
1.02534
1.1882
1.34087
1.46328
1.53528
1.5454
1.48836
1.3661
1.19881
1.01478
0.847407
0.714196
0.607129
0.495989
0.381592
0.318575
0.353327
0.487852
0.673013
0.858393
0.995637
1.06232
1.05909
1.03424
1.08381
1.40566
2.62759
6.28657
14.7576
27.527
35.6995
30.8089
20.875
11.3628
5.63115
4.57497
5.69036
6.60124
6.90603
6.81206
6.33669
5.40643
4.05707
2.06343
0.0737065
-0.780142
-0.427515
0.0759916
1.16613
4.18062
6.9184
8.00573
8.78416
32.0544
-1.63448e-05
0.000584845
0.00199349
0.00337834
0.00665069
0.0119464
0.0198791
0.0306286
0.044077
0.0600348
0.0780649
0.0979127
0.119396
0.142729
0.168274
0.196808
0.22915
0.266581
0.310518
0.363229
0.427266
0.506145
0.602996
0.720875
0.859832
1.01686
1.18163
1.33742
1.46447
1.54212
1.55789
1.50541
1.38584
1.21862
1.03253
0.860926
0.720581
0.603732
0.48684
0.37664
0.327131
0.376797
0.519014
0.70513
0.879962
0.995655
1.0388
1.03106
1.04307
1.18221
1.69561
3.31006
7.63493
16.8802
30.1161
38.2387
32.9361
22.2809
11.5327
4.9645
3.97658
5.42866
6.63523
7.08155
7.00567
6.48278
5.49062
4.02656
1.82544
-0.257019
-1.00447
-0.505153
0.0374524
1.08739
3.9757
7.16196
8.07637
9.50289
27.8071
-0.00140312
0.000142082
0.00174157
0.00341811
0.00704131
0.0127373
0.0211437
0.0324357
0.0464758
0.063047
0.0816743
0.102054
0.123927
0.14741
0.172741
0.200584
0.231674
0.267285
0.308936
0.359118
0.420731
0.4977
0.593541
0.711583
0.851939
1.0114
1.17941
1.33915
1.47083
1.5533
1.57335
1.5239
1.40557
1.23737
1.04854
0.871835
0.723069
0.59672
0.475345
0.37055
0.335919
0.401325
0.552681
0.739706
0.902409
0.994193
1.01309
1.00495
1.06227
1.30656
2.03558
4.06271
9.027
18.9502
32.5573
40.6083
34.9447
23.408
11.2734
4.05053
3.17008
4.96774
6.58536
7.25199
7.24416
6.69636
5.6083
3.96379
1.55095
-0.58447
-1.20591
-0.56696
0.0495381
1.10543
3.97245
7.61726
8.10759
9.98642
25.1221
-0.00219973
-7.36761e-05
0.002001
0.00402697
0.00802105
0.0140643
0.0228368
0.0345169
0.0489637
0.0659412
0.0849489
0.105634
0.127661
0.151036
0.175874
0.202724
0.232256
0.265783
0.304996
0.352698
0.412217
0.487959
0.583843
0.703388
0.846648
1.01002
1.18251
1.34697
1.48336
1.57004
1.59323
1.54538
1.42667
1.256
1.06304
0.879778
0.721513
0.585928
0.461329
0.363383
0.344287
0.425551
0.58672
0.773369
0.921043
0.985624
0.978835
0.973074
1.0815
1.44303
2.40475
4.8468
10.4005
20.8913
34.7738
42.7302
36.7349
24.1165
10.7039
3.07653
2.26779
4.36472
6.48414
7.44704
7.54456
6.97432
5.73505
3.85963
1.27961
-0.830942
-1.3265
-0.586215
0.136733
1.25546
4.41201
8.24362
7.88543
9.64808
24.0863
-0.00205544
0.000162421
0.00303442
0.00546393
0.00982071
0.0161173
0.0250942
0.0369409
0.0515195
0.0685866
0.0876234
0.108242
0.130038
0.152928
0.176923
0.202491
0.230283
0.261707
0.298681
0.344369
0.402553
0.478096
0.575247
0.697588
0.844936
1.01315
1.1906
1.35977
1.50034
1.59025
1.61526
1.56754
1.44685
1.2725
1.07436
0.883352
0.71491
0.570678
0.444592
0.355351
0.352259
0.449336
0.619993
0.804412
0.934625
0.970084
0.938029
0.936817
1.09882
1.58267
2.78118
5.62067
11.693
22.6245
36.6852
44.527
38.1048
24.3547
10.1324
2.30474
1.48146
3.81982
6.43631
7.72025
7.92532
7.28538
5.84394
3.75028
1.09213
-0.963039
-1.38781
-0.58624
0.253564
1.66793
5.52052
9.0955
7.51316
8.21185
21.1402
-0.000992002
0.000730623
0.00475776
0.00764977
0.0123652
0.0188182
0.027821
0.0395733
0.0539494
0.0707033
0.0893125
0.109368
0.130427
0.152347
0.17508
0.199069
0.225011
0.254463
0.289621
0.334021
0.391875
0.468413
0.568098
0.69441
0.846779
1.0204
1.20302
1.37668
1.52085
1.61322
1.6392
1.59067
1.46718
1.2884
1.08434
0.884927
0.70637
0.554419
0.428627
0.350104
0.363207
0.475168
0.652972
0.831413
0.940076
0.943351
0.884717
0.886424
1.09888
1.70318
3.13152
6.33343
12.8355
24.0729
38.2088
45.9434
38.9864
24.4535
9.90955
1.89532
0.912718
3.46457
6.52165
8.07825
8.34087
7.57958
5.9702
3.73588
1.03219
-1.00472
-1.40105
-0.586757
0.439496
2.54916
7.44644
10.2179
7.18448
6.57264
17.2556
0.000809323
0.00123968
0.00679774
0.0101832
0.0152285
0.0217468
0.0306225
0.0420694
0.0559717
0.0720916
0.0899125
0.109028
0.128987
0.149634
0.170915
0.193307
0.21761
0.245574
0.279682
0.323813
0.382529
0.461299
0.564634
0.695753
0.853567
1.03253
1.21979
1.39707
1.54382
1.63769
1.66398
1.61437
1.48826
1.30576
1.09677
0.890016
0.702584
0.544289
0.419785
0.351627
0.378542
0.50128
0.680933
0.847976
0.930826
0.899729
0.813976
0.816177
1.0735
1.78962
3.42826
6.94181
13.7693
25.1627
39.2428
46.8336
39.5852
24.7609
10.0731
1.82401
0.586405
3.27126
6.64814
8.38373
8.6761
7.85422
6.15973
3.81679
1.06584
-0.985836
-1.37838
-0.560857
0.881936
4.29046
10.3063
11.5948
6.96821
5.48515
13.7435
0.00336967
0.00159287
0.00915851
0.0130832
0.0184646
0.0250196
0.0336986
0.0447273
0.0580006
0.0732909
0.0901021
0.108046
0.126695
0.145913
0.165695
0.18659
0.209543
0.236509
0.270251
0.314937
0.375388
0.457181
0.564747
0.70092
0.86403
1.04781
1.2389
1.4189
1.56738
1.66221
1.68879
1.63854
1.51087
1.3258
1.11288
0.899711
0.704251
0.539736
0.415136
0.353987
0.389547
0.516703
0.691836
0.8426
0.897249
0.83224
0.720668
0.721094
1.01509
1.82719
3.64148
7.39159
14.4194
25.8332
39.7487
47.107
40.0749
25.0941
10.373
1.93546
0.424516
3.14329
6.69392
8.53381
8.86361
8.0063
6.24578
3.83691
1.09605
-0.921404
-1.32026
-0.377756
1.93505
7.32472
14.1469
13.2108
6.81775
4.53582
10.3948
0.00667901
0.0019511
0.0119254
0.0164083
0.0221183
0.0287116
0.0371824
0.0477714
0.0603754
0.0747799
0.0905102
0.107207
0.124479
0.142234
0.160534
0.180023
0.201794
0.227997
0.261638
0.307113
0.369426
0.45418
0.565658
0.70629
0.873858
1.06148
1.25549
1.43747
1.58733
1.6832
1.71056
1.66065
1.53261
1.34619
1.13037
0.911868
0.70942
0.539314
0.41389
0.356935
0.397395
0.525137
0.692969
0.827053
0.856063
0.761416
0.626189
0.618588
0.930165
1.80222
3.73139
7.62497
14.7514
26.1531
39.8911
46.8788
40.2509
25.2502
10.6477
2.14662
0.400941
2.98855
6.55082
8.46381
8.81448
7.95665
6.20922
3.80661
1.12633
-0.808606
-1.14521
0.294275
4.18834
11.9186
18.9004
15.0733
6.51127
2.90764
6.92274
0.0103188
0.00273177
0.0151003
0.0201222
0.0261124
0.0327273
0.0409657
0.0510817
0.0629723
0.0764305
0.0910065
0.10637
0.122173
0.138375
0.155109
0.173112
0.193623
0.218957
0.252331
0.298323
0.362082
0.449211
0.563868
0.70815
0.879443
1.07043
1.2673
1.45174
1.60385
1.70199
1.73146
1.68313
1.55596
1.36931
1.15179
0.929779
0.722987
0.550032
0.425758
0.373535
0.418162
0.545227
0.704556
0.821442
0.82543
0.701397
0.537876
0.507108
0.806739
1.69428
3.68172
7.66544
14.8859
26.3338
39.8264
46.3047
39.868
25.2508
10.9293
2.462
0.557158
2.95249
6.40351
8.32932
8.72069
7.9007
6.22314
3.86525
1.27484
-0.518023
-0.534122
1.9609
8.08755
18.046
24.3372
17.1251
6.05338
0.975751
3.49709
0.0131787
0.00430196
0.0181818
0.0236894
0.0298231
0.0363923
0.0443398
0.0539434
0.0650934
0.0775947
0.0910201
0.105073
0.119453
0.134168
0.149425
0.16604
0.185371
0.209868
0.242915
0.289223
0.354052
0.443003
0.560149
0.707352
0.881744
1.07575
1.27551
1.46285
1.61803
1.71939
1.75192
1.70609
1.58083
1.39562
1.17877
0.956403
0.749062
0.577495
0.4581
0.412822
0.462362
0.588535
0.73868
0.8379
0.817507
0.665239
0.47236
0.411702
0.686082
1.57285
3.60894
7.68965
15.0084
26.3963
39.3443
45.1682
39.0408
25.1513
11.3047
2.95227
0.902882
3.04077
6.28287
8.20674
8.67289
7.93632
6.34498
4.09039
1.66633
0.161898
0.832719
4.92712
13.651
25.3902
30.1145
19.2844
5.64334
-0.651848
0.459528
0.013995
0.00671668
0.0204696
0.0264076
0.03252
0.0389634
0.0465641
0.0556298
0.0660521
0.0776518
0.0900353
0.102943
0.116129
0.129651
0.143779
0.159389
0.177926
0.201923
0.234861
0.281512
0.347174
0.437403
0.556183
0.705192
0.881428
1.07721
1.27881
1.46832
1.62615
1.73069
1.76664
1.72421
1.6026
1.42127
1.20805
0.98862
0.784422
0.61803
0.50684
0.470815
0.526327
0.652109
0.794041
0.878438
0.840281
0.671541
0.465497
0.393799
0.663796
1.5743
3.6851
7.87725
15.2537
26.3945
38.4965
43.5984
37.8646
24.9287
11.8098
3.67533
1.45528
3.2406
6.18091
8.05377
8.58762
7.9666
6.51004
4.4542
2.33653
1.33615
3.03
9.13385
20.531
33.4148
35.8654
21.4893
5.40259
-1.78908
-1.92718
0.0124384
0.00961805
0.0215943
0.0278001
0.0337564
0.040007
0.0472533
0.055834
0.0656515
0.0765545
0.0881886
0.100341
0.112816
0.125717
0.139362
0.154657
0.173081
0.197177
0.230423
0.27754
0.343748
0.43446
0.553502
0.702365
0.877967
1.07267
1.27313
1.4619
1.61991
1.72582
1.7643
1.72557
1.609
1.4339
1.22707
1.0133
0.814711
0.655714
0.554423
0.528585
0.590882
0.717695
0.854749
0.931589
0.889331
0.726389
0.538728
0.495429
0.807288
1.79194
4.02209
8.34083
15.7102
26.4047
37.4427
41.7887
36.4716
24.6144
12.3821
4.55691
2.15892
3.52717
6.10023
7.87093
8.45673
7.9612
6.6797
4.90683
3.23278
2.92376
5.88874
14.2197
28.1291
41.4948
41.2794
23.6901
5.40649
-2.46759
-3.36826
0.00951096
0.0121501
0.0216586
0.0278232
0.0335321
0.0395366
0.0464542
0.0546426
0.0640347
0.0745106
0.0857671
0.0976376
0.109983
0.122944
0.136874
0.152686
0.171851
0.19685
0.231075
0.279077
0.345873
0.436602
0.554829
0.701794
0.874349
1.065
1.26094
1.44548
1.60025
1.70454
1.74322
1.70665
1.59445
1.42538
1.2249
1.01674
0.823633
0.67132
0.578478
0.561002
0.628321
0.75538
0.888871
0.963032
0.92713
0.788166
0.645531
0.665494
1.0615
2.16567
4.54849
8.99051
16.2802
26.3822
36.2686
39.9019
35.0178
24.2796
13.0079
5.54125
2.96353
3.88274
6.05174
7.67794
8.29221
7.92066
6.84111
5.40952
4.26707
4.75894
9.10527
19.6622
35.7537
49.0567
46.1372
25.848
5.75127
-2.70999
-3.85351
0.0066109
0.0135898
0.0208839
0.0267446
0.0321063
0.0378034
0.044397
0.0522683
0.0613857
0.0716697
0.0828677
0.0948628
0.107566
0.121154
0.13601
0.153041
0.173693
0.200365
0.236315
0.285878
0.3538
0.444875
0.562332
0.707107
0.87594
1.06149
1.25148
1.43007
1.57971
1.68041
1.7174
1.68133
1.57195
1.40744
1.21172
1.00739
0.817546
0.669086
0.581135
0.568066
0.637036
0.762191
0.891642
0.964743
0.939232
0.830901
0.742544
0.837494
1.33206
2.56958
5.10977
9.66009
16.8263
26.2929
35.0874
38.108
33.6387
23.96
13.6227
6.5202
3.77564
4.259
6.03042
7.49368
8.1181
7.86071
6.98887
5.9166
5.32626
6.6256
12.3023
24.8907
42.7672
55.6775
50.3237
27.9309
6.51337
-2.56054
-3.50013
0.0049547
0.0140861
0.0199117
0.0253349
0.0302683
0.035582
0.0418047
0.0493413
0.0582008
0.0683407
0.0795595
0.0917819
0.104966
0.119321
0.135258
0.153683
0.176028
0.204613
0.24258
0.294051
0.363516
0.455428
0.572686
0.715906
0.881717
1.06287
1.24762
1.42083
1.5657
1.66301
1.69838
1.66275
1.55608
1.39571
1.20409
1.00287
0.81542
0.669246
0.583853
0.572711
0.641296
0.763708
0.889659
0.963086
0.949318
0.871922
0.835945
1.00173
1.58845
2.94802
5.62512
10.2568
17.2842
26.1609
34.02
36.5565
32.4548
23.6866
14.1688
7.39409
4.50497
4.60354
6.01923
7.32455
7.94692
7.78768
7.10804
6.37099
6.28937
8.3109
15.135
29.4295
48.7092
61.118
53.8149
29.9286
7.51216
-2.03566
-2.25618
0.00504887
0.0141683
0.0194042
0.0244007
0.0289122
0.0338176
0.0396367
0.0467989
0.0553479
0.0652746
0.0764169
0.088732
0.102213
0.117091
0.133802
0.153256
0.176876
0.206929
0.246471
0.29946
0.370181
0.462812
0.579978
0.722034
0.885502
1.06321
1.24381
1.41278
1.55392
1.64866
1.683
1.64823
1.54436
1.3881
1.20056
1.00251
0.817391
0.673041
0.589326
0.579187
0.647165
0.767671
0.891908
0.967713
0.966574
0.917876
0.927761
1.15334
1.81591
3.27326
6.05553
10.7408
17.6372
26.0281
33.165
35.3498
31.5398
23.4795
14.6043
8.08905
5.08397
4.87459
6.00494
7.17646
7.79068
7.70642
7.1821
6.72027
7.05465
9.65052
17.3584
32.9712
53.3335
65.2998
56.6445
31.7934
8.55467
-1.22762
-0.233367
0.0067334
0.0142279
0.0197121
0.0244056
0.0286254
0.0332118
0.0387046
0.0455442
0.0538058
0.0634995
0.0744948
0.0867667
0.100334
0.115439
0.132539
0.152543
0.176877
0.20777
0.248224
0.302084
0.373496
0.466434
0.583342
0.724368
0.885981
1.06104
1.23851
1.40426
1.54256
1.63536
1.669
1.63503
1.53363
1.38078
1.19666
1.00138
0.818457
0.675555
0.592927
0.58352
0.651047
0.770637
0.894816
0.974287
0.985054
0.960644
1.0073
1.27936
1.99909
3.52707
6.38018
11.0944
17.8887
25.9326
32.57
34.5249
30.9238
23.3511
14.9209
8.58282
5.49037
5.06151
5.98772
7.05992
7.66309
7.62788
7.21137
6.94525
7.57832
10.572
18.8674
35.3987
56.5918
68.2606
58.8593
33.3938
9.5679
-0.275154
2.39291
0.00899088
0.0140484
0.0203626
0.0248592
0.0289444
0.0333407
0.0386353
0.0452633
0.0533263
0.06284
0.0736981
0.0858805
0.0994262
0.114582
0.131823
0.152058
0.17672
0.208016
0.248923
0.303211
0.374952
0.467982
0.584641
0.724932
0.885305
1.05862
1.23403
1.39767
1.53403
1.62553
1.65873
1.62536
1.5258
1.37534
1.19362
1.00033
0.819127
0.677249
0.595435
0.586941
0.654624
0.774441
0.899818
0.983253
1.00352
0.996662
1.06865
1.37201
2.12907
3.70097
6.59434
11.3212
18.0543
25.8966
32.2426
34.0665
30.5876
23.2935
15.122
8.88641
5.73874
5.17741
5.97849
6.98602
7.57555
7.56172
7.20122
7.04444
7.84969
11.0627
19.6722
36.7745
58.6058
70.0999
60.4596
34.6513
10.4027
0.652168
5.13406
0.0105589
0.0137849
0.0208567
0.0252158
0.029253
0.0335465
0.0387358
0.0452412
0.0531831
0.0625753
0.0733265
0.0854167
0.0988986
0.114021
0.131272
0.15156
0.176327
0.20777
0.248861
0.303329
0.375217
0.46828
0.584818
0.724744
0.884511
1.05696
1.23134
1.39388
1.5292
1.61999
1.65295
1.61987
1.52134
1.37209
1.19151
0.999203
0.818968
0.677575
0.59612
0.588264
0.656226
0.776564
0.903178
0.989267
1.01484
1.01729
1.1024
1.42202
2.19816
3.79127
6.70207
11.4337
18.1432
25.9012
32.1162
33.878
30.4458
23.2628
15.1978
9.00321
5.82927
5.20858
5.94947
6.92181
7.49739
7.48422
7.13858
7.01963
7.89125
11.1879
19.9246
37.3229
59.5373
70.8936
61.3159
35.4606
10.9132
1.29986
7.06861
)
;

boundaryField
{
    inletFace
    {
        type            zeroGradient;
    }
    inlet
    {
        type            zeroGradient;
    }
    inletWalls
    {
        type            zeroGradient;
    }
    outletInlet
    {
        type            cyclicAMI;
        value           nonuniform List<scalar> 
15
(
8.84466
11.8608
13.6356
15.974
17.8088
20.0918
22.465
24.1298
26.2299
28.0622
26.9984
27.2875
22.9504
20.5888
20.605
)
;
    }
    fineSymmetryWall
    {
        type            symmetryPlane;
    }
    fineWalls
    {
        type            zeroGradient;
    }
    fineCyclicBoundary
    {
        type            fixedValue;
        value           uniform 0;
    }
    fineplug
    {
        type            cyclicAMI;
        value           nonuniform List<scalar> 
80
(
9.23356
9.44287
9.85523
7.20781
8.54347
10.7864
11.4604
11.7025
11.7593
12.195
13.4477
14.7069
13.8479
12.5324
12.9351
14.0457
15.5299
15.7143
15.9325
16.0625
16.3941
17.1317
17.5685
17.6959
17.6319
18.0162
19.0656
20.0979
20.1475
19.9736
19.8299
20.4333
22.6474
22.5619
22.2499
22.0765
22.5741
23.8756
23.807
22.9279
23.2516
25.5711
26.3689
27.1631
26.637
26.1442
25.6615
25.2176
26.1501
28.4545
29.3759
28.3327
27.989
28.625
28.4445
27.3841
25.7024
24.4166
28.351
29.7966
28.2969
27.2839
25.887
24.0594
23.7438
22.8074
21.7818
21.3673
24.7004
22.2046
21.1003
20.9435
20.7736
19.8544
18.4373
18.4836
19.5729
23.1252
21.1831
20.3709
)
;
    }
    faceFine
    {
        type            zeroGradient;
    }
}


// ************************************************************************* //
