/*--------------------------------*- C++ -*----------------------------------*\
| =========                 |                                                 |
| \\      /  F ield         | OpenFOAM: The Open Source CFD Toolbox           |
|  \\    /   O peration     | Version:  4.1                                   |
|   \\  /    A nd           | Web:      www.OpenFOAM.org                      |
|    \\/     M anipulation  |                                                 |
\*---------------------------------------------------------------------------*/
FoamFile
{
    version     2.0;
    format      ascii;
    class       volScalarField;
    location    "14";
    object      p;
}
// * * * * * * * * * * * * * * * * * * * * * * * * * * * * * * * * * * * * * //

dimensions      [0 2 -2 0 0 0 0];

internalField   nonuniform List<scalar> 
6785
(
576.755
500.627
452.514
400.015
353.251
308.631
266.956
227.625
190.54
155.509
121.666
89.071
61.1916
31.2178
-7.98474
-26.4025
-44.2303
-35.5381
-42.0101
-42.3203
-44.7936
-45.9422
-46.737
-46.6636
-45.6842
-43.724
-40.9878
-36.9354
-31.814
-28.2093
-16.9752
-20.6181
-10.8912
-14.3008
-10.1437
-10.0241
-8.46558
-7.71198
-6.87548
-6.24804
-5.68525
-5.33166
-4.91042
-4.38712
-1.907
25.3152
24.2094
28.1566
24.3281
26.7058
25.0899
25.6402
25.3771
25.6421
25.7858
25.8399
25.538
25.3488
25.4201
26.8395
28.4453
26.3498
28.7544
25.7444
28.1552
26.5978
27.5773
27.113
27.2209
26.814
26.2069
25.4563
24.9895
24.6517
23.4815
9.071
5.10529
6.06816
2.45916
3.08637
0.344799
0.0507864
-1.74851
-2.53957
-3.64871
-4.32832
-4.90867
-5.61673
-7.06359
-9.09569
-20.6823
-24.5191
-23.8818
-27.069
-26.8802
-29.6633
-30.3704
-32.5174
-33.8529
-35.341
-36.4168
-37.2942
-38.1495
-38.7729
-37.3078
-25.6671
-26.8771
-25.1188
-26.7527
-25.2744
-26.4321
-25.8325
-26.3459
-26.3589
-26.5025
-26.2703
-25.6804
-24.2948
-22.8178
-20.0657
-4.53685
-3.65971
-1.47745
-1.59265
0.613277
1.05595
2.71719
3.80786
5.22423
6.60725
8.12603
9.61579
11.3298
12.6688
14.5463
12.4627
13.6894
15.344
15.4642
17.196
17.6301
18.8837
19.71
20.7087
21.641
22.6122
23.5024
24.4968
25.2112
26.1557
25.5257
26.684
27.8541
27.9316
29.2368
29.482
30.3856
30.9433
31.6281
32.2764
32.9498
33.5846
34.3554
34.8855
35.8032
37.1372
38.1598
38.9306
39.0982
40.0641
40.1939
40.8393
41.0383
41.3508
41.6143
41.9562
42.4655
43.1533
43.7365
44.4644
52.1979
51.8294
51.3671
50.9007
51.0941
50.5913
50.4746
50.0149
49.6822
49.1817
48.6553
48.2534
47.915
48.0847
47.7773
46.6548
46.0195
44.0402
41.4575
39.1523
36.7809
35.3785
34.049
33.0817
31.9924
31.052
30.3147
30.0156
30.2786
29.2447
67.9744
64.4255
57.4714
50.685
45.1024
39.6337
36.2803
33.955
31.6068
29.8756
28.0264
25.8842
23.829
22.4166
20.8687
40.2481
40.6538
40.924
40.9239
41.0464
41.3756
41.9285
41.7895
41.7181
41.6224
41.9256
41.5799
41.4287
41.6145
41.1183
41.0202
41.1056
41.2104
40.394
40.6709
40.8325
40.0173
39.9004
40.4137
40.5205
39.5932
39.4822
40.0531
40.4395
39.2805
39.8519
40.3745
39.5126
39.3801
40.0476
40.4616
39.525
40.1234
40.5093
39.9474
39.8854
40.5209
40.6807
40.2717
40.2712
40.7982
40.8383
40.4822
41.1038
40.9964
40.8042
40.9315
41.4104
41.6271
41.5338
41.6321
41.9326
42.5185
42.4968
42.5675
43.2917
43.2914
43.2263
43.1821
43.6526
43.7618
44.3355
44.8133
44.2409
45.4328
46.7458
43.1856
41.37
44.5932
47.6932
31.2662
40.455
46.2896
10.662
22.2861
30.5609
31.2127
35.94
33.0371
32.1049
38.2019
39.0325
40.7484
41.5788
41.8707
41.3647
44.2693
51.3058
35.5341
35.4114
35.404
35.3272
33.6856
32.722
30.6798
32.6842
42.0602
26.5449
26.4079
24.3306
24.0688
25.8604
26.0007
24.5749
23.7467
23.5982
37.0366
27.1846
26.3427
24.8887
23.2735
24.048
26.216
25.9354
22.1991
28.5159
30.3112
31.8878
31.7062
29.3032
27.167
25.1384
26.5783
22.5555
31.6185
34.6566
29.3081
28.561
26.9174
23.8962
21.8427
19.7085
12.2498
19.0946
29.4782
24.2383
22.4169
19.3904
15.2433
12.1699
11.328
9.60376
6.33434
3.99658
12.5815
9.29949
9.65721
9.24831
8.24286
3.85571
3.06648
5.37853
-6.04264
8.30044
5.64048
3.33305
9.57558
4.42356
6.92719
6.00908
7.7987
10.1138
6.56533
8.70246
10.1412
7.81447
8.73301
8.12285
8.93726
10.2402
8.21171
8.92024
8.3144
9.0086
9.94995
7.94928
8.96492
9.60576
8.17236
8.60574
8.12677
8.54222
9.21435
7.90035
8.26347
7.80724
8.1782
8.6941
7.36297
7.94128
8.28384
7.30536
7.52632
7.171
7.37362
7.74247
6.8484
7.02775
6.69472
6.86985
7.12859
6.2401
6.54422
6.67664
6.01227
6.09582
5.82986
5.89441
6.01443
5.4192
5.46661
5.21637
5.25366
5.27557
4.70324
4.79721
4.72664
4.26772
4.2322
4.01037
3.9655
3.86034
3.44661
3.35882
3.09515
3.07734
3.02903
2.49119
2.25794
2.25199
1.6145
1.28246
1.06158
0.58618
0.309504
0.00143469
0.00232452
0.00364648
0.00453261
0.00549663
0.00630237
0.00707906
0.00777085
0.00841288
0.00900027
0.0095507
0.0100761
0.0105941
0.0111211
0.011672
0.0122569
0.0128796
0.0135378
0.0142262
0.0149433
0.0156991
0.0165252
0.0174806
0.0186479
0.0201082
0.0218944
0.0239527
0.0261697
0.0284305
0.0305943
0.0325007
0.0339979
0.0349308
0.0351869
0.0347373
0.0336792
0.0322708
0.0309114
0.0300603
0.0300854
0.0310989
0.0329084
0.034953
0.0361921
0.0352801
0.0309293
0.0222024
0.00868554
-0.00891005
-0.0279634
-0.0497164
-0.0987729
-0.166827
0.0305947
-0.691303
-0.723708
-0.893055
-1.06217
-1.14726
-1.17986
-1.11701
-0.989621
-0.815719
-0.625031
-0.404149
-0.192385
0.00899819
0.182538
0.320463
0.424223
0.497707
0.531127
0.555179
0.546051
0.528053
0.561131
0.485922
0.598903
0.430388
0.00399505
0.00633998
0.00997418
0.0124333
0.0150171
0.0171746
0.0192009
0.0209826
0.0225979
0.0240492
0.0253816
0.0266357
0.0278607
0.0291064
0.030415
0.0318159
0.0333186
0.0349158
0.0365913
0.0383393
0.040188
0.0422265
0.0446229
0.0476117
0.0514228
0.0561446
0.061614
0.067501
0.0734851
0.0791792
0.0841466
0.0879798
0.09026
0.0906799
0.0891423
0.0858486
0.0813336
0.0763166
0.0713772
0.0665234
0.0609722
0.0536259
0.0437005
0.0308884
0.0154525
-0.00207347
-0.0215045
-0.0432912
-0.0679376
-0.0958639
-0.1312
-0.183544
-0.205117
0.14333
-1.03706
-1.1354
-1.43744
-1.7339
-1.89687
-1.99582
-1.96514
-1.80297
-1.5245
-1.19001
-0.776721
-0.370924
0.0181435
0.361822
0.626389
0.83052
0.95506
1.0271
1.05151
1.06151
1.0222
1.09206
1.01549
1.13922
1.3925
0.00624456
0.0103249
0.0165505
0.0207683
0.0252143
0.028932
0.0324372
0.0355292
0.0383454
0.0408861
0.0432289
0.0454407
0.0476046
0.0498044
0.0521111
0.0545744
0.0572107
0.0600076
0.0629377
0.0659905
0.0692124
0.0727531
0.0768957
0.0820377
0.0885712
0.096649
0.105997
0.11606
0.126299
0.136058
0.144599
0.151229
0.155234
0.156092
0.153647
0.14828
0.140998
0.133216
0.126219
0.120383
0.114682
0.107303
0.0964963
0.0807863
0.0592772
0.0315169
-0.00309432
-0.0455224
-0.0962389
-0.155104
-0.22786
-0.323919
-0.375481
0.0129438
-1.14148
-1.3046
-1.64937
-2.00639
-2.21019
-2.34797
-2.34193
-2.16787
-1.84348
-1.44245
-0.937734
-0.441249
0.0361158
0.458751
0.781808
1.03253
1.18027
1.26863
1.29375
1.30291
1.26912
1.31378
1.29399
1.32303
1.86542
0.00833926
0.0140962
0.0227708
0.028701
0.0349121
0.0401181
0.0450117
0.0493286
0.0532531
0.0567908
0.0600483
0.0631207
0.0661244
0.0691771
0.0723786
0.0757988
0.0794602
0.0833447
0.0874124
0.0916465
0.0961096
0.101009
0.106741
0.113867
0.122942
0.134184
0.147203
0.161219
0.175482
0.189077
0.200981
0.210226
0.215814
0.217007
0.213576
0.206044
0.195815
0.184873
0.175
0.166643
0.158216
0.147029
0.130607
0.107082
0.0756169
0.0360504
-0.0120972
-0.070037
-0.138929
-0.22032
-0.321991
-0.440835
-0.509754
-0.319696
-1.34742
-1.6111
-1.9765
-2.4154
-2.67057
-2.84891
-2.85762
-2.65295
-2.26014
-1.76965
-1.14812
-0.537128
0.0511206
0.571825
0.969312
1.27847
1.45966
1.56789
1.59914
1.60249
1.57424
1.59237
1.61241
1.57643
2.24852
0.010232
0.0177654
0.0288991
0.0365956
0.0446116
0.0513519
0.0576753
0.063259
0.0683317
0.0729055
0.0771154
0.0810855
0.0849656
0.0889083
0.0930431
0.0974603
0.102189
0.107204
0.112452
0.117908
0.123649
0.129937
0.137284
0.146422
0.158081
0.172551
0.189322
0.207382
0.225771
0.243312
0.258692
0.270665
0.277934
0.279529
0.275124
0.265372
0.252092
0.237889
0.225138
0.214479
0.203888
0.189953
0.169585
0.140449
0.101363
0.0517461
-0.0094898
-0.0842645
-0.1745
-0.283012
-0.419177
-0.574608
-0.711563
-0.815426
-1.47427
-1.97311
-2.34244
-2.87057
-3.18499
-3.40836
-3.43659
-3.19936
-2.73106
-2.14084
-1.38779
-0.647986
0.0652795
0.696847
1.17786
1.55275
1.77042
1.90146
1.9382
1.93802
1.91102
1.9106
1.95585
1.87773
2.49168
0.0119741
0.0213186
0.0348393
0.0443117
0.0541079
0.0623762
0.0701114
0.0769473
0.0831489
0.088739
0.0938792
0.0987238
0.103456
0.108265
0.113309
0.1187
0.124472
0.130595
0.136998
0.143644
0.150622
0.158248
0.167148
0.178233
0.19242
0.210078
0.230568
0.252638
0.275124
0.296586
0.315428
0.330122
0.339065
0.341036
0.335584
0.32347
0.306914
0.289152
0.273159
0.259721
0.24631
0.228778
0.203533
0.167954
0.120673
0.0608247
-0.0131939
-0.103997
-0.214487
-0.349127
-0.518311
-0.711725
-0.932989
-1.29649
-1.44179
-2.34968
-2.69658
-3.29951
-3.67317
-3.94059
-3.99082
-3.72136
-3.18008
-2.49301
-1.61185
-0.748591
0.084802
0.821876
1.38165
1.81844
2.06931
2.22145
2.26232
2.2578
2.23258
2.21084
2.2815
2.16181
2.93444
0.0135677
0.0247929
0.0406508
0.0519277
0.0635026
0.0733143
0.0824666
0.0905632
0.0978979
0.104508
0.11058
0.1163
0.121884
0.127559
0.133513
0.139881
0.146703
0.153938
0.161499
0.169334
0.177538
0.186478
0.196899
0.209895
0.226593
0.247448
0.271681
0.297791
0.324415
0.349843
0.372202
0.389674
0.400329
0.402667
0.396075
0.381394
0.361262
0.339599
0.320041
0.303545
0.287083
0.26588
0.23601
0.194614
0.140002
0.070748
-0.0155568
-0.122459
-0.254019
-0.416258
-0.620213
-0.85819
-1.1616
-1.62614
-1.35596
-2.79146
-3.069
-3.73031
-4.16687
-4.47813
-4.55115
-4.24594
-3.62941
-2.84323
-1.83198
-0.845435
0.108017
0.949354
1.58665
2.08409
2.36717
2.53965
2.5844
2.57415
2.55105
2.5053
2.59903
2.43826
3.15022
0.0150334
0.0281971
0.0463243
0.0594254
0.0727633
0.0841234
0.0946861
0.10404
0.1125
0.120122
0.127115
0.133698
0.140122
0.146649
0.153504
0.16084
0.168704
0.177045
0.185755
0.194763
0.204166
0.214378
0.226263
0.241114
0.260284
0.284329
0.312314
0.342478
0.373263
0.402684
0.428594
0.448876
0.461249
0.463888
0.455977
0.438423
0.414316
0.388337
0.364828
0.3449
0.325015
0.29986
0.265301
0.218245
0.156586
0.0782284
-0.0201201
-0.143025
-0.295849
-0.486177
-0.725532
-1.01091
-1.38228
-1.83108
-1.38196
-3.31032
-3.48025
-4.17729
-4.68046
-5.03528
-5.13286
-4.78761
-4.0918
-3.20171
-2.05517
-0.942276
0.134235
1.08136
1.79696
2.35537
2.67035
2.8631
2.91125
2.8948
2.87287
2.80269
2.91476
2.7186
3.37985
0.0163815
0.0315494
0.05188
0.0668285
0.0819163
0.094833
0.106802
0.117415
0.126996
0.135625
0.143531
0.150968
0.158221
0.165593
0.17334
0.181639
0.190544
0.199991
0.209846
0.220016
0.230594
0.242039
0.25533
0.271978
0.293586
0.320826
0.352587
0.386836
0.421822
0.455283
0.484795
0.507923
0.521995
0.524814
0.515312
0.494475
0.465921
0.435186
0.407362
0.38369
0.360144
0.33101
0.292031
0.239817
0.171699
0.0847554
-0.0253293
-0.164277
-0.33888
-0.558272
-0.83464
-1.17072
-1.60182
-2.02871
-1.66814
-3.85865
-3.9428
-4.63884
-5.21062
-5.60746
-5.73189
-5.34187
-4.56291
-3.56436
-2.27792
-1.03675
0.164733
1.21793
2.01153
2.63029
2.97609
3.18867
3.23932
3.21646
3.19462
3.09968
3.22691
2.99901
3.663
0.0176242
0.0348605
0.0573246
0.0741411
0.0909618
0.105441
0.11881
0.130679
0.141373
0.151
0.159808
0.168086
0.176155
0.18436
0.192988
0.202245
0.212187
0.222736
0.233731
0.24505
0.256776
0.269403
0.284034
0.302409
0.326414
0.356854
0.392419
0.430784
0.470017
0.507561
0.540715
0.566696
0.582386
0.585158
0.573668
0.549036
0.515529
0.479631
0.447178
0.419512
0.392172
0.359149
0.316088
0.259187
0.185085
0.0899324
-0.0316893
-0.186749
-0.383565
-0.632848
-0.947777
-1.33659
-1.82366
-2.27463
-2.2665
-4.39003
-4.46254
-5.11341
-5.7604
-6.1968
-6.35046
-5.90979
-5.04311
-3.93076
-2.49941
-1.12808
0.200161
1.35931
2.23027
2.90839
3.28369
3.51553
3.56767
3.53829
3.51541
3.39524
3.53517
3.27633
3.94385
0.0187707
0.0381422
0.0626699
0.0813754
0.099911
0.115958
0.13072
0.143842
0.155641
0.166258
0.175955
0.185063
0.193933
0.202956
0.212456
0.222663
0.233639
0.245289
0.257421
0.269877
0.282721
0.296478
0.312374
0.332397
0.358757
0.392407
0.431811
0.474335
0.517865
0.559536
0.596356
0.625145
0.642275
0.644637
0.630634
0.601637
0.562711
0.521347
0.484061
0.452279
0.421181
0.384543
0.337879
0.276848
0.19728
0.0943109
-0.0386594
-0.209937
-0.42944
-0.709511
-1.06465
-1.50756
-2.05092
-2.58498
-3.10495
-4.82141
-5.03348
-5.60156
-6.33503
-6.80933
-6.99418
-6.49576
-5.53573
-4.30285
-2.7205
-1.21646
0.240856
1.50607
2.45392
3.19039
3.59378
3.84433
3.89685
3.86108
3.83574
3.69018
3.8401
3.55106
4.1999
0.0198297
0.0414034
0.0679244
0.0885392
0.10877
0.12639
0.142536
0.156907
0.169802
0.181398
0.191971
0.201891
0.211547
0.221373
0.231733
0.242883
0.254889
0.267641
0.280906
0.294485
0.308415
0.323246
0.340321
0.361903
0.390569
0.427446
0.47073
0.517458
0.565334
0.61116
0.651626
0.683081
0.701323
0.702744
0.685595
0.651684
0.607018
0.560058
0.517884
0.48201
0.44735
0.407499
0.357774
0.293166
0.208612
0.0981642
-0.046015
-0.233636
-0.476271
-0.787954
-1.18474
-1.68228
-2.28447
-2.94392
-4.00271
-5.04769
-5.63616
-6.10378
-6.93669
-7.4507
-7.66784
-7.10309
-6.04306
-4.68166
-2.94128
-1.30159
0.287407
1.65876
2.68287
3.47656
3.90643
4.17509
4.22671
4.18494
4.15545
3.98467
4.1418
3.82506
4.45273
0.0208085
0.0446527
0.0730975
0.0956414
0.117547
0.136743
0.154264
0.16988
0.183859
0.196422
0.207856
0.218572
0.228995
0.239608
0.250814
0.262899
0.275934
0.289787
0.304183
0.318873
0.333858
0.349698
0.367858
0.390898
0.421818
0.461942
0.509153
0.560135
0.612399
0.662373
0.706375
0.740203
0.75903
0.758818
0.737856
0.698625
0.648149
0.595694
0.548733
0.508936
0.471051
0.428489
0.376291
0.308667
0.219591
0.101978
-0.053292
-0.257387
-0.523569
-0.867606
-1.30717
-1.85949
-2.52355
-3.31578
-4.73033
-5.06851
-6.26661
-6.62234
-7.56549
-8.1267
-8.37696
-7.73512
-6.56735
-5.06806
-3.16179
-1.38316
0.340601
1.8182
2.91764
3.76691
4.22151
4.50752
4.55686
4.50968
4.47418
4.27861
4.44037
4.09632
4.73051
0.0217134
0.0478973
0.0781973
0.10269
0.126249
0.147024
0.16591
0.182765
0.197816
0.211334
0.22361
0.235103
0.246273
0.257654
0.269692
0.282704
0.296766
0.311722
0.327248
0.343038
0.359044
0.375825
0.394963
0.419347
0.452462
0.49586
0.54705
0.602331
0.658999
0.713038
0.760322
0.796009
0.814674
0.812023
0.786676
0.742014
0.686
0.628379
0.576859
0.533421
0.492747
0.448036
0.39397
0.323877
0.230712
0.106213
-0.0600504
-0.280746
-0.570831
-0.94782
-1.43092
-2.03785
-2.76598
-3.66948
-5.1739
-5.06682
-6.94539
-7.16348
-8.22033
-8.84309
-9.12855
-8.39612
-7.11142
-5.46322
-3.38238
-1.46094
0.401195
1.98537
3.1594
4.06188
4.53884
4.84149
4.88701
4.83526
4.79168
4.57203
4.7357
4.36606
4.97459
0.0225499
0.0511438
0.0832319
0.109692
0.134883
0.15724
0.177478
0.195565
0.211676
0.226133
0.239234
0.251482
0.263377
0.275506
0.288361
0.302291
0.317379
0.33344
0.350097
0.366977
0.383968
0.401617
0.421616
0.447214
0.482459
0.529165
0.584386
0.643997
0.705029
0.762917
0.813003
0.84977
0.867325
0.861431
0.831409
0.781648
0.720729
0.658437
0.602653
0.555927
0.512968
0.466709
0.411386
0.339353
0.242506
0.111378
-0.0657939
-0.303197
-0.61747
-1.02783
-1.55483
-2.21606
-3.00956
-3.99813
-5.45038
-5.23957
-7.63981
-7.73961
-8.89831
-9.60484
-9.93069
-9.09118
-7.67854
-5.86861
-3.6033
-1.5345
0.469879
2.16092
3.40903
4.36231
4.85869
5.17673
5.21684
5.16158
5.10768
4.86499
5.02767
4.63391
5.21777
0.0233224
0.0543982
0.0882085
0.116655
0.143456
0.167395
0.188975
0.208285
0.225442
0.240822
0.254728
0.267709
0.280305
0.293159
0.306813
0.321653
0.337765
0.354935
0.372726
0.390686
0.40863
0.427067
0.447795
0.47446
0.511765
0.561816
0.621115
0.685049
0.750293
0.811604
0.86372
0.900506
0.915891
0.906153
0.871655
0.817639
0.752729
0.68632
0.626569
0.576951
0.532257
0.485071
0.429101
0.355639
0.255491
0.117968
-0.0700362
-0.324232
-0.66289
-1.10681
-1.67765
-2.39268
-3.25203
-4.30738
-5.70378
-5.77378
-8.28189
-8.36304
-9.59561
-10.416
-10.7921
-9.82632
-8.27245
-6.28588
-3.82464
-1.60336
0.547388
2.34552
3.66698
4.66866
5.18176
5.51301
5.54607
5.48852
5.42188
5.15752
5.3163
4.89934
5.46079
0.0240347
0.0576658
0.0931339
0.123585
0.151973
0.177497
0.200404
0.22093
0.239116
0.255403
0.27009
0.28378
0.297051
0.310606
0.32504
0.34078
0.357917
0.376202
0.395132
0.414166
0.433027
0.452169
0.473479
0.501045
0.540329
0.593766
0.657167
0.725337
0.794456
0.858466
0.911506
0.947024
0.959253
0.945538
0.907402
0.850419
0.782552
0.712531
0.64907
0.596979
0.551134
0.503663
0.447654
0.373257
0.270168
0.126459
-0.0723131
-0.343368
-0.706517
-1.18397
-1.79818
-2.56622
-3.49068
-4.60305
-5.99719
-6.67952
-8.7808
-9.0301
-10.3095
-11.2799
-11.7219
-10.6085
-8.89756
-6.71682
-4.04655
-1.66703
0.634501
2.5399
3.93378
4.98118
5.50861
5.85044
5.87417
5.81586
5.73397
5.44965
5.60143
5.16405
5.68773
0.02469
0.0609517
0.0980144
0.130488
0.160441
0.187549
0.211771
0.233502
0.252702
0.269877
0.285323
0.299694
0.31361
0.327841
0.343035
0.359664
0.377825
0.397234
0.417311
0.437415
0.45716
0.476917
0.498649
0.526924
0.568095
0.624953
0.692424
0.764599
0.836979
0.902601
0.955139
0.988025
0.996481
0.979369
0.93906
0.880643
0.810808
0.737547
0.67057
0.616446
0.57007
0.522979
0.467541
0.392689
0.286991
0.137273
-0.072233
-0.360214
-0.74788
-1.25861
-1.9154
-2.73532
-3.72324
-4.89126
-6.3407
-7.72326
-8.96214
-9.71677
-11.0381
-12.1995
-12.7297
-11.4456
-9.55914
-7.16337
-4.2692
-1.72504
0.732025
2.74483
4.21
5.30009
5.83935
6.18896
6.20078
6.14335
6.04363
5.74138
5.88289
5.42632
5.9224
0.0252907
0.0642604
0.102856
0.137372
0.168866
0.197557
0.22308
0.246006
0.266202
0.284244
0.300423
0.315447
0.329979
0.344855
0.360788
0.378296
0.397483
0.418025
0.439259
0.460433
0.48103
0.50131
0.523282
0.552047
0.594994
0.655283
0.726687
0.802398
0.877065
0.942839
0.993222
1.02232
1.0271
1.00797
0.967365
0.909055
0.838064
0.76177
0.691401
0.635714
0.589469
0.543453
0.489203
0.414362
0.306348
0.150739
-0.0695349
-0.374547
-0.786711
-1.33029
-2.02861
-2.89907
-3.94853
-5.17532
-6.69416
-8.50528
-8.86
-10.4328
-11.7817
-13.1772
-13.8256
-12.346
-10.2634
-7.62787
-4.49282
-1.77687
0.840809
2.96109
4.49619
5.62561
6.17382
6.5282
6.52632
6.47073
6.35057
6.0327
6.16053
5.68529
6.1606
0.0258385
0.0675964
0.107664
0.14424
0.177254
0.207527
0.234336
0.258445
0.279619
0.298507
0.315392
0.331038
0.346151
0.361642
0.378289
0.396665
0.41688
0.438567
0.460973
0.483219
0.504642
0.525347
0.547356
0.576359
0.620939
0.684606
0.759617
0.838068
0.91365
0.977776
1.02436
1.04913
1.05129
1.03213
0.993207
0.93636
0.864787
0.785489
0.711787
0.655044
0.609648
0.565446
0.513011
0.438621
0.328515
0.167024
-0.064176
-0.386418
-0.823062
-1.39898
-2.13771
-3.0573
-4.16659
-5.45536
-7.02471
-8.89487
-8.82874
-11.2071
-12.5626
-14.2143
-15.0198
-13.3188
-11.0172
-8.11321
-4.71776
-1.82195
0.961733
3.1895
4.7929
5.95795
6.51185
6.86775
6.85118
6.79765
6.6545
6.32363
6.43402
5.9444
6.37878
0.0263348
0.0709639
0.112444
0.151098
0.185609
0.217462
0.245543
0.270822
0.292955
0.312666
0.330229
0.346462
0.362121
0.378192
0.395529
0.41476
0.436007
0.458854
0.482449
0.505777
0.528001
0.549028
0.570849
0.599787
0.645801
0.712671
0.790677
0.870694
0.945421
1.0059
1.04748
1.06843
1.06984
1.05288
1.01746
0.963148
0.89132
0.808865
0.731829
0.674595
0.630838
0.589244
0.539254
0.4657
0.353601
0.186051
-0.0564384
-0.396265
-0.857437
-1.46519
-2.24325
-3.21079
-4.37883
-5.73309
-7.34447
-9.19101
-9.24756
-11.9594
-13.4257
-15.3142
-16.3224
-14.3731
-11.8285
-8.62288
-4.94458
-1.85971
1.09571
3.4309
5.10069
6.2973
6.85319
7.20728
7.17604
7.12347
6.95513
6.61412
6.70309
6.19913
6.61286
0.0267803
0.0743667
0.1172
0.157951
0.193936
0.227368
0.256704
0.28314
0.306212
0.326722
0.344931
0.361718
0.377883
0.394498
0.412496
0.432569
0.454852
0.478877
0.503684
0.528107
0.551114
0.572358
0.593733
0.622238
0.669382
0.739068
0.819107
0.899123
0.970861
1.02586
1.06225
1.08097
1.08393
1.07128
1.04085
0.989869
0.917874
0.831933
0.751505
0.69442
0.653177
0.615043
0.56811
0.495666
0.381455
0.207383
-0.0470484
-0.405027
-0.890882
-1.53002
-2.34653
-3.36114
-4.58755
-6.01082
-7.67355
-9.57062
-10.2734
-12.4849
-14.3737
-16.4831
-17.7446
-15.5185
-12.7055
-9.16084
-5.17414
-1.88957
1.2437
3.68617
5.42012
6.64384
7.19752
7.54634
7.50133
7.44762
7.25226
6.90419
6.96744
6.45248
6.83006
0.0271753
0.0778088
0.121936
0.164804
0.202241
0.237248
0.267824
0.295403
0.319392
0.340676
0.3595
0.3768
0.393431
0.41055
0.429178
0.450081
0.473405
0.498628
0.524673
0.550212
0.57399
0.595342
0.615968
0.64357
0.691362
0.763192
0.843949
0.921972
0.988429
1.03696
1.06929
1.08804
1.09484
1.08826
1.06399
1.01684
0.944555
0.854611
0.770677
0.714471
0.676718
0.642943
0.599604
0.528338
0.411557
0.230102
-0.0372811
-0.414211
-0.925004
-1.59516
-2.44938
-3.51055
-4.79546
-6.29084
-8.02232
-10.0302
-11.4088
-12.5577
-15.3789
-17.7241
-19.2981
-16.7652
-13.6571
-9.73147
-5.40773
-1.91093
1.40666
3.9562
5.75174
6.99769
7.54441
7.88441
7.82637
7.76984
7.5458
7.1938
7.22666
6.70267
7.04163
0.0275195
0.081294
0.126657
0.17166
0.210527
0.247107
0.278907
0.307613
0.332497
0.354528
0.373932
0.391707
0.408757
0.426337
0.445564
0.46728
0.491653
0.518097
0.545412
0.572094
0.596641
0.617979
0.637491
0.663559
0.711257
0.784282
0.86406
0.937653
0.997001
1.03953
1.06998
1.09115
1.10369
1.10455
1.08729
1.04429
0.971382
0.876719
0.789102
0.734615
0.701429
0.672925
0.63355
0.563182
0.442891
0.252701
-0.0290132
-0.425862
-0.961841
-1.66258
-2.55387
-3.66137
-5.00534
-6.57552
-8.39049
-10.5026
-12.1267
-12.505
-16.4829
-19.0536
-20.9936
-18.1233
-14.6929
-10.3395
-5.64715
-1.92324
1.5856
4.24193
6.09611
7.35898
7.89337
8.22095
8.1504
8.08996
7.83536
7.48289
7.48054
6.94855
7.26625
0.0278123
0.0848259
0.131365
0.178525
0.218799
0.256947
0.289954
0.319773
0.345529
0.368278
0.388228
0.406433
0.423856
0.441849
0.461638
0.484153
0.509582
0.537274
0.565897
0.593755
0.619072
0.640259
0.658185
0.681845
0.728442
0.80149
0.87802
0.944662
0.99646
1.03494
1.06603
1.09165
1.11138
1.1207
1.11108
1.07237
0.99833
0.897998
0.80645
0.754649
0.727196
0.704813
0.669459
0.59919
0.473831
0.273031
-0.0246703
-0.442389
-1.00359
-1.73429
-2.66197
-3.81573
-5.21964
-6.86744
-8.77651
-10.9797
-12.644
-12.8272
-17.6216
-20.5408
-22.8438
-19.6026
-15.8226
-10.9898
-5.89465
-1.92596
1.78156
4.5443
6.45379
7.72779
8.24381
8.55534
8.47259
8.40757
8.12034
7.7718
7.72892
7.19364
7.46792
0.0280526
0.0884082
0.136065
0.1854
0.22706
0.266773
0.300971
0.331885
0.358489
0.381928
0.402385
0.420976
0.438718
0.457075
0.477387
0.500684
0.527177
0.556148
0.586119
0.615193
0.641284
0.662139
0.677827
0.697914
0.742269
0.8138
0.884147
0.942256
0.98795
1.02509
1.05905
1.09061
1.1186
1.13714
1.13565
1.10125
1.02535
0.918126
0.822323
0.774316
0.753819
0.73822
0.706429
0.634749
0.50207
0.288359
-0.0270159
-0.466233
-1.05224
-1.81193
-2.77519
-3.97519
-5.44025
-7.16911
-9.18195
-11.4868
-13.2827
-13.9224
-18.6107
-22.2379
-24.8648
-21.2128
-17.0563
-11.6876
-6.15243
-1.91857
1.99555
4.86427
6.82534
8.10415
8.59504
8.88691
8.79204
8.72148
8.40162
8.06067
7.9718
7.43374
7.67452
0.0282388
0.0920447
0.140759
0.19229
0.235315
0.276587
0.311959
0.343951
0.371379
0.395477
0.416403
0.43533
0.453337
0.472002
0.492795
0.516856
0.544422
0.574704
0.606069
0.6364
0.663255
0.6835
0.696028
0.711221
0.752142
0.819754
0.881005
0.931074
0.973489
1.01186
1.05031
1.08885
1.12582
1.15418
1.16124
1.13109
1.0524
0.936731
0.836266
0.793324
0.780999
0.772466
0.743015
0.667551
0.52466
0.295593
-0.03876
-0.499429
-1.10918
-1.89648
-2.8943
-4.14047
-5.66817
-7.48217
-9.60773
-12.038
-14.0877
-15.465
-19.178
-24.125
-27.0717
-22.9625
-18.4041
-12.4382
-6.42191
-1.90067
2.22864
5.20285
7.21132
8.48808
8.94627
9.21493
9.10786
9.03042
8.6824
8.34802
8.20948
7.66739
7.89802
0.0283689
0.0957389
0.145449
0.199198
0.243565
0.286393
0.32292
0.355972
0.3842
0.408926
0.430279
0.449491
0.467703
0.486617
0.507845
0.532649
0.5613
0.592927
0.62573
0.657351
0.684908
0.704062
0.712244
0.721443
0.757261
0.817548
0.868335
0.913068
0.955237
0.996722
1.04071
1.0869
1.13342
1.17214
1.18816
1.16213
1.07946
0.953397
0.847792
0.811363
0.808298
0.806463
0.777107
0.694578
0.538221
0.291721
-0.0620523
-0.543198
-1.17494
-1.98803
-3.01913
-4.31124
-5.90324
-7.80706
-10.0548
-12.638
-15.001
-16.8883
-19.4489
-26.2626
-29.4779
-24.857
-19.8751
-13.2468
-6.70385
-1.87201
2.48188
5.56102
7.61228
8.87954
9.29663
9.53856
9.41915
9.33363
8.96547
8.63211
8.4421
7.90144
8.09302
0.0284407
0.0994946
0.150138
0.206126
0.251814
0.296192
0.333858
0.367951
0.396953
0.422273
0.444011
0.463455
0.481809
0.500907
0.522519
0.548045
0.57779
0.610797
0.645077
0.677986
0.706047
0.7233
0.725977
0.72834
0.756015
0.805933
0.847518
0.890672
0.934945
0.980744
1.0309
1.08517
1.14171
1.19134
1.21675
1.19468
1.10654
0.967675
0.856402
0.828114
0.83508
0.838579
0.80583
0.712243
0.539396
0.274399
-0.0980121
-0.597671
-1.24901
-2.08565
-3.14839
-4.48593
-6.14389
-8.14267
-10.5234
-13.2867
-15.9719
-18.0627
-19.9571
-28.8189
-32.1295
-26.9019
-21.4768
-14.1186
-6.9992
-1.83244
2.75634
5.93978
8.0288
9.27845
9.64511
9.85687
9.72487
9.63058
9.25113
8.91236
8.66974
8.12626
8.30794
0.0284512
0.103315
0.154827
0.213077
0.260065
0.305988
0.344774
0.379889
0.409638
0.43552
0.457599
0.477217
0.495644
0.514856
0.536797
0.56302
0.593869
0.628284
0.664058
0.698167
0.726239
0.740497
0.737048
0.730976
0.745907
0.785169
0.821224
0.866101
0.913801
0.964606
1.02127
1.08396
1.15099
1.21215
1.24748
1.22917
1.13371
0.979084
0.861612
0.843261
0.860417
0.866467
0.825554
0.716808
0.525526
0.242511
-0.146448
-0.661793
-1.32977
-2.18726
-3.27953
-4.66155
-6.38691
-8.48614
-11.0127
-13.9849
-17.0061
-19.3331
-21.206
-31.7497
-35.1174
-29.1075
-23.2149
-15.0583
-7.30899
-1.78156
3.05314
6.34017
8.46142
9.68469
9.99061
10.1689
10.024
9.92087
9.5384
9.18879
8.89248
8.34836
8.50853
0.0283972
0.107205
0.159519
0.220054
0.268319
0.31578
0.35567
0.391786
0.422255
0.448665
0.471039
0.490771
0.5092
0.52845
0.550658
0.577549
0.609506
0.645345
0.682579
0.717589
0.744724
0.755074
0.745512
0.728428
0.726412
0.757241
0.791704
0.840642
0.89259
0.948759
1.01212
1.08356
1.16162
1.23503
1.28091
1.26614
1.16111
0.987113
0.862996
0.856502
0.882921
0.886859
0.832148
0.705136
0.495352
0.196491
-0.205812
-0.733333
-1.41446
-2.28955
-3.4086
-4.83357
-6.62742
-8.8327
-11.5191
-14.731
-18.1147
-20.8457
-23.4547
-34.9228
-38.4979
-31.486
-25.0946
-16.0697
-7.63356
-1.71853
3.37356
6.76325
8.91074
10.0981
10.3319
10.4734
10.3152
10.2043
9.82595
9.46126
9.11019
8.56859
8.70438
0.028275
0.111168
0.164214
0.227057
0.276579
0.325572
0.366546
0.403644
0.434806
0.461707
0.48433
0.504114
0.522465
0.541669
0.564077
0.591602
0.624662
0.661912
0.700444
0.73565
0.760576
0.76674
0.74958
0.714609
0.69394
0.725365
0.76101
0.815273
0.871624
0.933478
1.00373
1.08429
1.17401
1.26053
1.31774
1.30629
1.18891
0.991222
0.860255
0.867554
0.900409
0.895479
0.821719
0.675592
0.449429
0.138321
-0.273318
-0.808941
-1.49916
-2.3879
-3.53026
-4.99602
-6.85907
-9.17594
-12.0367
-15.5185
-19.297
-22.61
-26.5597
-38.1479
-42.2313
-34.0336
-27.1178
-17.1558
-7.97231
-1.64194
3.71905
7.21015
9.37734
10.5184
10.6675
10.7693
10.5975
10.4807
10.1122
9.72932
9.32281
8.78645
8.91725
0.0280803
0.115208
0.168914
0.234089
0.284846
0.335364
0.377404
0.415461
0.447289
0.474646
0.49747
0.517239
0.535429
0.554497
0.577028
0.605142
0.639283
0.677863
0.717264
0.751415
0.773041
0.774843
0.746841
0.686603
0.655946
0.690627
0.729131
0.790394
0.851242
0.919012
0.996386
1.08652
1.18862
1.28929
1.35882
1.35048
1.21733
0.990811
0.853403
0.876044
0.90931
0.887461
0.791786
0.628683
0.390102
0.0712995
-0.345109
-0.884233
-1.57887
-2.47662
-3.63819
-5.14215
-7.07483
-9.50862
-12.5576
-16.3378
-20.5436
-24.5919
-30.2818
-41.267
-46.259
-36.7366
-29.2802
-18.3165
-8.32411
-1.54993
4.09141
7.68221
9.86186
10.9455
10.996
11.0552
10.8695
10.7502
10.3953
9.99233
9.53021
9.01011
9.0921
0.0278084
0.119329
0.173618
0.24115
0.293121
0.345157
0.388244
0.427238
0.459704
0.487481
0.510456
0.53014
0.54808
0.566911
0.589476
0.618122
0.653285
0.692967
0.732354
0.763951
0.781892
0.779033
0.733204
0.649655
0.618483
0.654794
0.698036
0.766294
0.831674
0.905671
0.990426
1.09066
1.20601
1.32208
1.40517
1.39978
1.24655
0.985233
0.843127
0.880846
0.904162
0.858699
0.742374
0.567063
0.321137
-0.000259908
-0.416445
-0.95397
-1.64778
-2.54946
-3.7259
-5.26547
-7.26824
-9.82396
-13.0735
-17.1767
-21.838
-26.7418
-34.3253
-44.2715
-50.5129
-39.5758
-31.5725
-19.5494
-8.68829
-1.4402
4.49296
8.18099
10.365
11.3788
11.3157
11.3298
11.1299
11.0128
10.6734
10.2493
9.73216
9.23254
9.27758
0.0274539
0.123534
0.178328
0.248242
0.301404
0.35495
0.399066
0.438974
0.472049
0.500209
0.523284
0.542812
0.560404
0.578886
0.601382
0.630475
0.666525
0.706792
0.744833
0.77309
0.788113
0.778549
0.705967
0.611814
0.580035
0.616748
0.667771
0.743092
0.813294
0.893789
0.986233
1.09717
1.22679
1.35978
1.45801
1.45537
1.27644
0.974024
0.831083
0.878479
0.878299
0.807756
0.676272
0.495006
0.247266
-0.0713244
-0.481973
-1.01244
-1.69998
-2.60054
-3.78792
-5.36112
-7.43475
-10.1168
-13.5769
-18.022
-23.1605
-29.0136
-38.4319
-47.3737
-55.0046
-42.5482
-33.9813
-20.85
-9.06457
-1.30987
4.92669
8.70849
10.8878
11.818
11.6248
11.5916
11.3776
11.2685
10.9446
10.4991
9.92856
9.44939
9.48433
0.0270109
0.127829
0.183042
0.255363
0.309695
0.364743
0.409868
0.450667
0.484322
0.512829
0.535953
0.555247
0.572385
0.590392
0.612691
0.642106
0.678755
0.718678
0.754177
0.780051
0.794341
0.766627
0.674687
0.573845
0.541022
0.577725
0.638917
0.721041
0.796435
0.883715
0.984216
1.10656
1.25165
1.4034
1.51875
1.51846
1.30612
0.957833
0.819101
0.861414
0.826508
0.737034
0.59832
0.417711
0.173769
-0.13648
-0.536154
-1.05414
-1.73032
-2.6255
-3.82095
-5.42676
-7.57224
-10.3838
-14.0617
-18.8614
-24.4922
-31.3732
-42.4371
-50.913
-59.7845
-45.6614
-36.4846
-22.21
-9.45099
-1.15486
5.39638
9.26725
11.4313
12.2627
11.9213
11.8391
11.6112
11.5172
11.2071
10.7405
10.1195
9.67554
9.64587
0.0264728
0.132218
0.187761
0.262514
0.317994
0.374534
0.420649
0.462314
0.496521
0.525337
0.548457
0.567436
0.584002
0.601386
0.62333
0.652862
0.68956
0.727995
0.760858
0.786392
0.796992
0.745512
0.644527
0.534441
0.502654
0.537965
0.611881
0.700427
0.781469
0.875807
0.984804
1.11938
1.28136
1.45408
1.58897
1.58973
1.33359
0.939911
0.805776
0.818857
0.748431
0.652142
0.514325
0.340747
0.106074
-0.190388
-0.573914
-1.07459
-1.73536
-2.62226
-3.82422
-5.46247
-7.68057
-10.6232
-14.5227
-19.6838
-25.8173
-33.8039
-46.3638
-55.2103
-65.0341
-48.9246
-39.0521
-23.6149
-9.84135
-0.969568
5.90663
9.86057
11.9972
12.7123
12.2032
12.0707
11.8296
11.7588
11.4595
10.972
10.305
9.89182
9.84332
0.0258321
0.136705
0.192482
0.269693
0.3263
0.384323
0.431407
0.473912
0.508643
0.53773
0.560791
0.579367
0.595229
0.611815
0.633195
0.662495
0.698419
0.734834
0.767213
0.79489
0.788787
0.724771
0.6138
0.494326
0.46598
0.498226
0.587082
0.681519
0.768777
0.870448
0.988454
1.1362
1.31672
1.51309
1.67024
1.66829
1.3564
0.926111
0.781616
0.741687
0.649789
0.559995
0.430237
0.269597
0.0493045
-0.228384
-0.59138
-1.07109
-1.71388
-2.59103
-3.79902
-5.46981
-7.76046
-10.8337
-14.9556
-20.4797
-27.1253
-36.2986
-50.3636
-60.5566
-70.7954
-52.3287
-41.6452
-25.0447
-10.2246
-0.747245
6.4626
10.4926
12.5878
13.1662
12.4682
12.2847
12.0315
11.9928
11.7003
11.1925
10.4847
10.111
10.0209
0.0250806
0.141295
0.197204
0.276899
0.334609
0.394105
0.442138
0.485457
0.520681
0.55
0.572945
0.591021
0.606027
0.621604
0.642132
0.670653
0.705035
0.740138
0.774864
0.800333
0.775814
0.706136
0.581602
0.454706
0.431606
0.459794
0.565013
0.664684
0.758754
0.868021
0.995635
1.15761
1.35863
1.58176
1.76355
1.75007
1.37461
0.92083
0.730351
0.629848
0.540016
0.467292
0.35174
0.209196
0.00773449
-0.24713
-0.586487
-1.04306
-1.66673
-2.5337
-3.74761
-5.45059
-7.81243
-11.0138
-15.3565
-21.2413
-28.4109
-38.8498
-54.4875
-66.851
-76.9575
-55.8518
-44.2212
-26.4753
-10.5873
-0.480767
7.06983
11.1685
13.2063
13.6238
12.714
12.4794
12.2156
12.2186
11.9287
11.4008
10.6582
10.3245
10.2116
0.0242091
0.145993
0.201925
0.284129
0.342921
0.403877
0.452837
0.496942
0.532628
0.56214
0.584905
0.602369
0.61634
0.630647
0.649917
0.677007
0.709866
0.745906
0.784658
0.796987
0.76543
0.687264
0.548798
0.41624
0.399755
0.423986
0.545987
0.650289
0.751795
0.86892
1.00681
1.18421
1.40795
1.66135
1.86797
1.82684
1.39279
0.915244
0.623212
0.49024
0.429875
0.379265
0.283821
0.163419
-0.0157935
-0.245108
-0.55918
-0.991798
-1.59613
-2.45282
-3.67218
-5.40609
-7.83633
-11.1619
-15.7222
-21.963
-29.673
-41.4426
-58.727
-73.8424
-83.2866
-59.4525
-46.7343
-27.8797
-10.9155
-0.162922
7.7342
11.8945
13.857
14.0847
12.9383
12.653
12.3808
12.4356
12.1438
11.5963
10.8291
10.5259
10.4389
0.0232073
0.150803
0.206641
0.291379
0.35123
0.413634
0.4635
0.50836
0.544475
0.574134
0.596648
0.613369
0.626088
0.638796
0.656296
0.681596
0.714206
0.753962
0.791546
0.791363
0.757271
0.667838
0.516294
0.379411
0.370139
0.392511
0.530326
0.6388
0.748278
0.873518
1.02242
1.21657
1.46554
1.75264
1.9784
1.88821
1.41596
0.881963
0.447422
0.33344
0.325242
0.300538
0.229727
0.134463
-0.0203036
-0.222767
-0.511115
-0.919727
-1.50471
-2.35061
-3.57416
-5.33673
-7.83149
-11.2765
-16.0506
-22.6407
-30.9131
-44.0496
-63.0253
-81.1383
-89.4447
-63.0602
-49.132
-29.2258
-11.1983
0.213807
8.46195
12.6777
14.5459
14.5483
13.1387
12.8038
12.5258
12.6431
12.3452
11.7782
11.003
10.732
10.6312
0.0220636
0.155731
0.211348
0.298644
0.359533
0.423371
0.474118
0.5197
0.556205
0.585959
0.608134
0.623954
0.635159
0.645867
0.661143
0.685111
0.719671
0.764477
0.792253
0.788947
0.749442
0.648729
0.484579
0.344836
0.341272
0.366775
0.518245
0.630687
0.748553
0.882159
1.04284
1.25515
1.53214
1.85495
2.08355
1.929
1.44507
0.765321
0.259689
0.167468
0.231719
0.233695
0.191245
0.122497
-0.00676437
-0.182137
-0.444926
-0.829534
-1.39468
-2.22849
-3.45417
-5.24238
-7.79725
-11.357
-16.3405
-23.2719
-32.1322
-46.628
-67.2955
-88.337
-95.1264
-66.5948
-51.354
-30.4782
-11.4165
0.65882
9.25982
13.5262
15.2807
15.0145
13.3129
12.9298
12.6492
12.8405
12.5322
11.9461
11.1817
10.9208
10.8655
0.0207651
0.160782
0.21604
0.305919
0.367822
0.433078
0.484682
0.530945
0.567797
0.597579
0.619304
0.634028
0.643406
0.651706
0.664723
0.688773
0.727487
0.772982
0.792291
0.78865
0.741844
0.630542
0.454252
0.313486
0.31056
0.348127
0.50985
0.62645
0.752918
0.895121
1.06833
1.30032
1.60812
1.96426
2.16817
1.96157
1.48061
0.528542
0.108621
0.000827225
0.155276
0.179079
0.168185
0.126023
0.022498
-0.126029
-0.363312
-0.723359
-1.26735
-2.087
-3.31229
-5.12296
-7.7337
-11.4042
-16.5919
-23.8552
-33.3286
-49.1236
-71.4348
-95.1575
-99.7045
-69.9327
-53.3362
-31.6002
-11.5461
1.18143
10.1349
14.4484
16.0713
15.4831
13.4585
13.0289
12.7497
13.0274
12.7046
12.1003
11.364
11.0898
11.1512
0.0192973
0.165961
0.220713
0.313195
0.376092
0.442747
0.495177
0.542075
0.579214
0.608937
0.630068
0.643453
0.65067
0.656349
0.667822
0.693942
0.738025
0.777026
0.795245
0.788919
0.735174
0.613546
0.426346
0.28717
0.275994
0.337185
0.505284
0.626544
0.761603
0.912598
1.09903
1.35225
1.69299
2.07095
2.2207
2.0003
1.45379
0.24917
-0.0151103
-0.156093
0.0950651
0.135779
0.158931
0.14242
0.0646697
-0.0571048
-0.268312
-0.602391
-1.1231
-1.92616
-3.14876
-4.97909
-7.6423
-11.4199
-16.8051
-24.389
-34.496
-51.4836
-75.3509
-101.344
-103.174
-72.9898
-55.0218
-32.5627
-11.5729
1.79095
11.094
15.4532
16.9299
15.9543
13.5733
13.0991
12.8262
13.2037
12.8619
12.2408
11.548
11.2795
11.3911
0.0176437
0.171274
0.225359
0.320463
0.384332
0.452364
0.505584
0.553056
0.590403
0.619945
0.640292
0.652064
0.656859
0.660167
0.671484
0.701334
0.748199
0.7808
0.800056
0.789726
0.729805
0.598025
0.402264
0.268532
0.238749
0.334126
0.504585
0.63138
0.774744
0.934667
1.13491
1.41088
1.7843
2.16033
2.24961
2.07498
1.27933
0.00142555
-0.131532
-0.287864
0.0476947
0.102197
0.160871
0.1689
0.117282
0.0227473
-0.160971
-0.466882
-0.961779
-1.74618
-2.96455
-4.81263
-7.52612
-11.4071
-16.9801
-24.8717
-35.6234
-53.66
-78.9581
-106.519
-105.862
-75.6624
-56.3661
-33.3367
-11.485
2.49621
12.1436
16.5494
17.8714
16.4281
13.6551
13.1382
12.8776
13.3697
13.0042
12.3681
11.7335
11.4455
11.719
0.0157855
0.176727
0.229969
0.327712
0.39253
0.461911
0.515876
0.56384
0.601283
0.630476
0.649803
0.659694
0.662065
0.663869
0.676702
0.711324
0.755386
0.786969
0.805519
0.791541
0.72584
0.584367
0.383485
0.259956
0.204208
0.338646
0.508025
0.641201
0.792393
0.961267
1.17578
1.47565
1.8757
2.21673
2.26946
2.14954
1.00793
-0.21564
-0.26014
-0.388689
0.00817908
0.0767512
0.171456
0.203286
0.178758
0.112656
-0.0414116
-0.316495
-0.783297
-1.54805
-2.76182
-4.62711
-7.38961
-11.3682
-17.1165
-25.3012
-36.6963
-55.6139
-82.1473
-110.316
-107.525
-77.7993
-57.3386
-33.8919
-11.2713
3.30408
13.2895
17.7454
18.9133
16.9045
13.7017
13.1438
12.9026
13.5256
13.132
12.4828
11.9188
11.6272
12.023
0.0137014
0.182327
0.234533
0.334926
0.400671
0.471364
0.526012
0.574356
0.611736
0.640356
0.658393
0.666251
0.666612
0.668204
0.68381
0.722353
0.761872
0.794769
0.811548
0.794598
0.72337
0.572977
0.371145
0.261518
0.181045
0.34976
0.516017
0.65613
0.814483
0.992193
1.22123
1.54505
1.9564
2.23764
2.31023
2.11645
0.751626
-0.419529
-0.418339
-0.462951
-0.0267774
0.0582011
0.188949
0.24445
0.248536
0.212651
0.090863
-0.150769
-0.58822
-1.33395
-2.54403
-4.42773
-7.23768
-11.305
-17.2128
-25.6753
-37.6982
-57.3186
-84.8144
-112.557
-108.019
-79.3152
-57.9178
-34.206
-10.9241
4.21839
14.537
19.0495
20.0751
17.3826
13.7106
13.1133
12.8999
13.6716
13.2466
12.5863
12.1004
11.8099
12.3807
0.0113664
0.188081
0.239039
0.342088
0.408735
0.480688
0.53593
0.584497
0.621596
0.649364
0.665868
0.671783
0.670995
0.67377
0.693012
0.732164
0.76993
0.803266
0.81842
0.798952
0.722524
0.564269
0.365632
0.267474
0.1758
0.366832
0.528962
0.676136
0.840854
1.02708
1.2706
1.61552
2.01271
2.23996
2.39044
1.9391
0.54037
-0.607926
-0.607893
-0.519736
-0.0593601
0.0461644
0.212625
0.292269
0.326893
0.323358
0.236602
0.0303844
-0.378266
-1.10724
-2.31606
-4.22089
-7.07449
-11.2178
-17.2675
-25.9927
-38.6135
-58.7607
-86.8737
-113.239
-107.437
-80.1766
-58.1009
-34.2655
-10.439
5.23998
15.8906
20.4693
21.3788
17.8603
13.6786
13.0433
12.8676
13.8067
13.3499
12.6786
12.2751
11.9724
12.7726
0.00875133
0.193995
0.243471
0.349173
0.416691
0.48983
0.545544
0.594117
0.630651
0.65726
0.672095
0.676472
0.67562
0.680621
0.703757
0.741039
0.779296
0.812248
0.826279
0.804655
0.723453
0.558877
0.367001
0.265967
0.190098
0.388778
0.547326
0.70101
0.871244
1.06544
1.3228
1.68021
2.03436
2.24188
2.44462
1.72624
0.354422
-0.766489
-0.812468
-0.564271
-0.0904599
0.0410105
0.24263
0.347366
0.414615
0.445695
0.396465
0.226205
-0.156505
-0.872231
-2.08426
-4.01311
-6.9025
-11.1062
-17.2794
-26.2526
-39.4292
-59.9377
-88.2684
-112.494
-105.912
-80.3825
-57.901
-34.0617
-9.8141
6.36706
17.354
22.012
22.8476
18.3324
13.6003
12.9292
12.8022
13.9286
13.4449
12.7579
12.4388
12.2133
13.1903
0.00582156
0.200077
0.24781
0.356149
0.424497
0.498718
0.554725
0.603021
0.638652
0.663822
0.677042
0.680548
0.680663
0.688447
0.714516
0.750335
0.789253
0.821808
0.835154
0.811803
0.7264
0.558243
0.377558
0.250939
0.221435
0.414734
0.571294
0.730453
0.905285
1.10662
1.37584
1.72942
2.02908
2.28007
2.37848
1.55434
0.177493
-0.883873
-1.01137
-0.597816
-0.119115
0.0437293
0.27967
0.41077
0.512716
0.580618
0.57067
0.434599
0.0728602
-0.634073
-1.85615
-3.80945
-6.72217
-10.9692
-17.2483
-26.4557
-40.1358
-60.8558
-88.976
-110.542
-103.601
-79.9691
-57.3377
-33.5926
-9.05077
7.595
18.9286
23.6836
24.5045
18.7904
13.4672
12.7627
12.6977
14.0317
13.5346
12.8187
12.586
12.4024
13.4165
0.00253508
0.206331
0.252034
0.362974
0.432093
0.507243
0.563304
0.61097
0.645342
0.668889
0.680765
0.684195
0.686119
0.696993
0.724421
0.760252
0.799516
0.832009
0.845069
0.820479
0.731674
0.564439
0.400456
0.233022
0.263699
0.44448
0.600764
0.764061
0.942506
1.1498
1.42596
1.75288
2.01203
2.34783
2.21796
1.41793
0.00795351
-0.958456
-1.1905
-0.618589
-0.143533
0.055702
0.324776
0.483673
0.622247
0.728911
0.75854
0.651842
0.305109
-0.399046
-1.63933
-3.61229
-6.53268
-10.8066
-17.175
-26.6034
-40.7279
-61.5264
-89.0113
-107.653
-100.693
-79.0004
-56.4364
-32.8663
-8.15435
8.91583
20.6131
25.4894
26.3714
19.2175
13.2621
12.5335
12.5452
14.1073
13.6222
12.8516
12.7185
12.6407
13.9469
-0.00115932
0.21276
0.25611
0.369589
0.439391
0.515259
0.571064
0.617709
0.650502
0.672387
0.683364
0.687479
0.691763
0.705812
0.733822
0.770413
0.810021
0.842833
0.856047
0.830692
0.739477
0.578395
0.430311
0.23184
0.311128
0.478189
0.635315
0.801374
0.982337
1.19376
1.4672
1.74858
2.00607
2.3721
2.0661
1.29121
-0.14992
-0.992413
-1.33844
-0.624104
-0.161307
0.0784776
0.379085
0.567274
0.744156
0.890923
0.957902
0.872825
0.535482
-0.174899
-1.4396
-3.42112
-6.33293
-10.6191
-17.0619
-26.6977
-41.2037
-61.9639
-88.4242
-104.106
-97.3799
-77.5583
-55.2335
-31.9026
-7.13517
10.3181
22.4027
27.4334
28.466
19.5916
12.946
12.2191
12.3361
14.1646
13.7082
12.8345
12.8071
13.1315
13.0562
-0.00532386
0.219357
0.259996
0.375912
0.446269
0.522574
0.577757
0.622992
0.653986
0.674341
0.684955
0.690383
0.697312
0.714223
0.743016
0.78054
0.820746
0.854254
0.86809
0.842345
0.749884
0.598741
0.448988
0.259012
0.360285
0.516279
0.674279
0.841861
1.02411
1.23656
1.49258
1.73049
2.04181
2.29741
1.96041
1.16285
-0.294539
-0.993443
-1.44992
-0.612228
-0.169697
0.113569
0.443736
0.662663
0.879171
1.06615
1.16454
1.09215
0.758752
0.0298512
-1.25905
-3.23354
-6.1225
-10.4084
-16.9118
-26.74
-41.5646
-62.1841
-87.289
-100.16
-93.8302
-75.7341
-53.7747
-30.7284
-6.00748
11.7873
24.289
29.5151
30.7904
19.8582
12.4717
11.797
12.0741
14.2522
13.8095
12.739
12.7862
13.203
10.3757
-0.0100323
0.226103
0.263638
0.381835
0.452564
0.528958
0.583129
0.626617
0.655718
0.674845
0.685701
0.692936
0.702629
0.721918
0.751948
0.790509
0.831643
0.866251
0.881179
0.855428
0.764029
0.626182
0.448407
0.309778
0.410107
0.558831
0.716915
0.884924
1.06697
1.27484
1.49701
1.7127
2.09929
2.17948
1.88497
1.03635
-0.426872
-0.972662
-1.52261
-0.582272
-0.166001
0.162295
0.519774
0.770746
1.02762
1.25258
1.37228
1.30546
0.967971
0.208302
-1.09563
-3.04689
-5.90206
-10.1771
-16.7278
-26.7313
-41.8143
-62.2029
-85.6941
-96.0296
-90.1781
-73.6155
-52.1058
-29.3712
-4.78752
13.3066
26.2614
31.7352
33.3344
19.996
11.5997
11.1936
11.738
14.4272
13.9554
12.5866
12.8327
12.4375
9.37784
-0.0153671
0.232949
0.26696
0.387214
0.458073
0.534167
0.586978
0.628535
0.655853
0.674156
0.685763
0.695106
0.707577
0.728955
0.760487
0.800263
0.842662
0.878792
0.89523
0.869937
0.783372
0.657955
0.446535
0.370219
0.4613
0.605299
0.762465
0.929902
1.10976
1.30425
1.48515
1.71462
2.11442
2.0916
1.81973
0.919319
-0.547723
-0.942783
-1.55038
-0.53531
-0.147543
0.225651
0.608092
0.892157
1.18911
1.44581
1.57449
1.50933
1.15415
0.358116
-0.944595
-2.85952
-5.67338
-9.92832
-16.5124
-26.6714
-41.9586
-62.0357
-83.7341
-91.8769
-86.5223
-71.2774
-50.2659
-27.8576
-3.49268
14.857
28.3113
34.0428
35.9443
19.9939
9.63836
10.3362
11.2911
14.733
14.1159
12.3691
12.8092
11.9037
12.8307
-0.0214088
0.239807
0.269864
0.39187
0.462566
0.537962
0.589084
0.628591
0.654415
0.672536
0.685411
0.69699
0.712049
0.735397
0.768533
0.809751
0.853755
0.891803
0.909989
0.885688
0.807091
0.678225
0.467658
0.430549
0.514585
0.654747
0.810185
0.97604
1.15063
1.32136
1.47277
1.7526
2.06338
2.04532
1.75975
0.81776
-0.655763
-0.925098
-1.53232
-0.472437
-0.112102
0.304272
0.709362
1.02714
1.36183
1.63877
1.76657
1.69901
1.30877
0.482726
-0.800915
-2.67128
-5.43889
-9.6648
-16.2676
-26.5599
-42.0041
-61.698
-81.5044
-87.8152
-82.9285
-68.7816
-48.2891
-26.2148
-2.14161
16.4162
30.4138
36.2937
38.0957
19.4224
4.87129
8.91245
10.6471
15.2385
14.1347
12.1097
12.6458
11.98
17.1292
-0.0282135
0.246521
0.272227
0.395595
0.465795
0.540136
0.589495
0.627306
0.652057
0.67033
0.684742
0.698548
0.715957
0.741233
0.776039
0.81893
0.86487
0.905149
0.925157
0.903262
0.833466
0.681762
0.512729
0.488672
0.569928
0.706156
0.859319
1.0224
1.18684
1.32656
1.47258
1.80565
2.00277
2.02128
1.70946
0.735916
-0.744594
-0.945332
-1.4677
-0.3962
-0.0577041
0.398374
0.823993
1.17531
1.54156
1.82319
1.94706
1.86611
1.42822
0.589526
-0.661225
-2.48333
-5.20127
-9.38889
-15.9941
-26.3961
-41.9581
-61.2045
-79.0947
-83.9168
-79.437
-66.1813
-46.2085
-24.4724
-0.753439
17.963
32.6055
38.7512
39.017
17.4
-2.52641
6.58014
10.0595
15.941
14.0365
11.7302
12.8076
12.817
22.6838
-0.0357716
0.252846
0.273902
0.398177
0.467567
0.540632
0.588155
0.624207
0.648715
0.667908
0.683971
0.699844
0.719322
0.746425
0.782962
0.827759
0.875927
0.918551
0.940346
0.922674
0.8527
0.688208
0.565718
0.546346
0.62652
0.758599
0.909064
1.06767
1.21587
1.32796
1.49565
1.83042
1.97559
2.00531
1.67357
0.678216
-0.800222
-1.02856
-1.35747
-0.308759
0.0169902
0.507822
0.952067
1.33511
1.72077
1.99329
2.11465
2.00044
1.5165
0.686262
-0.524402
-2.29763
-4.96297
-9.10232
-15.6926
-26.1792
-41.8268
-60.5707
-76.5857
-80.226
-76.0716
-63.5224
-44.0563
-22.6613
0.653914
19.4731
34.9513
43.0146
39.3933
13.8169
-10.7042
3.34267
10.3905
16.6474
14.4028
11.35
13.6321
13.9696
29.2405
-0.0439484
0.258432
0.274738
0.399434
0.467678
0.53916
0.585003
0.620335
0.645155
0.665375
0.683001
0.70077
0.722117
0.750959
0.789292
0.836194
0.886774
0.931602
0.95575
0.942384
0.857781
0.713536
0.617007
0.604422
0.683247
0.811259
0.958498
1.10995
1.23749
1.3381
1.54547
1.82209
1.97851
1.99563
1.65394
0.651019
-0.791728
-1.16595
-1.20864
-0.21162
0.112729
0.632163
1.0932
1.50273
1.88964
2.1489
2.26331
2.09599
1.58341
0.77811
-0.391079
-2.11633
-4.7259
-8.80626
-15.3631
-25.9088
-41.6157
-59.8127
-74.0477
-76.7716
-72.8438
-60.8431
-41.8619
-20.8098
2.06527
20.9114
37.2627
48.9406
40.3697
9.83775
-17.9727
-0.474345
12.0993
17.5509
15.673
11.4126
15.2106
16.4172
37.7523
-0.0524131
0.262827
0.274594
0.399207
0.466062
0.53602
0.580934
0.616315
0.641678
0.662978
0.68203
0.701401
0.724352
0.754812
0.794988
0.844144
0.897096
0.943851
0.971238
0.955045
0.862346
0.748906
0.666927
0.662372
0.739259
0.863327
1.00643
1.14725
1.25515
1.36286
1.6021
1.82051
1.99512
1.99535
1.65017
0.659892
-0.684668
-1.31401
-1.02503
-0.105111
0.229547
0.770679
1.24609
1.67077
2.04058
2.29284
2.382
2.15597
1.63952
0.86696
-0.262787
-1.94128
-4.49136
-8.5017
-15.0062
-25.5849
-41.3287
-58.9472
-71.537
-73.5617
-69.7576
-58.1743
-39.6508
-18.9429
3.46734
22.2527
39.1712
53.8936
41.7942
5.33965
-23.6117
-4.29968
14.5991
18.7541
17.6507
12.0684
17.3813
20.2644
41.7815
-0.0605858
0.265535
0.273368
0.397615
0.463119
0.531906
0.576695
0.61238
0.638343
0.660616
0.680878
0.701608
0.72596
0.757945
0.799994
0.851437
0.906488
0.955262
0.983744
0.958451
0.878552
0.784875
0.716904
0.718954
0.793872
0.913882
1.0513
1.17892
1.27629
1.40562
1.6412
1.84348
2.01701
2.00649
1.66076
0.705053
-0.465999
-1.41974
-0.811724
0.0127821
0.366636
0.922372
1.40753
1.82851
2.1736
2.42329
2.4617
2.19176
1.69186
0.952392
-0.141199
-1.77375
-4.26023
-8.18973
-14.6225
-25.2074
-40.9679
-57.9907
-69.0949
-70.5859
-66.8129
-55.5418
-37.446
-17.0817
4.84763
23.4986
40.5674
56.2215
43.1858
-0.404522
-27.4017
-7.94758
16.8234
20.067
20.0292
13.3213
19.8777
24.7097
39.9502
-0.0676508
0.266145
0.271176
0.395196
0.459101
0.527536
0.572544
0.608635
0.635247
0.658376
0.679622
0.701419
0.726918
0.760302
0.804202
0.857834
0.914983
0.965784
0.989108
0.963628
0.900386
0.820797
0.76653
0.773507
0.846396
0.961784
1.09147
1.20668
1.30618
1.46168
1.66934
1.88201
2.04385
2.02894
1.68383
0.77988
-0.15568
-1.43014
-0.577396
0.14496
0.52267
1.08565
1.57074
1.96636
2.29526
2.53003
2.50334
2.21658
1.7429
1.03303
-0.0275873
-1.61435
-4.03324
-7.87183
-14.2135
-24.7764
-40.534
-56.9586
-66.7492
-67.8283
-64.0075
-52.9669
-35.2673
-15.2432
6.19142
24.6423
41.6558
56.4554
44.2695
-6.08963
-28.8896
-11.5696
18.4426
21.152
22.6795
15.2386
22.6041
29.2328
37.849
-0.0726798
0.264541
0.268557
0.391926
0.454675
0.52331
0.568603
0.605178
0.632385
0.656183
0.678148
0.700718
0.727127
0.761785
0.807454
0.863322
0.923075
0.97273
0.99183
0.975189
0.923419
0.857569
0.814668
0.825531
0.89595
1.00567
1.12618
1.23411
1.34498
1.51576
1.70648
1.9256
2.07704
2.06167
1.71764
0.872772
0.186072
-1.3053
-0.330487
0.294167
0.695654
1.25747
1.72474
2.08327
2.40894
2.60134
2.5185
2.23936
1.79212
1.10752
0.0774527
-1.46325
-3.81133
-7.55012
-13.7811
-24.2921
-40.0264
-55.8646
-64.5152
-65.2698
-61.3392
-50.4669
-33.1317
-13.4414
7.48513
25.6634
42.5637
55.5404
44.9942
-8.57154
-28.39
-15.0303
19.4808
21.7341
25.3652
17.7557
25.6751
33.0254
38.9066
-0.0748822
0.260935
0.265761
0.387925
0.450491
0.519305
0.564963
0.602058
0.629782
0.654063
0.676464
0.699477
0.726523
0.762307
0.809794
0.868517
0.929549
0.976139
0.998718
0.98943
0.947774
0.894471
0.860781
0.874432
0.941524
1.04429
1.15638
1.26488
1.39142
1.55931
1.75476
1.97054
2.11674
2.10371
1.76171
0.973316
0.465679
-1.04634
-0.0771147
0.462554
0.882872
1.43144
1.85828
2.1879
2.50707
2.63477
2.5223
2.26311
1.83808
1.17499
0.173989
-1.32052
-3.59587
-7.22752
-13.3284
-23.7551
-39.4431
-54.7197
-62.3986
-62.8907
-58.805
-48.0541
-31.0524
-11.6873
8.71942
26.5392
43.1978
54.0399
45.5107
-6.84656
-26.9692
-17.8024
20.0119
21.8875
27.8043
20.8599
28.816
34.8432
42.4719
-0.0738155
0.255749
0.262594
0.383792
0.446672
0.515591
0.561714
0.599301
0.627434
0.651978
0.674498
0.697617
0.725056
0.761999
0.811971
0.873333
0.933259
0.981456
1.00884
1.00537
0.97347
0.930665
0.904407
0.919409
0.982045
1.07711
1.18415
1.29897
1.43899
1.60118
1.8069
2.01708
2.16209
2.15433
1.81817
1.0842
0.5927
-0.688233
0.17602
0.649602
1.08007
1.59656
1.96814
2.28819
2.5764
2.64035
2.52549
2.28714
1.87953
1.23529
0.26247
-1.18645
-3.38882
-6.9079
-12.8595
-23.1665
-38.7811
-53.5323
-60.3977
-60.6737
-56.4024
-45.7381
-29.0412
-9.99276
9.88517
27.254
43.4249
52.2762
45.9344
-2.30596
-25.6906
-19.8035
20.0648
21.9578
29.865
24.3857
31.8002
35.0042
41.2833
-0.0695027
0.248961
0.259388
0.37987
0.443214
0.512266
0.558893
0.596921
0.625348
0.649933
0.672258
0.695176
0.722947
0.761729
0.814942
0.87658
0.937916
0.99006
1.02072
1.02313
0.999765
0.965644
0.944912
0.959638
1.01672
1.10488
1.21162
1.33542
1.4801
1.64779
1.85836
2.06564
2.21216
2.21303
1.89412
1.24209
0.569318
-0.289287
0.42397
0.852546
1.27968
1.74017
2.06273
2.38011
2.61085
2.63381
2.53173
2.30975
1.91582
1.28887
0.343343
-1.06172
-3.19277
-6.59612
-12.3804
-22.5284
-38.0371
-52.3088
-58.5055
-58.6032
-54.128
-43.524
-27.1064
-8.36745
10.9766
27.8098
43.2299
50.5081
46.3332
3.81727
-24.0083
-20.1778
19.2664
22.2277
31.4216
28.0474
34.2855
35.7225
39.388
-0.0622392
0.24032
0.256645
0.376184
0.440174
0.509385
0.556519
0.594924
0.623518
0.647923
0.669774
0.692344
0.720923
0.762885
0.81792
0.880523
0.945954
1.0005
1.03441
1.04226
1.02605
0.998828
0.981563
0.994396
1.04547
1.12922
1.23936
1.37178
1.51677
1.69641
1.9086
2.11583
2.26616
2.27869
1.9964
1.48489
0.503251
0.0962715
0.665928
1.06581
1.46962
1.8567
2.15253
2.45063
2.61757
2.62714
2.54019
2.3297
1.94697
1.3364
0.41677
-0.947425
-3.01078
-6.29802
-11.8983
-21.844
-37.2085
-51.0553
-56.7164
-56.6688
-51.979
-41.4158
-25.2582
-6.82667
11.9799
28.2149
42.6984
48.9428
46.6896
10.9061
-18.9726
-17.0993
18.3884
23.41
33.2214
31.6171
36.0101
36.8215
38.2897
-0.0524618
0.230413
0.254548
0.37275
0.437612
0.50697
0.5546
0.593312
0.621949
0.645985
0.667192
0.689626
0.720181
0.765428
0.820954
0.888103
0.956137
1.01258
1.04967
1.06216
1.05178
1.02952
1.0137
1.02337
1.0692
1.15172
1.26696
1.40407
1.5543
1.74364
1.95803
2.16702
2.32311
2.34847
2.11959
1.77433
0.540143
0.449715
0.905484
1.28043
1.63594
1.95274
2.23708
2.49129
2.61118
2.62474
2.54894
2.34637
1.97346
1.37845
0.482525
-0.844959
-2.84616
-6.02025
-11.4226
-21.118
-36.2934
-49.7739
-55.0271
-54.8627
-49.9572
-39.422
-23.5109
-5.38937
12.8817
28.4936
41.9737
47.7305
46.8719
17.9225
-10.6008
-10.1468
19.9789
26.4052
35.7187
34.7203
36.9951
37.9954
37.6271
-0.0408708
0.220292
0.25306
0.369626
0.435544
0.505024
0.553133
0.592072
0.620638
0.644173
0.664769
0.687857
0.721739
0.767801
0.826873
0.898403
0.967803
1.0262
1.06598
1.0823
1.0763
1.05704
1.04088
1.04691
1.08942
1.17343
1.29413
1.43206
1.59257
1.78868
2.0067
2.21871
2.38177
2.41915
2.2484
1.99176
0.741993
0.775028
1.14376
1.48331
1.77108
2.03907
2.30568
2.50616
2.60389
2.62585
2.5566
2.35977
1.99592
1.41525
0.540073
-0.755764
-2.70218
-5.76993
-10.9649
-20.3576
-35.2915
-48.4561
-53.426
-53.1714
-48.061
-37.5469
-21.8758
-4.0708
13.6731
28.6772
41.1892
46.9007
46.7088
24.0184
-1.48914
-1.35854
23.9152
30.5783
38.3782
37.1088
37.4793
37.9955
36.967
-0.0283641
0.210679
0.252109
0.366873
0.433966
0.503546
0.552109
0.591198
0.6196
0.642582
0.662887
0.687864
0.725094
0.770926
0.836433
0.910189
0.980884
1.04091
1.08285
1.10206
1.09888
1.08082
1.06314
1.06604
1.10747
1.19428
1.31924
1.45919
1.62963
1.83185
2.0544
2.27058
2.44113
2.49173
2.38299
2.05991
1.05668
1.07844
1.37635
1.66016
1.87938
2.11793
2.35003
2.50753
2.60065
2.62838
2.56255
2.37028
2.01484
1.44667
0.588747
-0.681129
-2.58164
-5.55404
-10.5393
-19.5747
-34.2076
-47.1076
-51.8882
-51.5948
-46.2981
-35.8114
-20.3909
-2.92163
14.305
28.7503
40.4154
46.4068
46.2821
28.5927
6.6463
7.39552
28.6207
34.8356
40.6613
38.783
37.7932
37.3472
36.3103
-0.0158357
0.201799
0.251623
0.364515
0.432855
0.502519
0.551502
0.590661
0.618819
0.64129
0.661909
0.68985
0.72821
0.777392
0.848159
0.923137
0.995021
1.05621
1.0997
1.12072
1.11887
1.10061
1.081
1.08207
1.1244
1.21446
1.34097
1.48641
1.6647
1.87336
2.10099
2.32226
2.50034
2.57263
2.5451
2.03902
1.3873
1.36132
1.5923
1.80323
1.97045
2.18248
2.37241
2.5065
2.60101
2.63088
2.56667
2.3784
2.03037
1.47239
0.627923
-0.622022
-2.48658
-5.37836
-10.1615
-18.7887
-33.052
-45.8127
-50.4092
-50.169
-44.6602
-34.2073
-19.0487
-1.92171
14.8214
28.7889
39.8018
46.1344
45.8706
31.5997
13.4385
15.5243
33.2624
38.5966
42.3565
39.8463
38.1133
37.1248
35.9188
-0.00381438
0.193698
0.251554
0.362576
0.432192
0.501928
0.551296
0.590455
0.618313
0.640422
0.662146
0.693334
0.730954
0.787365
0.860984
0.937038
1.0097
1.07156
1.11585
1.13756
1.13577
1.11654
1.09538
1.09607
1.1404
1.23377
1.36051
1.51279
1.69786
1.91321
2.14638
2.37298
2.55745
2.66203
2.7071
2.06507
1.68372
1.62107
1.7785
1.91569
2.04806
2.22707
2.38242
2.50793
2.60303
2.63265
2.56923
2.38449
2.04246
1.49207
0.657157
-0.578997
-2.41797
-5.24633
-9.84587
-18.0269
-31.814
-44.6754
-49.0649
-48.9796
-43.2214
-32.8355
-17.9729
-1.21144
15.0884
28.6906
39.3838
46.0308
45.6401
33.597
19.1931
22.7758
37.4727
41.623
43.4804
40.5013
38.3536
37.0551
35.6877
0.00742299
0.186354
0.251815
0.361042
0.431934
0.501737
0.551442
0.590514
0.618011
0.639982
0.663473
0.696764
0.735605
0.799291
0.87452
0.951435
1.02435
1.08629
1.13055
1.15196
1.14942
1.12912
1.10733
1.10888
1.15556
1.25158
1.37919
1.53764
1.72923
1.95138
2.1904
2.42158
2.61063
2.75268
2.79557
2.20643
1.94469
1.85038
1.9278
2.00541
2.10935
2.25389
2.38892
2.5118
2.6053
2.6335
2.57057
2.38871
2.05095
1.5055
0.676307
-0.552079
-2.37567
-5.15853
-9.60185
-17.325
-30.4532
-43.5445
-47.9625
-48.0068
-42.0865
-31.8284
-17.2843
-0.868678
15.0498
28.411
39.0459
45.8272
45.2905
34.8779
24.1604
29.0295
41.003
43.8427
44.1354
40.9095
38.541
37.0352
35.6546
0.0178155
0.179819
0.252365
0.359925
0.432054
0.501925
0.551926
0.590843
0.617949
0.64006
0.66553
0.698911
0.743396
0.812
0.888472
0.965734
1.03831
1.09966
1.1431
1.16351
1.15995
1.13898
1.11742
1.12043
1.1693
1.26705
1.39701
1.56084
1.75884
1.9879
2.23292
2.46724
2.66189
2.84603
2.80584
2.41138
2.17511
2.04086
2.04241
2.07646
2.15248
2.27022
2.3959
2.51659
2.60716
2.63359
2.57101
2.39109
2.05581
1.51275
0.685622
-0.540665
-2.35839
-5.11299
-9.43295
-16.7256
-29.0072
-42.0471
-46.9118
-47.0112
-41.1481
-30.931
-16.6448
-0.492968
15.123
28.2689
38.711
45.3274
44.7049
35.8738
28.512
34.2031
43.6954
45.3062
44.4628
41.176
38.7172
37.0981
35.7697
0.0272494
0.174056
0.253104
0.359189
0.432498
0.502438
0.552657
0.59129
0.617948
0.640475
0.667668
0.700843
0.753262
0.824963
0.902312
0.97925
1.05083
1.11092
1.15298
1.17209
1.16774
1.14693
1.12659
1.13154
1.18232
1.2808
1.41361
1.58232
1.78667
2.02275
2.27329
2.50837
2.71244
2.92806
2.8135
2.61187
2.37165
2.18851
2.12848
2.12917
2.18066
2.28238
2.40349
2.52114
2.60838
2.63314
2.57064
2.39159
2.0571
1.51415
0.685842
-0.543249
-2.36329
-5.10507
-9.33573
-16.2629
-27.6445
-40.1696
-45.5337
-45.746
-40.2017
-29.9696
-15.8649
0.0681103
15.4583
28.5192
38.9138
45.3476
44.4865
36.9195
32.2307
38.1664
45.5134
46.1592
44.605
41.3714
38.8801
37.2357
35.9977
0.0357281
0.169135
0.254027
0.358843
0.433231
0.503249
0.55364
0.591925
0.618146
0.641147
0.669046
0.70461
0.763832
0.837722
0.915323
0.991204
1.06119
1.11959
1.16006
1.17797
1.17325
1.15309
1.13416
1.14083
1.19338
1.29274
1.42876
1.60209
1.81255
2.05566
2.31075
2.54406
2.75884
2.96637
2.8831
2.78334
2.52819
2.29563
2.19064
2.16509
2.19964
2.29311
2.41072
2.52493
2.60911
2.63246
2.56968
2.39052
2.05546
1.51081
0.678805
-0.55685
-2.38559
-5.12748
-9.301
-15.9462
-26.5265
-38.2969
-43.9189
-44.2746
-39.0687
-28.9034
-14.9474
0.786998
15.9768
29.0234
39.4844
45.7371
44.5433
37.8696
35.1175
40.872
46.562
46.596
44.6708
41.5336
39.0197
37.404
36.3509
0.0431143
0.164998
0.25499
0.358824
0.434181
0.504267
0.554679
0.592402
0.618105
0.64146
0.669411
0.710354
0.774283
0.84963
0.926629
1.00075
1.06871
1.12522
1.16415
1.18123
1.17684
1.15828
1.14163
1.15033
1.20418
1.30373
1.44221
1.6199
1.8365
2.08629
2.3436
2.57318
2.7964
2.96741
2.99301
2.92288
2.64264
2.36849
2.2325
2.1885
2.21366
2.30247
2.41674
2.52775
2.60942
2.63151
2.56797
2.38788
2.05115
1.50339
0.665912
-0.578722
-2.42014
-5.17116
-9.31401
-15.7604
-25.7126
-36.746
-42.4117
-42.8717
-37.8785
-27.807
-13.9999
1.54235
16.5466
29.5765
40.093
46.1622
44.6543
38.5966
37.0807
42.4716
47.0599
46.8005
44.7278
41.6697
39.1388
37.5736
36.9112
0.0494287
0.16172
0.256046
0.359123
0.435276
0.505419
0.55581
0.59301
0.618287
0.641564
0.670147
0.716662
0.783749
0.859806
0.93558
1.00768
1.07361
1.12846
1.16623
1.1829
1.17904
1.16182
1.14668
1.15655
1.21175
1.31267
1.45394
1.6355
1.85758
2.11322
2.37076
2.59621
2.81546
2.9743
3.09724
3.02844
2.71855
2.41459
2.25852
2.20364
2.22434
2.30991
2.42124
2.52978
2.60964
2.63068
2.56625
2.38497
2.04633
1.49534
0.652413
-0.600995
-2.45544
-5.21999
-9.35344
-15.6804
-25.2079
-35.6829
-41.311
-41.8073
-36.9036
-26.8783
-13.1782
2.21065
17.0664
30.0758
40.6227
46.5319
44.7583
39.0927
38.1626
43.2233
47.2227
46.9047
44.7936
41.7748
39.2378
37.7456
37.1933
0.0542578
0.159402
0.256916
0.359614
0.436389
0.506538
0.556628
0.592984
0.617661
0.640956
0.672043
0.722692
0.791459
0.867035
0.9411
1.01128
1.07556
1.12915
1.16607
1.18248
1.17933
1.16403
1.15168
1.16395
1.21966
1.32026
1.46308
1.64829
1.87548
2.13486
2.38834
2.60692
2.8141
3.0051
3.17572
3.09593
2.75973
2.43949
2.27354
2.21335
2.23171
2.31491
2.42415
2.53103
2.60962
2.62971
2.56429
2.38167
2.04099
1.48673
0.638637
-0.622866
-2.48942
-5.26838
-9.40446
-15.6684
-24.9382
-35.0408
-40.6062
-41.1101
-36.2463
-26.2357
-12.5978
2.69013
17.4495
30.4459
41.0079
46.7975
44.8194
39.3931
38.6185
43.5003
47.2618
46.9798
44.8617
41.8587
39.3078
37.9435
36.9139
0.0578617
0.15783
0.257728
0.360184
0.437233
0.507252
0.557075
0.593117
0.617782
0.641313
0.673905
0.726073
0.795713
0.871144
0.944283
1.01324
1.07643
1.1293
1.16595
1.18248
1.17969
1.16474
1.1526
1.16525
1.22231
1.32486
1.46949
1.65686
1.88638
2.14613
2.39624
2.61093
2.81207
3.032
3.22043
3.13683
2.78359
2.45181
2.28035
2.21807
2.23545
2.31739
2.42556
2.53164
2.60962
2.62925
2.56337
2.38014
2.03855
1.48292
0.632708
-0.631949
-2.50308
-5.28751
-9.42542
-15.6705
-24.854
-34.8357
-40.4034
-40.8789
-35.9843
-25.9652
-12.3491
2.90278
17.6293
30.6292
41.2085
46.9558
44.904
39.5638
38.7523
43.5745
47.2934
47.0439
44.9212
41.908
39.3572
38.2126
39.5075
)
;

boundaryField
{
    inletFace
    {
        type            zeroGradient;
    }
    inlet
    {
        type            zeroGradient;
    }
    inletWalls
    {
        type            zeroGradient;
    }
    outletInlet
    {
        type            cyclicAMI;
        value           nonuniform List<scalar> 
15
(
27.2918
32.779
32.6819
30.1809
27.7365
28.3003
27.9541
30.4193
31.6757
34.0697
31.5943
34.6589
31.6084
32.6907
33.5193
)
;
    }
    fineSymmetryWall
    {
        type            symmetryPlane;
    }
    fineWalls
    {
        type            zeroGradient;
    }
    fineCyclicBoundary
    {
        type            fixedValue;
        value           uniform 0;
    }
    fineplug
    {
        type            cyclicAMI;
        value           nonuniform List<scalar> 
80
(
26.4071
26.7795
29.4808
25.8829
27.2893
31.2155
31.9112
32.8917
33.3662
33.533
33.4458
35.5094
35.1518
30.5177
30.4476
30.4434
31.2802
30.3421
29.7915
28.6246
29.7699
33.3897
27.1798
27.1015
25.9146
25.765
27.0529
27.6614
26.8466
26.3733
26.2885
32.8265
29.0798
28.5987
27.7679
26.8449
27.2875
29.1973
29.3724
27.2375
31.7137
31.8729
33.106
33.6665
32.2933
31.0726
29.9134
30.7362
29.8748
36.3307
36.7897
33.7334
33.3064
33.9299
32.9848
31.8114
30.5919
26.3299
35.479
38.5667
35.5724
34.5316
32.8022
30.4323
31.5849
31.1038
30.1186
28.2504
35.4358
33.8073
32.9256
33.13
32.8963
32.3218
30.3215
30.8837
32.2049
37.4722
33.8746
32.3546
)
;
    }
    faceFine
    {
        type            zeroGradient;
    }
}


// ************************************************************************* //
