/*--------------------------------*- C++ -*----------------------------------*\
| =========                 |                                                 |
| \\      /  F ield         | OpenFOAM: The Open Source CFD Toolbox           |
|  \\    /   O peration     | Version:  4.1                                   |
|   \\  /    A nd           | Web:      www.OpenFOAM.org                      |
|    \\/     M anipulation  |                                                 |
\*---------------------------------------------------------------------------*/
FoamFile
{
    version     2.0;
    format      ascii;
    class       volScalarField;
    location    "11";
    object      p;
}
// * * * * * * * * * * * * * * * * * * * * * * * * * * * * * * * * * * * * * //

dimensions      [0 2 -2 0 0 0 0];

internalField   nonuniform List<scalar> 
6785
(
589.349
510.576
463.457
409.892
363.028
317.895
275.886
236.165
198.699
163.343
129.306
96.3485
68.8447
40.5935
0.248994
-28.8373
-47.1867
-37.5109
-45.0474
-44.767
-47.5586
-48.5442
-49.3555
-49.1794
-48.0807
-45.9363
-42.9783
-38.7773
-33.9481
-30.8855
-18.9749
-23.1338
-14.3201
-19.039
-15.5408
-16.9329
-16.4126
-17.0724
-17.5239
-18.3492
-19.2242
-20.226
-20.6382
-19.8726
-18.2312
7.96943
6.13522
9.90102
5.12992
7.60182
5.00707
5.19424
4.18162
3.81142
3.38183
3.25458
3.18044
3.84731
4.83193
7.69843
19.5114
19.5038
22.863
21.1138
25.034
24.6718
27.2818
28.3537
30.0936
31.2086
32.2462
33.3569
34.9716
36.663
38.3501
36.2035
35.8292
38.0822
36.387
38.9514
37.7364
39.0881
38.5384
38.6807
38.2512
37.9811
37.6609
37.2558
37.201
36.3982
32.4112
29.0915
30.1847
27.1371
27.9505
25.6862
25.7728
24.2547
23.6003
22.0344
20.2844
18.2419
16.9412
15.7807
12.4032
-8.41814
-13.4218
-14.0432
-18.1109
-19.397
-23.2193
-25.4477
-29.0337
-31.589
-34.1391
-35.7395
-36.5078
-36.9926
-37.905
-38.1088
-37.1744
-39.883
-39.3176
-41.7175
-41.4624
-43.422
-43.6726
-44.8294
-44.9007
-44.6134
-43.5843
-42.2985
-40.7322
-39.437
-37.1773
-22.4706
-21.4494
-19.4103
-19.3011
-17.2653
-16.7225
-15.1285
-14.1103
-12.8018
-11.6269
-10.3909
-9.34815
-7.96328
-6.86081
-4.17812
1.75771
3.53617
5.28841
5.97734
7.76762
8.57143
10.0054
11.044
12.222
13.2847
14.3754
15.3443
16.4509
17.2702
18.3809
13.8868
15.3655
16.3641
16.798
17.9314
18.352
19.2148
19.7714
20.4544
21.0611
21.736
22.3498
23.1066
23.6299
24.4893
30.4345
31.1937
31.2806
31.2127
31.5716
31.2597
31.3536
31.2667
31.4018
31.7077
32.2173
32.7613
33.4294
33.8525
34.6073
37.0079
38.3273
36.9621
35.7887
35.2529
34.9285
35.1912
35.6083
36.3813
37.0757
37.5556
37.6412
37.7184
37.8817
37.9034
74.1523
71.3074
63.8388
56.5392
51.878
46.6546
41.8076
38.6242
35.8754
33.9537
32.3054
31.3319
30.3956
29.79
28.1035
39.0452
39.13
39.1561
39.1583
39.1684
39.2127
39.3584
39.311
39.2826
39.2811
39.3503
39.2099
39.2358
39.2333
39.0718
39.023
39.0866
39.082
38.827
38.9636
38.9496
38.7409
38.714
38.8517
38.8693
38.6649
38.6604
38.7937
38.8895
38.6639
38.8401
38.9566
38.8024
38.8409
38.9821
39.1248
39.0011
39.1492
39.313
39.2407
39.3108
39.4105
39.5733
39.5379
39.6095
39.6835
39.8197
39.8188
39.8943
39.9527
39.9608
40.0337
40.0794
40.1771
40.1968
40.2547
40.3142
40.4188
40.4209
40.3949
40.5837
40.6021
40.7744
40.5558
40.9363
41.3933
41.6104
41.2817
40.8465
42.3997
43.1386
38.7884
37.2905
41.1662
43.1934
26.4373
37.1807
40.2065
5.70201
19.7608
28.6465
28.7301
32.5548
18.9957
27.6957
32.6899
33.1593
34.1561
34.8574
35.3604
35.1848
36.9487
34.4239
31.6249
33.5603
32.1441
31.5848
32.8354
33.201
33.123
35.6218
42.6264
28.8331
30.2374
29.2069
29.6
30.7978
31.2593
30.6318
29.0955
30.0116
47.8577
29.8897
29.5033
27.2866
24.9106
25.1376
26.491
24.0703
20.6831
31.4679
23.7172
24.8687
23.3381
20.0862
17.5332
14.5462
14.9886
11.5717
17.0811
22.3091
18.1954
18.0607
17.1065
14.7416
12.8424
11.0508
4.59366
9.87398
20.4186
15.9758
14.4097
11.6328
9.89388
8.17158
6.98741
6.26159
3.01282
-1.7411
12.135
8.42718
8.43795
7.48363
5.92186
0.764877
-0.296699
1.87697
-11.4597
6.20456
2.64773
-0.332897
7.37965
0.932279
4.2578
3.00204
5.1653
8.34381
3.43034
6.32795
8.47043
4.90372
6.37587
5.30252
6.50645
8.82272
5.19918
6.50777
5.33924
6.48605
8.70459
4.44727
6.51731
8.38447
4.88894
6.02958
4.89148
5.86445
8.3969
4.34909
5.65651
4.30343
5.52605
8.20812
3.06428
5.51931
7.78047
3.53382
4.91058
3.52623
4.70268
7.62908
2.92558
4.48679
2.92411
4.36262
7.19876
1.68604
4.38953
6.58153
2.31414
3.78172
2.38517
3.61463
6.16795
1.93861
3.40986
2.0272
3.30578
5.49995
1.11431
3.27011
4.78377
1.60838
2.70714
1.66815
2.54772
4.09837
1.26137
2.21975
1.2721
2.05501
3.12949
0.515226
1.70077
2.23552
0.429767
0.94136
0.215346
0.559762
1.58568
0.000405784
0.000712998
0.00119068
0.00154586
0.00196744
0.00235844
0.00277753
0.00319379
0.00362614
0.00406507
0.00451711
0.00497977
0.00545581
0.00594512
0.00644935
0.0069692
0.00750588
0.00806017
0.00863276
0.00922379
0.00983277
0.0104582
0.0110973
0.0117455
0.0123961
0.0130401
0.013666
0.01426
0.0148072
0.0152927
0.0157039
0.0160328
0.0162787
0.0164494
0.0165619
0.0166412
0.016717
0.0168186
0.0169689
0.0171814
0.0174645
0.0178351
0.0183361
0.0190421
0.0200372
0.0213544
0.0229119
0.0244841
0.0257774
0.0265407
0.0264782
0.0253651
0.022987
0.0190925
0.0134115
0.00554727
-0.00484415
-0.0180233
-0.034323
-0.0514481
-0.0695828
-0.0890106
-0.0650883
-0.291827
-0.442827
-0.543578
-0.656836
-0.725196
-0.725098
-0.684419
-0.566815
-0.447941
-0.274554
-0.196695
-0.00837788
-0.049098
0.0752621
0.211618
-0.409579
0.00117624
0.00205402
0.00340844
0.00444376
0.00563957
0.00675672
0.00793964
0.00911434
0.0103266
0.0115546
0.0128141
0.0140997
0.0154184
0.0167703
0.0181597
0.0195885
0.0210599
0.0225759
0.0241379
0.0257461
0.0273986
0.0290907
0.0308138
0.0325546
0.0342936
0.0360046
0.0376546
0.0392045
0.0406119
0.0418353
0.0428403
0.0436064
0.0441342
0.0444494
0.0446047
0.0446752
0.0447494
0.0449142
0.0452376
0.0457599
0.0465066
0.047529
0.0489549
0.0510087
0.0539468
0.0578859
0.0626211
0.0675487
0.0718969
0.0750514
0.0762885
0.0751166
0.0710828
0.0636189
0.0520569
0.035245
0.0119607
-0.0191888
-0.0604323
-0.107252
-0.164456
-0.227241
-0.198001
-0.575055
-0.849661
-1.05122
-1.27047
-1.39945
-1.40375
-1.32712
-1.12791
-0.89744
-0.611842
-0.393417
-0.111223
0.00259108
0.21126
0.394275
0.371371
0.00183478
0.00331557
0.0056194
0.00736909
0.00939568
0.0112854
0.0132883
0.0152765
0.0173296
0.0194095
0.0215435
0.0237226
0.0259584
0.0282515
0.0306089
0.0330343
0.0355329
0.0381082
0.0407631
0.0434977
0.0463093
0.0491901
0.0521261
0.0550949
0.058064
0.0609896
0.0638162
0.0664782
0.0689037
0.0710226
0.072776
0.0741287
0.0750801
0.0756726
0.075993
0.0761669
0.0763423
0.0766645
0.0772471
0.0781563
0.0794325
0.0811589
0.0835484
0.0869778
0.0918791
0.0984483
0.106331
0.11449
0.1216
0.126589
0.128193
0.125532
0.117777
0.103908
0.082726
0.0522379
0.0103608
-0.0452401
-0.11805
-0.200166
-0.300398
-0.403286
-0.373435
-0.776848
-1.0707
-1.31676
-1.58484
-1.73885
-1.73876
-1.64005
-1.39448
-1.10817
-0.764412
-0.48295
-0.14806
0.0213712
0.297952
0.442081
0.708367
0.0024678
0.00454567
0.00776227
0.0102196
0.0130535
0.0156994
0.0184985
0.0212774
0.0241444
0.0270481
0.0300261
0.0330661
0.0361843
0.0393816
0.0426678
0.046048
0.0495296
0.0531176
0.0568157
0.0606246
0.06454
0.0685515
0.0726395
0.0767727
0.080906
0.0849783
0.088912
0.0926152
0.0959879
0.0989315
0.101364
0.103235
0.104544
0.10535
0.105776
0.105998
0.106223
0.106656
0.107457
0.108716
0.110486
0.112881
0.116197
0.120967
0.12781
0.137015
0.148094
0.159585
0.169639
0.176766
0.179207
0.175753
0.165258
0.146306
0.117201
0.0750942
0.016929
-0.0608744
-0.163518
-0.280679
-0.427744
-0.575303
-0.571473
-1.04289
-1.36566
-1.65972
-1.98868
-2.17647
-2.17073
-2.04416
-1.73584
-1.37735
-0.951496
-0.598331
-0.184491
0.0268773
0.386479
0.53049
0.842404
0.00304169
0.00573214
0.00986533
0.0130415
0.0166923
0.020105
0.0237104
0.0272904
0.0309817
0.0347201
0.038553
0.0424653
0.0464777
0.0505913
0.0548191
0.0591675
0.0636462
0.0682616
0.0730189
0.0779187
0.0829561
0.0881177
0.0933785
0.0986988
0.104021
0.109266
0.114334
0.119108
0.123458
0.127257
0.130396
0.132813
0.134504
0.135546
0.136095
0.136379
0.136667
0.137223
0.138253
0.139872
0.142141
0.145198
0.149425
0.155515
0.164287
0.176138
0.190445
0.205298
0.218306
0.227543
0.230725
0.226306
0.212794
0.188361
0.15078
0.0963024
0.0208342
-0.0805659
-0.214803
-0.369352
-0.567556
-0.761832
-0.804638
-1.34793
-1.69818
-2.04049
-2.43488
-2.65927
-2.64667
-2.48941
-2.11361
-1.67502
-1.1622
-0.724699
-0.230689
0.0405658
0.481592
0.621073
1.14189
0.0035806
0.00689079
0.0119217
0.0158194
0.0202802
0.0244579
0.0288638
0.0332403
0.0377494
0.0423159
0.0469959
0.0517722
0.0566695
0.0616898
0.0668486
0.0721541
0.077618
0.0832483
0.0890514
0.0950284
0.101173
0.10747
0.113889
0.120382
0.126877
0.13328
0.13947
0.1453
0.150614
0.155253
0.159086
0.162032
0.164088
0.165345
0.165997
0.166322
0.166654
0.167316
0.168563
0.170529
0.173282
0.176979
0.182083
0.189459
0.20014
0.214654
0.232251
0.250554
0.266626
0.27811
0.282199
0.277034
0.260791
0.231254
0.185664
0.119346
0.0270714
-0.0976746
-0.263667
-0.456886
-0.710456
-0.9546
-1.06755
-1.67371
-2.03829
-2.42082
-2.87528
-3.13146
-3.1079
-2.9184
-2.47502
-1.95732
-1.36132
-0.840371
-0.27207
0.0591497
0.576079
0.717197
1.34019
0.00408043
0.00802328
0.0139393
0.0185646
0.0238343
0.0287802
0.0339874
0.0391619
0.0444894
0.0498845
0.0554117
0.0610521
0.066834
0.0727606
0.0788498
0.0851116
0.0915599
0.0982043
0.105053
0.112106
0.119359
0.126792
0.13437
0.142036
0.149709
0.157275
0.16459
0.171484
0.177768
0.183255
0.187786
0.191265
0.193686
0.195157
0.195905
0.196264
0.19663
0.197393
0.198852
0.201163
0.204391
0.208706
0.214652
0.223274
0.235842
0.253041
0.273997
0.295837
0.315065
0.328886
0.333954
0.32811
0.309197
0.274628
0.221098
0.142974
0.0338095
-0.114667
-0.313149
-0.546807
-0.859801
-1.15596
-1.36262
-2.02698
-2.40156
-2.81937
-3.33235
-3.61696
-3.5777
-3.35295
-2.83825
-2.23872
-1.55812
-0.952234
-0.310206
0.0799818
0.669391
0.807064
1.53239
0.00454915
0.00913584
0.0159193
0.021276
0.0273499
0.0330646
0.0390701
0.0450411
0.0511839
0.0574047
0.0637754
0.0702759
0.076938
0.0837659
0.0907802
0.0979927
0.105419
0.113072
0.120959
0.129083
0.137437
0.145999
0.15473
0.163566
0.172411
0.181137
0.189577
0.197533
0.204787
0.21112
0.216347
0.220354
0.223131
0.224802
0.225631
0.226006
0.22639
0.227239
0.228901
0.231549
0.23524
0.240146
0.24689
0.256709
0.271137
0.291047
0.315452
0.340942
0.363451
0.379741
0.385916
0.379542
0.358137
0.318765
0.257583
0.16797
0.0421665
-0.130047
-0.36132
-0.636929
-1.01283
-1.36242
-1.68803
-2.40395
-2.79182
-3.24287
-3.81573
-4.12535
-4.06458
-3.8008
-3.20993
-2.52442
-1.75698
-1.06238
-0.347229
0.104916
0.76294
0.892614
1.74339
0.00498857
0.0102318
0.0178655
0.0239582
0.0308319
0.0373165
0.0441186
0.0508855
0.0578418
0.0648865
0.0720984
0.0794563
0.0869956
0.0947216
0.102657
0.110817
0.119218
0.127874
0.136796
0.145986
0.155437
0.165126
0.175008
0.185012
0.19503
0.204917
0.214484
0.223506
0.231734
0.238917
0.244841
0.249374
0.252501
0.254363
0.255259
0.255633
0.256018
0.25694
0.258797
0.261776
0.265917
0.271385
0.278876
0.289834
0.306089
0.328742
0.356699
0.385964
0.411893
0.430788
0.43819
0.431414
0.407658
0.363673
0.295077
0.194241
0.0519973
-0.143986
-0.408283
-0.727291
-1.16861
-1.57167
-2.04256
-2.79439
-3.20597
-3.6902
-4.3261
-4.65628
-4.56615
-4.25878
-3.58654
-2.81106
-1.95518
-1.16841
-0.382002
0.135506
0.856626
1.00225
1.8975
0.00540259
0.0113145
0.0197805
0.0266128
0.0342808
0.0415359
0.0491315
0.056693
0.0644599
0.072326
0.0803757
0.0885876
0.097
0.10562
0.114473
0.123574
0.132944
0.142599
0.15255
0.162801
0.173345
0.184156
0.195185
0.206354
0.217543
0.228592
0.239288
0.24938
0.258585
0.26662
0.273242
0.278297
0.281767
0.283805
0.28475
0.285102
0.285468
0.286447
0.288489
0.291793
0.296369
0.302365
0.310546
0.322575
0.340616
0.366048
0.397679
0.430867
0.460374
0.48203
0.490797
0.483766
0.45783
0.409467
0.333762
0.222067
0.0637129
-0.155878
-0.453108
-0.816626
-1.32428
-1.77947
-2.42398
-3.18638
-3.64287
-4.16307
-4.86825
-5.21466
-5.08518
-4.72847
-3.96858
-3.09859
-2.1523
-1.26973
-0.414055
0.172368
0.950212
1.10161
2.05921
0.00579364
0.0123869
0.0216669
0.0292424
0.037699
0.0457249
0.0541111
0.0624657
0.0710404
0.0797254
0.0886096
0.0976719
0.106954
0.116463
0.126228
0.136267
0.146602
0.15725
0.168225
0.179532
0.191163
0.203092
0.215266
0.227598
0.23996
0.252171
0.264
0.275166
0.285353
0.294246
0.301567
0.307142
0.310946
0.313147
0.314121
0.314428
0.314753
0.315771
0.317988
0.32161
0.326609
0.333096
0.341898
0.35492
0.374699
0.40295
0.438394
0.475668
0.508931
0.533514
0.543791
0.536655
0.508711
0.456206
0.373716
0.251563
0.0774984
-0.165377
-0.495134
-0.90381
-1.47649
-1.98144
-2.83009
-3.56704
-4.10249
-4.66327
-5.44773
-5.80698
-5.62607
-5.21272
-4.35764
-3.38786
-2.34871
-1.36613
-0.443193
0.21591
1.04456
1.19132
2.25412
0.00616431
0.0134511
0.0235273
0.031849
0.041088
0.0498846
0.0590579
0.0682039
0.0775832
0.0870841
0.0967991
0.106708
0.116855
0.127249
0.137922
0.148893
0.160186
0.171822
0.183816
0.196174
0.208888
0.221931
0.235246
0.248741
0.262274
0.27565
0.288616
0.300861
0.312037
0.321791
0.329815
0.335907
0.340036
0.342384
0.343364
0.3436
0.343857
0.344895
0.347277
0.351212
0.356621
0.363557
0.372906
0.386827
0.408285
0.4394
0.478815
0.520359
0.557575
0.585268
0.597208
0.590126
0.560351
0.503962
0.415047
0.282906
0.0936493
-0.171946
-0.53341
-0.987209
-1.62112
-2.17684
-3.25334
-3.91502
-4.58218
-5.19178
-6.06944
-6.43925
-6.1929
-5.71378
-4.75451
-3.679
-2.5442
-1.45711
-0.469371
0.267903
1.1398
1.31897
2.40789
0.00651666
0.0145091
0.0253638
0.0344347
0.0444495
0.0540164
0.0639731
0.0739084
0.084089
0.0944026
0.104945
0.115696
0.126703
0.137978
0.149553
0.161451
0.173698
0.186316
0.199323
0.212727
0.226519
0.240671
0.255125
0.26978
0.284485
0.29903
0.313138
0.326469
0.338641
0.349263
0.357991
0.364598
0.369043
0.37152
0.372482
0.372618
0.372779
0.373815
0.37635
0.380595
0.386401
0.393744
0.403552
0.418265
0.441331
0.475359
0.518926
0.564941
0.606329
0.637326
0.65109
0.64422
0.612796
0.552787
0.457829
0.316225
0.112413
-0.175065
-0.566983
-1.06505
-1.7547
-2.3685
-3.66316
-4.18486
-5.06509
-5.74848
-6.7385
-7.11803
-6.79039
-6.23438
-5.16006
-3.97217
-2.73852
-1.54191
-0.491306
0.327815
1.23583
1.41956
2.5645
0.00685261
0.0155627
0.0271787
0.0370011
0.0477849
0.0581215
0.0688576
0.0795799
0.090558
0.101681
0.113046
0.124636
0.136499
0.148649
0.161121
0.17394
0.187135
0.200729
0.214744
0.229187
0.244052
0.25931
0.274899
0.290713
0.306592
0.322309
0.337564
0.35199
0.365166
0.376664
0.3861
0.393219
0.397969
0.400556
0.401472
0.401476
0.401509
0.402519
0.405197
0.40975
0.415942
0.423645
0.433817
0.449198
0.473785
0.510778
0.5587
0.609408
0.655209
0.689716
0.705473
0.698977
0.66608
0.602715
0.502111
0.351619
0.13402
-0.17421
-0.594902
-1.13554
-1.87497
-2.55576
-3.99784
-4.37119
-5.54305
-6.33301
-7.46067
-7.85045
-7.42391
-6.77808
-5.57553
-4.26768
-2.93136
-1.62152
-0.50573
0.395332
1.33318
1.54483
2.74477
0.00717381
0.0166132
0.0289737
0.0395501
0.0510958
0.0622011
0.0737123
0.0852191
0.0969907
0.108919
0.121103
0.133527
0.14624
0.159261
0.172624
0.186358
0.200495
0.21506
0.230075
0.245552
0.261486
0.277845
0.294567
0.31154
0.328593
0.345486
0.361895
0.377424
0.391615
0.403996
0.414144
0.421774
0.426818
0.429494
0.430336
0.430172
0.430041
0.430998
0.433808
0.438671
0.445241
0.453254
0.463681
0.479586
0.505592
0.545607
0.598112
0.653754
0.704232
0.742468
0.760392
0.754425
0.720218
0.653741
0.547872
0.389093
0.158584
-0.168992
-0.616427
-1.1972
-1.98109
-2.73509
-4.2343
-4.54048
-6.04138
-6.94605
-8.24185
-8.64397
-8.0992
-7.34901
-6.00242
-4.56596
-3.12216
-1.69717
-0.511367
0.469947
1.4336
1.66279
2.86753
0.00748169
0.0176617
0.0307508
0.042083
0.0543835
0.0662563
0.0785381
0.0908264
0.103387
0.116118
0.129115
0.142368
0.155928
0.169813
0.184062
0.198705
0.213777
0.229306
0.245316
0.261821
0.278817
0.296274
0.314125
0.332256
0.350486
0.368559
0.386131
0.402772
0.417988
0.431263
0.442129
0.450267
0.455594
0.458338
0.459072
0.4587
0.458367
0.459243
0.462174
0.46735
0.474295
0.482566
0.493126
0.509391
0.53669
0.579787
0.637131
0.697971
0.753416
0.79561
0.815879
0.810582
0.77519
0.705783
0.594973
0.428488
0.186018
-0.159294
-0.631209
-1.24921
-2.07351
-2.90513
-4.41143
-4.74642
-6.51066
-7.58732
-9.0881
-9.5064
-8.82225
-7.9518
-6.4426
-4.86786
-3.31051
-1.76806
-0.508053
0.550107
1.54192
1.77195
3.06833
0.00777751
0.0187094
0.0325115
0.0446012
0.0576493
0.0702879
0.0833356
0.0964023
0.109748
0.123276
0.137083
0.15116
0.16556
0.180304
0.195432
0.210979
0.226979
0.243465
0.260464
0.277991
0.296044
0.314593
0.333571
0.352859
0.372268
0.391527
0.410269
0.428035
0.444289
0.458468
0.470059
0.478704
0.484301
0.487089
0.48768
0.487057
0.486478
0.487241
0.490285
0.495782
0.5031
0.511577
0.522136
0.538569
0.567013
0.613257
0.675726
0.742051
0.802779
0.84917
0.871957
0.867432
0.8309
0.758627
0.643071
0.469374
0.215893
-0.14543
-0.639467
-1.29162
-2.15392
-3.06639
-4.55356
-5.02156
-6.93555
-8.26741
-10.0066
-10.4456
-9.59922
-8.59149
-6.89834
-5.17434
-3.49616
-1.83336
-0.49521
0.637176
1.6594
1.92398
3.256
0.00806237
0.0197572
0.0342574
0.0471061
0.0608944
0.0742971
0.0881056
0.101947
0.116074
0.130395
0.145006
0.159902
0.175136
0.190733
0.206735
0.223177
0.2401
0.257536
0.275517
0.294059
0.313163
0.3328
0.352903
0.373347
0.393937
0.414388
0.434311
0.453213
0.470518
0.485614
0.497937
0.507088
0.512944
0.515749
0.516159
0.515238
0.514366
0.514982
0.518127
0.52396
0.531658
0.540286
0.550694
0.567077
0.596487
0.645947
0.713861
0.785982
0.852338
0.903169
0.928627
0.924895
0.887115
0.811832
0.691513
0.510939
0.247341
-0.128235
-0.642055
-1.32542
-2.22469
-3.21904
-4.69221
-5.43115
-7.35022
-9.01157
-11.0051
-11.4697
-10.4363
-9.27338
-7.37219
-5.48601
-3.6789
-1.89253
-0.472186
0.732064
1.78507
2.06404
3.38199
0.00833719
0.0208057
0.0359897
0.0495987
0.0641198
0.0782844
0.0928487
0.107462
0.122364
0.137474
0.152883
0.168593
0.184655
0.201099
0.217968
0.2353
0.253137
0.271517
0.290472
0.310023
0.330172
0.350892
0.372116
0.393716
0.41549
0.437139
0.458253
0.478306
0.496678
0.512704
0.525768
0.535424
0.541526
0.544322
0.54451
0.543238
0.54202
0.54245
0.54569
0.551877
0.559969
0.568696
0.578786
0.594867
0.62503
0.67778
0.7515
0.829754
0.902113
0.957616
0.985834
0.982758
0.943369
0.864626
0.739228
0.55191
0.279033
-0.109035
-0.6404
-1.35236
-2.28856
-3.36505
-4.86012
-5.99523
-7.72718
-9.81938
-12.093
-12.587
-11.3393
-10.0029
-7.8669
-5.8037
-3.85852
-1.94495
-0.438413
0.835138
1.92049
2.19421
3.5896
0.00860278
0.0218557
0.0377098
0.05208
0.0673266
0.0822508
0.0975655
0.112946
0.128618
0.144512
0.160715
0.177232
0.194117
0.211401
0.229129
0.247344
0.266089
0.285405
0.305327
0.32588
0.347068
0.368866
0.391208
0.413964
0.436925
0.459779
0.482094
0.503313
0.522768
0.539741
0.553556
0.563718
0.570052
0.57281
0.572731
0.571052
0.569429
0.569634
0.57296
0.579528
0.588038
0.59681
0.606401
0.62189
0.652553
0.708673
0.7886
0.873355
0.952112
1.01248
1.04341
1.04058
0.99885
0.915792
0.784672
0.590593
0.309289
-0.0894908
-0.636295
-1.37472
-2.34855
-3.50824
-5.06755
-6.56803
-8.04281
-10.6984
-13.2775
-13.8058
-12.3141
-10.7857
-8.38525
-6.12857
-4.03484
-1.98992
-0.393293
0.947605
2.06709
2.38487
3.79448
0.0088598
0.0229078
0.0394186
0.054551
0.0705157
0.0861969
0.102257
0.118401
0.134838
0.15151
0.1685
0.185819
0.20352
0.221638
0.240219
0.259309
0.278953
0.299197
0.320079
0.341626
0.363847
0.386718
0.410174
0.434086
0.458236
0.482303
0.505833
0.528233
0.548791
0.566728
0.581306
0.591975
0.598527
0.601216
0.600822
0.598674
0.596583
0.596515
0.599922
0.606908
0.61587
0.624638
0.63353
0.648092
0.678954
0.738534
0.825118
0.916769
1.00232
1.06762
1.10095
1.09755
1.05228
0.963623
0.825894
0.625055
0.336318
-0.0713369
-0.631606
-1.39487
-2.40783
-3.65271
-5.30751
-7.05078
-8.37528
-11.6823
-14.5639
-15.1358
-13.3659
-11.6271
-8.92992
-6.46192
-4.20782
-2.0267
-0.336238
1.06999
2.22338
2.5414
3.92251
0.00910881
0.0239625
0.0411173
0.0570125
0.0736879
0.0901233
0.106922
0.123825
0.141022
0.158467
0.176239
0.194354
0.212864
0.231808
0.251235
0.271192
0.291729
0.312893
0.334726
0.35726
0.380506
0.404445
0.429012
0.454078
0.479422
0.50471
0.529466
0.553066
0.574747
0.593667
0.609021
0.620199
0.626957
0.629545
0.628784
0.626099
0.623469
0.623079
0.626562
0.63401
0.643475
0.652195
0.660166
0.67342
0.704124
0.767262
0.861008
0.959962
1.05264
1.12272
1.15772
1.15238
1.10186
1.006
0.860781
0.653432
0.358511
-0.0560885
-0.62796
-1.4149
-2.46924
-3.80315
-5.57955
-7.51816
-8.83202
-12.7455
-15.9749
-16.5877
-14.4998
-12.5321
-9.50342
-6.80494
-4.37754
-2.05459
-0.266631
1.203
2.39197
2.73483
4.1531
0.00935026
0.0250204
0.0428067
0.0594653
0.0768439
0.0940304
0.111563
0.12922
0.14717
0.165383
0.18393
0.202835
0.222147
0.241911
0.262175
0.282991
0.304412
0.326488
0.349265
0.372777
0.397042
0.422042
0.447717
0.473937
0.500477
0.526994
0.552992
0.577811
0.600637
0.620562
0.636707
0.648397
0.655346
0.6578
0.656616
0.653321
0.650074
0.649304
0.65286
0.660829
0.670865
0.679498
0.686309
0.697814
0.72794
0.794747
0.896209
1.00285
1.10284
1.1771
1.21246
1.20322
1.14532
1.04067
0.887435
0.674264
0.374716
-0.0447862
-0.626481
-1.43635
-2.53497
-3.9638
-5.88627
-8.01003
-9.4922
-13.9093
-17.5443
-18.1724
-15.72
-13.5048
-10.108
-7.15865
-4.54425
-2.07286
-0.183831
1.34756
2.5724
2.91889
4.27231
0.00958451
0.0260819
0.0444876
0.06191
0.0799845
0.0979187
0.116178
0.134585
0.153283
0.172258
0.191574
0.211261
0.231369
0.251944
0.273038
0.294706
0.317002
0.339981
0.363692
0.388175
0.41345
0.439506
0.466285
0.493657
0.521398
0.549153
0.576407
0.602465
0.62646
0.647414
0.664368
0.676574
0.683701
0.685985
0.684319
0.680333
0.676382
0.675171
0.678798
0.687359
0.698053
0.706574
0.711963
0.721215
0.750264
0.820866
0.930631
1.04525
1.15234
1.22959
1.26327
1.24763
1.18026
1.06572
0.904546
0.686746
0.384428
-0.0378245
-0.627632
-1.45999
-2.60617
-4.13756
-6.22845
-8.55166
-10.4076
-15.1924
-19.3089
-19.9006
-17.0293
-14.5484
-10.7455
-7.52379
-4.70829
-2.08082
-0.087195
1.50437
2.76592
3.09795
4.48544
0.00981183
0.0271473
0.0461607
0.0643471
0.0831101
0.101789
0.120769
0.139921
0.159361
0.179091
0.199169
0.219631
0.240527
0.261907
0.283823
0.306333
0.329495
0.353368
0.378005
0.40345
0.429728
0.456833
0.48471
0.513235
0.542179
0.571181
0.599707
0.627027
0.652218
0.674226
0.692008
0.704736
0.712028
0.714105
0.711895
0.70713
0.702378
0.700655
0.704352
0.713592
0.725058
0.733455
0.737141
0.743558
0.770943
0.845473
0.96411
1.08671
1.20015
1.27835
1.30761
1.28298
1.20467
1.07997
0.911621
0.690844
0.387868
-0.034903
-0.631181
-1.48577
-2.68289
-4.32549
-6.60429
-9.16025
-11.6236
-16.6025
-21.3111
-21.7858
-18.4287
-15.665
-11.4172
-7.90087
-4.86998
-2.0778
0.0239604
1.67465
2.974
3.33733
4.71322
0.0100324
0.0282172
0.0478266
0.0667772
0.0862212
0.10564
0.125336
0.145226
0.165402
0.185881
0.206715
0.227946
0.249622
0.271797
0.294527
0.317871
0.34189
0.366648
0.392201
0.418599
0.445871
0.474018
0.502989
0.532664
0.562815
0.593074
0.622889
0.651494
0.677909
0.701001
0.719633
0.73289
0.740333
0.742165
0.739343
0.733705
0.728045
0.725731
0.729498
0.739522
0.751903
0.760183
0.761863
0.764778
0.789802
0.868374
0.996314
1.12642
1.24459
1.32078
1.34248
1.30695
1.21745
1.08325
0.909028
0.687282
0.385926
-0.0351063
-0.636292
-1.51295
-2.76417
-4.52676
-7.00952
-9.84693
-13.1413
-18.1107
-23.5863
-23.8474
-19.9191
-16.8559
-12.1235
-8.29017
-5.02952
-2.0631
0.150309
1.85925
3.19488
3.55357
4.84099
0.0102463
0.0292919
0.0494859
0.0692008
0.0893184
0.109474
0.129878
0.150502
0.171406
0.192629
0.21421
0.236202
0.258651
0.281614
0.305148
0.329317
0.354184
0.379817
0.406276
0.433617
0.461875
0.491056
0.521117
0.55194
0.583301
0.614826
0.645947
0.675862
0.703533
0.72774
0.747246
0.761042
0.768623
0.770171
0.766665
0.76005
0.753365
0.750368
0.754207
0.765141
0.778615
0.786808
0.786161
0.784806
0.80663
0.889273
1.02661
1.16299
1.28323
1.35359
1.3651
1.31833
1.21867
1.07632
0.897875
0.67739
0.379995
-0.0370919
-0.641699
-1.54018
-2.8482
-4.73887
-7.43882
-10.6159
-14.8786
-19.668
-26.1707
-26.1095
-21.5017
-18.1209
-12.8637
-8.69171
-5.18685
-2.03603
0.292547
2.0588
3.43036
3.7611
5.07082
0.0104536
0.0303717
0.051139
0.0716181
0.0924018
0.11329
0.134396
0.155747
0.177373
0.199332
0.221654
0.2444
0.267613
0.291355
0.315685
0.340669
0.366374
0.392871
0.420227
0.448501
0.477735
0.507942
0.539086
0.571056
0.60363
0.636431
0.668876
0.700129
0.729088
0.754445
0.774853
0.789199
0.796906
0.798129
0.793864
0.78616
0.778316
0.774535
0.778446
0.790438
0.805223
0.813396
0.810082
0.803563
0.821156
0.907673
1.05396
1.19439
1.31271
1.37335
1.37385
1.31733
1.20948
1.06064
0.879784
0.662872
0.37172
-0.0393252
-0.645901
-1.56572
-2.9325
-4.95805
-7.88612
-11.4625
-16.6955
-21.3034
-29.1488
-28.5976
-23.1779
-19.4587
-13.6356
-9.10507
-5.34132
-1.99571
0.451449
2.27454
3.68279
4.03977
5.33573
0.0106543
0.0314571
0.0527862
0.0740294
0.0954717
0.117088
0.138889
0.160962
0.183303
0.205991
0.229047
0.252537
0.276506
0.301019
0.326135
0.351924
0.378458
0.405809
0.434051
0.463247
0.493448
0.524672
0.556893
0.590006
0.623796
0.657883
0.691671
0.72429
0.754574
0.781119
0.802458
0.817367
0.82519
0.826046
0.820943
0.812027
0.802876
0.798194
0.802177
0.815402
0.831766
0.840024
0.833686
0.820954
0.832991
0.922783
1.07689
1.21767
1.32906
1.37769
1.36886
1.30544
1.19174
1.0381
0.856613
0.645531
0.36275
-0.0402773
-0.647302
-1.58753
-3.01408
-5.17938
-8.34376
-12.3739
-18.5062
-23.1334
-32.6364
-31.3397
-24.949
-20.8663
-14.4355
-9.5291
-5.4914
-1.94113
0.627813
2.50732
3.94884
4.28228
5.46586
0.0108482
0.0325483
0.0544279
0.0764351
0.0985283
0.120868
0.143358
0.166146
0.189195
0.212604
0.236385
0.260613
0.28533
0.310604
0.336497
0.363081
0.390432
0.418627
0.447743
0.477851
0.509007
0.54124
0.57453
0.608784
0.643791
0.679174
0.714325
0.74834
0.779988
0.807761
0.830066
0.845554
0.853483
0.853931
0.847905
0.837644
0.827023
0.821303
0.825357
0.840019
0.858284
0.866785
0.857048
0.836834
0.841545
0.933588
1.09341
1.22874
1.32882
1.36631
1.3519
1.2849
1.16767
1.01069
0.830169
0.627022
0.35456
-0.0385202
-0.644241
-1.6033
-3.08944
-5.39683
-8.80167
-13.3323
-20.3021
-25.2869
-36.6514
-34.3651
-26.8154
-22.3396
-15.2586
-9.96158
-5.635
-1.87108
0.822529
2.75762
4.23216
4.56356
5.7601
0.0110352
0.0336456
0.0560643
0.0788352
0.101572
0.12463
0.147801
0.171298
0.195047
0.219171
0.24367
0.268627
0.294082
0.320108
0.346767
0.374137
0.402294
0.431321
0.4613
0.492308
0.524409
0.55764
0.591992
0.627382
0.663608
0.700297
0.736831
0.772273
0.805326
0.834373
0.857682
0.873767
0.881794
0.881792
0.874755
0.863006
0.850729
0.843818
0.847935
0.864273
0.884826
0.893786
0.88024
0.850918
0.846053
0.93909
1.10039
1.22306
1.31079
1.34113
1.32568
1.25828
1.13946
0.980232
0.80199
0.608707
0.348396
-0.0327036
-0.634955
-1.61045
-3.15463
-5.60325
-9.24767
-14.3178
-22.0632
-27.8155
-41.1489
-37.7035
-28.7765
-23.8743
-16.0985
-10.3992
-5.77017
-1.78413
1.03666
3.02641
4.53195
4.83328
5.94239
0.0112151
0.0347495
0.0576956
0.0812298
0.104602
0.128373
0.152219
0.176418
0.20086
0.22569
0.250898
0.276576
0.30276
0.329529
0.356945
0.385089
0.414041
0.443888
0.474718
0.506614
0.539647
0.573866
0.609272
0.645793
0.683239
0.721243
0.75918
0.796083
0.830586
0.860957
0.88531
0.902014
0.910133
0.909638
0.901499
0.888106
0.873969
0.865685
0.869856
0.888144
0.911443
0.921143
0.903269
0.862673
0.846079
0.938001
1.09313
1.19767
1.27668
1.30536
1.29315
1.228
1.10904
0.948173
0.773241
0.591645
0.34535
-0.0214586
-0.617511
-1.60612
-3.20534
-5.79065
-9.66918
-15.3136
-23.7573
-30.7106
-46.0652
-41.3798
-30.8303
-25.4664
-16.9482
-10.8375
-5.89503
-1.67842
1.27147
3.31428
4.84921
5.10268
6.22315
0.0113876
0.0358603
0.0593219
0.0836191
0.107618
0.132099
0.156611
0.181505
0.206633
0.232161
0.25807
0.284459
0.311363
0.338864
0.367026
0.395934
0.425669
0.456325
0.487993
0.520764
0.554718
0.589912
0.626362
0.664008
0.702674
0.742002
0.781363
0.819763
0.855764
0.887511
0.912955
0.930303
0.938508
0.937481
0.928144
0.912939
0.896711
0.886846
0.891053
0.911608
0.938185
0.948939
0.925882
0.871479
0.842172
0.927275
1.06673
1.1532
1.23025
1.26244
1.25703
1.19616
1.07797
0.915547
0.744732
0.576681
0.34648
-0.0033081
-0.589823
-1.58741
-3.2372
-5.95082
-10.0545
-16.3025
-25.3517
-33.9669
-51.317
-45.4069
-32.972
-27.1122
-17.8
-11.2708
-6.00735
-1.55176
1.52852
3.62211
5.18573
5.43281
6.52
0.0115523
0.0369782
0.0609432
0.0860029
0.110622
0.135805
0.160977
0.186558
0.212363
0.238582
0.265183
0.292274
0.319889
0.348112
0.37701
0.406669
0.437176
0.468627
0.50112
0.534753
0.569614
0.605772
0.643255
0.68202
0.721905
0.762565
0.803372
0.843305
0.880855
0.914036
0.94062
0.958641
0.966931
0.96533
0.954699
0.937502
0.918926
0.907238
0.91145
0.934631
0.965083
0.977099
0.94727
0.877475
0.83469
0.901285
1.01921
1.09359
1.17567
1.21542
1.21959
1.16442
1.04736
0.883015
0.717032
0.56459
0.352921
0.023344
-0.549793
-1.55165
-3.24641
-6.07662
-10.3952
-17.2672
-26.8185
-37.5926
-56.8119
-49.7844
-35.193
-28.8076
-18.6462
-11.6925
-6.10446
-1.40158
1.80973
3.95069
5.5386
5.73914
6.73268
0.011709
0.0381036
0.0625595
0.0883812
0.113611
0.139492
0.165315
0.191577
0.218051
0.244951
0.272236
0.30002
0.328335
0.35727
0.386892
0.417292
0.448558
0.480791
0.514095
0.548576
0.58433
0.621439
0.659944
0.699818
0.740921
0.78292
0.825194
0.866698
0.905852
0.94053
0.968311
0.987035
0.995411
0.9932
0.981175
0.961792
0.94058
0.926788
0.930958
0.957161
0.992089
1.00501
0.966295
0.882463
0.821453
0.85533
0.953723
1.024
1.11649
1.16675
1.18259
1.134
1.01799
0.85098
0.690599
0.556176
0.365908
0.0600978
-0.495654
-1.49715
-3.23082
-6.1638
-10.6882
-18.1936
-28.147
-41.6482
-62.4653
-54.5068
-37.4806
-30.5465
-19.4794
-12.0954
-6.18322
-1.22503
2.11742
4.30051
5.90943
6.04051
7.05323
0.011857
0.0392369
0.0641708
0.0907538
0.116587
0.143159
0.169626
0.19656
0.223695
0.251268
0.279227
0.307695
0.3367
0.366336
0.396671
0.427799
0.459811
0.492813
0.526915
0.562228
0.598861
0.636906
0.67642
0.717395
0.759711
0.803056
0.846818
0.889933
0.930748
0.966992
0.99603
1.01549
1.02396
1.0211
1.00758
0.985809
0.961641
0.945414
0.94947
0.979109
1.01886
1.03107
0.982646
0.888337
0.797167
0.783862
0.875815
0.948837
1.05522
1.11836
1.14732
1.10585
0.990433
0.8197
0.665867
0.552302
0.386709
0.108292
-0.426538
-1.42404
-3.19119
-6.21298
-10.9373
-19.07
-29.3625
-46.2844
-68.2012
-59.5708
-39.8182
-32.3201
-20.2933
-12.4716
-6.23992
-1.01896
2.45446
4.67255
6.30034
6.40534
7.39403
0.0119961
0.0403782
0.0657769
0.0931205
0.119548
0.146805
0.173908
0.201506
0.229294
0.257531
0.286155
0.315296
0.344981
0.375308
0.406344
0.438187
0.470932
0.504689
0.539573
0.575704
0.6132
0.652165
0.692674
0.73474
0.778264
0.82296
0.86823
0.912998
0.955537
0.993419
1.02378
1.04402
1.05259
1.04905
1.03394
1.00956
0.982072
0.963022
0.966845
1.00027
1.0443
1.05303
0.996233
0.88825
0.742944
0.694094
0.786271
0.871369
0.993467
1.07143
1.11479
1.08072
0.965175
0.789358
0.643276
0.553848
0.416439
0.168552
-0.343281
-1.33538
-3.13266
-6.23103
-11.1521
-19.8855
-30.5237
-51.7124
-73.901
-64.9651
-42.1873
-34.1158
-21.0819
-12.8132
-6.27025
-0.779902
2.82414
5.06798
6.70668
6.73831
7.64079
0.0121254
0.041528
0.0673777
0.0954811
0.122494
0.150431
0.17816
0.206415
0.234846
0.263739
0.293018
0.322822
0.353176
0.384181
0.415907
0.448452
0.481917
0.516414
0.552065
0.588998
0.62734
0.66721
0.708699
0.751842
0.796568
0.842619
0.889417
0.935878
0.980207
1.01981
1.05157
1.07263
1.08131
1.07707
1.06027
1.03304
1.00183
0.979497
0.982899
1.02006
1.06613
1.06941
1.00577
0.872089
0.657739
0.600083
0.686501
0.793409
0.932466
1.02697
1.08578
1.05936
0.942663
0.760066
0.623236
0.561603
0.455758
0.240118
-0.249361
-1.23828
-3.06571
-6.23061
-11.3443
-20.6286
-31.7078
-58.1102
-79.3392
-70.6386
-44.5654
-35.9157
-21.8395
-13.1127
-6.26932
-0.504195
3.23007
5.48743
7.13148
7.10174
8.02095
0.0122446
0.0426865
0.0689728
0.0978351
0.125425
0.154034
0.182382
0.211285
0.240351
0.269889
0.299813
0.33027
0.361283
0.392955
0.425357
0.458592
0.492762
0.527985
0.564387
0.602104
0.641275
0.682032
0.724484
0.76869
0.814609
0.862017
0.910363
0.958561
1.00475
1.04616
1.07939
1.10133
1.11012
1.10517
1.08658
1.05627
1.02089
0.994703
0.997312
1.03698
1.08177
1.08258
1.01496
0.822448
0.562371
0.505488
0.582384
0.717135
0.872996
0.985961
1.06117
1.04256
0.923341
0.731837
0.606071
0.576084
0.504369
0.320007
-0.151781
-1.14476
-3.00574
-6.22772
-11.5247
-21.2875
-33.0044
-65.4505
-84.0695
-76.4619
-46.93
-37.6962
-22.56
-13.3634
-6.23168
-0.18802
3.67624
5.93237
7.5732
7.45106
8.33353
0.0123529
0.0438541
0.0705619
0.100182
0.128339
0.157614
0.186572
0.216114
0.245805
0.275979
0.306539
0.337638
0.369298
0.401625
0.434692
0.468603
0.503463
0.539396
0.576533
0.615017
0.654999
0.696623
0.74002
0.785273
0.832375
0.881139
0.931049
0.981028
1.02915
1.07245
1.10725
1.13011
1.13905
1.13337
1.11292
1.07925
1.03917
1.00846
1.00936
1.04864
1.09076
1.09513
1.00769
0.751895
0.463541
0.408174
0.475138
0.643101
0.816064
0.949423
1.04188
1.03121
0.907633
0.704535
0.591928
0.597236
0.560296
0.402225
-0.0617897
-1.07162
-2.97049
-6.23812
-11.701
-21.8551
-34.4646
-73.0938
-87.3198
-82.1368
-49.2584
-39.4285
-23.2365
-13.56
-6.1515
0.172478
4.16679
6.404
8.0321
7.794
8.74424
0.0124496
0.0450311
0.0721448
0.102522
0.131237
0.16117
0.190729
0.220902
0.251208
0.282008
0.313193
0.344924
0.377219
0.41019
0.443907
0.478481
0.514017
0.550643
0.588497
0.627731
0.668503
0.710976
0.755297
0.80158
0.84985
0.899967
0.951458
1.00326
1.05339
1.0987
1.13515
1.15899
1.16811
1.16169
1.13929
1.102
1.05662
1.02046
1.0175
1.05339
1.09731
1.10613
0.967699
0.680337
0.357879
0.312148
0.368211
0.572462
0.762478
0.918349
1.02892
1.02627
0.895927
0.677824
0.580643
0.623905
0.619077
0.477281
0.00473039
-1.03838
-2.97595
-6.27429
-11.8779
-22.3322
-36.0218
-79.4271
-89.1405
-87.3897
-51.5091
-41.0798
-23.8618
-13.6976
-6.02277
0.58108
4.706
6.90361
8.5091
8.18547
9.15567
0.0125338
0.0462177
0.073721
0.104854
0.134117
0.164701
0.194852
0.225646
0.256559
0.287974
0.319773
0.352124
0.385044
0.418645
0.453
0.488222
0.524418
0.561722
0.600275
0.640238
0.681781
0.725081
0.770306
0.817597
0.86702
0.918484
0.971569
1.02524
1.07746
1.12488
1.16308
1.18798
1.19729
1.19015
1.16574
1.1245
1.07312
1.03004
1.01988
1.05337
1.10934
1.09532
0.917942
0.605616
0.24578
0.218289
0.263035
0.506065
0.71317
0.893833
1.02347
1.02887
0.888546
0.651105
0.571463
0.653067
0.673335
0.531801
0.0281558
-1.06259
-3.03267
-6.34405
-12.0576
-22.7244
-37.5231
-83.1655
-90.4973
-91.7987
-53.6212
-42.6144
-24.4286
-13.7707
-5.84018
1.04134
5.29815
7.43257
9.00051
8.54684
9.55318
0.0126049
0.0474142
0.07529
0.107177
0.136978
0.168205
0.198939
0.230345
0.261854
0.293875
0.326277
0.359237
0.392769
0.426987
0.461967
0.497822
0.534663
0.572626
0.611861
0.652534
0.694826
0.738929
0.785034
0.833311
0.883868
0.936669
0.991359
1.04695
1.10135
1.15098
1.19105
1.21706
1.22661
1.21877
1.19227
1.14674
1.08845
1.03603
1.01607
1.05326
1.12272
1.05924
0.872682
0.524261
0.130155
0.126422
0.161617
0.444603
0.669177
0.877121
1.02683
1.04022
0.885736
0.623435
0.562517
0.679183
0.712864
0.548151
-0.0111305
-1.15479
-3.14436
-6.45075
-12.2402
-23.0377
-38.8801
-85.1601
-91.8508
-95.4365
-55.5527
-43.9895
-24.928
-13.7745
-5.59975
1.55671
5.94734
7.99157
9.50669
8.89228
10.0439
0.0126619
0.0486209
0.0768512
0.10949
0.139819
0.171682
0.202989
0.234996
0.267091
0.299707
0.332702
0.366259
0.400391
0.435214
0.470804
0.507277
0.544746
0.583352
0.623249
0.66461
0.707629
0.752513
0.799472
0.84871
0.900378
0.954503
1.0108
1.06835
1.12501
1.17701
1.21906
1.24625
1.25607
1.24756
1.21887
1.1686
1.10213
1.03757
1.00994
1.06191
1.11562
1.02279
0.8264
0.438843
0.0125669
0.0357216
0.0656227
0.388995
0.631742
0.869543
1.04047
1.06171
0.887675
0.593299
0.550007
0.694475
0.724286
0.505677
-0.126366
-1.31589
-3.30874
-6.59393
-12.4236
-23.2748
-40.0499
-86.2551
-93.6615
-98.2552
-57.311
-45.1691
-25.3526
-13.7032
-5.29726
2.13033
6.65735
8.58109
10.0274
9.29853
10.4967
0.0127038
0.0498381
0.0784042
0.111794
0.14264
0.175129
0.207
0.239599
0.27227
0.305469
0.339046
0.373188
0.407907
0.443321
0.479507
0.516583
0.554664
0.593894
0.634432
0.676462
0.720184
0.765822
0.813609
0.863779
0.916532
0.971963
1.02988
1.08942
1.14845
1.20293
1.24709
1.27554
1.28567
1.27648
1.24546
1.18987
1.11349
1.03551
1.00728
1.07891
1.08765
0.99327
0.776571
0.35253
-0.105671
-0.0549301
-0.0234448
0.33993
0.602203
0.872545
1.06605
1.09496
0.894448
0.558021
0.527917
0.689995
0.689633
0.386142
-0.319076
-1.53831
-3.51932
-6.76988
-12.6032
-23.4336
-40.9951
-86.6486
-95.8437
-100.356
-58.8519
-46.0976
-25.6958
-13.5488
-4.92888
2.76484
7.43139
9.20166
10.5554
9.66296
10.9859
0.0127296
0.051066
0.0799481
0.114087
0.145439
0.178546
0.21097
0.24415
0.277386
0.311159
0.345305
0.38002
0.415313
0.451305
0.488073
0.525735
0.564411
0.604247
0.645407
0.68808
0.732481
0.778846
0.827432
0.878503
0.932312
0.989026
1.04855
1.11013
1.17161
1.22873
1.27515
1.30493
1.31538
1.30546
1.27184
1.21008
1.12236
1.03366
1.01377
1.08746
1.06214
0.964488
0.725657
0.267108
-0.22228
-0.147161
-0.103558
0.298309
0.58199
0.887644
1.10545
1.14187
0.905816
0.512765
0.489735
0.654705
0.587134
0.182153
-0.578769
-1.80928
-3.7666
-6.97142
-12.7707
-23.507
-41.6787
-86.3721
-97.8738
-101.713
-60.073
-46.755
-25.9474
-13.3061
-4.49194
3.46255
8.27189
9.85182
11.0895
10.0676
11.4815
0.0127384
0.0523048
0.0814823
0.116367
0.148214
0.181931
0.214897
0.248648
0.282438
0.316772
0.351476
0.386752
0.422606
0.459162
0.496496
0.534729
0.573982
0.614404
0.656164
0.69946
0.744514
0.791578
0.84093
0.892869
0.947698
1.00567
1.0668
1.13044
1.19449
1.2544
1.30322
1.33439
1.34512
1.33431
1.29763
1.22873
1.12996
1.03744
1.03347
1.08026
1.04571
0.934422
0.675807
0.184147
-0.33424
-0.244122
-0.173194
0.264818
0.572625
0.916469
1.16083
1.20477
0.920348
0.450416
0.431674
0.570841
0.398982
-0.0978319
-0.887437
-2.11362
-4.03835
-7.18681
-12.9123
-23.4809
-42.0642
-85.4756
-99.4214
-102.187
-60.9542
-47.1352
-26.0974
-12.9759
-3.9846
4.2257
9.18065
10.5304
11.6223
10.4684
11.9674
0.0127288
0.0535548
0.083006
0.118634
0.150964
0.185281
0.21878
0.253091
0.287424
0.322307
0.357557
0.393381
0.429782
0.466888
0.504773
0.54356
0.583372
0.624361
0.6667
0.710593
0.756272
0.804006
0.854091
0.906861
0.962672
1.02186
1.08458
1.15032
1.21704
1.27992
1.3313
1.36387
1.37472
1.36266
1.32221
1.24563
1.13868
1.04918
1.05993
1.07206
1.03314
0.904848
0.62779
0.1056
-0.437429
-0.349488
-0.230048
0.240128
0.575683
0.960783
1.23477
1.28623
0.933494
0.365662
0.351269
0.412218
0.123214
-0.432671
-1.22488
-2.4349
-4.31892
-7.3983
-13.0074
-23.3339
-42.1195
-84.0193
-100.36
-101.766
-61.4904
-47.2274
-26.1398
-12.5602
-3.40555
5.05665
10.1585
11.2343
12.1485
10.8723
12.5328
0.0126998
0.0548161
0.0845183
0.120887
0.153688
0.188595
0.222615
0.257474
0.292339
0.32776
0.363544
0.399902
0.436838
0.474478
0.512899
0.552223
0.592576
0.634111
0.677006
0.721471
0.767749
0.81612
0.866904
0.920464
0.977212
1.03758
1.10186
1.16973
1.23922
1.30526
1.35933
1.39324
1.40389
1.38993
1.34489
1.26133
1.15125
1.06935
1.08189
1.07195
1.02178
0.877292
0.582111
0.0336744
-0.525646
-0.463119
-0.27264
0.225036
0.592799
1.02249
1.33029
1.38805
0.93577
0.263285
0.236118
0.155126
-0.221321
-0.796984
-1.57159
-2.75529
-4.5883
-7.58088
-13.0268
-23.0372
-41.8179
-82.0545
-100.59
-100.474
-61.6763
-47.0214
-26.072
-12.0607
-2.75425
5.95795
11.2053
11.9596
12.6565
11.3988
12.9416
0.0126501
0.056089
0.0860184
0.123125
0.156384
0.19187
0.226401
0.261797
0.297182
0.333128
0.369433
0.406313
0.443769
0.481929
0.520869
0.560714
0.601588
0.643649
0.687077
0.732089
0.778935
0.827911
0.879355
0.933662
0.991298
1.05279
1.1186
1.18862
1.26099
1.33037
1.38723
1.42228
1.43208
1.41528
1.36516
1.27681
1.16908
1.09756
1.09826
1.0773
1.01208
0.852282
0.539373
-0.0295679
-0.591014
-0.578529
-0.298896
0.220272
0.625617
1.10369
1.45091
1.50812
0.916473
0.158836
0.0544283
-0.202998
-0.602633
-1.16794
-1.90901
-3.05507
-4.82155
-7.70236
-12.9341
-22.5566
-41.1396
-79.6335
-100.022
-98.3517
-61.5065
-46.5219
-25.8944
-11.4809
-2.03083
6.93191
12.3193
12.6996
13.1322
11.9027
13.5244
0.0125784
0.0573735
0.0875052
0.125345
0.15905
0.195105
0.230135
0.266057
0.30195
0.338409
0.375221
0.412609
0.450571
0.489236
0.528679
0.569026
0.610402
0.652967
0.696905
0.742437
0.789822
0.839368
0.891432
0.94644
1.00491
1.06747
1.13476
1.20694
1.2823
1.35519
1.41485
1.45056
1.45853
1.43786
1.38284
1.29267
1.19112
1.13036
1.11549
1.08481
1.0047
0.830075
0.500067
-0.0827837
-0.626678
-0.687813
-0.30697
0.226901
0.675756
1.2067
1.5999
1.63519
0.878295
0.0621682
-0.229652
-0.635505
-0.98895
-1.52674
-2.21908
-3.31241
-4.98968
-7.72553
-12.6885
-21.8565
-40.0745
-76.8174
-98.6441
-95.5058
-60.9863
-45.7508
-25.6054
-10.8272
-1.23585
7.98016
13.4966
13.4472
13.5734
12.4352
13.2796
0.0124833
0.0586699
0.0889777
0.127547
0.161684
0.198298
0.233814
0.270249
0.306638
0.343597
0.380905
0.418787
0.45724
0.496394
0.536324
0.577154
0.619013
0.66206
0.706483
0.752507
0.800401
0.850481
0.903123
0.958781
1.01802
1.08158
1.1503
1.22463
1.30308
1.37959
1.44187
1.47744
1.48235
1.45693
1.39789
1.30889
1.21539
1.16242
1.1354
1.09352
0.999684
0.810946
0.46449
-0.125537
-0.628343
-0.781529
-0.29656
0.246089
0.744747
1.33406
1.77733
1.74647
0.847297
-0.0496025
-0.649247
-1.09635
-1.35914
-1.85669
-2.48388
-3.50416
-5.06239
-7.61296
-12.2511
-20.9069
-38.6251
-73.6696
-96.5068
-92.0788
-60.1335
-44.7384
-25.2007
-10.1085
-0.37019
9.10231
14.7306
14.1907
13.9158
13.5587
14.6991
0.0123633
0.0599783
0.0904348
0.129729
0.164285
0.201445
0.237437
0.274372
0.311244
0.34869
0.386479
0.424841
0.463771
0.503398
0.543797
0.585094
0.627415
0.670922
0.715804
0.762293
0.810662
0.861239
0.914415
0.970669
1.03062
1.0951
1.16518
1.24164
1.32321
1.40334
1.46776
1.50207
1.50259
1.47193
1.41033
1.32515
1.24031
1.19157
1.1564
1.10324
0.99679
0.795087
0.43277
-0.158419
-0.596867
-0.847912
-0.267984
0.279206
0.833999
1.48829
1.97335
1.81584
0.840183
-0.296752
-1.16079
-1.56309
-1.69629
-2.14396
-2.68565
-3.60807
-5.01272
-7.33411
-11.5943
-19.6923
-36.8096
-70.2524
-93.6993
-88.2153
-58.9735
-43.516
-24.6767
-9.33364
0.565147
10.2957
16.0133
14.9145
14.1866
13.3318
13.0228
0.012217
0.0612987
0.0918753
0.131889
0.166849
0.204544
0.240998
0.278421
0.315764
0.353683
0.391941
0.430768
0.470159
0.510243
0.551094
0.592838
0.6356
0.679544
0.724861
0.771785
0.820596
0.871632
0.925296
0.982089
1.04267
1.10799
1.17934
1.25786
1.34253
1.42605
1.49182
1.52353
1.51848
1.48257
1.42037
1.34118
1.26503
1.2185
1.17714
1.11377
0.995816
0.782561
0.405049
-0.18254
-0.540616
-0.876615
-0.223266
0.327662
0.944786
1.67047
2.16187
1.84763
0.903141
-0.817864
-1.65115
-2.01502
-1.98861
-2.37395
-2.80876
-3.60624
-4.82289
-6.87362
-10.7115
-18.2216
-34.6638
-66.6267
-90.357
-84.0556
-57.5417
-42.1145
-24.0319
-8.50744
1.56856
11.5524
17.3331
15.5943
14.5649
12.704
14.0309
0.0120428
0.0626313
0.0932979
0.134026
0.169376
0.207593
0.244497
0.282394
0.320195
0.358574
0.397285
0.436563
0.4764
0.516924
0.558209
0.60038
0.643563
0.687921
0.733645
0.780974
0.830193
0.881648
0.935753
0.993026
1.05417
1.12022
1.19272
1.27319
1.36077
1.44713
1.51315
1.54104
1.52957
1.489
1.42834
1.35671
1.28904
1.2439
1.19719
1.12481
0.996595
0.773316
0.381676
-0.198675
-0.477878
-0.861415
-0.164889
0.392597
1.07813
1.87571
2.30453
1.8708
0.95127
-1.53631
-2.09937
-2.41178
-2.22599
-2.53427
-2.84128
-3.48948
-4.4898
-6.23834
-9.62601
-16.5348
-32.2412
-62.8451
-86.6405
-79.7203
-55.8831
-40.5625
-23.2642
-7.62714
2.63796
12.862
18.6765
16.1879
14.791
12.4023
14.0329
0.0118391
0.063976
0.0947014
0.136136
0.171861
0.210587
0.247929
0.286286
0.324532
0.363356
0.402507
0.44222
0.482487
0.523435
0.565136
0.607715
0.651297
0.696044
0.742149
0.789853
0.839445
0.891277
0.945774
1.00346
1.06508
1.13175
1.20525
1.28746
1.37751
1.46579
1.53077
1.55344
1.53506
1.49178
1.43515
1.37175
1.31207
1.26791
1.21652
1.13617
0.998986
0.767221
0.363427
-0.205349
-0.435357
-0.801033
-0.0963893
0.474594
1.2343
2.08779
2.38114
1.94907
0.742291
-2.21559
-2.55139
-2.73112
-2.40291
-2.61606
-2.77931
-3.26082
-4.02837
-5.46005
-8.39276
-14.7034
-29.6095
-58.9435
-82.6671
-75.2814
-54.0406
-38.8821
-22.3678
-6.68369
3.76805
14.2035
20.0189
16.8437
14.5015
13.5973
13.1056
0.011604
0.0653328
0.0960841
0.138219
0.174304
0.213525
0.25129
0.290094
0.32877
0.368026
0.407601
0.447735
0.488415
0.529769
0.571869
0.614836
0.658794
0.703906
0.750365
0.798412
0.848341
0.900509
0.955346
1.01339
1.07538
1.14254
1.21683
1.30041
1.39215
1.48121
1.54409
1.56116
1.53667
1.4922
1.44105
1.38609
1.33402
1.29061
1.23518
1.14777
1.00288
0.764091
0.35166
-0.197157
-0.446095
-0.701773
-0.0208765
0.573309
1.41103
2.27745
2.41676
2.13162
0.178726
-2.78865
-3.02593
-2.9573
-2.51901
-2.61822
-2.62947
-2.93659
-3.46985
-4.59108
-7.0912
-12.8212
-26.844
-54.9386
-78.4617
-70.7541
-52.0421
-37.0838
-21.3309
-5.66351
4.95356
15.547
21.3149
17.3212
14.3527
16.1252
11.8375
0.0113358
0.0667014
0.0974446
0.140271
0.1767
0.216402
0.254578
0.293814
0.332907
0.372579
0.412564
0.453102
0.49418
0.535922
0.578401
0.621735
0.666047
0.711499
0.758283
0.806641
0.85687
0.909331
0.964456
1.02278
1.08506
1.15254
1.22734
1.31168
1.40409
1.49271
1.55198
1.56186
1.53319
1.49158
1.44707
1.39991
1.35486
1.31215
1.2533
1.15963
1.00821
0.763752
0.349109
-0.15746
-0.510933
-0.580415
0.059338
0.687161
1.60027
2.41174
2.44288
2.27162
-0.476973
-3.26805
-3.52479
-3.09274
-2.57968
-2.5489
-2.40773
-2.54244
-2.85465
-3.69333
-5.80972
-10.9864
-24.0197
-50.836
-73.9821
-66.1263
-49.8959
-35.1633
-20.133
-4.54873
6.17421
16.8271
22.6616
17.4306
15.0637
18.5362
17.2221
0.0110328
0.0680813
0.098781
0.14229
0.179047
0.219216
0.257787
0.297441
0.336936
0.377009
0.417389
0.458316
0.499773
0.541887
0.584725
0.628405
0.673049
0.718815
0.765895
0.814532
0.865023
0.917733
0.973093
1.03163
1.09409
1.16169
1.23659
1.32084
1.41267
1.49933
1.55353
1.55718
1.52857
1.49051
1.45262
1.41314
1.37457
1.33276
1.27096
1.17173
1.01488
0.765897
0.358834
-0.069649
-0.576815
-0.455232
0.143282
0.813213
1.78555
2.48424
2.53449
2.13054
-1.04653
-3.62616
-4.01727
-3.15426
-2.59477
-2.42142
-2.13365
-2.1059
-2.22277
-2.82555
-4.62738
-9.28225
-21.204
-46.6378
-69.1969
-61.4124
-47.5974
-33.1058
-18.7486
-3.32536
7.38321
18.0084
23.633
17.9027
16.3785
21.0441
28.1145
0.0106931
0.0694721
0.100091
0.144272
0.181341
0.221961
0.260915
0.300971
0.340853
0.381313
0.422072
0.46337
0.50519
0.547656
0.590833
0.634839
0.679791
0.725846
0.773193
0.822074
0.872789
0.925703
0.981243
1.03992
1.10242
1.16991
1.24436
1.32749
1.41765
1.50212
1.54979
1.55087
1.52478
1.49029
1.45826
1.42593
1.39297
1.35241
1.28813
1.18404
1.02264
0.769766
0.380112
0.0421575
-0.574554
-0.335259
0.230658
0.946226
1.94232
2.51609
2.71419
1.71538
-1.55796
-3.82958
-4.43986
-3.15916
-2.57285
-2.24891
-1.82448
-1.65061
-1.60735
-2.03432
-3.59928
-7.76197
-18.4526
-42.3468
-64.1655
-56.6947
-45.149
-30.9015
-17.1667
-2.00792
8.51552
19.1033
23.9725
19.3786
18.2331
24.2235
36.3448
0.0103149
0.0708729
0.101374
0.146216
0.183579
0.224634
0.263955
0.304398
0.344653
0.385483
0.426604
0.468257
0.510423
0.553222
0.59672
0.641029
0.686265
0.732581
0.780166
0.829258
0.880158
0.933229
0.988892
1.04763
1.11003
1.17711
1.25044
1.33155
1.41973
1.50218
1.54293
1.54527
1.52145
1.49049
1.46371
1.43804
1.41012
1.37109
1.30476
1.19648
1.03106
0.774854
0.410134
0.103464
-0.4819
-0.222578
0.320672
1.07718
2.04701
2.53365
2.84784
1.2856
-2.06271
-3.8955
-4.73884
-3.11982
-2.51846
-2.04106
-1.49324
-1.19508
-1.03313
-1.35051
-2.74934
-6.44259
-15.8102
-37.9703
-59.1062
-52.0831
-42.5804
-28.5629
-15.4131
-0.648853
9.52592
19.8885
24.2301
21.4149
20.571
27.7692
37.6366
0.00989644
0.0722823
0.102626
0.148116
0.185757
0.227231
0.266904
0.307718
0.34833
0.389514
0.430982
0.472973
0.515466
0.558579
0.602376
0.646966
0.692462
0.739013
0.786804
0.836073
0.887118
0.940299
0.996024
1.05472
1.11688
1.1832
1.25485
1.33377
1.42118
1.49829
1.53609
1.54042
1.5191
1.49167
1.46938
1.44946
1.42607
1.38864
1.32071
1.20886
1.03964
0.783986
0.461803
0.0858394
-0.336364
-0.117578
0.410672
1.19238
2.0984
2.59694
2.7597
0.945531
-2.56839
-3.88583
-4.89814
-3.04387
-2.4328
-1.80444
-1.15019
-0.754023
-0.517872
-0.789233
-2.07123
-5.30968
-13.3158
-33.5233
-54.3503
-47.5688
-39.9488
-26.1419
-13.5677
0.671833
10.4129
20.2876
24.8114
23.3944
22.9713
31.2823
36.9433
0.00943621
0.0736989
0.103846
0.14997
0.187872
0.229747
0.269757
0.310924
0.351879
0.3934
0.435198
0.477508
0.52031
0.563719
0.607794
0.652642
0.698374
0.745132
0.793099
0.842509
0.893657
0.946898
1.00262
1.06119
1.12292
1.18819
1.25791
1.33507
1.42261
1.49197
1.5304
1.53619
1.51773
1.49357
1.47513
1.46011
1.44076
1.40491
1.33573
1.22067
1.04756
0.802972
0.542968
0.0548568
-0.194
-0.0200872
0.49573
1.2737
2.11241
2.71608
2.49104
0.654242
-3.05751
-3.86939
-4.93337
-2.93671
-2.31589
-1.54438
-0.805167
-0.33956
-0.0739917
-0.351148
-1.5367
-4.33037
-11.0055
-29.0274
-50.0731
-43.0543
-37.4408
-23.7504
-11.7478
1.88579
11.1969
20.5224
25.6111
25.1236
25.1412
33.8778
37.8681
0.00893284
0.0751206
0.10503
0.151772
0.189918
0.232176
0.272508
0.314013
0.355292
0.397134
0.439244
0.481857
0.524949
0.568633
0.612965
0.658049
0.70399
0.750929
0.79904
0.848554
0.899763
0.953012
1.00866
1.06699
1.12815
1.19219
1.26017
1.33649
1.42214
1.48631
1.52548
1.53284
1.51745
1.49636
1.48113
1.47003
1.45407
1.41966
1.3494
1.23089
1.05355
0.832745
0.595716
0.0970504
-0.0727531
0.0692747
0.568975
1.3049
2.11125
2.78961
2.24151
0.377322
-3.50917
-3.89906
-4.87154
-2.80409
-2.16801
-1.26694
-0.468704
0.0383725
0.290359
-0.0247936
-1.10848
-3.46981
-8.90952
-24.5206
-45.9466
-38.8787
-35.2813
-21.5445
-10.0897
2.95258
11.8997
20.8244
26.503
26.6269
26.9528
35.102
39.5237
0.00838529
0.0765449
0.106177
0.15352
0.191891
0.234514
0.275151
0.316976
0.358565
0.40071
0.443115
0.486012
0.529375
0.573312
0.61788
0.663177
0.709303
0.756392
0.804616
0.854198
0.905423
0.958623
1.01412
1.07213
1.1326
1.19544
1.26226
1.33878
1.41949
1.48202
1.52122
1.53043
1.51812
1.49992
1.48732
1.47922
1.46593
1.43264
1.3611
1.23833
1.0603
0.879887
0.591855
0.203932
0.0364203
0.149514
0.62083
1.28688
2.14276
2.6987
2.07465
0.120497
-3.90208
-4.00732
-4.7342
-2.65097
-1.99057
-0.980302
-0.151926
0.371487
0.571254
0.210076
-0.752455
-2.70439
-7.05118
-20.1077
-41.2124
-35.8301
-33.1379
-19.6397
-8.69125
3.8842
12.6414
21.459
27.615
28.0357
28.5029
35.4519
39.3045
0.00779295
0.0779687
0.107283
0.155207
0.193786
0.236754
0.277681
0.319809
0.361689
0.404121
0.446803
0.489964
0.533579
0.57775
0.622531
0.668016
0.714301
0.761513
0.809817
0.859428
0.910623
0.963717
1.019
1.07659
1.13634
1.19822
1.26447
1.3414
1.41673
1.47869
1.51775
1.52895
1.51966
1.5042
1.49373
1.48772
1.47628
1.44352
1.36995
1.24226
1.0742
0.926173
0.590935
0.312245
0.139541
0.218759
0.638771
1.23161
2.2077
2.49331
1.94982
-0.0973714
-4.21021
-4.20832
-4.5382
-2.48047
-1.78671
-0.695763
0.134664
0.652132
0.770111
0.378126
-0.444675
-2.02551
-5.44811
-15.9959
-35.3435
-33.2884
-30.3966
-18.0713
-7.35694
4.92546
13.7889
22.8153
29.2316
29.4345
29.7603
35.8418
38.5778
0.00715582
0.0793882
0.108344
0.15683
0.195599
0.238893
0.280092
0.322504
0.36466
0.407359
0.450299
0.493707
0.537552
0.581936
0.626908
0.672558
0.718975
0.766282
0.814631
0.864232
0.915349
0.968278
1.02327
1.0804
1.1395
1.20075
1.26694
1.34308
1.41499
1.47605
1.51512
1.52827
1.52193
1.50907
1.50028
1.49557
1.48507
1.452
1.37522
1.24493
1.10285
0.934959
0.64727
0.406475
0.236557
0.274029
0.612756
1.16316
2.22911
2.3208
1.8354
-0.262627
-4.39162
-4.46366
-4.29503
-2.29495
-1.56173
-0.427531
0.383019
0.872925
0.89522
0.503333
-0.172754
-1.43459
-4.10389
-12.3937
-28.7334
-29.2714
-26.7059
-16.2211
-5.60011
6.57945
15.9209
25.315
31.4983
30.7649
30.7318
36.4469
38.1906
0.00647466
0.0807986
0.109359
0.158381
0.197324
0.240922
0.282378
0.325056
0.367468
0.410416
0.453597
0.497231
0.541287
0.585862
0.631003
0.676792
0.723316
0.770686
0.819048
0.8686
0.91959
0.972299
1.02696
1.08363
1.14222
1.20323
1.26982
1.34379
1.41413
1.47406
1.51328
1.52831
1.52478
1.51436
1.50693
1.5028
1.49233
1.45787
1.37721
1.25358
1.14218
0.931751
0.727654
0.497713
0.32666
0.311387
0.547634
1.12804
2.13084
2.21959
1.73127
-0.37098
-4.40925
-4.69937
-4.00336
-2.09501
-1.3239
-0.190425
0.589057
1.02822
0.961878
0.604174
0.0661153
-0.93658
-3.00947
-9.39893
-22.3467
-23.7887
-21.8988
-13.0206
-2.72088
9.49167
19.4751
28.9585
34.1483
31.8909
31.4852
36.2447
37.8097
0.00575122
0.0821946
0.110323
0.159856
0.198955
0.242837
0.284531
0.327456
0.370107
0.413286
0.456688
0.500528
0.544774
0.589519
0.634804
0.680709
0.727312
0.774717
0.823058
0.87252
0.923339
0.975782
1.03007
1.08633
1.1446
1.20563
1.27279
1.34439
1.4138
1.47268
1.51214
1.52895
1.52807
1.51995
1.51358
1.50944
1.49814
1.46117
1.37805
1.27395
1.16181
0.96561
0.80251
0.589608
0.409869
0.326692
0.45964
1.14357
1.96517
2.15787
1.64751
-0.426524
-4.25176
-4.84465
-3.65894
-1.88045
-1.08528
0.00504765
0.752237
1.11729
0.989772
0.690992
0.269208
-0.533891
-2.14626
-7.00548
-16.8023
-18.0327
-16.3948
-8.59269
1.45331
13.6804
24.0944
33.1345
36.7005
32.7367
32.0821
35.2965
37.4848
0.00498854
0.0835692
0.111233
0.161248
0.200487
0.24463
0.286545
0.329698
0.372569
0.41596
0.459563
0.503589
0.548005
0.592897
0.638304
0.6843
0.730955
0.778365
0.826652
0.875987
0.926596
0.978741
1.03268
1.0886
1.14672
1.20794
1.27529
1.34535
1.41382
1.47187
1.51162
1.53009
1.53168
1.52568
1.52017
1.51557
1.50267
1.46257
1.38275
1.30669
1.16495
1.02817
0.875608
0.680219
0.485756
0.320656
0.370745
1.17307
1.84125
2.11484
1.59102
-0.439576
-3.93715
-4.85829
-3.25909
-1.65208
-0.861105
0.158096
0.872728
1.14752
0.998099
0.76677
0.433151
-0.222504
-1.48568
-5.15092
-12.3046
-12.8829
-11.0633
-3.8343
6.16506
18.3873
28.9424
37.1317
38.8095
33.3016
32.6023
34.6874
37.274
0.00419131
0.0849143
0.112086
0.162551
0.201914
0.246295
0.288413
0.331774
0.374847
0.418429
0.462214
0.506407
0.55097
0.595987
0.641492
0.687553
0.734235
0.781621
0.829823
0.878999
0.92937
0.98121
1.03482
1.09051
1.14863
1.2102
1.27717
1.34655
1.41412
1.47153
1.51162
1.53164
1.53549
1.53145
1.52665
1.52123
1.50606
1.46331
1.39481
1.33294
1.18523
1.09199
0.951627
0.768523
0.553124
0.305246
0.311709
1.16553
1.78752
2.09242
1.56512
-0.42329
-3.50395
-4.72158
-2.80711
-1.41395
-0.666291
0.278533
0.949067
1.13495
1.00085
0.830445
0.557666
0.00872414
-0.992405
-3.74841
-8.81971
-8.68877
-6.48212
0.541065
10.6575
22.8657
33.3676
40.53
40.3934
33.717
32.8919
34.2569
37.0455
0.0033663
0.0862202
0.112876
0.163757
0.203229
0.247825
0.290129
0.333677
0.376932
0.420686
0.464633
0.50897
0.55366
0.59878
0.64436
0.690462
0.737144
0.78448
0.83257
0.881564
0.931684
0.983233
1.03658
1.09215
1.15037
1.2124
1.27883
1.34786
1.41467
1.47162
1.51207
1.53351
1.53941
1.53718
1.53298
1.5265
1.50863
1.46542
1.41543
1.3413
1.23217
1.15371
1.02886
0.853157
0.611646
0.299071
0.302924
1.12416
1.77822
2.09787
1.57241
-0.391183
-3.00601
-4.44179
-2.31066
-1.17535
-0.507981
0.379192
0.980466
1.10063
1.00477
0.880411
0.646612
0.175427
-0.630276
-2.70806
-6.20913
-5.47403
-2.83127
4.21235
14.537
26.7196
37.0654
43.2065
41.5337
34.0733
32.7336
33.8996
36.8138
0.00252307
0.0874748
0.1136
0.16486
0.204425
0.249213
0.291683
0.335398
0.378816
0.422722
0.46681
0.511272
0.556067
0.601267
0.646898
0.693018
0.739677
0.78694
0.834897
0.883697
0.933573
0.984866
1.03802
1.09354
1.15189
1.21427
1.28044
1.34918
1.41541
1.47205
1.5129
1.53562
1.54337
1.5428
1.53912
1.53137
1.5106
1.47079
1.44015
1.34817
1.28696
1.21641
1.10467
0.931324
0.663094
0.315345
0.345554
1.09696
1.79255
2.13398
1.61519
-0.354705
-2.49782
-4.03534
-1.78374
-0.951539
-0.378781
0.464718
0.972707
1.06352
1.01065
0.916394
0.706611
0.293442
-0.367918
-1.94906
-4.30387
-3.11142
-0.0548377
7.12827
17.6783
29.8282
39.982
45.2193
42.3642
34.4302
32.4703
33.6334
36.6226
0.00167435
0.0886635
0.114254
0.16585
0.205497
0.250452
0.293069
0.336931
0.380491
0.424529
0.468738
0.513304
0.558182
0.603441
0.649102
0.695219
0.741834
0.789007
0.836822
0.88543
0.935082
0.98617
1.03921
1.09475
1.1533
1.21585
1.28203
1.35054
1.41636
1.47281
1.51406
1.53792
1.54731
1.54827
1.54509
1.53582
1.51233
1.47935
1.45639
1.37329
1.34035
1.27921
1.17596
0.999843
0.710366
0.35575
0.424159
1.10954
1.82605
2.19981
1.69527
-0.32245
-2.0316
-3.52371
-1.24351
-0.757027
-0.26143
0.529271
0.940647
1.03466
1.0165
0.939721
0.744933
0.375728
-0.180927
-1.40361
-2.94011
-1.42516
1.99742
9.36839
20.1127
32.229
42.1999
46.7041
43.0081
34.8191
32.3728
33.5061
36.5272
0.000838047
0.0897692
0.114833
0.166722
0.206436
0.251534
0.294279
0.338266
0.381949
0.426098
0.470407
0.515056
0.559998
0.605294
0.650964
0.697056
0.74361
0.790682
0.838355
0.886789
0.936259
0.9872
1.04018
1.09577
1.15455
1.21718
1.28351
1.35186
1.41742
1.47381
1.51545
1.54032
1.55118
1.55356
1.55079
1.53967
1.51424
1.49043
1.46125
1.41324
1.39238
1.33885
1.2387
1.05632
0.754937
0.412935
0.516238
1.1548
1.87803
2.29245
1.81233
-0.301469
-1.65291
-2.93159
-0.715844
-0.593441
-0.145941
0.566553
0.902277
1.01572
1.02003
0.952548
0.767694
0.431525
-0.0509888
-1.01837
-1.98285
-0.253702
3.4823
11.0511
21.9389
34.0289
43.8538
47.8091
43.5587
35.2269
32.3889
33.4957
36.5758
3.59883e-05
0.0907692
0.11533
0.167466
0.207235
0.252452
0.295304
0.339396
0.38318
0.42742
0.47181
0.516523
0.56151
0.606826
0.65249
0.698545
0.745032
0.792004
0.839549
0.887832
0.937156
0.987995
1.04096
1.09664
1.15567
1.21843
1.28493
1.35322
1.41865
1.47505
1.51707
1.54279
1.55492
1.55863
1.55622
1.54301
1.51702
1.50125
1.46693
1.45608
1.44219
1.39126
1.28882
1.0994
0.795372
0.475371
0.603066
1.21555
1.94489
2.40762
1.96527
-0.293177
-1.39549
-2.27801
-0.226053
-0.446486
-0.039662
0.579973
0.870637
1.00385
1.02085
0.958328
0.780615
0.468784
0.0377736
-0.749882
-1.32089
0.549041
4.53692
12.2868
23.279
35.3547
45.0817
48.654
44.0669
35.649
32.4965
33.5677
36.7605
-0.000699335
0.0916403
0.115743
0.168075
0.20789
0.253199
0.296139
0.340314
0.384179
0.428489
0.47294
0.517698
0.56271
0.608029
0.653668
0.699673
0.746083
0.792959
0.840396
0.888573
0.937815
0.988615
1.04159
1.09736
1.15655
1.2195
1.28616
1.35448
1.4199
1.47638
1.51875
1.54522
1.55849
1.56342
1.56102
1.5453
1.51966
1.50617
1.48389
1.49653
1.48658
1.43249
1.32384
1.12915
0.830522
0.53661
0.679725
1.28009
2.01996
2.53804
2.14666
-0.302367
-1.28147
-1.60063
0.202928
-0.306859
0.0441107
0.580202
0.848884
0.99501
1.01876
0.958984
0.78631
0.49157
0.0952175
-0.568766
-0.874452
1.09128
5.26975
13.1653
24.2369
36.3111
45.9909
49.3191
44.5654
36.0381
32.679
33.724
37.068
-0.00133277
0.0923466
0.11606
0.168536
0.208386
0.253764
0.296771
0.341007
0.384933
0.429296
0.473791
0.51858
0.563607
0.608921
0.654535
0.700494
0.746842
0.793643
0.840999
0.889098
0.938274
0.98904
1.04204
1.09793
1.1573
1.22049
1.28733
1.35575
1.42123
1.47784
1.52049
1.54752
1.56174
1.56776
1.56525
1.54738
1.52226
1.50646
1.50752
1.53213
1.52156
1.46042
1.34436
1.1464
0.855971
0.585994
0.740683
1.34071
2.0961
2.67403
2.35216
-0.299442
-1.27581
-0.958274
0.569287
-0.188084
0.101476
0.577182
0.835536
0.988538
1.01625
0.958434
0.78936
0.506284
0.132687
-0.449073
-0.581519
1.45109
5.76839
13.7718
24.9043
36.9907
46.6649
49.8499
45.0561
36.3963
32.9126
33.9608
37.3759
-0.00180954
0.0928585
0.116282
0.168851
0.208726
0.254149
0.297201
0.341477
0.385443
0.429838
0.474359
0.519163
0.564191
0.60949
0.655071
0.700979
0.747263
0.793998
0.841298
0.889369
0.938555
0.989368
1.04243
1.09837
1.15782
1.22119
1.2882
1.35676
1.42235
1.4791
1.52201
1.54956
1.56463
1.57144
1.56802
1.54772
1.52236
1.5093
1.52991
1.55924
1.54284
1.47321
1.35106
1.1527
0.87336
0.627112
0.789456
1.39158
2.16355
2.8014
2.55049
-0.284676
-1.29175
-0.350294
0.875951
-0.108705
0.137129
0.575236
0.826978
0.983141
1.01298
0.956107
0.788852
0.512596
0.152388
-0.379579
-0.408135
1.66775
6.07649
14.1512
25.3248
37.4275
47.1274
50.2481
45.4532
36.7142
33.1223
34.2332
37.6075
-0.00207756
0.0931262
0.116391
0.169003
0.208892
0.254335
0.297411
0.341708
0.385694
0.430107
0.474643
0.519457
0.564489
0.609784
0.655352
0.701239
0.747496
0.794198
0.841464
0.889501
0.938659
0.989461
1.04257
1.09863
1.15822
1.22174
1.28891
1.35762
1.42335
1.48022
1.5233
1.55111
1.56657
1.57356
1.56944
1.54851
1.52276
1.51435
1.54268
1.57489
1.55494
1.47924
1.35272
1.15393
0.878984
0.642818
0.813187
1.42677
2.21397
2.89516
2.70059
-0.179586
-1.23586
0.0855128
1.08121
-0.060121
0.153346
0.574507
0.8229
0.980607
1.01164
0.955387
0.789149
0.516293
0.162227
-0.346914
-0.327232
1.77233
6.23041
14.344
25.5432
37.6695
47.4049
50.5047
45.7222
36.9501
33.2797
34.4975
38.3047
)
;

boundaryField
{
    inletFace
    {
        type            zeroGradient;
    }
    inlet
    {
        type            zeroGradient;
    }
    inletWalls
    {
        type            zeroGradient;
    }
    outletInlet
    {
        type            cyclicAMI;
        value           nonuniform List<scalar> 
15
(
27.8681
32.3509
32.2256
32.7413
31.7469
33.7563
30.971
31.4492
28.5008
31.0811
29.8574
32.9042
32.4964
34.7256
34.5675
)
;
    }
    fineSymmetryWall
    {
        type            symmetryPlane;
    }
    fineWalls
    {
        type            zeroGradient;
    }
    fineCyclicBoundary
    {
        type            fixedValue;
        value           uniform 0;
    }
    fineplug
    {
        type            cyclicAMI;
        value           nonuniform List<scalar> 
80
(
28.4138
28.4616
30.6471
24.3504
27.8705
31.2061
31.7153
32.2848
32.6856
32.973
32.9592
34.1403
32.0556
31.098
32.204
31.3947
31.4764
32.191
32.3999
32.3554
33.7833
36.3677
30.3213
31.1237
30.5348
30.7595
31.6794
32.414
32.0554
31.1775
31.701
39.6833
32.455
32.2342
30.9675
29.6098
29.7395
31.2983
30.3078
28.3723
35.6753
30.1061
31.2188
31.2535
29.3952
27.9363
26.2295
26.4823
26.6073
34.4677
32.743
30.3923
30.3153
31.2627
30.6576
29.5724
28.5486
24.8589
35.4822
35.8986
33.3598
32.4649
30.8781
29.8844
32.0291
31.3524
30.9377
29.0813
36.815
36.4282
35.3766
35.3827
34.8374
33.945
31.4042
31.6095
32.8516
38.8719
35.3246
33.2921
)
;
    }
    faceFine
    {
        type            zeroGradient;
    }
}


// ************************************************************************* //
