/*--------------------------------*- C++ -*----------------------------------*\
| =========                 |                                                 |
| \\      /  F ield         | OpenFOAM: The Open Source CFD Toolbox           |
|  \\    /   O peration     | Version:  4.1                                   |
|   \\  /    A nd           | Web:      www.OpenFOAM.org                      |
|    \\/     M anipulation  |                                                 |
\*---------------------------------------------------------------------------*/
FoamFile
{
    version     2.0;
    format      ascii;
    class       volScalarField;
    location    "11";
    object      p;
}
// * * * * * * * * * * * * * * * * * * * * * * * * * * * * * * * * * * * * * //

dimensions      [0 2 -2 0 0 0 0];

internalField   nonuniform List<scalar> 
6785
(
599.1
523.3
475.395
423.144
376.613
332.23
290.786
251.66
214.7
179.656
145.705
112.907
84.4138
53.6832
14.3592
2.18731
-15.1951
-6.2768
-12.4312
-12.459
-14.6889
-15.6328
-16.2954
-16.1342
-15.0562
-12.9347
-10.0951
-5.88606
0.0213523
3.42437
18.0893
14.427
24.3722
21.0479
25.4372
25.6933
27.4645
28.3697
29.3762
30.231
31.1662
31.9859
32.4944
32.9647
34.5393
56.1311
53.3076
56.6635
51.7846
53.2087
50.5566
50.0424
48.5642
47.6166
46.6349
45.9062
45.3564
44.88
44.2197
43.2856
25.8862
21.7258
22.8327
18.5837
19.4025
16.5067
16.125
14.4119
13.5172
12.3875
11.6373
11.1023
10.2481
8.84182
7.91682
-0.83515
-4.16258
-2.72857
-5.82797
-4.64716
-7.06506
-7.03819
-8.51604
-9.25044
-10.1871
-10.6574
-10.7686
-10.8266
-10.9816
-9.51312
4.44867
3.61393
6.03069
4.49635
6.71548
5.83822
7.00742
6.99432
7.47184
7.74546
8.2019
8.75042
9.88111
11.1459
13.7841
25.8703
26.5894
28.9537
28.5347
30.9445
31.1724
32.8648
33.8488
35.1886
36.47
37.8661
39.2122
40.7632
41.9927
43.6412
41.8474
42.8734
44.6862
44.4929
46.3977
46.6483
47.9231
48.6798
49.625
50.508
51.4367
52.3167
53.3423
54.1161
55.1697
55.0526
56.1945
57.5484
57.4518
58.9204
59.0139
59.9625
60.4175
61.0895
61.7703
62.5194
63.2826
64.1475
64.741
65.6625
68.1615
69.1452
70.0356
70.1791
71.3819
71.64
72.5132
72.7536
72.9851
72.784
72.3701
72.0941
72.0973
72.4124
72.6067
75.7131
74.9513
75.0856
74.2741
74.4105
73.368
72.796
71.5287
70.2971
68.8434
67.5288
66.4738
65.7338
65.695
64.6342
69.8517
66.5749
64.842
62.4501
60.7779
58.6301
57.2487
55.6177
54.2155
52.5811
50.8826
49.2337
48.2245
47.7277
45.3449
43.5422
41.4039
39.1037
35.7944
32.6352
29.2396
26.3011
23.3321
20.7279
18.5092
16.9798
16.1779
16.1498
15.9683
14.758
54.3662
51.6154
46.7975
40.0395
31.9061
24.306
18.8951
14.9217
12.5461
12.4234
13.3516
14.6276
15.7716
16.1045
15.5235
41.1926
41.5605
41.8036
41.8023
41.9166
42.3143
42.9151
42.768
42.6729
42.6211
42.9736
42.5345
42.4391
42.5149
41.9695
41.7741
41.9123
41.8136
40.9744
41.2802
41.137
40.469
40.2714
40.7313
40.5132
39.8768
39.7186
40.1392
40.0914
39.3786
39.7416
39.764
39.3195
39.1981
39.4746
39.5591
39.1206
39.2793
39.4257
39.1735
39.0921
39.2229
39.3281
39.142
39.0814
39.1658
39.2432
39.0711
39.1674
39.0836
38.9537
38.928
39.0157
39.1016
38.9979
38.964
39.034
39.3613
39.3112
39.2515
39.7329
39.714
39.6515
39.5492
39.8925
39.9822
40.4837
40.1693
39.378
40.2934
40.8987
36.8022
34.7137
37.2056
38.2498
23.5855
30.6542
33.4031
2.59769
10.358
14.1214
12.9949
16.5752
12.0159
10.7472
15.8905
16.2103
17.324
17.698
18.657
21.2671
24.9792
27.3639
19.352
21.1848
25.0648
28.8276
29.207
30.8937
32.0957
33.9824
41.766
36.0206
38.9897
39.7275
42.2468
46.2542
48.6114
49.7492
51.5475
50.3132
61.8152
56.3421
57.9452
58.3586
58.8097
60.6466
63.8579
65.204
60.5255
67.2341
67.594
69.9291
70.4549
69.2622
67.8918
66.7788
68.0495
62.3869
71.9539
70.0494
65.0107
63.9433
62.0719
58.3727
55.6656
52.5171
43.5174
52.1279
55.1413
48.2799
44.9204
40.1146
33.8868
28.757
26.2928
22.4952
17.3319
17.56
18.7082
14.3394
14.2048
13.3783
11.9625
6.78556
5.32057
7.73494
-0.656161
9.53939
7.46458
6.37342
11.9689
6.78912
9.16348
8.09701
9.90296
12.4453
8.32774
10.6247
12.2971
9.48373
10.4432
9.67137
10.5243
12.2933
9.57165
10.3834
9.54291
10.4069
11.9972
8.79803
10.3431
11.6748
9.09646
9.80112
8.93111
9.6829
11.3977
8.52483
9.29776
8.28378
9.21959
10.8819
7.29626
9.00797
10.3791
7.50012
8.28723
7.245
8.1019
9.77561
6.76183
7.58987
6.49781
7.4492
8.94189
5.53882
7.13121
8.26747
5.68712
6.38167
5.45959
6.16097
7.44261
4.97449
5.62723
4.74642
5.43384
6.43656
3.91503
5.01271
5.65298
3.82628
4.25054
3.58018
3.96438
4.55801
2.96238
3.27934
2.67247
2.95673
3.23462
1.78028
2.20622
2.20524
1.15105
1.18575
0.674917
0.707886
0.889903
0.000699018
0.00116107
0.00191022
0.00243742
0.00305944
0.00362105
0.00421504
0.00479562
0.00539065
0.00598686
0.00659244
0.00720294
0.00781953
0.00843883
0.00905794
0.00967141
0.0102726
0.0108529
0.0114027
0.0119116
0.0123701
0.0127704
0.0131088
0.0133865
0.0136106
0.0137947
0.0139567
0.0141175
0.0142963
0.0145065
0.0147536
0.015036
0.0153539
0.0157212
0.0161777
0.0167887
0.0176256
0.0187256
0.0200458
0.0214451
0.0227375
0.0237598
0.0243563
0.02442
0.0239222
0.0228837
0.0213783
0.0194692
0.0171297
0.0141682
0.0101917
0.00467922
-0.00289503
-0.0129921
-0.0259762
-0.0416837
-0.0589159
-0.0799273
-0.109596
-0.0751549
-0.503818
-0.477435
-0.576719
-0.724546
-0.827041
-0.875536
-0.842067
-0.753521
-0.596123
-0.413889
-0.210949
-0.0312601
0.145092
0.229891
0.368597
0.341178
0.393529
0.509835
0.0500128
0.00200656
0.00330618
0.00541398
0.00693469
0.00867847
0.0102626
0.0119156
0.0135288
0.0151695
0.0168077
0.0184625
0.020124
0.0217939
0.0234633
0.0251231
0.0267577
0.0283475
0.0298678
0.0312904
0.0325857
0.0337262
0.0346906
0.0354686
0.0360648
0.0365014
0.0368182
0.0370691
0.0373146
0.0376108
0.0379969
0.0384878
0.0390787
0.0397686
0.0405977
0.0416812
0.0432092
0.0453895
0.0483324
0.0519173
0.0557433
0.0592894
0.0621148
0.0638066
0.0640999
0.0629641
0.060521
0.0570636
0.0528835
0.0480501
0.0421909
0.0343637
0.0232192
0.0072828
-0.014951
-0.0450216
-0.0832967
-0.127975
-0.185815
-0.252616
-0.21862
-0.88221
-0.870519
-1.08981
-1.38697
-1.59043
-1.68869
-1.62826
-1.45429
-1.15654
-0.806768
-0.44092
-0.0902989
0.208377
0.432847
0.636608
0.726203
0.837237
0.974598
0.94333
0.00312689
0.00534264
0.00892954
0.0115089
0.0144722
0.0171614
0.0199701
0.0227111
0.025501
0.0282876
0.0311044
0.0339343
0.0367808
0.0396287
0.0424635
0.0452587
0.047982
0.0505917
0.0530407
0.0552794
0.0572611
0.0589499
0.060328
0.0614026
0.0622107
0.0628186
0.0633164
0.0638059
0.0643813
0.0651086
0.0660122
0.0670834
0.0683189
0.0697854
0.0716755
0.0743106
0.078043
0.0830619
0.0891638
0.095669
0.101694
0.106488
0.109342
0.109796
0.107779
0.103475
0.0973502
0.0898639
0.0810881
0.0703344
0.0559443
0.0355826
0.00674078
-0.0330845
-0.0863332
-0.153251
-0.231146
-0.330311
-0.425502
-0.420428
-1.05731
-1.04357
-1.32657
-1.69847
-1.94698
-2.06436
-1.98641
-1.7703
-1.40458
-0.977263
-0.537084
-0.10982
0.241225
0.525385
0.760344
0.888661
1.05789
1.13051
1.36334
0.00419173
0.00731299
0.0123163
0.0159415
0.0200847
0.0238511
0.0277762
0.0316074
0.0355031
0.0393932
0.0433234
0.0472707
0.0512398
0.05521
0.0591608
0.0630556
0.0668491
0.0704832
0.0738921
0.077006
0.0797598
0.0821028
0.0840101
0.0854917
0.0865992
0.0874256
0.0880976
0.0887581
0.0895395
0.0905345
0.0917764
0.0932509
0.0949502
0.0969648
0.0995644
0.103202
0.10838
0.115371
0.123893
0.132987
0.141412
0.14812
0.152115
0.152762
0.14996
0.143978
0.135486
0.125146
0.113088
0.0983658
0.0786607
0.0506989
0.0109665
-0.0440669
-0.11782
-0.21058
-0.319877
-0.458385
-0.573727
-0.648717
-1.28978
-1.29017
-1.63406
-2.10083
-2.40798
-2.54836
-2.44706
-2.17752
-1.72387
-1.19695
-0.656736
-0.131442
0.295295
0.645049
0.931338
1.08237
1.31454
1.34978
1.64918
0.00515432
0.00921437
0.0156362
0.0203275
0.0256652
0.0305265
0.035584
0.0405223
0.0455403
0.0505511
0.0556123
0.0606952
0.065806
0.0709184
0.0760062
0.0810229
0.08591
0.0905931
0.0949874
0.0990029
0.102555
0.105579
0.108041
0.109954
0.111384
0.112451
0.113318
0.114171
0.115181
0.116468
0.118075
0.119977
0.122162
0.12474
0.128058
0.132706
0.139346
0.148345
0.159345
0.171093
0.181983
0.19066
0.195829
0.196668
0.193042
0.185298
0.174311
0.160955
0.145416
0.126475
0.101112
0.0650745
0.0138296
-0.0571632
-0.152188
-0.271434
-0.413303
-0.590055
-0.722837
-0.913625
-1.52416
-1.57531
-1.98319
-2.56137
-2.93732
-3.10329
-2.97468
-2.64356
-2.08929
-1.44881
-0.795821
-0.157992
0.353071
0.782132
1.12185
1.30998
1.60253
1.60964
2.10359
0.00605079
0.0110647
0.0188717
0.0246338
0.0311548
0.0371082
0.0432893
0.0493277
0.0554583
0.06158
0.067761
0.0739681
0.0802082
0.0864503
0.0926623
0.0987877
0.104755
0.110475
0.115841
0.120744
0.125081
0.12877
0.13177
0.134096
0.135829
0.137115
0.138156
0.13918
0.140398
0.14196
0.143913
0.146226
0.148871
0.151978
0.155971
0.161582
0.169644
0.180634
0.194117
0.208537
0.22191
0.232577
0.238934
0.239976
0.235535
0.226044
0.212602
0.196322
0.177476
0.154591
0.123941
0.0802965
0.0181344
-0.0680608
-0.183353
-0.327895
-0.501752
-0.713677
-0.865766
-1.20676
-1.71463
-1.85297
-2.32128
-3.01351
-3.45667
-3.64384
-3.48466
-3.09169
-2.43758
-1.68718
-0.926106
-0.179818
0.409691
0.916631
1.30367
1.53008
1.8784
1.85739
2.44298
0.00687762
0.0128705
0.0220385
0.0288821
0.0365835
0.0436343
0.0509398
0.0580807
0.0653249
0.0725588
0.0798603
0.0871923
0.0945628
0.101936
0.109274
0.11651
0.123562
0.13032
0.136663
0.142459
0.147584
0.151941
0.15548
0.158218
0.160251
0.161751
0.16296
0.164149
0.165573
0.167408
0.16971
0.172433
0.175532
0.17915
0.183788
0.19033
0.199794
0.212782
0.22879
0.245937
0.261848
0.274554
0.28213
0.283385
0.278111
0.266833
0.250892
0.231661
0.209527
0.182764
0.146922
0.0957837
0.0228712
-0.0782468
-0.213287
-0.382457
-0.587884
-0.831906
-1.01245
-1.53097
-1.87164
-2.13899
-2.66406
-3.4773
-3.98887
-4.19311
-3.99868
-3.54118
-2.78393
-1.92285
-1.0532
-0.198354
0.468442
1.05304
1.48515
1.74846
2.14826
2.09902
2.79325
0.00764729
0.0146402
0.0251376
0.0330696
0.0419431
0.0500924
0.0585178
0.0667591
0.0751124
0.0834546
0.0918719
0.100324
0.10882
0.117319
0.125779
0.134123
0.142255
0.15005
0.157367
0.164052
0.169962
0.174982
0.179054
0.182195
0.184515
0.186216
0.187577
0.188917
0.190534
0.192634
0.195278
0.198403
0.20194
0.20604
0.211281
0.218705
0.229536
0.244525
0.263097
0.283027
0.301533
0.31633
0.325156
0.326633
0.320511
0.307414
0.288947
0.266773
0.241427
0.210943
0.170132
0.111797
0.0285635
-0.0868358
-0.240656
-0.43335
-0.669204
-0.942645
-1.16583
-1.86955
-1.98484
-2.43627
-3.02167
-3.96722
-4.55043
-4.76732
-4.53171
-4.00506
-3.13845
-2.16297
-1.18143
-0.215012
0.529818
1.19469
1.66998
1.97244
2.4187
2.34181
3.13397
0.00836401
0.0163802
0.028176
0.037204
0.0472419
0.0564915
0.0660336
0.0753745
0.0848343
0.0942827
0.103813
0.113383
0.123002
0.132625
0.142205
0.151655
0.160868
0.169701
0.177993
0.185568
0.192263
0.197945
0.202545
0.206083
0.208681
0.210569
0.212069
0.213547
0.215347
0.217706
0.22069
0.224212
0.228175
0.232728
0.238524
0.246779
0.258942
0.27594
0.297133
0.319917
0.341091
0.358045
0.368159
0.369869
0.362875
0.347907
0.326853
0.301702
0.273174
0.23907
0.193445
0.12814
0.0349577
-0.0941148
-0.265779
-0.480983
-0.745977
-1.04768
-1.32501
-2.16788
-2.02913
-2.73543
-3.39365
-4.48449
-5.1421
-5.36485
-5.08075
-4.47988
-3.49748
-2.40453
-1.30863
-0.228581
0.593864
1.34128
1.85649
2.20125
2.68751
2.59447
3.41965
0.0090344
0.0180959
0.0311576
0.0412879
0.0524806
0.0628314
0.0734854
0.0839239
0.0944863
0.105037
0.115676
0.12636
0.137098
0.147843
0.15854
0.169095
0.179387
0.189258
0.198525
0.206992
0.214471
0.220812
0.225936
0.22986
0.232723
0.234785
0.236406
0.238006
0.239976
0.242586
0.245906
0.249821
0.254193
0.259165
0.265465
0.274488
0.287941
0.306957
0.330834
0.356558
0.380483
0.399668
0.411114
0.413068
0.40517
0.388262
0.36454
0.336354
0.304644
0.266996
0.216696
0.144647
0.0419292
-0.100127
-0.288624
-0.525299
-0.818084
-1.14834
-1.48154
-2.35863
-2.03236
-3.0479
-3.78239
-5.03385
-5.76922
-5.98858
-5.64682
-4.96587
-3.86041
-2.64682
-1.43396
-0.238425
0.660908
1.49302
2.04436
2.43469
2.95388
2.84338
3.73607
0.00966301
0.0197919
0.0340874
0.0453259
0.0576633
0.0691156
0.0808767
0.0924107
0.104071
0.115722
0.127466
0.13926
0.151114
0.162976
0.174789
0.186448
0.19782
0.20873
0.218974
0.228333
0.236597
0.243595
0.249237
0.253539
0.256655
0.258872
0.260597
0.2623
0.264427
0.267281
0.270936
0.27524
0.280006
0.28536
0.292103
0.301825
0.316521
0.337567
0.364205
0.392966
0.419738
0.44124
0.454068
0.456276
0.44743
0.428491
0.401977
0.370638
0.335678
0.294481
0.239556
0.160919
0.0490332
-0.105344
-0.309735
-0.566981
-0.886447
-1.24664
-1.63271
-2.4614
-2.05675
-3.37688
-4.1933
-5.62217
-6.44055
-6.64486
-6.23394
-5.46586
-4.22871
-2.89069
-1.55763
-0.244449
0.731426
1.65057
2.23395
2.67377
3.21845
3.08736
4.05619
0.0102544
0.0214721
0.0369693
0.0493211
0.0627922
0.0753458
0.0882085
0.100835
0.113589
0.126335
0.13918
0.15208
0.165046
0.178024
0.19095
0.203712
0.216164
0.228114
0.239337
0.24959
0.258639
0.266293
0.272447
0.277118
0.280471
0.282825
0.284632
0.28642
0.288688
0.291779
0.295766
0.300458
0.305603
0.311299
0.318417
0.328758
0.34464
0.36773
0.397219
0.429128
0.458858
0.482773
0.497036
0.499505
0.489653
0.468553
0.439065
0.404375
0.365999
0.321141
0.261536
0.176382
0.0556577
-0.110398
-0.329828
-0.606905
-0.95235
-1.3448
-1.78272
-2.5427
-2.17437
-3.68225
-4.6354
-6.25541
-7.16469
-7.3399
-6.84547
-5.9818
-4.60303
-3.13633
-1.67933
-0.24619
0.805457
1.81451
2.42557
2.91936
3.48114
3.34693
4.33174
0.0108123
0.0231399
0.0398073
0.0532768
0.0678705
0.0815245
0.0954825
0.109199
0.123042
0.136879
0.150819
0.164822
0.178895
0.192986
0.207023
0.220888
0.23442
0.247412
0.259617
0.270767
0.280602
0.28891
0.295571
0.3006
0.304175
0.306646
0.308512
0.310362
0.312756
0.316076
0.320395
0.325472
0.330981
0.336976
0.344394
0.355262
0.372266
0.397416
0.42986
0.465041
0.497854
0.524288
0.540046
0.542776
0.531829
0.508385
0.475653
0.437295
0.395197
0.346415
0.281937
0.190248
0.0609771
-0.11615
-0.349885
-0.646269
-1.01752
-1.445
-1.9351
-2.64183
-2.45168
-3.97206
-5.12696
-6.93952
-7.95062
-8.08054
-7.48505
-6.51557
-4.9838
-3.3838
-1.79873
-0.243539
0.884426
1.9852
2.61855
3.17244
3.74169
3.59576
4.63532
0.0113401
0.024798
0.042605
0.0571962
0.0729004
0.0876534
0.1027
0.117502
0.132428
0.147352
0.162383
0.177483
0.192661
0.207861
0.223007
0.237974
0.252588
0.266625
0.279815
0.291865
0.302488
0.311449
0.318611
0.323986
0.327766
0.330331
0.332232
0.33412
0.336621
0.340162
0.344814
0.35028
0.356138
0.362384
0.370018
0.38131
0.399359
0.426589
0.462103
0.500698
0.536733
0.565803
0.583114
0.586089
0.573916
0.547859
0.511488
0.468991
0.422692
0.369549
0.299873
0.201579
0.0640632
-0.123538
-0.370956
-0.686348
-1.08377
-1.54908
-2.09302
-2.79154
-2.92211
-4.25986
-5.68555
-7.68144
-8.80824
-8.87462
-8.15729
-7.06953
-5.37164
-3.63369
-1.91555
-0.236818
0.970472
2.16187
2.81634
3.43203
4.00062
3.8534
4.92575
0.0118406
0.026449
0.0453657
0.0610819
0.0778845
0.0937346
0.109863
0.125747
0.14175
0.157755
0.173872
0.190065
0.206343
0.222648
0.238903
0.254971
0.270669
0.285753
0.299931
0.312885
0.324299
0.333912
0.341569
0.347279
0.351245
0.35388
0.355788
0.357688
0.360276
0.36403
0.369019
0.374876
0.381071
0.387519
0.395276
0.406871
0.425878
0.455209
0.493928
0.536091
0.575502
0.607333
0.62625
0.629423
0.615815
0.586755
0.546187
0.498896
0.447718
0.389606
0.314327
0.209384
0.0639904
-0.133475
-0.394058
-0.728382
-1.15284
-1.65877
-2.26005
-3.00255
-3.51005
-4.50413
-6.30904
-8.48905
-9.74859
-9.73078
-8.86758
-7.64653
-5.76747
-3.88667
-2.02941
-0.225656
1.06406
2.34363
3.0238
3.69731
4.2574
4.10883
5.19274
0.0123165
0.0280949
0.0480926
0.0649365
0.0828249
0.0997697
0.116972
0.133933
0.151008
0.168089
0.185285
0.202566
0.219939
0.237348
0.254708
0.271878
0.288661
0.304796
0.319968
0.333831
0.346038
0.356302
0.364449
0.37048
0.374613
0.377292
0.379177
0.381059
0.383713
0.387672
0.393002
0.399259
0.405778
0.412376
0.420153
0.431916
0.451778
0.483232
0.525309
0.57121
0.614166
0.648884
0.66944
0.672702
0.657338
0.624719
0.579205
0.52626
0.469334
0.405535
0.324277
0.21276
0.0599725
-0.146719
-0.420025
-0.773413
-1.22621
-1.77571
-2.43917
-3.26022
-4.04374
-4.70026
-7.00733
-9.36937
-10.784
-10.6583
-9.62192
-8.24982
-6.17236
-4.143
-2.13993
-0.209507
1.16549
2.53102
3.24077
3.9692
4.51267
4.36044
5.50095
0.0127698
0.0297375
0.0507883
0.0687622
0.0877239
0.10576
0.124029
0.142062
0.160201
0.178353
0.196622
0.214986
0.23345
0.251958
0.270422
0.288694
0.306564
0.323754
0.339926
0.354702
0.367707
0.378622
0.387252
0.393593
0.39787
0.400565
0.402393
0.404226
0.406923
0.411078
0.416758
0.423425
0.43026
0.436953
0.444636
0.456413
0.477009
0.510613
0.556218
0.606043
0.652725
0.690447
0.712628
0.715765
0.698153
0.66122
0.609813
0.550172
0.486503
0.416307
0.328846
0.211029
0.0514734
-0.163765
-0.449422
-0.822179
-1.30492
-1.90123
-2.63244
-3.54949
-4.47728
-4.93192
-7.81462
-10.3313
-11.9281
-11.667
-10.4268
-8.88327
-6.58718
-4.40276
-2.24674
-0.187912
1.27532
2.72462
3.46705
4.24665
4.76888
4.62915
5.79096
0.0132025
0.0313785
0.0534556
0.0725613
0.0925834
0.111708
0.131035
0.150134
0.16933
0.188546
0.207883
0.227324
0.246874
0.266478
0.286044
0.305418
0.324378
0.342628
0.359805
0.375501
0.389308
0.400874
0.409982
0.416618
0.421018
0.423697
0.425433
0.427181
0.429895
0.434239
0.440279
0.447373
0.454518
0.461249
0.468712
0.480328
0.501518
0.537299
0.586626
0.640575
0.691168
0.731976
0.755677
0.758309
0.737742
0.695528
0.637112
0.569628
0.498217
0.421079
0.327455
0.203842
0.038284
-0.184792
-0.482485
-0.87506
-1.38959
-2.03627
-2.84183
-3.86907
-4.89994
-5.30327
-8.705
-11.391
-13.1938
-12.7668
-11.2889
-9.55131
-7.01286
-4.66603
-2.34946
-0.160402
1.39403
2.9248
3.70324
4.52878
5.02857
4.89415
6.05934
0.0136161
0.0330194
0.0560966
0.0763355
0.0974052
0.117613
0.13799
0.158149
0.178396
0.198669
0.219066
0.239578
0.260209
0.280905
0.301571
0.322048
0.3421
0.361416
0.379605
0.39623
0.410843
0.423062
0.432642
0.439558
0.444056
0.446688
0.448291
0.449916
0.45262
0.457145
0.463559
0.4711
0.478555
0.485264
0.492369
0.503624
0.525244
0.563233
0.616499
0.674781
0.729456
0.773359
0.798314
0.799825
0.775353
0.726715
0.6601
0.583661
0.503682
0.419348
0.319908
0.191225
0.0205508
-0.209631
-0.5191
-0.932059
-1.48033
-2.18119
-3.06879
-4.21993
-5.34875
-5.89717
-9.66177
-12.5672
-14.5939
-13.967
-12.2152
-10.2588
-7.45068
-4.93294
-2.44769
-0.126464
1.5221
3.13203
3.94981
4.81605
5.29391
5.15772
6.37417
0.0140119
0.0346612
0.0587135
0.0800867
0.102191
0.123478
0.144895
0.166108
0.187397
0.208721
0.230172
0.251748
0.273454
0.295238
0.317003
0.338582
0.359731
0.380118
0.399328
0.416888
0.432314
0.445187
0.455234
0.462415
0.466987
0.469534
0.470964
0.472423
0.475085
0.479784
0.486589
0.494607
0.502375
0.509002
0.515599
0.526265
0.548123
0.588353
0.645797
0.708616
0.767498
0.814357
0.840059
0.839546
0.809993
0.753711
0.677807
0.591534
0.50247
0.411032
0.306417
0.173577
-0.00123982
-0.237797
-0.558838
-0.992823
-1.57683
-2.33581
-3.31364
-4.60076
-5.84348
-6.74584
-10.6867
-13.8837
-16.1434
-15.2766
-13.2127
-11.011
-7.90228
-5.20364
-2.54102
-0.0855671
1.65994
3.34681
4.20706
5.10904
5.56554
5.45303
6.67064
0.014391
0.0363053
0.0613082
0.0838163
0.106942
0.129304
0.151752
0.174012
0.196334
0.218702
0.241198
0.263833
0.286608
0.309476
0.332337
0.35502
0.377269
0.398733
0.418972
0.437476
0.453724
0.467254
0.477761
0.485193
0.48981
0.492235
0.493445
0.494692
0.497279
0.502143
0.509362
0.517893
0.525985
0.532469
0.538394
0.548212
0.570082
0.612588
0.674467
0.742
0.805102
0.85454
0.880151
0.876406
0.84046
0.775443
0.689498
0.592903
0.494597
0.396476
0.28757
0.15162
-0.026318
-0.26854
-0.600998
-1.05669
-1.67838
-2.49936
-3.57554
-5.00826
-6.39802
-7.87067
-11.7707
-15.3672
-17.8619
-16.7048
-14.2885
-11.8131
-8.3696
-5.47836
-2.62903
-0.0371772
1.80797
3.56968
4.47522
5.40776
5.84295
5.73706
6.93853
0.0147543
0.0379527
0.0638824
0.0875259
0.11166
0.135091
0.15856
0.181859
0.205207
0.228609
0.252143
0.275829
0.299668
0.323616
0.347571
0.371358
0.39471
0.41726
0.438537
0.457997
0.475074
0.489263
0.500227
0.507892
0.512527
0.514789
0.515728
0.516713
0.519187
0.524208
0.531868
0.540958
0.549392
0.555675
0.560746
0.569421
0.591041
0.635855
0.70243
0.774774
0.841907
0.893192
0.917492
0.90906
0.865481
0.79106
0.694868
0.587899
0.480507
0.376381
0.264245
0.126313
-0.0537111
-0.300928
-0.644686
-1.12276
-1.78395
-2.67059
-3.85246
-5.43764
-7.01834
-9.22279
-12.8509
-17.0241
-19.7733
-18.2613
-15.4493
-12.6705
-8.85457
-5.75746
-2.7113
0.0192411
1.96656
3.80117
4.75447
5.7122
6.12752
6.03894
7.24754
0.0151024
0.0396044
0.0664377
0.0912166
0.116345
0.14084
0.16532
0.189651
0.214015
0.238444
0.263007
0.287737
0.312632
0.337655
0.362702
0.387594
0.412055
0.435697
0.458023
0.47845
0.496365
0.511218
0.522633
0.530516
0.535139
0.537194
0.537809
0.538475
0.540795
0.545965
0.554099
0.563802
0.572609
0.578631
0.582656
0.589851
0.610907
0.658053
0.729556
0.806645
0.877291
0.929245
0.950633
0.935987
0.883963
0.800188
0.69414
0.577085
0.460969
0.351697
0.23751
0.0987586
-0.0823355
-0.333919
-0.688873
-1.18993
-1.89221
-2.84777
-4.14141
-5.88357
-7.69847
-10.6433
-13.8476
-18.8453
-21.901
-19.956
-16.7014
-13.588
-9.35896
-6.04144
-2.78741
0.0842189
2.13608
4.04183
5.04492
6.02245
6.41946
6.34031
7.49821
0.0154359
0.0412612
0.0689753
0.0948895
0.121
0.146551
0.172033
0.197387
0.222757
0.248204
0.273788
0.299553
0.325499
0.351591
0.377727
0.403726
0.429299
0.454042
0.477429
0.498835
0.5176
0.533122
0.544984
0.553068
0.557647
0.559449
0.55968
0.559966
0.562087
0.567397
0.576043
0.586428
0.595648
0.601355
0.604123
0.609452
0.629573
0.679043
0.755618
0.837102
0.910289
0.961237
0.977835
0.955755
0.895318
0.803062
0.688006
0.561327
0.436947
0.323506
0.208511
0.0701054
-0.111078
-0.366433
-0.732452
-1.25697
-2.00163
-3.0288
-4.43871
-6.34073
-8.4235
-11.949
-14.8107
-20.8727
-24.2707
-21.7993
-18.05
-14.5698
-9.88416
-6.33097
-2.85693
0.158275
2.31685
4.29215
5.3466
6.3384
6.71954
6.63914
7.80776
0.015755
0.0429241
0.0714965
0.0985457
0.125625
0.152225
0.178698
0.205066
0.231432
0.257888
0.284484
0.311276
0.338264
0.365422
0.392644
0.419749
0.446439
0.472293
0.496753
0.519153
0.538779
0.554977
0.567282
0.57555
0.580053
0.581552
0.581336
0.581174
0.583044
0.588484
0.597689
0.608837
0.618526
0.623869
0.625152
0.628173
0.646907
0.698622
0.780223
0.86533
0.939542
0.987313
0.997299
0.967426
0.89969
0.800478
0.677468
0.541643
0.409466
0.292901
0.178379
0.0414659
-0.138855
-0.397389
-0.774275
-1.32254
-2.11053
-3.21131
-4.74016
-6.8039
-9.17934
-13.1033
-15.8604
-23.1296
-26.9155
-23.8027
-19.4997
-15.6194
-10.4311
-6.62683
-2.91945
0.24191
2.50915
4.55264
5.6595
6.66017
7.02874
6.96928
8.10514
0.01606
0.0445938
0.0740022
0.102186
0.13022
0.157863
0.185315
0.212689
0.240041
0.267496
0.295093
0.322903
0.350927
0.379143
0.407449
0.435661
0.463474
0.490447
0.515994
0.539403
0.559905
0.576786
0.589531
0.597966
0.602359
0.603502
0.602769
0.602086
0.603646
0.609207
0.619024
0.631031
0.641261
0.646199
0.645754
0.645951
0.662734
0.716468
0.802732
0.890163
0.963256
1.00537
1.00763
0.970927
0.897932
0.793588
0.663651
0.51905
0.379493
0.260897
0.14815
0.0138706
-0.164641
-0.425727
-0.813184
-1.38529
-2.21717
-3.39277
-5.04141
-7.26854
-9.9556
-14.145
-17.1189
-25.5281
-29.8764
-25.9786
-21.0545
-16.7393
-11.0002
-6.92972
-2.97456
0.335606
2.71323
4.82369
5.98351
6.98773
7.34649
7.28762
8.35069
0.0163507
0.0462711
0.0764935
0.105811
0.134786
0.163465
0.191885
0.220253
0.248581
0.277024
0.305613
0.334432
0.363483
0.392752
0.422138
0.451457
0.480398
0.508502
0.53515
0.559585
0.580978
0.598551
0.611735
0.620319
0.624566
0.625297
0.623973
0.622686
0.623874
0.629541
0.640032
0.653014
0.663875
0.668377
0.665941
0.662705
0.676804
0.732082
0.822232
0.910043
0.979214
1.01351
1.00839
0.967111
0.891361
0.783664
0.647643
0.494455
0.34785
0.228364
0.118735
-0.0117477
-0.18747
-0.450423
-0.848071
-1.44398
-2.32
-3.57085
-5.33854
-7.73149
-10.7423
-15.1022
-18.6688
-28.0082
-33.2061
-28.3406
-22.7189
-17.931
-11.5913
-7.23999
-3.02181
0.439835
2.92929
5.10565
6.31846
7.32087
7.67368
7.59781
8.65878
0.0166273
0.0479568
0.0789709
0.109421
0.139324
0.16903
0.198407
0.22776
0.257052
0.286473
0.316042
0.34586
0.375929
0.406244
0.436706
0.467134
0.497207
0.526453
0.554218
0.579698
0.601998
0.620274
0.633895
0.642612
0.646676
0.646937
0.644941
0.642959
0.643702
0.649462
0.660697
0.674788
0.686395
0.690441
0.685724
0.678317
0.688744
0.744751
0.83754
0.922924
0.985065
1.01073
1.00032
0.957478
0.881444
0.771916
0.630393
0.468581
0.315157
0.196001
0.0909112
-0.0345423
-0.206441
-0.470536
-0.877991
-1.49766
-2.41791
-3.74385
-5.62889
-8.19138
-11.5295
-16.0193
-20.6423
-30.5652
-36.9882
-30.9038
-24.4967
-19.1947
-12.2035
-7.55747
-3.06063
0.555076
3.15746
5.39871
6.66413
7.65987
8.0115
7.94614
8.95887
0.0168893
0.0496517
0.0814351
0.113017
0.143834
0.174558
0.20488
0.235207
0.265452
0.295839
0.326378
0.357183
0.388261
0.419615
0.45115
0.482685
0.513898
0.544296
0.573197
0.599741
0.622968
0.641958
0.656017
0.664849
0.668693
0.668421
0.665666
0.662889
0.663104
0.668939
0.680998
0.696355
0.708848
0.712427
0.705101
0.692587
0.69802
0.75363
0.847132
0.926265
0.979087
0.997474
0.985117
0.943749
0.869561
0.759388
0.612651
0.441928
0.281826
0.164349
0.0653474
-0.0537374
-0.220738
-0.485299
-0.902362
-1.54598
-2.51072
-3.91136
-5.91191
-8.64876
-12.3085
-16.967
-23.194
-33.2026
-41.3228
-33.6856
-26.3915
-20.5291
-12.8349
-7.88118
-3.09026
0.681849
3.39784
5.70297
7.02021
8.00486
8.35807
8.27309
9.19435
0.0171365
0.0513565
0.0838867
0.1166
0.148316
0.18005
0.211304
0.242594
0.273779
0.30512
0.336617
0.3684
0.400477
0.432861
0.465463
0.498107
0.530464
0.562028
0.592081
0.619712
0.643887
0.663606
0.678103
0.687034
0.690619
0.689747
0.68614
0.682458
0.682053
0.687941
0.700914
0.717718
0.73126
0.734367
0.724024
0.705173
0.70401
0.757813
0.848854
0.917571
0.961107
0.975534
0.96483
0.927543
0.856892
0.746914
0.594959
0.414777
0.248067
0.133816
0.0426314
-0.068632
-0.229706
-0.494307
-0.921268
-1.58965
-2.59965
-4.07486
-6.18974
-9.10608
-13.0759
-18.0223
-26.3223
-35.7985
-46.2551
-36.7041
-28.4056
-21.9315
-13.4828
-8.20926
-3.10964
0.820769
3.65046
6.01834
7.38629
8.3558
8.71477
8.61609
9.50222
0.0173683
0.0530718
0.0863259
0.120169
0.15277
0.185505
0.217679
0.24992
0.282032
0.314315
0.346758
0.379506
0.412571
0.445978
0.479642
0.513394
0.5469
0.579642
0.610868
0.639609
0.664755
0.685219
0.700156
0.709171
0.712457
0.710918
0.706356
0.701647
0.700517
0.70643
0.720417
0.738874
0.753654
0.756261
0.74233
0.715579
0.706284
0.756067
0.839907
0.895584
0.932793
0.947341
0.941399
0.910216
0.844376
0.735125
0.577671
0.387212
0.213922
0.104712
0.0232808
-0.0786498
-0.233009
-0.497798
-0.935857
-1.63085
-2.68783
-4.23813
-6.46726
-9.56792
-13.8356
-19.2309
-29.6433
-38.2685
-51.8375
-39.9727
-30.539
-23.3979
-14.1436
-8.53897
-3.11728
0.972611
3.91531
6.34458
7.76191
8.71303
9.08072
8.94982
9.73612
0.0175842
0.0547984
0.0887531
0.123724
0.157196
0.190922
0.224002
0.257182
0.290209
0.323421
0.356796
0.390497
0.424539
0.458959
0.49368
0.528538
0.5632
0.597133
0.629552
0.65943
0.685573
0.7068
0.722182
0.731264
0.734211
0.731932
0.726308
0.720436
0.718461
0.724365
0.739477
0.759816
0.776031
0.778023
0.75962
0.723346
0.704703
0.746149
0.817804
0.861266
0.896971
0.915237
0.916425
0.892831
0.832733
0.724495
0.560997
0.359151
0.17929
0.0772686
0.00771751
-0.0834578
-0.230881
-0.497039
-0.948781
-1.67367
-2.78052
-4.40714
-6.75146
-10.0405
-14.5974
-20.5988
-32.7051
-40.7946
-58.2456
-43.4913
-32.7885
-24.9237
-14.8129
-8.86658
-3.1112
1.1384
4.19242
6.68127
8.14648
9.07671
9.45565
9.27854
10.0289
0.0177835
0.056537
0.0911683
0.127266
0.161594
0.196301
0.230274
0.26438
0.298308
0.332435
0.366729
0.40137
0.436377
0.4718
0.507571
0.543534
0.579357
0.614495
0.64813
0.679172
0.706339
0.728349
0.744182
0.753318
0.755886
0.752791
0.745987
0.738804
0.735847
0.741699
0.758052
0.78052
0.798339
0.799351
0.775224
0.728432
0.698604
0.724759
0.781955
0.817483
0.856535
0.88111
0.891136
0.87619
0.822525
0.715394
0.545042
0.330368
0.143944
0.0516338
-0.00380859
-0.0831738
-0.224485
-0.494759
-0.964578
-1.72424
-2.88481
-4.58926
-7.05026
-10.5305
-15.3735
-22.1224
-35.4779
-43.6846
-65.4207
-47.2491
-35.1448
-26.5023
-15.4855
-9.18743
-3.08889
1.31951
4.48183
7.02781
8.53934
9.44715
9.83973
9.64131
10.3192
0.0179654
0.0582883
0.0935717
0.130794
0.165963
0.20164
0.236493
0.271512
0.306326
0.341355
0.376553
0.41212
0.44808
0.484495
0.521308
0.558374
0.595363
0.63172
0.666594
0.69883
0.727053
0.749869
0.76616
0.775337
0.777485
0.773496
0.765388
0.75673
0.752635
0.758376
0.77609
0.800929
0.820387
0.819545
0.788521
0.731304
0.686196
0.690124
0.734832
0.767634
0.813848
0.846361
0.866424
0.860906
0.814221
0.708147
0.529846
0.300502
0.107523
0.0278324
-0.011365
-0.0786784
-0.216347
-0.495542
-0.989847
-1.79046
-3.0087
-4.79207
-7.37114
-11.0439
-16.1756
-23.7956
-38.0318
-47.264
-73.2054
-51.2466
-37.5938
-28.1259
-16.1554
-9.49594
-3.04737
1.51771
4.78377
7.38347
8.93968
9.82449
10.2304
9.98388
10.5473
0.0181289
0.0600529
0.0959631
0.134309
0.170303
0.206939
0.242658
0.278575
0.314262
0.350177
0.386265
0.422743
0.459641
0.497037
0.534884
0.573049
0.611209
0.6488
0.684938
0.718402
0.747713
0.771361
0.78812
0.797325
0.799013
0.794051
0.784505
0.774189
0.768776
0.774331
0.793517
0.82091
0.841665
0.837454
0.79937
0.731707
0.662809
0.638012
0.680114
0.71503
0.770323
0.811979
0.842948
0.847479
0.808268
0.703085
0.515411
0.269055
0.0695239
0.00569035
-0.01557
-0.0720191
-0.210769
-0.506049
-1.03296
-1.88087
-3.15963
-5.02194
-7.71994
-11.585
-17.0145
-25.6079
-40.4295
-51.709
-81.4672
-55.4838
-40.1177
-29.7839
-16.8157
-9.78574
-2.98328
1.73527
5.09865
7.74741
9.34657
10.2085
10.6276
10.316
10.8501
0.0182732
0.0618316
0.0983424
0.13781
0.174613
0.212198
0.248767
0.285568
0.322112
0.358898
0.39586
0.433234
0.471057
0.50942
0.548292
0.587553
0.626887
0.665727
0.703155
0.73788
0.768317
0.792825
0.810064
0.819288
0.820477
0.814459
0.803333
0.791156
0.784217
0.789484
0.810215
0.840144
0.861156
0.851865
0.807148
0.725434
0.618755
0.573858
0.618527
0.661028
0.72706
0.778499
0.8212
0.836399
0.805148
0.70059
0.501715
0.235379
0.0292666
-0.0152964
-0.017925
-0.0668418
-0.214117
-0.534854
-1.10304
-2.00308
-3.34303
-5.28307
-8.10003
-12.156
-17.8992
-27.546
-42.7122
-57.0822
-90.0088
-59.9376
-42.6932
-31.4629
-17.4589
-10.0499
-2.89297
1.97493
5.42725
8.11871
9.75902
10.5991
11.0316
10.6842
11.1554
0.0183969
0.063625
0.100709
0.141296
0.178893
0.217413
0.254818
0.292489
0.329874
0.367515
0.405334
0.443588
0.48232
0.521637
0.561523
0.601874
0.642388
0.682491
0.721236
0.757261
0.788863
0.814262
0.831996
0.84123
0.841882
0.834725
0.821866
0.807605
0.798897
0.803728
0.825977
0.857941
0.877407
0.861921
0.810051
0.706093
0.557155
0.507604
0.552113
0.607088
0.684605
0.746495
0.801654
0.828182
0.805426
0.701124
0.488729
0.198668
-0.0141382
-0.0361668
-0.0212118
-0.0687458
-0.23485
-0.591601
-1.20816
-2.16202
-3.56138
-5.57689
-8.5118
-12.7565
-18.8358
-29.5863
-44.8972
-63.3797
-98.5408
-64.5601
-45.2895
-33.1457
-18.0769
-10.2812
-2.77253
2.23984
5.77077
8.49646
10.1759
10.996
11.4385
11.0269
11.3963
0.018499
0.0654338
0.103064
0.144768
0.183141
0.222585
0.26081
0.299335
0.337545
0.376023
0.414684
0.4538
0.493424
0.533681
0.574569
0.616005
0.657699
0.699081
0.739173
0.776536
0.809346
0.835672
0.853916
0.863154
0.863234
0.854853
0.840099
0.823502
0.812736
0.816917
0.840394
0.873101
0.88939
0.868755
0.80844
0.664755
0.490385
0.441294
0.483217
0.554749
0.643378
0.716509
0.784865
0.823449
0.809769
0.705264
0.476433
0.157949
-0.0618541
-0.0587654
-0.0298611
-0.0854938
-0.283
-0.6852
-1.35335
-2.35892
-3.81392
-5.90186
-8.95241
-13.3832
-19.8253
-31.6902
-47.0013
-70.6309
-106.81
-69.3027
-47.8651
-34.8106
-18.6615
-10.4721
-2.61784
2.53347
6.13096
8.87983
10.5959
11.3982
11.8486
11.3804
11.7154
0.0185781
0.0672586
0.105405
0.148224
0.187357
0.227711
0.26674
0.306104
0.345122
0.384421
0.423904
0.463865
0.504364
0.545543
0.58742
0.629933
0.67281
0.715485
0.756953
0.795699
0.829763
0.857053
0.875827
0.885066
0.88454
0.87485
0.858027
0.83881
0.825639
0.828814
0.8527
0.884325
0.897847
0.876106
0.79295
0.611017
0.422187
0.37396
0.412812
0.504188
0.603867
0.689188
0.77142
0.822902
0.818982
0.713731
0.464831
0.112071
-0.115403
-0.085983
-0.0502577
-0.126967
-0.368635
-0.821396
-1.53916
-2.59116
-4.09676
-6.25329
-9.41531
-14.0287
-20.8592
-33.8019
-49.0713
-78.9131
-114.525
-74.1026
-50.3701
-36.4321
-19.2046
-10.6146
-2.42464
2.85946
6.51015
9.26816
11.0178
11.8049
12.2595
11.7196
11.9831
0.0186328
0.0691003
0.107732
0.151664
0.191538
0.23279
0.272607
0.312792
0.352601
0.392702
0.43299
0.473777
0.515132
0.557216
0.600067
0.643648
0.687708
0.731691
0.774567
0.814739
0.850108
0.878403
0.89773
0.906968
0.905806
0.89472
0.87564
0.853477
0.837469
0.838998
0.861777
0.891133
0.904084
0.880435
0.760085
0.556432
0.351212
0.307882
0.342959
0.456347
0.566546
0.665118
0.761968
0.827348
0.834016
0.727435
0.453974
0.059673
-0.176677
-0.121859
-0.0911518
-0.20432
-0.499131
-1.00082
-1.76165
-2.8528
-4.40306
-6.623
-9.88953
-14.6797
-21.9164
-35.8545
-51.1752
-88.0879
-121.071
-78.8773
-52.7496
-37.9806
-19.6988
-10.7009
-2.18862
3.22142
6.91125
9.66106
11.44
12.2147
12.6696
12.0476
12.3153
0.0186617
0.0709593
0.110045
0.155086
0.195685
0.23782
0.278408
0.319398
0.35998
0.400864
0.441937
0.48353
0.52572
0.568691
0.6125
0.657137
0.70238
0.747684
0.791999
0.833648
0.870375
0.89972
0.919623
0.928862
0.927035
0.914465
0.892919
0.867435
0.848016
0.846793
0.866886
0.895639
0.912358
0.868422
0.722899
0.500307
0.277714
0.243972
0.274618
0.411637
0.531994
0.644962
0.757219
0.837705
0.856006
0.747518
0.443922
-0.000858186
-0.247602
-0.171852
-0.164068
-0.327442
-0.676306
-1.21866
-2.01321
-3.13512
-4.72297
-6.99881
-10.3588
-15.3155
-22.9613
-37.7766
-53.3524
-97.5373
-126.33
-83.5548
-54.9473
-39.425
-20.1363
-10.7225
-1.90555
3.62285
7.33765
10.0586
11.8612
12.6262
13.0769
12.4001
12.6421
0.018663
0.0728365
0.112343
0.158491
0.199795
0.242799
0.284141
0.325917
0.367253
0.408901
0.450739
0.493117
0.536123
0.579959
0.624707
0.670388
0.71681
0.763449
0.809237
0.852412
0.890557
0.921
0.941506
0.950749
0.948229
0.934079
0.909833
0.880577
0.856935
0.851453
0.868561
0.90041
0.917256
0.843323
0.687565
0.4408
0.203483
0.18241
0.209634
0.37065
0.500793
0.62942
0.757963
0.855011
0.886295
0.77539
0.434582
-0.071211
-0.329218
-0.244183
-0.282294
-0.50093
-0.895263
-1.46584
-2.28364
-3.42694
-5.04329
-7.36375
-10.8005
-15.9062
-23.9446
-39.4968
-55.6052
-106.621
-130.231
-88.0152
-56.9023
-40.7343
-20.5062
-10.6716
-1.57137
4.06699
7.79307
10.4612
12.2796
13.0375
13.4769
12.7272
12.9471
0.018635
0.0747325
0.114626
0.161876
0.203867
0.247724
0.289803
0.332347
0.374418
0.41681
0.459392
0.502533
0.546331
0.59101
0.636678
0.683388
0.730984
0.778969
0.826263
0.871019
0.910643
0.942236
0.963373
0.972623
0.96938
0.953542
0.926322
0.892737
0.863765
0.852938
0.869753
0.909153
0.907446
0.818874
0.651579
0.379061
0.129654
0.122356
0.149375
0.333892
0.473681
0.619218
0.765055
0.880427
0.926469
0.812684
0.425203
-0.151996
-0.421359
-0.352101
-0.45656
-0.721051
-1.14573
-1.73079
-2.56084
-3.71453
-5.34712
-7.69585
-11.1859
-16.4136
-24.8071
-40.9464
-57.8936
-114.931
-132.879
-92.131
-58.5778
-41.879
-20.7969
-10.542
-1.18229
4.55669
8.28129
10.8701
12.6937
13.4462
13.8677
13.0316
13.3291
0.018576
0.0766481
0.116891
0.165241
0.207899
0.252594
0.29539
0.338684
0.381471
0.424585
0.467889
0.51177
0.556337
0.601836
0.6484
0.696121
0.744884
0.794225
0.843059
0.889453
0.930624
0.963421
0.985217
0.994473
0.990466
0.972808
0.942283
0.903659
0.8682
0.852458
0.873145
0.916234
0.889153
0.797522
0.613682
0.316948
0.0571211
0.0625369
0.0953935
0.30167
0.451423
0.615114
0.779411
0.915237
0.978381
0.860894
0.413631
-0.239996
-0.526628
-0.513695
-0.688628
-0.97635
-1.41469
-2.00058
-2.83103
-3.98157
-5.61398
-7.96883
-11.4816
-16.7943
-25.4866
-42.0657
-60.1451
-122.224
-134.325
-95.8514
-59.9449
-42.8135
-21.0012
-10.3294
-0.734828
5.09444
8.80593
11.2872
13.1021
13.8494
14.2456
13.3651
13.6798
0.0184841
0.0785839
0.11914
0.168585
0.211889
0.257406
0.300901
0.344924
0.388406
0.432221
0.476225
0.520821
0.566133
0.612425
0.659862
0.708572
0.758492
0.809197
0.859606
0.907698
0.950486
0.984545
1.00702
1.01627
1.01144
0.991784
0.957542
0.913094
0.870747
0.853109
0.882339
0.912188
0.873659
0.776321
0.575219
0.255786
-0.0128649
0.000553257
0.0489072
0.274467
0.434833
0.617866
0.802007
0.96086
1.0441
0.920214
0.396803
-0.324767
-0.65685
-0.744399
-0.968069
-1.2514
-1.68832
-2.26148
-3.07895
-4.2097
-5.82119
-8.15479
-11.6539
-17.0065
-25.9275
-42.8094
-62.2578
-128.09
-134.461
-99.0545
-60.9493
-43.5111
-21.1126
-10.0302
-0.225922
5.68231
9.37011
11.7147
13.5035
14.2448
14.6052
13.659
14.0533
0.018357
0.0805408
0.121369
0.171905
0.215836
0.262157
0.306332
0.351064
0.39522
0.439714
0.484393
0.529681
0.575709
0.622768
0.671049
0.720726
0.771788
0.823864
0.87588
0.925733
0.970213
1.00559
1.02877
1.03798
1.03221
1.01031
0.97186
0.921036
0.87295
0.857406
0.894433
0.902006
0.862015
0.754512
0.537593
0.196852
-0.0780803
-0.0661465
0.0107945
0.25253
0.424772
0.628244
0.833867
1.01884
1.12551
0.986972
0.374019
-0.392178
-0.833754
-1.0461
-1.27645
-1.53064
-1.95271
-2.49935
-3.2886
-4.38015
-5.94701
-8.22903
-11.6754
-17.0186
-26.0922
-43.1559
-64.1121
-132.103
-133.279
-101.47
-61.5709
-43.9606
-21.1245
-9.64158
0.347007
6.32206
9.9763
12.1557
13.897
14.6284
14.9422
13.9617
14.4144
0.0181927
0.0825196
0.12358
0.175201
0.219736
0.266845
0.31168
0.3571
0.401909
0.447058
0.492388
0.53834
0.585058
0.632854
0.681949
0.732565
0.784752
0.8382
0.891858
0.943536
0.989786
1.02653
1.0504
1.0595
1.05262
1.02814
0.985032
0.928123
0.877245
0.867663
0.90138
0.89506
0.851652
0.733196
0.501561
0.141944
-0.134588
-0.136504
-0.0180413
0.236252
0.42207
0.647017
0.876057
1.09078
1.223
1.05079
0.349632
-0.454155
-1.13232
-1.39956
-1.59139
-1.80101
-2.19435
-2.70039
-3.4449
-4.4769
-5.97527
-8.17618
-11.5324
-16.8183
-25.9707
-43.1153
-65.6085
-134.036
-130.787
-102.921
-61.8167
-44.1524
-21.0323
-9.16177
0.985956
7.01527
10.6261
12.6133
14.2827
14.9975
15.2524
14.2508
14.7734
0.0179889
0.0845209
0.125769
0.17847
0.223588
0.271466
0.31694
0.363028
0.408466
0.454246
0.500203
0.546792
0.59417
0.64267
0.692548
0.744072
0.797361
0.85218
0.907511
0.961081
1.00918
1.04734
1.07186
1.08068
1.07241
1.04496
0.997052
0.935574
0.885553
0.883795
0.903037
0.892426
0.841779
0.713368
0.467639
0.0930132
-0.1782
-0.206518
-0.0368296
0.22604
0.427564
0.67493
0.929655
1.17814
1.3324
1.09532
0.335646
-0.548345
-1.57754
-1.78002
-1.9043
-2.04911
-2.40163
-2.85279
-3.53651
-4.49055
-5.89996
-7.99509
-11.2299
-16.4173
-25.5834
-42.7263
-66.6734
-134.079
-127.394
-103.339
-61.7129
-44.0817
-20.8341
-8.59016
1.69227
7.76338
11.3202
13.0907
14.6612
15.3477
15.5309
14.5041
15.1317
0.017743
0.0865457
0.127937
0.181712
0.227389
0.276017
0.32211
0.368843
0.414888
0.461275
0.507831
0.555029
0.603036
0.652207
0.70283
0.755227
0.809591
0.865775
0.922807
0.978335
1.02835
1.06793
1.093
1.1013
1.09124
1.06045
1.00825
0.94463
0.898127
0.901077
0.906027
0.892014
0.833012
0.695481
0.436351
0.0517841
-0.205336
-0.270277
-0.0449397
0.222446
0.44198
0.712693
0.995736
1.28144
1.44127
1.1125
0.356724
-0.790097
-2.06649
-2.16808
-2.19171
-2.26591
-2.56504
-2.9493
-3.55868
-4.42104
-5.72717
-7.69941
-10.7906
-15.8491
-24.976
-42.0486
-67.2673
-132.46
-123.395
-102.714
-61.2914
-43.7509
-20.5309
-7.92764
2.46664
8.5677
12.0583
13.5907
15.0346
15.6769
15.7734
14.8219
15.4804
0.0174525
0.0885946
0.130081
0.184923
0.231137
0.280495
0.327185
0.37454
0.421169
0.468137
0.515266
0.563042
0.611646
0.661452
0.712781
0.76601
0.821417
0.878953
0.937712
0.995257
1.04725
1.08823
1.11364
1.12101
1.10867
1.07443
1.01924
0.956259
0.914901
0.915564
0.912495
0.892794
0.825975
0.679781
0.408207
0.0193894
-0.214672
-0.320359
-0.0424622
0.226206
0.465937
0.760941
1.07523
1.39803
1.52923
1.12068
0.42087
-1.25427
-2.51597
-2.57453
-2.43364
-2.44672
-2.67962
-2.98871
-3.51456
-4.27729
-5.47263
-7.31308
-10.2488
-15.1607
-24.2081
-41.1484
-67.3818
-129.385
-118.809
-101.099
-60.5787
-43.1711
-20.1265
-7.17699
3.30911
9.4294
12.8397
14.1154
15.4057
15.9794
15.9677
15.0557
15.5567
0.0171148
0.0906683
0.1322
0.188102
0.234828
0.284896
0.332161
0.380115
0.427303
0.474826
0.522499
0.570824
0.61999
0.670392
0.722385
0.776402
0.832812
0.891681
0.952182
1.0118
1.06578
1.10805
1.13347
1.13937
1.12426
1.08687
1.03042
0.970325
0.934688
0.928833
0.921178
0.894738
0.820897
0.666526
0.383636
-0.00386154
-0.209869
-0.350459
-0.0297487
0.238048
0.499867
0.820214
1.16856
1.51886
1.57798
1.14694
0.40888
-1.81324
-2.90935
-2.99376
-2.62461
-2.59063
-2.7457
-2.97601
-3.41331
-4.07344
-5.15611
-6.86327
-9.64216
-14.4032
-23.3401
-40.0841
-67.0277
-125.162
-113.756
-98.6219
-59.6039
-42.3655
-19.6266
-6.34303
4.21911
10.3493
13.6625
14.666
15.7803
16.2576
16.1239
15.3546
15.9816
0.0167268
0.0927674
0.134292
0.191246
0.238459
0.289216
0.337034
0.385562
0.433285
0.481335
0.529525
0.578366
0.628058
0.679017
0.731627
0.786381
0.843746
0.903919
0.966167
1.02788
1.08383
1.12716
1.15207
1.15587
1.13769
1.09785
1.04187
0.985945
0.9548
0.94297
0.9309
0.89802
0.81784
0.65595
0.363096
-0.0180465
-0.199768
-0.355758
-0.00807637
0.258785
0.543965
0.890887
1.27457
1.6272
1.59628
1.24863
0.163967
-2.34457
-3.23653
-3.39481
-2.767
-2.70052
-2.76861
-2.92006
-3.26644
-3.82404
-4.79621
-6.3751
-9.00613
-13.6234
-22.4226
-38.8981
-66.2329
-120.151
-108.461
-95.4641
-58.4057
-41.3674
-19.0364
-5.43266
5.19535
11.328
14.5248
15.2427
16.1626
16.5015
16.189
15.6899
13.455
0.0162856
0.0948924
0.136356
0.194352
0.242028
0.293451
0.341799
0.390877
0.439109
0.487659
0.536334
0.585659
0.635841
0.687312
0.740489
0.795925
0.854189
0.915622
0.979601
1.04339
1.1012
1.1452
1.16896
1.17002
1.1487
1.10737
1.05339
1.00227
0.973506
0.957944
0.941192
0.902625
0.81683
0.648235
0.347323
-0.0229438
-0.199068
-0.334439
0.0210615
0.288952
0.598177
0.972974
1.38829
1.70117
1.59949
1.38368
-0.260247
-2.84021
-3.49042
-3.74045
-2.87079
-2.78077
-2.75615
-2.83015
-3.0842
-3.54093
-4.40806
-5.86973
-8.37137
-12.859
-21.4898
-37.6148
-65.0396
-114.679
-103.146
-91.8201
-57.0264
-40.2136
-18.3605
-4.45474
6.23546
12.3653
15.4238
15.8439
16.5666
16.7165
16.2061
15.6813
10.8062
0.0157882
0.0970435
0.13839
0.197417
0.24553
0.297597
0.346451
0.396053
0.444768
0.49379
0.542921
0.592694
0.643327
0.695266
0.748957
0.80501
0.864105
0.92674
0.9924
1.05819
1.11759
1.16172
1.18359
1.18141
1.15718
1.11548
1.06472
1.01869
0.990971
0.973042
0.951871
0.908411
0.817869
0.643544
0.337812
-0.0153182
-0.21867
-0.290281
0.0563637
0.328686
0.66219
1.06576
1.49937
1.73121
1.62656
1.39396
-0.695059
-3.3246
-3.69168
-4.00055
-2.94702
-2.83532
-2.71551
-2.71337
-2.87369
-3.23271
-4.00372
-5.36521
-7.76344
-12.1354
-20.5576
-36.2437
-63.4995
-108.987
-97.9088
-87.8691
-55.5056
-38.9392
-17.6049
-3.41959
7.33575
13.4607
16.3563
16.4652
16.9951
16.8411
16.2629
14.9131
8.53013
0.0152313
0.0992208
0.140391
0.200439
0.248961
0.301649
0.350984
0.401085
0.450256
0.49972
0.549275
0.599463
0.650506
0.702866
0.757012
0.813612
0.873458
0.937208
1.00445
1.07205
1.13262
1.17621
1.19551
1.18983
1.16318
1.1222
1.07553
1.03455
1.00761
0.987775
0.962777
0.915222
0.820906
0.642028
0.336926
0.0115998
-0.251299
-0.230392
0.0966788
0.377673
0.735341
1.16682
1.59242
1.73372
1.72135
1.1845
-1.08342
-3.80101
-3.8943
-4.16601
-3.00439
-2.86633
-2.6516
-2.57364
-2.63924
-2.90617
-3.59391
-4.87792
-7.20216
-11.4644
-19.6262
-34.7853
-61.6682
-103.259
-92.7924
-83.768
-53.88
-37.5771
-16.7778
-2.33783
8.49088
14.6126
17.3178
17.1066
17.4838
16.8818
16.1346
14.522
10.6097
0.0146116
0.101424
0.142356
0.203412
0.252318
0.305601
0.355394
0.405966
0.455567
0.505443
0.55539
0.605955
0.657369
0.710098
0.764638
0.821706
0.882205
0.946951
1.0156
1.08469
1.14585
1.18814
1.2042
1.19493
1.16678
1.12786
1.08582
1.04941
1.02339
1.0019
0.973724
0.922905
0.8258
0.643662
0.346355
0.0583305
-0.272886
-0.162487
0.141762
0.434966
0.816544
1.27047
1.6515
1.72924
1.83144
0.878778
-1.44621
-4.24976
-4.16392
-4.25198
-3.04859
-2.87435
-2.56678
-2.41244
-2.38394
-2.56815
-3.18934
-4.42326
-6.70011
-10.8443
-18.6855
-33.2382
-59.5982
-97.6417
-87.8367
-79.6514
-52.1843
-36.1561
-15.8889
-1.21944
9.69386
15.8193
18.3041
17.7752
18.0746
16.9444
15.9582
14.5609
12.7824
0.0139261
0.103653
0.144285
0.206334
0.255595
0.309448
0.359674
0.410691
0.460692
0.510951
0.561256
0.612163
0.663903
0.716951
0.771817
0.829265
0.890297
0.955869
1.02565
1.09573
1.15677
1.19707
1.2097
1.19751
1.16884
1.13263
1.09538
1.06312
1.03817
1.0153
0.984544
0.931298
0.832272
0.648103
0.365321
0.107519
-0.258188
-0.0927246
0.19189
0.499125
0.903993
1.36715
1.67485
1.75309
1.82812
0.607169
-1.80197
-4.63211
-4.52325
-4.28388
-3.08265
-2.85898
-2.46179
-2.23027
-2.11158
-2.22675
-2.80136
-4.01494
-6.2609
-10.2636
-17.7229
-31.6043
-57.3341
-92.235
-83.0679
-75.6268
-50.4485
-34.6991
-14.9474
-0.0735866
10.9362
17.077
19.3062
18.4782
18.7924
17.1983
16.2572
15.6512
16.8009
0.0131715
0.105906
0.146173
0.2092
0.258788
0.313186
0.363818
0.415252
0.465626
0.516236
0.566866
0.618075
0.670098
0.72341
0.778531
0.836257
0.897678
0.963843
1.03435
1.10481
1.165
1.20272
1.21163
1.19684
1.1695
1.13711
1.10447
1.07574
1.05185
1.02788
0.995122
0.940246
0.840025
0.655547
0.392923
0.130006
-0.198936
-0.0237789
0.246936
0.568377
0.994419
1.44472
1.67985
1.83158
1.6669
0.386405
-2.14464
-4.90408
-4.93799
-4.27913
-3.10684
-2.81946
-2.33673
-2.02812
-1.82809
-1.89132
-2.44197
-3.66303
-5.8789
-9.70628
-16.7305
-29.892
-54.911
-87.1098
-78.5316
-71.7748
-48.6944
-33.2223
-13.9614
1.09106
12.208
18.3805
20.3128
19.1837
19.2499
18.1606
17.6727
17.4558
23.0264
0.0123448
0.108182
0.148017
0.212005
0.261892
0.316807
0.367821
0.419643
0.47036
0.521289
0.57221
0.623684
0.675943
0.729463
0.78476
0.842653
0.904281
0.970727
1.04143
1.11159
1.17013
1.20461
1.21019
1.19494
1.16974
1.14111
1.11287
1.08742
1.06452
1.03967
1.00539
0.94961
0.848902
0.667978
0.432776
0.121802
-0.111303
0.0441274
0.305963
0.640662
1.08219
1.4935
1.68418
1.91532
1.46393
0.185337
-2.46041
-5.03639
-5.34006
-4.24367
-3.11904
-2.75508
-2.19184
-1.80866
-1.54199
-1.57177
-2.12349
-3.37156
-5.54164
-9.15834
-15.7101
-28.1173
-52.3528
-82.2997
-74.2867
-68.1484
-46.9363
-31.736
-12.9376
2.26615
13.4988
19.7219
21.301
19.8285
19.4704
19.7348
19.7978
20.2124
31.6429
0.0114432
0.11048
0.149815
0.214745
0.264902
0.320306
0.371674
0.423856
0.474888
0.526104
0.57728
0.628978
0.681428
0.735095
0.790487
0.848418
0.910035
0.97637
1.04667
1.11581
1.1722
1.20334
1.20711
1.19303
1.17024
1.14513
1.12079
1.09818
1.07617
1.05061
1.01526
0.959161
0.858734
0.688021
0.478964
0.11785
-0.0196892
0.111392
0.367177
0.713481
1.15937
1.51744
1.7153
1.91285
1.30906
-0.0174473
-2.74389
-5.02311
-5.65779
-4.1761
-3.11518
-2.66543
-2.02796
-1.57724
-1.26347
-1.2779
-1.85715
-3.13715
-5.23442
-8.61338
-14.6749
-26.3027
-49.6724
-77.7831
-70.34
-64.7725
-45.1832
-30.2457
-11.8817
3.44462
14.7988
21.0875
22.235
20.3385
19.5938
21.3338
22.1121
23.8063
36.6041
0.0104641
0.112798
0.151564
0.217414
0.267813
0.323677
0.375373
0.427884
0.479201
0.53067
0.582066
0.633947
0.68654
0.740293
0.795691
0.853518
0.914873
0.980664
1.04999
1.11767
1.17204
1.19998
1.20398
1.19135
1.17079
1.14891
1.12806
1.10802
1.08681
1.06069
1.02462
0.968501
0.869399
0.715055
0.50313
0.155354
0.0647462
0.178345
0.42835
0.783296
1.21746
1.53191
1.78403
1.81463
1.20203
-0.223293
-3.00109
-4.89164
-5.85472
-4.07339
-3.09075
-2.55044
-1.84698
-1.34236
-1.00231
-1.01951
-1.65053
-2.94978
-4.94548
-8.07457
-13.648
-24.4751
-46.8757
-73.4925
-66.6553
-61.6447
-43.4398
-28.7538
-10.7984
4.62021
16.0942
22.459
23.105
20.7049
19.5588
22.5926
24.3881
27.5931
37.0556
0.00940548
0.115131
0.15326
0.220006
0.270618
0.326913
0.37891
0.431721
0.483291
0.534981
0.586559
0.638583
0.691269
0.745044
0.800356
0.857929
0.918762
0.983649
1.05175
1.11831
1.16969
1.19615
1.20114
1.18997
1.17165
1.15262
1.13477
1.11691
1.09638
1.06981
1.03327
0.977307
0.882929
0.748914
0.501125
0.226285
0.142607
0.244229
0.487251
0.844933
1.25203
1.54939
1.84485
1.71054
1.11528
-0.423563
-3.24218
-4.68787
-5.92207
-3.93741
-3.04161
-2.41053
-1.65272
-1.11517
-0.765573
-0.806773
-1.50462
-2.79615
-4.66933
-7.55325
-12.6572
-22.6639
-43.9683
-69.3435
-63.2004
-58.7386
-41.7081
-27.2596
-9.68985
5.79113
17.3806
23.8157
23.8566
20.8525
19.3441
23.5227
26.6571
31.318
36.4715
0.00826581
0.117478
0.154898
0.222515
0.273311
0.330006
0.382277
0.435358
0.48715
0.539026
0.590751
0.642874
0.695602
0.749336
0.80447
0.861646
0.921747
0.985546
1.05257
1.11811
1.16604
1.19269
1.1986
1.18899
1.17275
1.15616
1.14086
1.12483
1.10482
1.07783
1.04083
0.985413
0.901234
0.773897
0.508952
0.301174
0.216999
0.307293
0.541572
0.892257
1.27068
1.58947
1.83903
1.65013
1.03539
-0.60954
-3.47468
-4.46645
-5.86295
-3.773
-2.96443
-2.24699
-1.45207
-0.906889
-0.55728
-0.649481
-1.41231
-2.66412
-4.40719
-7.0649
-11.7303
-20.8993
-40.9626
-65.2631
-59.9318
-56.0036
-39.9829
-25.7547
-8.54759
6.96458
18.6363
25.0636
24.5155
20.7266
19.2949
24.4926
29.1058
34.3665
36.8881
0.00704432
0.119832
0.156477
0.224936
0.275887
0.332951
0.385468
0.438787
0.490771
0.542799
0.594631
0.646811
0.699531
0.75316
0.808035
0.864706
0.923989
0.986804
1.05333
1.11649
1.16252
1.18965
1.19647
1.1885
1.17413
1.1596
1.14632
1.1317
1.11199
1.08446
1.04689
0.994327
0.924481
0.777208
0.548583
0.369921
0.289111
0.365974
0.588178
0.920219
1.28406
1.64575
1.78626
1.62274
0.964601
-0.774648
-3.6985
-4.28654
-5.69575
-3.58704
-2.85723
-2.06249
-1.25593
-0.724489
-0.381232
-0.553782
-1.35996
-2.54602
-4.16484
-6.6241
-10.8893
-19.2124
-37.8813
-61.2151
-56.7594
-53.3756
-38.2467
-24.2146
-7.35323
8.13402
19.8069
26.1825
25.0947
20.8124
19.7828
26.1931
31.6306
36.0523
39.7136
0.00574122
0.12219
0.157991
0.227261
0.278339
0.335741
0.388476
0.442002
0.494146
0.54629
0.598192
0.650385
0.703048
0.756515
0.81107
0.867193
0.925705
0.987796
1.05413
1.11407
1.15962
1.18698
1.19484
1.18849
1.17579
1.16291
1.15114
1.13745
1.1177
1.08933
1.0515
1.00653
0.941835
0.781382
0.601113
0.43535
0.357601
0.418962
0.623117
0.929784
1.30321
1.67745
1.74883
1.60675
0.90889
-0.913144
-3.90268
-4.20102
-5.43924
-3.38668
-2.71912
-1.86231
-1.07819
-0.567323
-0.244777
-0.517692
-1.33182
-2.43951
-3.94933
-6.24055
-10.1472
-17.634
-34.7572
-57.2029
-53.5665
-50.8314
-36.4829
-22.611
-6.1052
9.2591
20.8609
27.1742
25.7824
21.8223
21.3956
28.7004
33.9259
36.2738
40.0638
0.00435794
0.124543
0.159437
0.229483
0.28066
0.338367
0.391292
0.444994
0.497266
0.549492
0.601425
0.65359
0.70615
0.759413
0.813621
0.869235
0.927158
0.988902
1.05434
1.1119
1.15722
1.18477
1.19376
1.18895
1.17773
1.16609
1.1553
1.142
1.12173
1.09229
1.05673
1.02287
0.945003
0.807544
0.652604
0.500187
0.421396
0.464699
0.643046
0.930662
1.33923
1.66189
1.74264
1.59466
0.871247
-1.01863
-4.0648
-4.25674
-5.11594
-3.17698
-2.55038
-1.65623
-0.930714
-0.429374
-0.158574
-0.528923
-1.31509
-2.34601
-3.76617
-5.91722
-9.50652
-16.193
-31.6357
-53.2438
-50.4037
-48.4372
-34.6906
-20.9531
-4.85164
10.2868
21.7674
27.936
27.1626
23.8582
23.9665
31.4314
35.7637
36.3828
39.02
0.0028975
0.126885
0.160811
0.231595
0.282844
0.340822
0.39391
0.447756
0.500125
0.552397
0.604325
0.656421
0.708841
0.761874
0.815753
0.870966
0.928541
0.990321
1.05391
1.11033
1.15527
1.18309
1.19321
1.18985
1.1799
1.16913
1.15878
1.14529
1.12402
1.09417
1.06571
1.03476
0.951248
0.844804
0.703352
0.563492
0.479908
0.501177
0.647643
0.931595
1.37798
1.63604
1.75324
1.58943
0.851667
-1.08242
-4.12752
-4.42316
-4.74964
-2.96082
-2.35316
-1.45988
-0.815307
-0.308004
-0.129981
-0.567992
-1.3028
-2.26833
-3.61788
-5.65132
-8.96173
-14.9108
-28.5809
-49.2953
-47.6885
-46.1542
-32.939
-19.3213
-3.67172
11.1882
22.502
28.7976
29.2496
26.4748
26.8094
33.8651
36.9244
37.0564
38.6422
0.0013649
0.129204
0.162108
0.233588
0.284885
0.3431
0.396323
0.450282
0.502716
0.555001
0.606888
0.658881
0.711135
0.763937
0.817546
0.872505
0.929953
0.991807
1.05346
1.10927
1.15377
1.18195
1.19317
1.19115
1.18227
1.17203
1.16162
1.14737
1.125
1.09771
1.07886
1.0383
0.973801
0.883244
0.755399
0.624137
0.53255
0.526936
0.643033
0.943431
1.39148
1.63286
1.76885
1.59515
0.848816
-1.09859
-4.02554
-4.61274
-4.34881
-2.73694
-2.13312
-1.2922
-0.719946
-0.211503
-0.154767
-0.61556
-1.29346
-2.2088
-3.50392
-5.4371
-8.50367
-13.7984
-25.6782
-45.1617
-45.8004
-43.6119
-31.3873
-17.8342
-2.63429
11.9817
23.1913
30.0422
31.7072
29.2601
29.4811
35.7618
37.5372
37.6711
38.3074
-0.00023232
0.131489
0.163324
0.235455
0.286775
0.345194
0.398524
0.452565
0.505034
0.5573
0.609115
0.660978
0.713054
0.76565
0.819073
0.873927
0.931444
0.992975
1.05334
1.1086
1.15275
1.18133
1.19358
1.19281
1.18481
1.17477
1.16384
1.14844
1.12592
1.10551
1.08869
1.04727
1.00388
0.922764
0.80795
0.681527
0.578426
0.542753
0.639114
0.9723
1.38162
1.65021
1.7881
1.61341
0.860667
-1.07179
-3.7368
-4.72791
-3.91364
-2.50179
-1.90265
-1.16539
-0.627694
-0.155399
-0.215298
-0.659204
-1.28857
-2.16825
-3.42139
-5.26843
-8.12425
-12.8579
-23.0316
-40.6248
-44.0665
-40.8804
-30.171
-16.5442
-1.7568
12.7264
24.0411
31.7227
34.4305
32.0176
31.8275
37.1447
37.8178
36.9108
37.8876
-0.00188346
0.133725
0.164455
0.237188
0.288508
0.347097
0.400508
0.454602
0.507076
0.559295
0.611013
0.662731
0.714633
0.767069
0.820405
0.875291
0.933045
0.99386
1.05357
1.10827
1.15218
1.18117
1.19441
1.19476
1.18746
1.17735
1.16557
1.14904
1.12898
1.11742
1.09329
1.06881
1.03537
0.964295
0.859689
0.73497
0.61698
0.552563
0.642814
1.00832
1.37819
1.6768
1.81372
1.64416
0.884824
-1.01771
-3.28761
-4.68986
-3.44422
-2.25176
-1.68258
-1.07269
-0.533865
-0.148818
-0.288007
-0.695273
-1.29014
-2.14586
-3.36601
-5.1398
-7.81727
-12.0831
-20.7415
-35.8864
-41.2138
-38.2602
-28.9708
-15.4285
-0.910792
13.5753
25.2749
33.9485
37.5007
34.698
33.7951
38.0407
38.0262
36.183
37.5844
-0.00357391
0.135896
0.165496
0.238777
0.290078
0.348803
0.40227
0.456388
0.508843
0.560992
0.612595
0.664164
0.715912
0.768239
0.821566
0.876573
0.934587
0.994701
1.05404
1.10825
1.15201
1.18144
1.19561
1.19696
1.19018
1.17978
1.16691
1.14998
1.13557
1.1278
1.10288
1.09586
1.06821
1.00688
0.909582
0.783447
0.648976
0.56303
0.658721
1.03638
1.3935
1.70748
1.84743
1.6872
0.919435
-0.957732
-2.75111
-4.45749
-2.94311
-1.9882
-1.49526
-0.989791
-0.452475
-0.184363
-0.354483
-0.7258
-1.29925
-2.13924
-3.33294
-5.04619
-7.57685
-11.4614
-18.8567
-31.4854
-37.2252
-35.1989
-27
-14.1531
0.200683
14.8396
27.216
36.9686
40.9996
37.2701
35.3927
38.5623
38.1665
35.7576
37.2974
-0.00528422
0.137979
0.166442
0.240215
0.291479
0.350308
0.403807
0.457925
0.510341
0.562402
0.613884
0.665311
0.716939
0.769219
0.822611
0.877816
0.93594
0.995656
1.05468
1.10852
1.15223
1.18209
1.19711
1.19935
1.19295
1.18207
1.1681
1.15223
1.14533
1.13364
1.12235
1.12414
1.10258
1.04905
0.956345
0.826052
0.676619
0.580225
0.688761
1.05634
1.42192
1.74247
1.88931
1.74263
0.964066
-0.911116
-2.22492
-4.03917
-2.41701
-1.72376
-1.34762
-0.896568
-0.402644
-0.241315
-0.407501
-0.754121
-1.31558
-2.1449
-3.31736
-4.98247
-7.39587
-10.9767
-17.3636
-27.7807
-33.0238
-31.4851
-24.1788
-12.1937
2.00193
16.9351
30.1695
40.875
44.8159
39.6438
36.6453
38.8269
38.2365
35.4062
36.9885
-0.00698917
0.139951
0.16729
0.241494
0.292707
0.351609
0.40512
0.459216
0.511576
0.563542
0.614905
0.66621
0.717754
0.770031
0.823527
0.878983
0.937076
0.996666
1.05543
1.10902
1.15275
1.18306
1.19887
1.20188
1.19571
1.18417
1.16929
1.15626
1.15506
1.14067
1.1469
1.1531
1.13741
1.08931
0.998388
0.862435
0.702405
0.605864
0.730109
1.07892
1.45642
1.78263
1.93883
1.81045
1.01971
-0.888111
-1.80064
-3.46442
-1.8807
-1.48061
-1.22201
-0.796793
-0.390454
-0.298324
-0.448725
-0.782272
-1.33742
-2.15889
-3.31478
-4.94328
-7.26579
-10.6108
-16.2189
-24.8549
-29.339
-27.8622
-21.1418
-9.72625
4.46069
19.7983
33.9087
45.2903
48.6054
41.7008
37.5754
38.9238
38.3016
35.095
36.66
-0.00865678
0.141784
0.168035
0.242608
0.29376
0.352707
0.406212
0.460273
0.512568
0.564439
0.615695
0.666903
0.718403
0.770723
0.824363
0.880084
0.938149
0.997728
1.0563
1.10974
1.15356
1.18431
1.20085
1.20453
1.19846
1.18612
1.17076
1.16172
1.16102
1.15457
1.1727
1.18252
1.17106
1.12587
1.03425
0.892877
0.727853
0.637724
0.775663
1.10864
1.49413
1.82779
1.9952
1.89018
1.08899
-0.884954
-1.54841
-2.7767
-1.35537
-1.2749
-1.09473
-0.710841
-0.404877
-0.343807
-0.482466
-0.810509
-1.36223
-2.17759
-3.32127
-4.92332
-7.17773
-10.345
-15.369
-22.6441
-26.4086
-24.825
-18.4272
-7.29512
7.04005
22.8571
37.7875
49.6038
52.001
43.3871
38.2261
38.9445
38.3778
34.869
36.4285
-0.0102475
0.143445
0.168674
0.243549
0.294634
0.3536
0.407086
0.461098
0.513328
0.565113
0.616285
0.66743
0.718917
0.771298
0.825087
0.88101
0.939145
0.998749
1.05723
1.11062
1.15458
1.18578
1.20298
1.20722
1.20104
1.18775
1.17257
1.16758
1.16463
1.17378
1.19843
1.21122
1.20173
1.15689
1.06299
0.917984
0.753238
0.672462
0.819491
1.14305
1.5339
1.87684
2.05739
1.98057
1.17485
-0.872834
-1.46792
-2.02437
-0.870439
-1.09926
-0.963711
-0.653238
-0.42841
-0.377003
-0.511687
-0.837952
-1.38742
-2.19814
-3.33359
-4.91765
-7.1231
-10.161
-14.7591
-21.0322
-24.2168
-22.4994
-16.2444
-5.20808
9.3424
25.6307
41.2758
53.3658
54.8021
44.7372
38.6473
38.9628
38.4482
34.7715
36.2943
-0.0117135
0.144902
0.169208
0.244319
0.295338
0.354307
0.407766
0.46173
0.5139
0.565611
0.616714
0.667818
0.719319
0.771786
0.825758
0.881846
0.940135
0.999793
1.05825
1.11166
1.1558
1.18743
1.20523
1.20993
1.20352
1.18924
1.17469
1.17173
1.17102
1.19465
1.22338
1.23741
1.22742
1.18087
1.08432
0.938034
0.777088
0.705903
0.858331
1.17866
1.57509
1.92845
2.12358
2.07953
1.2803
-0.796073
-1.48026
-1.25027
-0.449439
-0.936407
-0.847087
-0.622142
-0.448485
-0.401466
-0.537068
-0.86297
-1.41073
-2.21837
-3.34893
-4.92177
-7.09374
-10.041
-14.3375
-19.8956
-22.6498
-20.8213
-14.5994
-3.54971
11.2189
27.9139
44.138
56.4029
56.9993
45.8452
38.9044
39.0082
38.5037
34.7674
36.2068
-0.0130002
0.146115
0.169628
0.24491
0.295864
0.354815
0.408241
0.462155
0.514276
0.565939
0.617013
0.668114
0.719648
0.772194
0.826315
0.882536
0.940988
1.00073
1.05924
1.11275
1.15713
1.18918
1.20752
1.21252
1.20554
1.19018
1.17638
1.17317
1.18176
1.21503
1.24619
1.25914
1.24649
1.19704
1.09855
0.953715
0.799454
0.73765
0.892962
1.2127
1.61551
1.98044
2.19133
2.18225
1.39448
-0.635428
-1.46886
-0.507926
-0.0950576
-0.787705
-0.759735
-0.607062
-0.462071
-0.420545
-0.558628
-0.884549
-1.43112
-2.23712
-3.36529
-4.93187
-7.08231
-9.96902
-14.0603
-19.1272
-21.5833
-19.6772
-13.4317
-2.31183
12.6427
29.6587
46.3257
58.7134
58.6644
46.7919
39.0819
39.0493
38.5459
34.8384
36.1191
-0.0140455
0.147057
0.169947
0.245344
0.296247
0.355178
0.408578
0.462453
0.514537
0.566163
0.61721
0.668304
0.71987
0.772513
0.826796
0.883193
0.941815
1.00168
1.06029
1.11393
1.15854
1.19095
1.20975
1.21494
1.20737
1.19119
1.17755
1.17453
1.19414
1.23331
1.26504
1.27511
1.2588
1.20634
1.10675
0.964353
0.816568
0.762544
0.921044
1.24374
1.65412
2.03016
2.25589
2.28227
1.50249
-0.425453
-1.33962
0.163655
0.194414
-0.670744
-0.702278
-0.598635
-0.470363
-0.434887
-0.575231
-0.901141
-1.44702
-2.25231
-3.37956
-4.94318
-7.08093
-9.9299
-13.8895
-18.636
-20.8973
-18.938
-12.6495
-1.4428
13.6585
30.9111
47.901
60.3871
59.9111
47.645
39.2219
39.073
38.5853
34.9947
36.2315
-0.0147896
0.147691
0.17015
0.245604
0.296463
0.355363
0.408732
0.462571
0.514633
0.566254
0.617323
0.668462
0.720082
0.772781
0.827136
0.883653
0.94241
1.0024
1.06115
1.11496
1.15983
1.19262
1.21177
1.21682
1.20814
1.19093
1.17722
1.17805
1.20579
1.24764
1.2775
1.28363
1.26367
1.20882
1.10904
0.970283
0.830645
0.785061
0.944555
1.26847
1.68566
2.07252
2.31179
2.36705
1.56496
-0.258205
-1.07897
0.76851
0.40985
-0.597328
-0.667594
-0.593135
-0.475783
-0.444949
-0.586881
-0.912865
-1.45857
-2.26382
-3.39117
-4.95419
-7.08589
-9.91431
-13.7979
-18.3541
-20.4993
-18.5063
-12.1797
-0.901674
14.304
31.7081
48.9137
61.4849
60.7695
48.2889
39.4044
39.0937
38.5947
35.385
36.6114
-0.0151696
0.148011
0.170266
0.245743
0.296588
0.355475
0.408831
0.46265
0.514694
0.566295
0.617348
0.668486
0.720148
0.772936
0.827402
0.884043
0.942926
1.00305
1.06193
1.11589
1.16093
1.19389
1.21308
1.21786
1.20867
1.19138
1.17787
1.18154
1.21242
1.25577
1.28472
1.28834
1.2658
1.20942
1.10962
0.972275
0.835156
0.79312
0.956266
1.28574
1.7088
2.10252
2.34917
2.42145
1.60444
-0.172426
-0.831589
1.14339
0.553605
-0.558499
-0.652093
-0.590016
-0.478335
-0.449883
-0.592555
-0.918507
-1.46407
-2.26922
-3.39651
-4.95919
-7.08812
-9.90787
-13.7598
-18.2342
-20.331
-18.3172
-11.9589
-0.635846
14.6283
32.1088
49.4408
62.054
61.2968
48.7008
39.6161
39.1394
38.6602
35.9403
39.8974
)
;

boundaryField
{
    inletFace
    {
        type            zeroGradient;
    }
    inlet
    {
        type            zeroGradient;
    }
    inletWalls
    {
        type            zeroGradient;
    }
    outletInlet
    {
        type            cyclicAMI;
        value           nonuniform List<scalar> 
15
(
14.421
17.0442
19.8587
24.1384
28.1151
33.5224
38.9541
41.9124
47.2852
46.7237
43.7652
42.7775
33.7193
29.7156
28.5637
)
;
    }
    fineSymmetryWall
    {
        type            symmetryPlane;
    }
    fineWalls
    {
        type            zeroGradient;
    }
    fineCyclicBoundary
    {
        type            fixedValue;
        value           uniform 0;
    }
    fineplug
    {
        type            cyclicAMI;
        value           nonuniform List<scalar> 
80
(
14.7223
14.0786
16.1245
14.0781
12.7942
15.8992
16.165
16.8013
17.015
17.563
19.007
21.0332
20.5486
17.8175
18.8649
21.082
22.7419
22.9587
23.9225
24.6093
25.6874
25.3107
26.3051
28.0016
28.4232
29.8628
32.0203
33.1025
33.7527
34.7803
34.075
32.777
37.5723
38.4883
38.7246
38.9823
40.032
42.5455
43.6539
40.9805
36.4778
45.0196
46.9218
48.3582
47.6767
46.8936
46.2576
46.9837
46.0664
43.9411
50.4449
47.5657
46.9558
48.0577
47.0296
45.4827
43.6836
38.541
41.8331
48.6692
44.7484
42.8286
40.0824
36.5236
36.4887
35.0806
32.9105
29.9601
34.7495
32.1233
30.3153
30.2384
29.7661
28.9571
26.3916
26.3398
27.7194
31.6916
28.7506
27.5649
)
;
    }
    faceFine
    {
        type            zeroGradient;
    }
}


// ************************************************************************* //
