/*--------------------------------*- C++ -*----------------------------------*\
| =========                 |                                                 |
| \\      /  F ield         | OpenFOAM: The Open Source CFD Toolbox           |
|  \\    /   O peration     | Version:  4.1                                   |
|   \\  /    A nd           | Web:      www.OpenFOAM.org                      |
|    \\/     M anipulation  |                                                 |
\*---------------------------------------------------------------------------*/
FoamFile
{
    version     2.0;
    format      ascii;
    class       volScalarField;
    location    "15";
    object      p;
}
// * * * * * * * * * * * * * * * * * * * * * * * * * * * * * * * * * * * * * //

dimensions      [0 2 -2 0 0 0 0];

internalField   nonuniform List<scalar> 
6785
(
574.771
499.986
451.225
399.12
352.299
307.79
266.148
226.865
189.847
154.867
121.012
88.6613
61.1189
30.8209
-7.70071
-22.4048
-40.5357
-32.6324
-38.9034
-39.7956
-42.4304
-43.9328
-44.9873
-45.1742
-44.4103
-42.6871
-40.1284
-36.1483
-31.3934
-28.2357
-24.5898
-28.8615
-19.1278
-22.4422
-18.6014
-18.3773
-16.9646
-16.225
-15.4818
-14.9667
-14.5951
-14.4754
-14.2219
-13.7472
-11.4813
18.8309
17.5857
21.824
17.8221
20.2017
18.5162
18.8372
18.3568
18.2574
17.9794
17.6581
17.2933
17.578
18.1747
20.2536
25.221
24.1031
26.834
24.2763
27.107
26.1066
27.4929
27.6983
28.411
28.8609
29.3028
29.6435
29.9605
30.4729
30.7662
23.6919
20.8837
22.7674
19.9786
21.7181
20.0249
20.7433
20.0353
20.0378
19.3925
18.4581
17.2209
16.1991
14.9494
12.5301
-3.28525
-7.35276
-7.08945
-10.6234
-10.8297
-13.9532
-15.1724
-17.8863
-19.8549
-22.0237
-23.5247
-24.4794
-25.423
-26.4976
-26.7283
-26.8788
-29.6576
-28.7646
-31.3335
-30.8105
-32.921
-33.1595
-34.5236
-35.1053
-35.53
-35.2351
-34.5042
-33.5261
-32.5581
-30.6759
-18.0629
-18.0961
-16.1042
-16.7796
-14.9309
-14.998
-13.7586
-13.1632
-12.2329
-11.3493
-10.3361
-9.38108
-8.15033
-7.10973
-4.85321
1.04996
2.20318
4.13594
4.26386
6.16681
6.72218
8.1224
9.11456
10.2697
11.3684
12.4946
13.523
14.6598
15.5163
16.6961
15.7202
16.8813
18.264
18.3669
19.7876
20.1339
21.0978
21.7364
22.4642
23.1505
23.8627
24.5302
25.3316
25.9255
26.8593
26.609
27.7752
28.7334
28.8208
29.9164
30.1287
30.8789
31.3384
31.9168
32.4994
33.122
33.7526
34.5023
35.0361
35.8971
44.4204
44.5509
44.4848
44.3195
44.8289
44.5177
44.6428
44.274
43.8994
43.324
42.7463
42.4642
42.4686
42.7182
42.854
42.6424
42.6462
40.9375
38.7811
37.1701
35.4717
34.6539
33.8116
33.3918
32.962
32.6634
32.4203
32.2024
32.2213
31.4801
71.9859
68.4933
61.3014
54.3988
49.2807
43.8529
39.7205
36.4056
33.1492
30.5929
28.2553
26.1552
24.4345
23.5141
22.0447
37.3257
37.8264
38.3445
38.2802
38.5464
39.4362
40.2495
40.0726
39.961
39.8464
40.5723
40.0607
39.7534
40.0892
39.4086
39.1644
39.2966
39.3334
38.219
38.5544
38.6278
37.6336
37.4257
38.1312
38.0846
37.0087
36.8664
37.6486
37.935
36.6193
37.3715
37.911
36.9524
36.8585
37.6974
38.2437
37.1959
37.8321
38.5805
37.9105
37.8889
38.5866
39.144
38.6052
38.6425
39.2259
39.6448
39.1541
39.6837
40.0203
39.746
39.9062
40.4548
41.0479
40.9133
41.0627
41.4641
42.3939
42.3837
42.4977
43.4345
43.4417
43.3783
43.314
43.9707
44.1501
45.0117
45.2508
44.6342
46.0862
47.8515
43.0999
41.3161
45.0117
47.8878
30.3203
40.9208
45.7979
8.19107
22.4849
32.4222
33.4946
37.9777
32.4648
35.4579
42.0816
43.2293
45.0059
46.2672
46.7852
45.9064
48.1384
54.44
40.3693
40.5543
39.0794
37.7672
36.5343
35.1629
32.6368
34.4513
44.4811
26.3163
25.3863
22.6425
21.4621
22.1183
21.3976
19.1494
17.0666
17.2702
31.1593
19.0665
17.4405
15.248
12.8576
13.0375
14.3743
13.0347
10.0317
15.4092
16.8988
18.1242
17.6715
15.0975
12.8719
10.7008
11.7202
8.94681
15.8745
20.9688
16.4215
16.1172
14.992
12.5515
10.9195
9.01571
2.99882
8.33622
20.4643
16.0924
14.7112
12.2718
9.42688
7.28661
6.63006
5.50628
2.87439
-1.49695
10.2127
7.17836
7.58901
7.38695
6.28554
1.78136
1.19266
3.74572
-9.24079
7.08544
4.28489
1.99331
8.73948
2.88071
5.80416
4.74575
7.195
9.93938
5.7203
8.50412
10.2892
7.58509
8.73769
8.11374
9.19076
10.6968
8.50255
9.30332
8.74029
9.51361
10.4507
8.51049
9.50853
10.0624
8.77742
9.13338
8.75445
9.06876
9.52564
8.48765
8.71355
8.38405
8.58073
8.80904
7.91789
8.20828
8.2777
7.6605
7.70884
7.48132
7.497
7.5292
7.02988
7.02749
6.82911
6.8035
6.74843
6.31594
6.32847
6.21198
5.8643
5.79393
5.63061
5.57128
5.43416
5.01183
4.99614
4.96365
4.69643
4.60821
4.34152
4.1758
4.15104
3.84366
3.6818
3.58632
3.40283
3.3031
3.05049
2.89144
2.7743
2.59454
2.46591
2.18803
1.94772
1.83803
1.49473
1.16298
0.892222
0.505338
0.204142
0.00220651
0.00410614
0.00594039
0.00754664
0.00904886
0.010507
0.0118775
0.0132404
0.014574
0.0159548
0.0174127
0.0190126
0.0207731
0.0227051
0.0248061
0.0270775
0.0295091
0.0320845
0.0347664
0.0374845
0.0401308
0.0425604
0.0446143
0.0461709
0.047222
0.0479501
0.0487473
0.0501157
0.052432
0.0556684
0.059227
0.061973
0.062492
0.0596337
0.0530369
0.0432089
0.0311388
0.0177381
0.00347168
-0.011686
-0.027943
-0.0452395
-0.064265
-0.0926748
-0.157657
-0.194381
-0.743647
-0.743983
-0.669942
-0.801583
-0.939734
-1.07493
-1.19812
-1.28948
-1.31759
-1.27979
-1.17029
-1.01904
-0.760461
-0.46887
-0.188115
0.0882227
0.287785
0.437979
0.53882
0.594157
0.614637
0.603241
0.573934
0.518011
0.453361
0.376943
0.278004
0.26459
0.129227
0.130231
0.189438
0.117489
0.304793
0.00576848
0.0105937
0.0155983
0.0199482
0.0238772
0.0277149
0.0312409
0.0347418
0.038129
0.0416375
0.0453471
0.0494452
0.0539782
0.0589694
0.064405
0.0702847
0.0765762
0.0832336
0.0901503
0.0971187
0.103795
0.109658
0.114
0.115971
0.114718
0.109648
0.100752
0.0888296
0.0754168
0.062354
0.0512502
0.0430148
0.037569
0.0340738
0.0313597
0.0281143
0.022999
0.014736
0.00216694
-0.0157612
-0.0401998
-0.0731588
-0.117169
-0.170496
-0.275493
-0.407173
-1.11469
-1.15811
-1.05262
-1.27876
-1.50619
-1.73227
-1.93291
-2.06377
-2.07942
-1.97646
-1.75322
-1.44455
-1.01725
-0.559524
-0.114024
0.305706
0.63381
0.88901
1.06437
1.16625
1.20555
1.18675
1.12716
1.02131
0.890706
0.747884
0.57804
0.570029
0.36064
0.397708
0.487538
0.370731
1.34547
0.00913538
0.0175359
0.0261608
0.033645
0.040442
0.0470665
0.0531758
0.0592367
0.0651092
0.0711843
0.0776005
0.0846737
0.0924842
0.101072
0.110418
0.120521
0.131331
0.142773
0.154672
0.16669
0.178271
0.188594
0.196579
0.201001
0.200752
0.195257
0.184911
0.171261
0.156634
0.143273
0.132475
0.124107
0.116651
0.108086
0.0968106
0.0817578
0.0621215
0.0370045
0.00522239
-0.0347331
-0.0847037
-0.147319
-0.226392
-0.327195
-0.534738
-0.784298
-1.11406
-1.26002
-1.1417
-1.40641
-1.67094
-1.93531
-2.16667
-2.31226
-2.3206
-2.18933
-1.91796
-1.54556
-1.05583
-0.540088
-0.0353022
0.433598
0.806969
1.10161
1.30547
1.42549
1.47263
1.45166
1.38074
1.25473
1.10051
0.93213
0.751048
0.753592
0.610188
0.656322
0.816533
0.634436
1.79275
0.0121424
0.0239246
0.0359556
0.0464547
0.0559412
0.0652007
0.0737193
0.0821658
0.0903374
0.0987847
0.107704
0.117538
0.1284
0.140341
0.153332
0.167373
0.182393
0.198293
0.21483
0.231533
0.247621
0.261932
0.27293
0.278865
0.278154
0.269977
0.25487
0.234935
0.213289
0.192882
0.175436
0.161012
0.148177
0.134969
0.119664
0.100663
0.0762573
0.0444908
0.00315876
-0.050163
-0.1182
-0.204581
-0.314538
-0.455973
-0.736162
-1.1055
-1.06931
-1.52927
-1.35167
-1.64793
-1.96984
-2.289
-2.5669
-2.74177
-2.74994
-2.58968
-2.26105
-1.81175
-1.22646
-0.612355
-0.00910563
0.54983
0.996492
1.35083
1.59683
1.7425
1.80091
1.77776
1.69447
1.54391
1.36223
1.16037
0.959932
0.962141
0.851877
0.917083
1.11686
0.903129
2.03
0.0148839
0.0302324
0.0456802
0.0592881
0.0715273
0.0834979
0.0944929
0.105391
0.115922
0.126799
0.138279
0.150938
0.164918
0.180283
0.196994
0.215051
0.234367
0.254815
0.276087
0.297572
0.318252
0.336601
0.350608
0.35802
0.35688
0.34633
0.327337
0.302834
0.276837
0.252823
0.232476
0.215415
0.199605
0.182552
0.162119
0.13633
0.103103
0.0600594
0.00446416
-0.0667651
-0.157078
-0.270715
-0.414152
-0.599815
-0.94258
-1.37484
-0.987088
-1.85707
-1.6028
-1.92556
-2.31694
-2.70067
-3.03427
-3.24427
-3.25257
-3.05825
-2.66315
-2.12295
-1.42688
-0.698554
0.0188087
0.681137
1.21383
1.63775
1.93294
2.10878
2.18043
2.15478
2.05686
1.87779
1.66299
1.42108
1.19222
1.18693
1.09373
1.17534
1.41517
1.17994
2.22025
0.0173557
0.0363134
0.0550569
0.0717774
0.0867194
0.101379
0.11481
0.128119
0.14096
0.154211
0.168193
0.183619
0.200661
0.219387
0.239748
0.261745
0.285271
0.310178
0.336086
0.362234
0.387339
0.409473
0.426106
0.434464
0.43225
0.418654
0.39516
0.365536
0.334568
0.306061
0.281579
0.260511
0.240668
0.219471
0.194574
0.163515
0.123523
0.0714212
0.0036497
-0.0836878
-0.194808
-0.334563
-0.510482
-0.736528
-1.11337
-1.55247
-0.960675
-2.19748
-1.84553
-2.17522
-2.63515
-3.08136
-3.46846
-3.71143
-3.71761
-3.48805
-3.02774
-2.39928
-1.5985
-0.763308
0.0605138
0.817949
1.43056
1.91886
2.25929
2.4627
2.54611
2.51777
2.40582
2.19972
1.95389
1.67364
1.41917
1.40627
1.33237
1.43343
1.70444
1.46419
2.49972
0.01959
0.0422801
0.0642236
0.0840996
0.101732
0.119097
0.134965
0.150687
0.165827
0.181437
0.197907
0.21609
0.236186
0.258263
0.282265
0.308187
0.335906
0.36525
0.395757
0.426496
0.45588
0.481531
0.50038
0.50917
0.505402
0.488514
0.460694
0.426602
0.391681
0.359839
0.332349
0.308312
0.285345
0.260663
0.231555
0.195004
0.147599
0.0854877
0.00441791
-0.100211
-0.233271
-0.400094
-0.608977
-0.873432
-1.26832
-1.7055
-1.1079
-2.56404
-2.11136
-2.42044
-2.95188
-3.46131
-3.90241
-4.17923
-4.18263
-3.91686
-3.39113
-2.67478
-1.76928
-0.827016
0.103047
0.955246
1.64716
2.19874
2.58329
2.81331
2.90794
2.877
2.75175
2.51958
2.24429
1.92621
1.64719
1.62527
1.56999
1.69029
1.98962
1.7559
2.78269
0.0215976
0.0481254
0.0731386
0.0961972
0.116481
0.136552
0.154834
0.172949
0.190356
0.208288
0.227204
0.24811
0.27123
0.296626
0.32423
0.354033
0.385891
0.419603
0.454608
0.489766
0.52314
0.551855
0.572309
0.580862
0.574997
0.554604
0.522669
0.484638
0.446331
0.411494
0.381033
0.353904
0.327725
0.299639
0.2666
0.224983
0.170655
0.0989989
0.00500568
-0.116632
-0.271392
-0.465028
-0.706262
-1.00608
-1.41148
-1.87795
-1.49092
-2.89017
-2.40332
-2.66783
-3.27834
-3.85424
-4.35167
-4.6652
-4.66576
-4.36208
-3.76888
-2.96198
-1.94824
-0.894887
0.144992
1.09492
1.86863
2.48492
2.91427
3.17122
3.27712
3.24376
3.10549
2.8474
2.54278
2.18585
1.88062
1.84735
1.80642
1.94649
2.27033
2.05339
3.03945
0.0233948
0.0538895
0.0818367
0.108113
0.131013
0.153793
0.174474
0.194967
0.214612
0.234828
0.256156
0.279756
0.305878
0.334569
0.365746
0.39939
0.435334
0.473332
0.512691
0.552015
0.588956
0.620122
0.641445
0.649078
0.640737
0.616965
0.581549
0.540497
0.499704
0.462555
0.4296
0.399791
0.370836
0.339784
0.303161
0.256657
0.195391
0.113998
0.0067735
-0.13221
-0.308914
-0.529413
-0.802464
-1.13532
-1.55169
-2.0785
-2.04795
-3.07549
-2.70691
-2.91146
-3.6096
-4.2556
-4.81038
-5.16282
-5.15991
-4.81609
-4.15325
-3.2533
-2.12881
-0.961938
0.189807
1.23866
2.09526
2.77656
3.25052
3.53407
3.65095
3.61524
3.46425
3.18059
2.84694
2.45055
2.11761
2.07165
2.04221
2.20192
2.54838
2.35368
3.28772
0.0249911
0.0595874
0.0903183
0.119844
0.145314
0.170805
0.193863
0.216712
0.238559
0.261015
0.28471
0.310971
0.340067
0.372021
0.406733
0.444166
0.484115
0.526264
0.569741
0.612828
0.652718
0.685532
0.706881
0.712975
0.702032
0.67536
0.63738
0.594311
0.55182
0.512809
0.477564
0.44522
0.413691
0.379946
0.340028
0.288882
0.220845
0.129795
0.00935785
-0.146934
-0.345408
-0.592348
-0.896174
-1.25991
-1.69056
-2.28569
-2.62841
-3.04811
-3.01976
-3.15269
-3.94517
-4.66683
-5.27907
-5.672
-5.66471
-5.27817
-4.54331
-3.54771
-2.30998
-1.02754
0.238003
1.38657
2.3268
3.073
3.59097
3.90053
4.0279
3.98994
3.82659
3.51795
3.15576
2.71962
2.35766
2.2982
2.27781
2.45676
2.82492
2.65427
3.52653
0.0263953
0.0652418
0.0985973
0.131407
0.159399
0.187601
0.213011
0.238195
0.262203
0.286851
0.312865
0.341752
0.373795
0.408979
0.447185
0.488338
0.532177
0.578271
0.6255
0.67176
0.713775
0.747285
0.767825
0.771981
0.758711
0.730032
0.690661
0.646645
0.603199
0.562741
0.525444
0.490816
0.457048
0.420989
0.378109
0.322532
0.247786
0.147017
0.0132559
-0.160383
-0.380444
-0.653279
-0.986671
-1.37959
-1.82786
-2.47007
-3.06794
-2.87253
-3.36081
-3.39892
-4.28582
-5.09198
-5.76213
-6.19657
-6.18379
-5.75162
-4.94188
-3.84744
-2.49324
-1.09254
0.289191
1.53905
2.56375
3.375
3.93644
4.27143
4.40879
4.36867
4.19338
3.86035
3.47005
2.99386
2.60133
2.52767
2.51385
2.71108
3.10066
2.95476
3.81719
0.0276125
0.0708694
0.10668
0.142809
0.173268
0.204181
0.231917
0.25941
0.285535
0.312319
0.340598
0.372072
0.407031
0.445409
0.487053
0.531829
0.57938
0.629094
0.679527
0.728146
0.771267
0.804453
0.823496
0.825697
0.81084
0.781381
0.74189
0.697904
0.654092
0.612458
0.57325
0.536532
0.500822
0.462803
0.417269
0.357452
0.27606
0.16554
0.0184179
-0.172473
-0.413738
-0.711657
-1.07319
-1.4939
-1.96195
-2.61888
-3.3148
-2.77444
-3.73839
-3.65852
-4.62991
-5.5331
-6.26312
-6.73938
-6.71924
-6.23804
-5.35012
-4.15306
-2.67866
-1.15663
0.343685
1.69715
2.80686
3.68314
4.28745
4.64715
4.79392
4.75173
4.56488
4.20815
3.79012
3.27361
2.84882
2.76051
2.75097
2.96498
3.37545
3.25445
4.1259
0.0286457
0.0764877
0.114576
0.154059
0.186927
0.220549
0.250583
0.280358
0.308551
0.337408
0.367893
0.401913
0.439755
0.481282
0.526287
0.574541
0.625527
0.678374
0.731241
0.781183
0.824261
0.856172
0.873369
0.874103
0.858833
0.830015
0.791633
0.748501
0.704758
0.662124
0.621115
0.582523
0.54521
0.505622
0.457749
0.393854
0.305822
0.185464
0.0249213
-0.183095
-0.445094
-0.767164
-1.1554
-1.60294
-2.0933
-2.74902
-3.4776
-2.9571
-4.05429
-3.93324
-4.97404
-5.9908
-6.7854
-7.30324
-7.27286
-6.7386
-5.76878
-4.46475
-2.866
-1.21935
0.402194
1.86166
3.05717
3.99799
4.64411
5.0277
5.18313
5.13893
4.94095
4.56128
4.11594
3.5589
3.10012
2.99695
2.98966
3.21851
3.64952
3.55095
4.37671
0.0294951
0.0821126
0.122289
0.165166
0.200378
0.236707
0.26901
0.301037
0.331243
0.362105
0.394728
0.431249
0.471937
0.516551
0.564808
0.616314
0.670315
0.72559
0.779883
0.829934
0.871812
0.901766
0.917275
0.917548
0.903336
0.876593
0.840386
0.798725
0.755326
0.711766
0.669018
0.628757
0.590193
0.549427
0.499505
0.431642
0.336915
0.206589
0.0325775
-0.192371
-0.474544
-0.819756
-1.23331
-1.70712
-2.22303
-2.88055
-3.64728
-3.43746
-4.1187
-4.21964
-5.31764
-6.46512
-7.33299
-7.89232
-7.84727
-7.25489
-6.19907
-4.78313
-3.05534
-1.28046
0.465303
2.03318
3.31562
4.32061
5.00684
5.41307
5.57633
5.53015
5.32149
4.91974
4.44755
3.84982
3.35518
3.23712
3.23024
3.47169
3.92287
3.84515
4.68362
0.030158
0.0877604
0.129826
0.176136
0.213625
0.252659
0.287198
0.321446
0.353605
0.386394
0.421083
0.460054
0.503539
0.551156
0.602491
0.656901
0.7133
0.770061
0.82456
0.87343
0.913133
0.940926
0.955492
0.956716
0.945124
0.921753
0.88856
0.848785
0.805867
0.761371
0.716913
0.675198
0.635752
0.594208
0.542489
0.47069
0.369118
0.228627
0.0410795
-0.200578
-0.502332
-0.869706
-1.30739
-1.8071
-2.35146
-3.0193
-3.81394
-3.93698
-3.90614
-4.5543
-5.66891
-6.95577
-7.90916
-8.5113
-8.44604
-7.78879
-6.64229
-5.10888
-3.24678
-1.33973
0.533578
2.21241
3.58292
4.65199
5.37645
5.80337
5.97345
5.92525
5.70639
5.28351
4.78497
4.14639
3.61383
3.48091
3.47272
3.72447
4.19509
4.13445
4.89587
0.0306288
0.0934472
0.137189
0.186977
0.22667
0.268405
0.30515
0.341584
0.375632
0.410262
0.446932
0.488296
0.534511
0.585
0.639144
0.695936
0.75388
0.810953
0.864309
0.910799
0.947769
0.973824
0.988706
0.99248
0.984978
0.966049
0.936475
0.898812
0.856389
0.810874
0.764701
0.721748
0.681803
0.639861
0.586517
0.510686
0.401992
0.251056
0.0498961
-0.208215
-0.528943
-0.917585
-1.37844
-1.90382
-2.47848
-3.16355
-3.95984
-4.2519
-3.72445
-4.97103
-6.0432
-7.46047
-8.51523
-9.16349
-9.07291
-8.34259
-7.09975
-5.44266
-3.44039
-1.39683
0.607658
2.40011
3.85983
4.99284
5.75378
6.19895
6.37424
6.32399
6.09544
5.65251
5.12816
4.44853
3.87577
3.72801
3.71688
3.97674
4.46714
4.41731
5.1468
0.0308984
0.0991901
0.144383
0.197692
0.239513
0.283947
0.322865
0.361449
0.397316
0.433688
0.472246
0.51593
0.564777
0.617933
0.674467
0.732897
0.791296
0.847339
0.89821
0.941451
0.975762
1.00112
1.01787
1.02576
1.02361
1.00994
0.984374
0.948894
0.906881
0.860192
0.812269
0.768304
0.728251
0.686241
0.631314
0.551174
0.434916
0.27317
0.0583216
-0.215946
-0.55504
-0.964173
-1.4475
-1.99848
-2.60461
-3.31263
-4.10489
-4.48231
-3.89483
-5.32741
-6.44861
-7.97775
-9.15793
-9.85511
-9.73195
-8.91879
-7.57304
-5.78515
-3.63625
-1.45147
0.688229
2.59708
4.14717
5.34379
6.13949
6.60026
6.77851
6.72607
6.48837
6.02654
5.47704
4.75612
4.14055
3.97793
3.96225
4.22833
4.73875
4.69741
5.48868
0.0309544
0.105007
0.151407
0.208288
0.252157
0.299284
0.340345
0.381041
0.41865
0.456653
0.496987
0.542896
0.594221
0.649717
0.708024
0.76711
0.824679
0.878289
0.92556
0.965275
0.997696
1.02381
1.04404
1.05743
1.06163
1.05382
1.03246
0.999102
0.957328
0.90924
0.859508
0.814768
0.774992
0.733148
0.676468
0.591492
0.467046
0.294066
0.0655021
-0.224543
-0.581372
-1.01033
-1.51572
-2.09247
-2.73103
-3.46764
-4.27131
-4.74937
-4.44475
-5.38458
-6.89344
-8.51024
-9.84426
-10.5965
-10.4301
-9.52067
-8.06395
-6.13711
-3.83449
-1.50335
0.776002
2.80415
4.44579
5.70554
6.53396
7.00772
7.18644
7.13107
6.88483
6.4054
5.8315
5.06899
4.40766
4.23004
4.20825
4.47903
5.00928
4.97564
5.79532
0.03078
0.110918
0.158263
0.218769
0.2646
0.314418
0.357589
0.400358
0.439624
0.47913
0.521104
0.569101
0.622655
0.679995
0.739225
0.797773
0.853119
0.90301
0.946078
0.982742
1.01459
1.04305
1.0682
1.0882
1.09953
1.098
1.08092
1.04952
1.00773
0.957947
0.906326
0.861073
0.821932
0.780313
0.721399
0.630761
0.497339
0.312718
0.0705396
-0.234772
-0.608649
-1.05684
-1.58411
-2.18708
-2.85905
-3.6286
-4.45978
-5.03392
-4.99951
-5.17736
-7.44011
-9.07199
-10.5735
-11.394
-11.1761
-10.1537
-8.57467
-6.49948
-4.03523
-1.55214
0.871725
3.02219
4.75659
6.0788
6.93755
7.42159
7.59792
7.53847
7.28442
6.78879
6.19138
5.3869
4.67648
4.4836
4.45424
4.72861
5.27816
5.25156
6.07502
0.0303536
0.116944
0.164948
0.229136
0.276841
0.329346
0.374597
0.419398
0.460225
0.501081
0.544522
0.5944
0.649793
0.708261
0.767344
0.824021
0.875771
0.921055
0.960077
0.994842
1.02769
1.05996
1.0912
1.1187
1.13774
1.14278
1.12995
1.10025
1.05811
1.00626
0.952663
0.907187
0.868971
0.827348
0.765305
0.667861
0.52461
0.328087
0.072622
-0.24726
-0.637409
-1.10428
-1.6534
-2.28333
-2.98994
-3.7958
-4.66396
-5.31263
-5.37264
-5.09673
-8.1335
-9.68639
-11.3433
-12.2488
-11.9763
-10.824
-9.10895
-6.87324
-4.23867
-1.59752
0.976183
3.25214
5.0805
6.4643
7.35065
7.84185
8.01289
7.94799
7.68666
7.17641
6.55652
5.70959
4.94633
4.73776
4.69949
4.97683
5.54514
5.52735
6.3476
0.0296482
0.123111
0.171461
0.239392
0.288878
0.344065
0.391367
0.438155
0.480436
0.522456
0.567128
0.618567
0.675211
0.73387
0.791575
0.844994
0.892032
0.932531
0.96846
1.00286
1.03819
1.07548
1.11373
1.14941
1.17664
1.18845
1.17977
1.15142
1.10852
1.05414
0.998493
0.953122
0.915968
0.873669
0.807101
0.701484
0.54767
0.33929
0.0711735
-0.262366
-0.667902
-1.15287
-1.72393
-2.38178
-3.12479
-3.97066
-4.88318
-5.60689
-5.75985
-5.48059
-8.8543
-10.373
-12.1518
-13.1618
-12.8337
-11.5372
-9.67174
-7.25985
-4.44511
-1.63915
1.09021
3.49496
5.41854
6.8628
7.77362
8.2684
8.4314
8.35953
8.09106
7.56786
6.92676
6.03679
5.21646
4.9915
4.94323
5.2234
5.8096
5.80249
6.67216
0.02863
0.129446
0.177796
0.249539
0.300705
0.358571
0.407897
0.456621
0.500228
0.543172
0.588745
0.64126
0.698345
0.756084
0.811087
0.859972
0.901778
0.938197
0.972523
1.00809
1.04714
1.09038
1.13633
1.18073
1.21657
1.23534
1.23063
1.20319
1.15902
1.10157
1.04383
0.998921
0.962669
0.918386
0.845412
0.730262
0.565517
0.345767
0.0659813
-0.280087
-0.700019
-1.2025
-1.79565
-2.48259
-3.26432
-4.15485
-5.11987
-5.9363
-6.29015
-6.39139
-9.41994
-11.1356
-13.0008
-14.1356
-13.7493
-12.2973
-10.2676
-7.66188
-4.65487
-1.67671
1.21467
3.75171
5.77176
7.27507
8.20682
8.70106
8.85313
8.77253
8.49695
7.96272
7.30189
6.36817
5.48613
5.24365
5.18463
5.46805
6.07078
6.07791
6.95259
0.0272577
0.135982
0.183949
0.259574
0.312318
0.372857
0.424178
0.474782
0.519554
0.563102
0.609097
0.661997
0.718527
0.774127
0.825093
0.868592
0.905555
0.939313
0.973647
1.01168
1.05537
1.10522
1.15942
1.21305
1.2579
1.2838
1.28283
1.25577
1.20969
1.14853
1.08875
1.04463
1.00857
0.960199
0.878674
0.753007
0.577558
0.347421
0.0572773
-0.3
-0.733239
-1.25263
-1.86808
-2.58549
-3.40871
-4.34943
-5.37593
-6.30347
-6.92706
-7.51577
-9.71872
-11.9817
-13.9005
-15.1743
-14.7242
-13.1059
-10.9006
-8.0824
-4.86849
-1.70989
1.35048
4.02347
6.14128
7.70194
8.65064
9.13962
9.2776
9.18638
8.90373
8.3605
7.68175
6.7034
5.75457
5.49295
5.42283
5.7104
6.3283
6.35368
7.25678
0.0254805
0.142756
0.189913
0.269495
0.323708
0.386911
0.440198
0.492608
0.538333
0.582041
0.627784
0.680184
0.735049
0.787214
0.83302
0.871116
0.904521
0.937322
0.973057
1.0145
1.06347
1.12043
1.18336
1.24672
1.30102
1.33424
1.33672
1.30936
1.2606
1.19499
1.13336
1.0902
1.0527
0.997392
0.905396
0.76899
0.58376
0.344683
0.045765
-0.321252
-0.766646
-1.30236
-1.94046
-2.68991
-3.55779
-4.55477
-5.6526
-6.70561
-7.60373
-8.54694
-9.82286
-12.9532
-14.8667
-16.2824
-15.761
-13.963
-11.5741
-8.52397
-5.08734
-1.73846
1.4986
4.31141
6.5283
8.14426
9.10543
9.58377
9.70428
9.60072
9.31116
8.76069
8.06616
7.04213
6.02103
5.73799
5.65694
5.95008
6.58129
6.62642
7.55615
0.0232362
0.149812
0.195677
0.279297
0.334862
0.400716
0.455934
0.510044
0.556427
0.599675
0.64428
0.695186
0.747188
0.794634
0.834801
0.86852
0.900157
0.933543
0.971699
1.01719
1.0719
1.13638
1.20851
1.28213
1.34638
1.38714
1.39268
1.3642
1.31174
1.2409
1.17786
1.1353
1.09344
1.02805
0.924545
0.778164
0.584715
0.338505
0.0325945
-0.342592
-0.798974
-1.3505
-2.01176
-2.79508
-3.71106
-4.77059
-5.94991
-7.13864
-8.27609
-9.35759
-9.9901
-14.1166
-15.9199
-17.4629
-16.8631
-14.8683
-12.2899
-8.98833
-5.3134
-1.76219
1.66002
4.61679
6.93412
8.60292
9.57156
10.0331
10.1325
10.015
9.71893
9.1628
8.45496
7.38402
6.28483
5.97731
5.8861
6.18665
6.82941
6.89864
7.8246
0.0204495
0.157199
0.201231
0.28897
0.345765
0.414246
0.471341
0.526995
0.573605
0.615556
0.657999
0.706379
0.754202
0.795992
0.83112
0.862264
0.893884
0.929002
0.970248
1.0202
1.08097
1.15336
1.23521
1.31971
1.39452
1.44305
1.45115
1.42043
1.363
1.2862
1.22242
1.17889
1.1285
1.05057
0.935898
0.78123
0.581597
0.330296
0.0192915
-0.362468
-0.828728
-1.39572
-2.08086
-2.90012
-3.8678
-4.99608
-6.26677
-7.59897
-8.9394
-10.0553
-10.4767
-15.4999
-17.0842
-18.7171
-18.0337
-15.8227
-13.0489
-9.47695
-5.54811
-1.78092
1.83579
4.94095
7.36011
9.07885
10.0494
10.4873
10.5616
10.4284
10.1262
9.56625
8.84797
7.72868
6.54536
6.20936
6.10947
6.41962
7.07228
7.17033
8.1314
0.0170281
0.164978
0.206563
0.2985
0.356392
0.427459
0.486344
0.54329
0.589509
0.629146
0.668386
0.713098
0.755443
0.791574
0.823328
0.85388
0.88683
0.924418
0.96916
1.02385
1.09098
1.1717
1.26384
1.35995
1.44601
1.50258
1.51255
1.47809
1.414
1.33091
1.26696
1.21886
1.15538
1.06422
0.940172
0.779557
0.576046
0.321818
0.00764097
-0.379155
-0.85434
-1.43668
-2.14667
-3.0041
-4.02709
-5.22997
-6.60099
-8.08301
-9.60903
-10.8278
-11.4746
-16.9865
-18.3754
-20.0449
-19.2744
-16.8276
-13.8511
-9.99102
-5.79174
-1.79481
2.02697
5.28532
7.80778
9.57306
10.5393
10.9456
10.9908
10.84
10.5321
9.97035
9.24501
8.0757
6.8021
6.43262
6.3263
6.64837
7.30915
7.4372
8.436
0.0128602
0.173216
0.211656
0.307867
0.366709
0.440288
0.500812
0.558641
0.603651
0.639929
0.674924
0.71463
0.750727
0.782474
0.813044
0.844629
0.879777
0.920263
0.96875
1.0284
1.10221
1.19172
1.29484
1.40341
1.50152
1.56641
1.57725
1.53687
1.46417
1.37524
1.31048
1.25195
1.17227
1.06953
0.93891
0.775002
0.570024
0.315035
-0.000472295
-0.390943
-0.87435
-1.47219
-2.20825
-3.10614
-4.18787
-5.47058
-6.94947
-8.58565
-10.2931
-11.7289
-13.0145
-18.4594
-19.8035
-21.4496
-20.5845
-17.885
-14.6968
-10.5308
-6.0444
-1.80434
2.23468
5.65149
8.27875
10.0866
11.0416
11.4074
11.4192
11.2488
10.9359
10.3746
9.64587
8.42458
7.05465
6.64561
6.53597
6.87216
7.53989
7.70274
8.69844
0.00780927
0.181991
0.216489
0.317039
0.376662
0.452626
0.51452
0.572614
0.615492
0.64747
0.676985
0.710458
0.740732
0.770313
0.801693
0.835386
0.873223
0.916847
0.969259
1.0341
1.11494
1.2138
1.32868
1.45069
1.56181
1.63522
1.64535
1.59592
1.51285
1.4193
1.3502
1.27465
1.17894
1.0682
0.934196
0.769713
0.565642
0.311945
-0.00325753
-0.396329
-0.887587
-1.50139
-2.26486
-3.20544
-4.34899
-5.716
-7.30863
-9.10118
-10.9928
-12.7469
-14.9292
-19.7654
-21.3463
-22.9393
-21.9631
-18.9961
-15.5866
-11.0959
-6.30649
-1.80975
2.46013
6.04121
8.77483
10.6206
11.5568
11.872
11.8459
11.6537
11.3372
10.7789
10.0503
8.77468
7.30268
6.84688
6.73794
7.09003
7.76425
7.9619
9.01606
0.00170964
0.191392
0.221039
0.32597
0.386172
0.464302
0.52711
0.584651
0.62455
0.651226
0.673602
0.700438
0.726846
0.756756
0.79029
0.826683
0.867473
0.914389
0.9709
1.04119
1.12948
1.23833
1.36588
1.50247
1.62764
1.70962
1.71646
1.65366
1.55972
1.46221
1.38147
1.28478
1.177
1.06263
0.928369
0.765924
0.564967
0.31437
0.00077865
-0.394197
-0.893285
-1.52373
-2.316
-3.30128
-4.50928
-5.96417
-7.67471
-9.62394
-11.7058
-13.8423
-16.9568
-20.7364
-22.9577
-24.5251
-23.4111
-20.1621
-16.5207
-11.6856
-6.57832
-1.81055
2.70469
6.45646
9.29803
11.1762
12.0851
12.3384
12.2698
12.0535
11.735
11.1829
10.458
9.12514
7.54586
7.03502
6.93174
7.3009
7.98184
8.21819
9.28811
-0.00564037
0.201516
0.225272
0.334594
0.395114
0.475041
0.538074
0.594193
0.630447
0.650707
0.664914
0.686095
0.710704
0.742886
0.779431
0.818844
0.862731
0.913078
0.973895
1.04995
1.14616
1.26573
1.40698
1.55943
1.69981
1.78995
1.78922
1.70806
1.60494
1.5006
1.39921
1.28284
1.16937
1.05543
0.923784
0.765751
0.569818
0.323758
0.0126579
-0.38393
-0.891125
-1.53902
-2.36135
-3.39298
-4.66749
-6.21295
-8.04392
-10.1487
-12.4264
-14.9538
-18.7834
-21.3114
-24.6112
-26.223
-24.9312
-21.3842
-17.4995
-12.2987
-6.8598
-1.80543
2.96994
6.89956
9.85066
11.7548
12.6271
12.8056
12.6899
12.4469
12.1282
11.586
10.8685
9.47471
7.78367
7.20905
7.11716
7.50347
8.19271
8.46972
9.58293
-0.0144857
0.212472
0.229144
0.34281
0.403298
0.484438
0.546823
0.600802
0.632691
0.644685
0.648885
0.66828
0.694094
0.729599
0.769399
0.812037
0.859158
0.91311
0.978476
1.06065
1.16533
1.29642
1.45253
1.62229
1.77899
1.87589
1.86091
1.75745
1.64802
1.52806
1.40065
1.27204
1.15928
1.04913
0.922598
0.77099
0.58157
0.341011
0.0328304
-0.365427
-0.881175
-1.54727
-2.40066
-3.47987
-4.82235
-6.4601
-8.41247
-10.6706
-13.1468
-16.0179
-20.1494
-21.6388
-26.3653
-28.0571
-26.5262
-22.6643
-18.5227
-12.9338
-7.15016
-1.79256
3.25774
7.37323
10.4354
12.3579
13.183
13.2724
13.1049
12.8326
12.5156
11.9879
11.2813
9.82159
8.01482
7.36916
7.29411
7.69633
8.39636
8.7078
9.87677
-0.025123
0.224366
0.232593
0.350475
0.410438
0.491993
0.552844
0.603832
0.629631
0.630861
0.628119
0.649211
0.677151
0.717268
0.760439
0.806438
0.856933
0.914691
0.984879
1.07356
1.18728
1.33078
1.50304
1.69167
1.86558
1.96586
1.92766
1.80146
1.68544
1.53736
1.38742
1.2568
1.14964
1.04594
0.926566
0.782919
0.600988
0.366406
0.0611857
-0.339002
-0.86374
-1.54857
-2.43364
-3.56116
-4.97245
-6.70326
-8.77648
-11.1849
-13.858
-16.9984
-21.0614
-22.0833
-28.3238
-30.0641
-28.1988
-24.0041
-19.5898
-13.589
-7.44775
-1.76994
3.5702
7.88064
11.0555
12.9869
13.7533
13.7373
13.5136
13.2092
12.8959
12.3879
11.6952
10.1632
8.23602
7.5157
7.4619
7.878
8.59292
8.93918
10.1189
-0.0379087
0.2373
0.235534
0.357376
0.416154
0.497259
0.555903
0.603083
0.621037
0.610829
0.60719
0.630396
0.661073
0.706186
0.752678
0.802218
0.856252
0.918031
0.993321
1.08891
1.2123
1.36917
1.55895
1.76807
1.95925
2.05629
1.98577
1.84032
1.70943
1.52467
1.36499
1.24119
1.14279
1.04757
0.936847
0.802153
0.628168
0.399632
0.0971885
-0.305199
-0.839167
-1.54293
-2.45986
-3.63593
-5.11625
-6.93988
-9.13192
-11.6864
-14.5522
-17.9054
-21.8202
-22.9806
-30.4991
-32.2916
-29.9527
-25.4055
-20.7002
-14.262
-7.75024
-1.73571
3.90973
8.42552
11.7148
13.644
14.3384
14.1988
13.9146
13.5751
13.2677
12.7857
12.1089
10.4961
8.44173
7.64816
7.61878
8.04662
8.7824
9.16052
10.3851
-0.0532635
0.251348
0.237843
0.363225
0.420059
0.500116
0.55642
0.599489
0.605821
0.589377
0.587273
0.611213
0.646292
0.696421
0.746296
0.799569
0.857299
0.923317
1.00399
1.10689
1.24059
1.41184
1.62061
1.85167
2.05831
2.14146
2.03361
1.87102
1.71041
1.49283
1.33988
1.22792
1.14038
1.05502
0.953877
0.828604
0.66261
0.439965
0.140108
-0.264559
-0.807665
-1.53014
-2.4787
-3.70309
-5.25204
-7.16719
-9.47462
-12.1705
-15.224
-18.768
-22.6802
-24.5879
-32.6924
-34.7721
-31.7905
-26.8705
-21.8549
-14.9504
-8.0548
-1.68774
4.27904
9.0122
12.4182
14.3315
14.9386
14.6551
14.3064
13.929
13.6296
13.181
12.5208
10.8157
8.62421
7.76506
7.76172
8.19983
8.96406
9.36135
10.6377
-0.0716633
0.266524
0.239355
0.367697
0.42196
0.500908
0.555637
0.591592
0.587164
0.569046
0.568102
0.592061
0.633179
0.688091
0.741498
0.798672
0.86025
0.930712
1.01702
1.12764
1.2723
1.45896
1.68817
1.94199
2.15872
2.21519
2.07225
1.88399
1.68196
1.45015
1.3172
1.21852
1.14325
1.0685
0.977382
0.861607
0.703444
0.486542
0.189272
-0.217418
-0.769174
-1.50975
-2.48931
-3.76137
-5.37793
-7.38222
-9.80038
-12.6328
-15.8691
-19.6062
-23.7115
-26.8687
-34.6857
-37.503
-33.7191
-28.402
-23.0554
-15.6528
-8.35839
-1.62322
4.68121
9.64563
13.1718
15.0522
15.5545
15.1041
14.6874
14.2693
13.9803
13.5736
12.9288
11.1154
8.77478
7.86312
7.88566
8.33435
9.13715
9.54902
10.8165
-0.0936005
0.282728
0.239867
0.370562
0.42205
0.500361
0.553537
0.578569
0.569157
0.549573
0.550286
0.573626
0.62212
0.681393
0.738516
0.799705
0.865263
0.940342
1.03252
1.15121
1.30745
1.51054
1.76147
2.03727
2.25351
2.27373
2.10257
1.87015
1.62926
1.40464
1.29829
1.21351
1.15147
1.08754
1.00658
0.900198
0.749729
0.538628
0.24428
-0.163791
-0.723318
-1.48102
-2.49063
-3.80937
-5.4919
-7.58181
-10.1053
-13.0698
-16.4859
-20.4334
-24.8995
-29.5099
-36.2543
-40.4487
-35.7391
-30.0009
-24.3042
-16.3689
-8.65819
-1.53858
5.11981
10.3313
13.9828
15.8102
16.1866
15.5437
15.0559
14.5945
14.3183
13.9634
13.3306
11.3852
8.88687
7.93716
7.98392
8.44573
9.29983
9.71173
11.0314
-0.119482
0.299669
0.239222
0.371929
0.421213
0.500118
0.547065
0.564543
0.552237
0.531012
0.53432
0.556463
0.613299
0.676498
0.737554
0.802839
0.872474
0.952293
1.0505
1.17756
1.34596
1.56641
1.83987
2.13358
2.33403
2.31674
2.11262
1.80825
1.55966
1.36533
1.28446
1.21268
1.16444
1.11129
1.04051
0.943432
0.800736
0.595819
0.305103
-0.103331
-0.669425
-1.44301
-2.48149
-3.84562
-5.59178
-7.76279
-10.3861
-13.4802
-17.0755
-21.2576
-26.179
-32.052
-37.3442
-43.6158
-37.873
-31.6701
-25.6033
-17.0995
-8.95211
-1.42982
5.59888
11.0751
14.8601
16.6103
16.8355
15.9713
15.41
14.9032
14.6421
14.35
13.723
11.6122
8.95019
7.98184
8.05205
8.52949
9.44903
9.85525
11.1916
-0.149425
0.316805
0.237419
0.372272
0.420478
0.499002
0.537341
0.551929
0.535861
0.514058
0.520386
0.541725
0.607015
0.673672
0.738844
0.808223
0.881989
0.966599
1.07091
1.20657
1.38759
1.62619
1.92174
2.22398
2.3939
2.34836
2.0921
1.70961
1.48561
1.33041
1.27441
1.21559
1.18138
1.13883
1.07828
0.990638
0.856112
0.658121
0.372095
-0.0353813
-0.606592
-1.39465
-2.4607
-3.86867
-5.67536
-7.92226
-10.6412
-13.864
-17.641
-22.0812
-27.4697
-34.1075
-38.2868
-47.0923
-40.1343
-33.4033
-26.9517
-17.8462
-9.23898
-1.29302
6.12308
11.8833
15.814
17.4593
17.5023
16.3841
15.7477
15.194
14.9506
14.7322
14.0986
11.7959
8.93878
7.98962
8.0922
8.58484
9.58218
9.97306
11.3593
-0.182933
0.33332
0.234736
0.372483
0.4207
0.494533
0.528167
0.540214
0.520293
0.499178
0.50776
0.530389
0.603377
0.673126
0.742565
0.815988
0.893874
0.983238
1.09364
1.238
1.432
1.68913
2.0038
2.29947
2.43397
2.3721
2.01736
1.61548
1.41447
1.30197
1.26757
1.22143
1.20142
1.16939
1.11934
1.04156
0.915939
0.72593
0.445925
0.040949
-0.533773
-1.33481
-2.42714
-3.87715
-5.74046
-8.05817
-10.8703
-14.2232
-18.1862
-22.9036
-28.7224
-35.628
-39.6075
-51.0419
-42.5772
-35.197
-28.3441
-18.6094
-9.51805
-1.12479
6.69749
12.7625
16.8565
18.3655
18.1882
16.779
16.0668
15.4658
15.2423
15.1095
14.4122
11.9208
8.83695
7.9543
8.1078
8.60995
9.7018
10.0504
11.5317
-0.218491
0.348197
0.231684
0.373596
0.419971
0.488806
0.520545
0.529003
0.506162
0.486607
0.494936
0.523284
0.6025
0.675144
0.748887
0.826224
0.908145
1.00212
1.11848
1.27151
1.47865
1.75388
2.08025
2.35261
2.46236
2.38113
1.8904
1.54449
1.34282
1.27853
1.2625
1.22966
1.22397
1.20258
1.1636
1.09638
0.980685
0.799949
0.527484
0.12669
-0.449872
-1.26248
-2.37994
-3.86983
-5.78521
-8.16989
-11.0751
-14.5605
-18.715
-23.7232
-29.9343
-36.9553
-41.7372
-55.4242
-45.23
-37.033
-29.7685
-19.3877
-9.78841
-0.922416
7.32739
13.7197
18.0007
19.3399
18.895
17.1527
16.3648
15.7174
15.5163
15.4973
14.6307
11.9668
8.64737
7.87342
8.09999
8.60069
9.81601
10.0973
11.6354
-0.2533
0.360304
0.228729
0.375686
0.416726
0.484324
0.513819
0.518641
0.494092
0.476952
0.48145
0.520828
0.604316
0.679949
0.757907
0.838985
0.924768
1.02311
1.14515
1.30667
1.52683
1.81801
2.14337
2.38379
2.49096
2.33905
1.76185
1.48779
1.27706
1.26007
1.25863
1.24004
1.24879
1.23846
1.21137
1.15566
1.0511
0.881082
0.61779
0.222924
-0.353854
-1.17688
-2.31857
-3.84558
-5.80855
-8.25855
-11.2583
-14.879
-19.2297
-24.5364
-31.1153
-38.3693
-45.0739
-59.8007
-48.0736
-38.8928
-31.2072
-20.1764
-10.0484
-0.683527
8.01811
14.7622
19.2614
20.3961
19.6251
17.5019
16.639
15.9483
15.7697
15.9622
14.8133
11.9229
8.3839
7.75023
8.07351
8.5565
9.9268
10.1082
11.745
-0.283432
0.368644
0.226592
0.376778
0.413019
0.481036
0.507727
0.509593
0.484723
0.470978
0.469318
0.522905
0.608911
0.68772
0.769684
0.854272
0.943652
1.04598
1.17331
1.34295
1.57545
1.87734
2.18625
2.40421
2.52627
2.23161
1.65798
1.43337
1.21925
1.24486
1.2558
1.25269
1.27611
1.27753
1.26332
1.22022
1.12813
0.970335
0.717901
0.330698
-0.244894
-1.07775
-2.24288
-3.80357
-5.81092
-8.32684
-11.4229
-15.181
-19.7314
-25.3367
-32.2689
-39.97
-49.5093
-64.0017
-51.099
-40.7492
-32.6365
-20.9668
-10.2953
-0.405614
8.77491
15.8981
20.6539
21.5504
20.3817
17.8226
16.8864
16.1573
15.9886
16.5586
14.9998
11.759
8.07016
7.60736
8.04246
8.48098
10.0252
10.0685
11.8511
-0.304688
0.372314
0.224727
0.376213
0.410628
0.478366
0.50249
0.502141
0.478503
0.468246
0.461629
0.529025
0.616343
0.698551
0.784215
0.872037
0.964654
1.07049
1.20254
1.37969
1.62281
1.92593
2.20702
2.42476
2.53285
2.10949
1.57084
1.37711
1.16837
1.23256
1.2546
1.26811
1.30653
1.32056
1.32034
1.291
1.21276
1.06874
0.828846
0.450911
-0.122592
-0.965467
-2.15298
-3.74372
-5.79463
-8.37817
-11.5716
-15.4682
-20.2192
-26.1166
-33.3977
-41.8111
-54.7815
-67.615
-54.1451
-42.5642
-34.031
-21.7475
-10.5247
-0.0862688
9.60315
17.1361
22.1948
22.8226
21.1688
18.1111
17.1033
16.3445
16.1475
17.109
15.1676
11.4998
7.72697
7.47194
8.0244
8.38457
10.1021
9.97757
11.8934
-0.313782
0.371034
0.221532
0.375152
0.409355
0.476233
0.498316
0.49649
0.475443
0.465978
0.460782
0.538713
0.62671
0.712463
0.801451
0.892189
0.987584
1.09633
1.23237
1.41609
1.66618
1.95818
2.21516
2.45894
2.47324
2.01037
1.48829
1.31918
1.12424
1.22338
1.25568
1.28715
1.34095
1.36856
1.38345
1.36904
1.30601
1.17729
0.951543
0.584149
0.0127319
-0.841084
-2.04915
-3.66743
-5.76343
-8.4156
-11.7061
-15.7414
-20.691
-26.8687
-34.5023
-43.8642
-60.3437
-70.2853
-57.1837
-44.3073
-35.3641
-22.5055
-10.731
0.276979
10.5085
18.4858
23.9009
24.235
21.9914
18.3634
17.2857
16.5112
16.2333
17.462
15.2741
11.1527
7.35659
7.35448
8.02335
8.28095
10.1558
9.81932
12.0179
-0.309575
0.363668
0.217767
0.374072
0.408709
0.474799
0.495321
0.493014
0.475587
0.461393
0.46748
0.551336
0.640168
0.729374
0.821308
0.914584
1.01222
1.12314
1.26229
1.45099
1.70156
1.97211
2.22323
2.48985
2.38072
1.9332
1.40729
1.25858
1.08603
1.21824
1.26014
1.31092
1.38042
1.4226
1.45368
1.45532
1.40883
1.29686
1.08668
0.730429
0.159768
-0.70606
-1.93221
-3.57809
-5.72131
-8.44121
-11.8277
-16.0007
-21.1444
-27.5866
-35.5767
-46.0276
-65.5974
-72.299
-60.0122
-45.9325
-36.6074
-23.2262
-10.9073
0.687042
11.4968
19.958
25.7897
25.8135
22.8552
18.5751
17.4286
16.6602
16.258
17.6004
15.3381
10.728
6.94106
7.24555
8.0284
8.18484
10.1786
9.60117
12.142
-0.292753
0.348625
0.215272
0.372802
0.408637
0.474158
0.493653
0.49233
0.479096
0.456241
0.480641
0.566493
0.656768
0.749154
0.84366
0.939041
1.03828
1.15055
1.29169
1.48268
1.72488
1.97417
2.24723
2.47646
2.30556
1.86634
1.33105
1.1935
1.05347
1.21832
1.26924
1.34062
1.42605
1.48379
1.53203
1.55077
1.52206
1.42815
1.23453
0.88883
0.316197
-0.561865
-1.80437
-3.48046
-5.67116
-8.45597
-11.9368
-16.2454
-21.5768
-28.2659
-36.6132
-48.1847
-70.0108
-73.5718
-62.5271
-47.4214
-37.7357
-23.8968
-11.0452
1.14998
12.573
21.5644
27.8792
27.5866
23.7659
18.7418
17.5265
16.7977
16.2484
17.5885
15.3722
10.2161
6.44942
7.12836
8.03187
8.11002
10.173
9.35835
12.3793
-0.265451
0.327695
0.214504
0.371287
0.409258
0.474317
0.493452
0.494667
0.483925
0.455902
0.498302
0.58419
0.676447
0.771634
0.868341
0.965341
1.0655
1.17816
1.31982
1.50868
1.73405
1.97487
2.28577
2.42021
2.25644
1.80489
1.26492
1.12631
1.02833
1.22458
1.28443
1.3775
1.47896
1.55316
1.61939
1.65616
1.64634
1.57154
1.39469
1.05715
0.479157
-0.410113
-1.66988
-3.37903
-5.61412
-8.46009
-12.0333
-16.475
-21.9859
-28.9028
-37.5985
-50.2093
-73.2996
-74.1442
-64.6849
-48.7719
-38.7406
-24.5129
-11.1367
1.67071
13.7411
23.3176
30.1874
29.5851
24.7287
18.8584
17.5722
16.9344
16.2548
17.5108
15.3143
9.58034
5.84554
6.99126
8.03901
8.06377
10.1391
9.09345
12.7231
-0.231484
0.305186
0.215041
0.369687
0.410619
0.475273
0.494904
0.499686
0.485978
0.464263
0.518635
0.604515
0.69902
0.79661
0.895147
0.993231
1.09354
1.20552
1.34561
1.52629
1.73247
1.98533
2.30737
2.36665
2.2227
1.75169
1.2143
1.06294
1.01384
1.23802
1.30726
1.42273
1.5402
1.63165
1.71652
1.77211
1.78206
1.72694
1.56566
1.23186
0.64602
-0.253513
-1.53434
-3.27625
-5.54992
-8.45338
-12.117
-16.6886
-22.3703
-29.4947
-38.5148
-51.988
-75.4296
-74.3174
-66.3025
-49.9614
-39.6064
-25.068
-11.1751
2.24914
15.0038
25.2305
32.7329
31.8411
25.7466
18.9185
17.556
17.0798
16.3356
17.4211
15.1807
8.76639
5.08306
6.82546
8.06193
8.04314
10.0784
8.85052
13.1475
-0.195423
0.283528
0.216527
0.368202
0.412708
0.477102
0.498414
0.506849
0.485089
0.480677
0.540751
0.627519
0.724216
0.82386
0.923832
1.02243
1.12207
1.23211
1.36765
1.53429
1.73019
2.01539
2.29028
2.33794
2.19606
1.71125
1.18334
1.00553
1.01375
1.25984
1.33922
1.47735
1.61068
1.72
1.82397
1.89897
1.92925
1.89349
1.74443
1.4088
0.814604
-0.0968055
-1.4025
-3.17205
-5.47767
-8.43551
-12.1875
-16.8859
-22.7289
-30.0396
-39.3461
-53.4406
-76.3723
-74.0087
-67.3239
-50.949
-40.3063
-25.5466
-11.1544
2.88498
16.3629
27.3156
35.5339
34.3874
26.819
18.9137
17.4643
17.2331
16.4677
17.3587
15.0246
7.69919
4.09774
6.60942
8.11038
8.03759
9.98282
8.60616
13.5121
-0.160592
0.262989
0.218817
0.366955
0.415461
0.479838
0.503882
0.512953
0.487239
0.501845
0.564543
0.653072
0.751729
0.853124
0.954116
1.05263
1.15073
1.25726
1.3843
1.5345
1.73574
2.05323
2.26013
2.32831
2.17536
1.68633
1.17462
0.951388
1.03033
1.29102
1.38171
1.54221
1.69117
1.81877
1.94206
2.03681
2.08745
2.06918
1.92649
1.58441
0.982116
0.0539397
-1.2762
-3.06465
-5.39652
-8.40612
-12.2445
-17.0667
-23.0612
-30.5357
-40.0769
-54.5215
-76.2939
-73.27
-67.7595
-51.7015
-40.8183
-25.9305
-11.0682
3.57901
17.8183
29.5841
38.6074
37.2558
27.9392
18.8327
17.2805
17.3891
16.6028
17.3266
14.8476
6.2804
2.818
6.31402
8.18801
8.03966
9.8559
8.3827
13.9648
-0.12831
0.243403
0.221796
0.366001
0.418814
0.483639
0.510805
0.514586
0.497333
0.525045
0.590244
0.680872
0.781252
0.884108
0.985691
1.08351
1.1791
1.28009
1.39484
1.53344
1.75667
2.07238
2.24675
2.32792
2.16309
1.67836
1.19302
0.906171
1.06531
1.33214
1.43598
1.6179
1.78218
1.92825
2.07086
2.18534
2.2554
2.25039
2.10666
1.75628
1.14381
0.193953
-1.15384
-2.95198
-5.30589
-8.36491
-12.288
-17.2311
-23.3672
-30.9814
-40.6943
-55.219
-75.4583
-72.2961
-67.6415
-52.2011
-41.1271
-26.2011
-10.9087
4.33208
19.3681
32.0455
41.9681
40.4757
29.0909
18.6557
16.9782
17.5443
16.7028
17.2911
14.6239
4.39109
1.16333
5.94557
8.28682
8.04828
9.68369
8.35458
13.8027
-0.0987521
0.224717
0.225319
0.365339
0.422691
0.488601
0.517195
0.51508
0.513995
0.549263
0.61788
0.710535
0.812463
0.916479
1.01822
1.11471
1.20667
1.29968
1.40077
1.53969
1.79454
2.07089
2.25335
2.3326
2.16108
1.68808
1.24287
0.881551
1.12043
1.38382
1.50297
1.70474
1.88401
2.04847
2.2101
2.34373
2.43067
2.43186
2.28081
1.92198
1.29357
0.322343
-1.03202
-2.83264
-5.20552
-8.31175
-12.3179
-17.3791
-23.6471
-31.3756
-41.1897
-55.5484
-74.0779
-71.1584
-67.0534
-52.4391
-41.2236
-26.3388
-10.6665
5.14495
21.0082
34.7053
45.6253
44.0716
30.2483
18.356
16.5258
17.6991
16.7585
17.2374
14.3022
1.88612
-0.97035
5.51715
8.3933
8.0697
9.46002
8.11445
11.5282
-0.0717242
0.206806
0.22923
0.364926
0.427019
0.494235
0.519852
0.520759
0.533569
0.574702
0.647151
0.741691
0.845019
0.949885
1.05135
1.14582
1.2328
1.31561
1.40601
1.55748
1.83479
2.07345
2.27163
2.3431
2.16954
1.71469
1.31936
0.881309
1.19517
1.44686
1.58321
1.8028
1.99669
2.1792
2.35917
2.51041
2.60917
2.6078
2.44675
2.07723
1.42699
0.442303
-0.907532
-2.70603
-5.09535
-8.24657
-12.3344
-17.5111
-23.9013
-31.7177
-41.5585
-55.5434
-72.3206
-69.849
-66.0932
-52.4172
-41.1075
-26.3253
-10.3322
6.01854
22.7328
37.5636
49.5787
48.0546
31.3546
17.8881
15.8742
17.8549
16.8109
17.1865
13.8077
-1.40072
-3.68419
5.01178
8.49761
8.10396
9.28168
7.43887
11.0592
-0.0467545
0.189342
0.233358
0.364707
0.431616
0.498413
0.520651
0.532258
0.554194
0.601512
0.677655
0.773992
0.878549
0.983946
1.08467
1.17633
1.25686
1.32902
1.41692
1.5902
1.86205
2.09205
2.29535
2.36101
2.18786
1.75699
1.41363
0.913181
1.28743
1.52173
1.67683
1.91191
2.11999
2.31985
2.51693
2.68259
2.78517
2.77394
2.60276
2.21625
1.54426
0.558848
-0.778571
-2.57217
-4.9755
-8.16937
-12.3374
-17.6276
-24.1305
-32.0075
-41.7991
-55.2489
-70.3371
-68.3925
-64.8579
-52.1486
-40.7856
-26.1463
-9.89653
6.95407
24.5333
40.613
53.8145
52.4265
32.3829
17.1176
14.9273
18.0182
16.914
17.2452
13.1064
-5.61663
-6.98824
4.40848
8.6
8.1526
8.98029
6.8409
14.2694
-0.0229904
0.171861
0.237524
0.364713
0.435868
0.499051
0.524531
0.546452
0.57587
0.629442
0.708997
0.807079
0.912663
1.01825
1.11771
1.20563
1.27854
1.34257
1.43759
1.63501
1.88324
2.12283
2.32313
2.38687
2.21553
1.81254
1.50726
0.984406
1.39463
1.60918
1.78351
2.03165
2.25336
2.46947
2.68147
2.8558
2.95256
2.92856
2.74522
2.33522
1.65014
0.676122
-0.644701
-2.43147
-4.8462
-8.08013
-12.327
-17.729
-24.3357
-32.2454
-41.913
-54.7135
-68.2439
-66.8259
-63.4367
-51.6538
-40.2702
-25.7938
-9.35133
7.95302
26.3982
43.8374
58.2886
57.1249
33.3088
15.7995
13.5368
18.1679
17.0741
17.7088
12.3087
-10.8431
-10.7131
3.7539
8.66694
8.22046
8.43152
6.65268
17.7026
0.000774413
0.153888
0.241555
0.364883
0.438254
0.498982
0.532105
0.561729
0.598681
0.658075
0.740853
0.840572
0.946943
1.05233
1.1499
1.23312
1.29847
1.35958
1.4679
1.67984
1.91213
2.15957
2.35573
2.42039
2.25269
1.87878
1.57184
1.09357
1.51247
1.70972
1.90248
2.16139
2.39594
2.62659
2.84962
3.02391
3.10719
3.0708
2.86894
2.43548
1.75096
0.796133
-0.506364
-2.28448
-4.70765
-7.97884
-12.3035
-17.816
-24.518
-32.4321
-41.9042
-53.9853
-66.1223
-65.188
-61.8986
-50.9564
-39.5771
-25.2658
-8.68958
9.01715
28.3118
47.2113
62.939
62.0565
33.975
13.3532
11.4808
18.3148
17.2554
18.4733
11.4871
-16.902
-14.555
3.15032
8.72099
8.22939
8.21289
7.19489
21.2183
0.0259365
0.135211
0.245288
0.364207
0.438685
0.501528
0.541497
0.578149
0.622394
0.687063
0.77289
0.874066
0.980926
1.08564
1.18058
1.25848
1.31836
1.38335
1.50798
1.71804
1.95027
2.19905
2.3937
2.46121
2.3012
1.96092
1.59859
1.236
1.63762
1.82335
2.03268
2.30025
2.54644
2.78889
3.0165
3.1807
3.248
3.19778
2.97084
2.52304
1.85147
0.919044
-0.364419
-2.13185
-4.56008
-7.86554
-12.267
-17.8891
-24.6786
-32.5683
-41.7796
-53.1088
-64.0244
-63.5157
-60.2888
-50.0797
-38.7224
-24.5654
-7.90603
10.1478
30.2534
50.7056
67.5863
66.8995
34.4149
9.18747
8.36067
18.5306
17.8248
19.1513
10.5671
-23.2385
-18.095
2.58299
8.77555
8.34697
8.78495
8.24003
26.6384
0.053684
0.116245
0.248331
0.361705
0.439856
0.506141
0.552037
0.59565
0.6466
0.716131
0.804751
0.907121
1.01409
1.11753
1.20912
1.28193
1.33993
1.41351
1.55368
1.75561
1.99373
2.24091
2.43691
2.50917
2.36424
2.06915
1.60744
1.4015
1.76807
1.94959
2.17271
2.44702
2.70299
2.95275
3.17567
3.32235
3.37491
3.30498
3.05328
2.6051
1.95363
1.04401
-0.219875
-1.9742
-4.40379
-7.74038
-12.2177
-17.949
-24.8188
-32.6549
-41.5494
-52.1238
-61.9777
-61.8294
-58.6332
-49.045
-37.7208
-23.6992
-6.99813
11.345
32.1969
54.272
71.9969
71.2483
33.7149
1.0564
3.36838
19.1615
20.3441
21.8427
9.78872
-28.9347
-20.7798
1.93988
8.62494
9.05398
10.2259
10.6032
35.9752
0.0842914
0.0982471
0.250519
0.358792
0.442732
0.511956
0.563794
0.613957
0.671017
0.744965
0.836025
0.939242
1.04582
1.14732
1.23511
1.30427
1.36436
1.4483
1.59809
1.79684
2.03882
2.28535
2.48476
2.56374
2.44243
2.19996
1.62865
1.57994
1.9032
2.08722
2.32098
2.6001
2.86284
3.11288
3.32102
3.4485
3.48573
3.39022
3.12316
2.68654
2.05728
1.16982
-0.0737328
-1.81216
-4.23923
-7.60368
-12.1558
-17.9964
-24.9392
-32.693
-41.2266
-51.065
-59.993
-60.1322
-56.9459
-47.8706
-36.5856
-22.6764
-5.96689
12.6066
34.1156
57.8834
75.9129
73.0958
30.4738
-11.2034
-4.4457
20.2729
26.877
29.656
9.50179
-33.1061
-22.1853
1.2341
8.31857
10.341
12.3673
14.3546
41.901
0.116035
0.081518
0.253398
0.357339
0.446795
0.519008
0.576648
0.632778
0.695376
0.773205
0.866267
0.969878
1.07547
1.17439
1.25859
1.32641
1.39166
1.48609
1.63919
1.84092
2.08434
2.3322
2.53651
2.62365
2.532
2.33005
1.69225
1.76193
2.04338
2.23449
2.47573
2.75733
3.02197
3.26279
3.44941
3.55975
3.57678
3.45673
3.18791
2.76907
2.16126
1.29519
0.073067
-1.64653
-4.06712
-7.45594
-12.0816
-18.0315
-25.0405
-32.6845
-40.8276
-49.9632
-58.0745
-58.4248
-55.2345
-46.5737
-35.3289
-21.5087
-4.81716
13.9345
35.9827
61.5542
81.53
73.4291
24.825
-22.593
-13.2336
21.7725
37.6239
42.2191
9.82027
-35.0564
-22.6468
0.609607
8.05093
11.857
14.8788
18.8855
40.4848
0.144911
0.0663751
0.258437
0.357639
0.452043
0.527313
0.590338
0.651851
0.719339
0.80044
0.894979
0.998431
1.10241
1.1984
1.2799
1.34866
1.4204
1.5244
1.6792
1.88542
2.13004
2.38106
2.59132
2.68744
2.626
2.41973
1.81601
1.94086
2.18986
2.3892
2.63491
2.91563
3.17481
3.39686
3.56124
3.65461
3.64696
3.5118
3.25215
2.85219
2.26417
1.41897
0.219578
-1.47834
-3.88856
-7.29782
-11.9952
-18.0542
-25.1221
-32.6323
-40.3701
-48.8448
-56.2257
-56.7121
-53.5057
-45.1712
-33.9633
-20.2096
-3.55316
15.3302
37.6777
64.6738
87.5849
73.74
17.8674
-30.6199
-21.0392
23.4096
50.2905
56.6801
10.6564
-34.6817
-22.9353
0.141363
7.91663
13.3653
17.476
23.6961
37.1343
0.166622
0.0559986
0.264618
0.359546
0.458547
0.536705
0.604619
0.670878
0.742535
0.826231
0.921637
1.02432
1.12615
1.21932
1.29945
1.37073
1.4491
1.56063
1.719
1.92896
2.17586
2.43147
2.64861
2.75569
2.72404
2.45426
1.98464
2.11498
2.34263
2.54894
2.79595
3.0706
3.31504
3.51285
3.65766
3.73051
3.70024
3.56257
3.31715
2.93456
2.36468
1.54012
0.364712
-1.309
-3.70495
-7.13014
-11.8965
-18.0638
-25.1834
-32.5404
-39.873
-47.7324
-54.4505
-55.0027
-51.768
-43.6811
-32.5028
-18.7921
-2.17339
16.7986
39.1898
66.6707
88.7681
73.4626
9.68814
-35.1796
-27.8703
24.584
62.2854
69.3718
12.5163
-33.4108
-23.1801
-0.18035
7.94541
14.8853
20.1578
27.8559
36.8975
0.179325
0.053027
0.271306
0.363269
0.466214
0.546983
0.619216
0.689513
0.76456
0.850118
0.945728
1.04706
1.14649
1.2374
1.31738
1.39199
1.47686
1.59437
1.75785
1.97115
2.22162
2.48301
2.70783
2.83005
2.82603
2.46916
2.16829
2.28521
2.50064
2.71114
2.95535
3.21653
3.43787
3.61181
3.73786
3.78754
3.74382
3.613
3.38212
3.01474
2.46166
1.65765
0.507114
-1.14032
-3.51812
-6.95383
-11.7849
-18.059
-25.2228
-32.4139
-39.3538
-46.6442
-52.7542
-53.309
-50.0322
-42.1228
-30.9617
-17.2654
-0.672933
18.3266
40.553
67.9783
85.8976
72.0938
3.0902
-36.5392
-34.6665
24.8579
72.0624
78.0622
15.6137
-32.2709
-23.3244
-0.441876
8.33407
16.6466
22.7863
30.0602
39.8272
0.183813
0.0572549
0.278479
0.368754
0.474803
0.557904
0.633815
0.707389
0.785002
0.871652
0.966824
1.0664
1.16354
1.25295
1.33362
1.41188
1.50306
1.62627
1.79501
2.01195
2.26702
2.53497
2.76776
2.90761
2.90817
2.51782
2.34856
2.45297
2.66163
2.87258
3.1083
3.34756
3.54203
3.6952
3.80046
3.83021
3.78403
3.66386
3.44566
3.09148
2.55417
1.77047
0.645106
-0.974539
-3.33023
-6.76996
-11.6596
-18.0376
-25.2387
-32.2591
-38.8285
-45.5944
-51.1421
-51.6451
-48.3112
-40.5156
-29.3524
-15.6345
0.948367
19.8619
41.6898
68.8224
81.8098
69.605
1.88043
-37.0387
-40.3681
24.5128
78.8708
82.9216
20.0902
-30.7975
-23.0767
-0.568598
9.40976
18.9622
25.3704
30.3596
38.3048
0.181342
0.0675233
0.286091
0.375829
0.484106
0.569211
0.648085
0.724134
0.803463
0.890462
0.984673
1.08236
1.17762
1.2662
1.34806
1.43022
1.52739
1.65653
1.83015
2.05128
2.31172
2.58652
2.82743
2.98349
2.94692
2.61588
2.51878
2.61947
2.82249
3.02918
3.24905
3.45994
3.6291
3.76285
3.84675
3.86517
3.82398
3.71419
3.50641
3.1638
2.64138
1.87731
0.776702
-0.814232
-3.14388
-6.57978
-11.5195
-17.9963
-25.2294
-32.0827
-38.3105
-44.5934
-49.6189
-50.0247
-46.6173
-38.8768
-27.6843
-13.9029
2.67997
21.3534
42.4579
68.3251
77.4124
66.1521
3.7499
-38.1624
-44.5542
23.6622
82.9127
84.7885
26.0117
-27.1034
-21.2329
0.144303
11.5836
21.9277
27.738
30.833
36.041
0.17303
0.082754
0.293956
0.384262
0.493873
0.5806
0.661676
0.739381
0.819609
0.906322
0.999274
1.09524
1.18913
1.27735
1.36073
1.44704
1.55001
1.68497
1.86327
2.08902
2.35528
2.63684
2.88731
3.05296
2.96123
2.74029
2.67958
2.78384
2.97944
3.17587
3.37243
3.55333
3.70066
3.81461
3.88145
3.89759
3.86396
3.76262
3.56329
3.23096
2.7224
1.9767
0.899694
-0.662305
-2.9621
-6.38488
-11.3627
-17.9314
-25.1933
-31.8913
-37.811
-43.649
-48.1883
-48.4592
-44.9606
-37.2207
-25.9654
-12.0787
4.49787
22.7721
42.7615
66.032
72.6427
61.9766
6.71557
-40.3373
-47.2544
22.3036
84.8815
83.9898
32.6264
-19.9008
-16.2613
3.12851
15.209
25.2629
29.5636
31.5993
34.8249
0.159931
0.101999
0.3019
0.393792
0.503834
0.591755
0.674249
0.752817
0.833227
0.919222
1.01089
1.10549
1.19843
1.28665
1.37193
1.46253
1.57118
1.71146
1.89436
2.12496
2.39711
2.68516
2.94585
3.10037
2.99387
2.86759
2.83381
2.9435
3.12807
3.30725
3.47582
3.62962
3.75725
3.85274
3.91027
3.92967
3.90292
3.80794
3.61549
3.29233
2.79627
2.06707
1.01177
-0.521898
-2.78845
-6.18734
-11.1873
-17.8382
-25.129
-31.6916
-37.3396
-42.7667
-46.8533
-46.9591
-43.3495
-35.5599
-24.2055
-10.1795
6.36728
24.1073
42.618
62.3244
67.3214
57.2955
9.84214
-42.3411
-47.6812
20.846
85.0118
81.3641
38.7902
-10.3208
-8.28161
8.56411
19.8638
28.3932
30.7949
32.3306
33.9402
0.142911
0.124415
0.309774
0.404108
0.513687
0.602345
0.685489
0.764224
0.844286
0.929386
1.01997
1.11359
1.2059
1.29442
1.38196
1.47699
1.59087
1.73597
1.92332
2.15873
2.43638
2.73095
2.99847
3.12079
3.05721
2.98894
2.98225
3.09476
3.26337
3.41913
3.55971
3.69058
3.79986
3.88182
3.93712
3.96128
3.93962
3.84925
3.66249
3.3473
2.86197
2.14685
1.11064
-0.396284
-2.62704
-5.99021
-10.9913
-17.7112
-25.0354
-31.489
-36.9053
-41.9519
-45.6168
-45.5346
-41.791
-33.9076
-22.4203
-8.23284
8.25207
25.3657
42.1239
57.8122
61.5026
52.4075
12.6327
-43.0814
-44.9881
19.6778
83.5995
78.0729
43.5071
-0.245788
1.14995
15.2137
24.6591
30.9351
31.541
31.7246
32.9692
0.122585
0.149258
0.317413
0.414856
0.523118
0.612053
0.695163
0.773537
0.852961
0.937222
1.02701
1.11994
1.21186
1.30106
1.39122
1.49053
1.60903
1.75852
1.95002
2.18991
2.47258
2.77388
3.03599
3.137
3.13429
3.10411
3.12308
3.2332
3.38061
3.51007
3.62619
3.73745
3.83142
3.90643
3.96332
3.99143
3.97305
3.88597
3.70385
3.39522
2.91849
2.21465
1.19426
-0.288671
-2.48255
-5.79792
-10.7738
-17.5439
-24.9116
-31.2868
-36.5163
-41.2091
-44.4817
-44.1966
-40.2946
-32.2805
-20.632
-6.27248
10.1248
26.5711
41.4336
53.0667
55.5535
47.7959
15.1219
-41.5689
-39.123
19.0719
81.3288
74.7366
46.3645
9.11683
10.707
21.9121
28.9093
32.7602
32.0301
30.6346
32.0235
0.09941
0.175851
0.324621
0.425648
0.531809
0.62061
0.703154
0.780865
0.859614
0.943271
1.03258
1.12502
1.21679
1.30694
1.39996
1.50306
1.62562
1.77898
1.97414
2.2179
2.50552
2.81186
3.05488
3.17044
3.21238
3.21401
3.25268
3.35432
3.47684
3.58126
3.67735
3.77226
3.85602
3.92923
3.98851
4.01905
4.00253
3.91775
3.7392
3.4355
2.96501
2.26936
1.26096
-0.201926
-2.35993
-5.61691
-10.5358
-17.3277
-24.7563
-31.0855
-36.1815
-40.5461
-43.4526
-42.9542
-38.8721
-30.6994
-18.8695
-4.33359
11.9695
27.7607
40.7383
48.6335
49.9887
44.0698
17.6583
-37.3594
-30.9576
19.2338
78.8641
71.6832
47.8309
17.3139
19.5137
27.9619
32.2921
33.9417
32.4231
30.0162
31.3299
0.0738017
0.203486
0.33117
0.43607
0.53948
0.627837
0.709487
0.786453
0.864635
0.947918
1.03693
1.1291
1.22099
1.31246
1.40817
1.51455
1.64063
1.79726
1.99543
2.24256
2.53537
2.83947
3.06889
3.21692
3.28791
3.3171
3.36683
3.45462
3.55182
3.63518
3.71538
3.79822
3.87705
3.95089
4.01179
4.04334
4.02766
3.94436
3.76822
3.46765
3.00098
2.3103
1.30968
-0.138203
-2.2639
-5.45564
-10.2834
-17.0522
-24.5638
-30.8845
-35.9032
-39.9755
-42.531
-41.8168
-37.5386
-29.1879
-17.1627
-2.44665
13.7814
28.9762
40.2242
45.0599
45.2654
41.7172
20.5414
-30.836
-22.0511
20.2284
76.754
69.1733
48.5369
24.2552
27.1149
32.9904
34.7644
34.6613
32.6897
29.656
30.8374
0.0463191
0.231322
0.336822
0.445719
0.545921
0.633678
0.714348
0.790714
0.868606
0.951786
1.04064
1.1327
1.22477
1.31774
1.41575
1.52496
1.65394
1.81313
2.01355
2.26397
2.56101
2.85535
3.09316
3.26724
3.36037
3.40986
3.462
3.53277
3.6076
3.6746
3.74309
3.81874
3.89616
3.97095
4.03231
4.06385
4.0483
3.96567
3.79066
3.49144
3.02622
2.33735
1.34016
-0.0984964
-2.198
-5.3237
-10.0302
-16.7095
-24.3107
-30.6856
-35.6574
-39.5117
-41.7192
-40.793
-36.3101
-27.7722
-15.5426
-0.637032
15.5598
30.2481
40.023
42.8031
41.6843
40.7703
23.7455
-22.6597
-13.9156
21.9245
75.1848
67.321
48.7322
29.9037
33.3116
36.8466
36.4253
35.0794
32.8936
29.4681
30.5466
0.0178458
0.258298
0.341365
0.454239
0.551031
0.638185
0.717935
0.793859
0.871595
0.954765
1.0436
1.13572
1.22827
1.32271
1.42271
1.53429
1.66558
1.82657
2.02866
2.2825
2.57948
2.86879
3.12688
3.31791
3.42796
3.48844
3.53624
3.59006
3.64732
3.70257
3.76373
3.83615
3.91358
3.98866
4.04955
4.08043
4.06448
3.9817
3.80658
3.50704
3.04109
2.35108
1.35311
-0.0823851
-2.1637
-5.22941
-9.7971
-16.3077
-23.9478
-30.4856
-35.4327
-39.1577
-41.0614
-39.9087
-35.2023
-26.4725
-14.0349
1.07476
17.3027
31.5843
40.1713
41.9616
39.3867
40.7696
26.8871
-13.4308
-6.70806
24.5679
73.9081
65.9626
48.4815
34.3183
38.0243
39.5592
37.4492
35.3209
33.0782
29.4537
30.4321
-0.0102625
0.283123
0.344638
0.461333
0.554802
0.641521
0.720645
0.796498
0.874387
0.957697
1.04653
1.13856
1.23167
1.32733
1.429
1.54244
1.6753
1.83728
2.04081
2.29756
2.59112
2.88942
3.16466
3.36719
3.48741
3.55035
3.59004
3.62967
3.67451
3.72233
3.77993
3.85134
3.9288
4.0034
4.06323
4.09306
4.07621
3.99248
3.81614
3.51483
3.04629
2.35258
1.35013
-0.087831
-2.15965
-5.17697
-9.60716
-15.8853
-23.4273
-30.168
-35.2135
-38.8654
-40.5332
-39.1685
-34.2499
-25.3155
-12.6553
2.68453
19.0128
32.9628
40.577
42.0283
38.3239
41.1243
29.465
-4.18404
0.483378
28.8192
72.9931
64.991
48.0445
37.629
41.3232
41.3017
38.0374
35.4766
33.2346
29.5629
30.492
-0.0361505
0.30441
0.346674
0.466916
0.557402
0.643863
0.722518
0.798334
0.876305
0.959749
1.0488
1.141
1.23484
1.33157
1.43462
1.5495
1.68333
1.84578
2.05059
2.30784
2.60208
2.91665
3.20352
3.41281
3.53559
3.59508
3.62615
3.65561
3.69269
3.73669
3.79318
3.86431
3.94137
4.01499
4.07355
4.10215
4.08404
3.99879
3.82045
3.51643
3.04404
2.34485
1.33517
-0.109905
-2.18058
-5.16448
-9.47686
-15.5082
-22.8173
-29.6222
-34.8427
-38.5495
-40.1138
-38.5828
-33.4665
-24.3374
-11.4471
4.15674
20.6591
34.3341
41.0991
42.1958
38.2491
41.4231
31.158
3.67395
7.56969
34.334
72.9677
64.6065
47.7862
39.9857
43.4191
42.3254
38.3591
35.6012
33.3574
29.7439
30.7607
-0.0578183
0.320704
0.347424
0.470778
0.558843
0.645355
0.723993
0.800228
0.878619
0.962275
1.05132
1.14346
1.23781
1.33542
1.43952
1.5552
1.68919
1.85158
2.05729
2.31418
2.61761
2.94659
3.24081
3.45151
3.57085
3.62427
3.64849
3.67187
3.70488
3.74749
3.80385
3.87461
3.95088
4.02334
4.08055
4.10776
4.08807
4.00081
3.81991
3.51245
3.0353
2.32943
1.31079
-0.144404
-2.22024
-5.18495
-9.40835
-15.2248
-22.2601
-28.9782
-34.2879
-38.0714
-39.655
-38.0833
-32.8251
-23.5142
-10.3968
5.48723
22.1984
35.6168
41.6092
41.9528
38.7635
41.5106
31.9701
9.34899
13.4054
39.6141
73.6721
64.7564
47.7908
41.4855
44.5841
42.884
38.546
35.708
33.4527
29.9629
31.1266
-0.073218
0.331436
0.34741
0.473297
0.559592
0.646257
0.724872
0.801265
0.879739
0.963549
1.05295
1.14554
1.24047
1.33876
1.44361
1.55978
1.69369
1.85591
2.06123
2.3201
2.63591
2.97554
3.27341
3.48119
3.59441
3.64187
3.66155
3.6818
3.71312
3.7555
3.81191
3.88216
3.95758
4.029
4.08506
4.11102
4.08984
4.00074
3.81749
3.50695
3.0256
2.31384
1.28716
-0.177762
-2.26122
-5.21825
-9.38595
-15.0516
-21.8665
-28.4616
-33.7828
-37.5846
-39.1566
-37.5772
-32.2795
-22.8518
-9.5466
6.60143
23.5359
36.7714
42.1497
41.4498
39.3533
41.387
32.1693
12.9663
17.4295
43.6189
74.6295
65.2336
48.0337
42.2974
45.1297
43.1939
38.6682
35.7914
33.5228
30.2708
30.9744
-0.0819483
0.336241
0.346604
0.474234
0.559385
0.646314
0.725288
0.802426
0.881621
0.965701
1.05489
1.14741
1.24271
1.34151
1.4467
1.56255
1.69545
1.85689
2.06268
2.32846
2.65504
3.00027
3.29688
3.49916
3.60676
3.65055
3.66836
3.6876
3.71843
3.76082
3.81714
3.88684
3.96153
4.03211
4.08719
4.11203
4.08948
3.99869
3.8133
3.49999
3.01489
2.298
1.26441
-0.208999
-2.30026
-5.25652
-9.39491
-14.9721
-21.6466
-28.1426
-33.4362
-37.2143
-38.7407
-37.1138
-31.7713
-22.2745
-8.82091
7.56154
24.6804
37.6771
42.4634
40.9613
39.6995
41.1557
32.1036
14.999
19.7519
46.1392
75.5043
65.7602
48.3248
42.5448
45.2784
43.3373
38.7552
35.8427
33.5677
30.767
30.7535
-0.0844538
0.337137
0.346068
0.47454
0.559206
0.646307
0.725273
0.802394
0.881626
0.966041
1.05573
1.14864
1.24419
1.34314
1.44828
1.56387
1.69667
1.85842
2.06527
2.33469
2.66581
3.01428
3.31079
3.51
3.61389
3.65506
3.67162
3.69037
3.72105
3.76348
3.81974
3.88914
3.96346
4.03362
4.08823
4.11252
4.08933
3.99776
3.81145
3.49701
3.01052
2.29189
1.25624
-0.219315
-2.31179
-5.26551
-9.39114
-14.936
-21.5646
-28.0373
-33.3334
-37.1063
-38.616
-36.9537
-31.5316
-21.9313
-8.34796
8.19283
25.3714
38.1376
42.5778
40.8427
39.9087
40.997
32.0257
15.8175
20.7205
47.4706
76.3084
66.3831
48.6822
42.577
45.3276
43.427
38.7928
35.8531
33.6542
31.4451
36.0396
)
;

boundaryField
{
    inletFace
    {
        type            zeroGradient;
    }
    inlet
    {
        type            zeroGradient;
    }
    inletWalls
    {
        type            zeroGradient;
    }
    outletInlet
    {
        type            cyclicAMI;
        value           nonuniform List<scalar> 
15
(
28.8658
35.7856
35.1799
31.5834
27.184
25.6221
23.0401
24.7052
24.9622
28.8138
27.6357
31.971
31.0579
33.2587
34.3978
)
;
    }
    fineSymmetryWall
    {
        type            symmetryPlane;
    }
    fineWalls
    {
        type            zeroGradient;
    }
    fineCyclicBoundary
    {
        type            fixedValue;
        value           uniform 0;
    }
    fineplug
    {
        type            cyclicAMI;
        value           nonuniform List<scalar> 
80
(
27.9747
28.5875
31.1493
26.3386
29.7094
33.914
34.7797
35.7949
36.5156
36.8116
36.4411
37.9797
36.7993
33.5402
33.6459
32.8032
32.7906
32.0861
31.3025
29.859
30.8958
34.5301
27.1473
26.6159
25.0481
24.3736
25.0824
25.3384
24.0537
22.8635
22.9799
30.8263
25.102
24.1729
22.92
21.5541
21.6568
23.3513
23.0511
21.3351
27.7537
25.2591
26.4328
27.1209
25.65
24.3783
23.1376
23.7201
23.9067
32.3234
30.7764
28.1779
28.004
28.9121
28.293
27.3605
26.2726
22.8345
33.4111
35.0074
32.5092
31.7199
30.326
28.7003
30.4359
30.0608
29.4186
27.9147
35.4238
34.1632
33.4569
33.6916
33.5761
32.9467
30.8715
31.5321
32.9911
38.5126
34.8995
33.2992
)
;
    }
    faceFine
    {
        type            zeroGradient;
    }
}


// ************************************************************************* //
