/*--------------------------------*- C++ -*----------------------------------*\
| =========                 |                                                 |
| \\      /  F ield         | OpenFOAM: The Open Source CFD Toolbox           |
|  \\    /   O peration     | Version:  4.1                                   |
|   \\  /    A nd           | Web:      www.OpenFOAM.org                      |
|    \\/     M anipulation  |                                                 |
\*---------------------------------------------------------------------------*/
FoamFile
{
    version     2.0;
    format      ascii;
    class       volScalarField;
    location    "13";
    object      p;
}
// * * * * * * * * * * * * * * * * * * * * * * * * * * * * * * * * * * * * * //

dimensions      [0 2 -2 0 0 0 0];

internalField   nonuniform List<scalar> 
6785
(
594.448
519.097
471.49
419.504
373.179
328.916
287.499
248.288
211.157
175.916
141.762
108.778
80.213
49.4647
9.43377
6.12558
-11.5916
-2.59854
-8.87616
-8.80365
-11.0311
-11.8676
-12.4282
-12.1055
-10.8262
-8.49625
-5.20093
-0.0884224
5.87026
8.03796
10.6074
5.03973
13.8309
9.07707
12.1092
10.9282
11.2535
10.6606
10.1528
9.37927
8.68266
8.57548
8.53024
7.82806
7.00755
12.0989
7.7344
9.69729
3.54617
3.40249
-0.922496
-3.14348
-6.4626
-9.30026
-12.2211
-14.6703
-16.1047
-16.8862
-17.6085
-16.8543
-10.1186
-13.0375
-10.5739
-14.044
-11.7496
-13.7147
-12.9554
-13.4468
-13.2826
-13.2193
-12.8578
-12.1493
-10.6427
-9.47668
-7.23224
6.72505
6.33229
9.66759
8.39949
11.7496
11.6485
13.7881
14.9162
16.5067
18.0036
19.6179
21.1311
22.9152
24.1743
26.3615
28.7545
29.4385
32.2231
31.4838
34.2263
34.3144
35.998
36.9194
38.088
39.1801
40.3092
41.3737
42.6147
43.547
44.8651
45.452
46.3357
48.3371
47.725
49.7553
49.6385
50.8297
51.2545
51.951
52.6334
53.4091
54.2384
55.1929
55.8919
56.892
57.4669
58.3828
59.7165
59.532
61.2269
61.3811
62.5655
62.934
63.4215
63.3779
63.0385
62.6667
62.5067
62.7745
62.9477
66.8742
66.1159
66.8971
65.6659
66.2164
65.0085
64.6667
63.2421
61.8492
59.9902
58.2007
56.6534
55.6819
55.5481
54.1756
52.1577
48.4858
47.8238
45.0597
44.2805
42.104
41.0831
39.4742
38.3161
36.7782
35.2147
33.8104
33.1832
32.3167
29.1325
16.1182
11.5541
9.83896
6.50741
4.28802
1.0194
-1.61399
-4.65009
-7.29593
-9.83194
-11.6959
-12.6279
-13.2647
-14.0745
-14.1981
0.473519
-1.96141
-3.85107
-6.62184
-8.3273
-10.762
-12.4898
-14.0174
-14.7209
-14.7723
-14.0198
-12.6648
-10.8682
-9.48405
-7.4918
5.42645
7.49773
8.6221
8.82303
9.44681
10.0076
11.082
12.1508
13.3095
14.4378
15.5721
16.5419
17.5714
18.1964
19.5816
53.0714
53.0559
52.151
47.6981
42.6669
39.0774
35.7782
32.8022
30.5099
28.8028
27.2133
26.1131
25.4111
24.9845
24.1532
42.5658
42.9629
43.2047
43.2051
43.3135
43.6292
44.2032
44.0433
43.9517
43.8445
44.1634
43.7408
43.5266
43.7296
43.1466
42.9757
42.9775
43.1209
42.2302
42.3707
42.6275
41.8067
41.6261
42.0656
42.2457
41.4151
41.2808
41.821
42.1511
41.224
41.7618
42.0823
41.4698
41.3687
41.9092
42.1429
41.5443
41.9133
42.1277
41.798
41.6963
42.0005
41.95
41.6878
41.5774
41.7484
41.5406
41.2247
41.3499
41.1925
41.0218
40.9191
41.0163
41.0461
40.9573
40.8683
40.9102
41.2206
41.1504
41.1449
41.455
41.4453
41.4144
41.3393
41.6639
41.8341
42.4679
41.6215
40.4834
41.619
42.5354
36.6816
33.8364
36.7967
38.7341
19.4987
27.7955
32.4187
-6.20524
4.10796
9.25607
7.44845
11.0597
4.66656
6.62812
11.7116
12.0672
13.0642
13.6513
14.6246
16.4441
19.6762
20.5583
15.5729
17.37
20.2012
23.0831
23.6013
24.9696
25.7038
27.3847
31.6339
28.2718
30.495
30.994
32.7031
35.3286
36.9363
37.6922
38.6937
37.9999
43.5104
42.3485
43.9578
44.5823
45.0535
46.5992
49.0307
49.8383
46.8357
51.7874
53.0168
55.0661
55.6356
54.9799
54.2575
53.6013
55.0739
51.5015
58.5988
60.2401
56.812
56.887
56.3531
53.741
51.7437
49.2756
42.4745
52.4254
54.6386
48.2036
44.9175
40.3347
35.8014
31.5611
28.5397
24.7031
19.4561
19.1769
21.6469
16.4212
15.3998
13.7283
11.156
4.64578
2.51101
5.03246
-3.36698
7.76823
5.80943
5.54531
11.1785
6.22378
8.83912
8.00292
9.87837
12.4914
8.67062
10.9295
12.5548
10.0234
10.9675
10.327
11.1356
12.6536
10.3562
11.0922
10.4063
11.1401
12.3121
9.88382
11.0676
11.918
10.0988
10.6073
9.9696
10.4848
11.4294
9.63756
10.108
9.44874
9.97108
10.7542
8.80075
9.65624
10.2232
8.74331
9.0846
8.51946
8.86105
9.50753
8.08322
8.38924
7.83992
8.16821
8.67785
7.18672
7.74895
8.07192
6.95381
7.14219
6.69601
6.86579
7.19604
6.17177
6.31524
5.89701
6.03156
6.20842
5.21506
5.46632
5.48326
4.73171
4.74759
4.40805
4.39717
4.35493
3.68784
3.63835
3.31408
3.26366
3.07051
2.3691
2.42728
2.25249
1.38232
1.18393
1.06821
0.499509
0.269807
0.00117555
0.00192243
0.00309857
0.00390839
0.00483282
0.00563978
0.00645706
0.00721613
0.00794659
0.0086254
0.00925656
0.00983218
0.0103539
0.0108235
0.0112488
0.0116412
0.0120161
0.0123913
0.0127849
0.0132115
0.0136797
0.0141904
0.014739
0.0153212
0.0159434
0.0166326
0.0174429
0.0184526
0.0197425
0.0213523
0.023233
0.0252519
0.0272596
0.0291054
0.030619
0.0316639
0.0321369
0.0319948
0.0312957
0.0302003
0.0289535
0.0278052
0.0268943
0.0261446
0.0252911
0.0240141
0.0219164
0.0184242
0.012786
0.00406153
-0.00856197
-0.0246279
-0.0428529
-0.0714533
-0.123249
-0.0709733
-0.681696
-0.640326
-0.794025
-0.969463
-1.03819
-1.0638
-1.04281
-0.930699
-0.783375
-0.583762
-0.355182
-0.141694
0.0726758
0.247262
0.396928
0.494951
0.57316
0.588874
0.620082
0.612129
0.568028
0.677937
0.39035
0.00332314
0.00535154
0.00861811
0.0109058
0.0134401
0.0156594
0.0178675
0.0199055
0.0218383
0.0236131
0.0252357
0.0266885
0.0279754
0.0291045
0.0300987
0.0309923
0.0318308
0.0326664
0.0335511
0.0345272
0.0356187
0.036827
0.0381371
0.0395363
0.0410415
0.0427295
0.0447549
0.0473413
0.0507193
0.0549998
0.0600367
0.0654457
0.0708064
0.0757051
0.0796743
0.0823474
0.0834482
0.0828649
0.0807634
0.0775862
0.0739844
0.0705602
0.0674774
0.0641047
0.0591114
0.0510558
0.0387287
0.0213583
-0.00116067
-0.0286208
-0.0606511
-0.0959181
-0.133518
-0.175586
-0.2173
-0.160821
-0.975213
-1.00801
-1.30956
-1.65488
-1.85406
-1.9696
-1.97506
-1.78639
-1.51425
-1.13156
-0.691202
-0.270355
0.141634
0.482073
0.751111
0.948462
1.06879
1.14167
1.17214
1.21267
1.18169
1.2979
1.10695
0.00519019
0.00869068
0.014266
0.0181675
0.0224991
0.0262924
0.0300738
0.0335689
0.0368919
0.0399512
0.0427581
0.0452821
0.0475297
0.0495141
0.0512734
0.0528648
0.0543646
0.0558605
0.0574399
0.0591745
0.0611046
0.0632328
0.0655337
0.0679847
0.0706136
0.0735486
0.0770503
0.081497
0.0872813
0.0945945
0.103191
0.112424
0.121583
0.129967
0.136785
0.141411
0.143372
0.142471
0.138988
0.13368
0.127683
0.122089
0.117299
0.11242
0.105406
0.0939842
0.0760997
0.0501267
0.0151927
-0.0292686
-0.0835283
-0.146511
-0.217411
-0.294533
-0.392267
-0.471428
-1.00987
-1.16296
-1.52575
-1.95451
-2.22252
-2.38541
-2.40592
-2.17815
-1.84682
-1.37449
-0.834009
-0.315993
0.188423
0.604958
0.928325
1.16925
1.30705
1.39837
1.4367
1.46996
1.48983
1.52576
1.56113
0.00694692
0.0118848
0.0196554
0.0251384
0.0311912
0.036503
0.0417852
0.0466687
0.051306
0.0555736
0.0594851
0.0629994
0.0661251
0.0688808
0.0713202
0.0735233
0.0755971
0.0776648
0.0798492
0.0822508
0.0849262
0.0878781
0.0910695
0.0944663
0.098105
0.102163
0.107005
0.113163
0.121197
0.131379
0.143364
0.156238
0.169011
0.180705
0.190214
0.196667
0.199398
0.198128
0.193239
0.185794
0.177392
0.169581
0.162932
0.15617
0.146395
0.130415
0.105387
0.0691333
0.0205842
-0.0408419
-0.115408
-0.202477
-0.301957
-0.405478
-0.550013
-0.854416
-1.05728
-1.41856
-1.83591
-2.3722
-2.71627
-2.92568
-2.95787
-2.67664
-2.26973
-1.6859
-1.02027
-0.382459
0.238035
0.749917
1.14592
1.44116
1.60794
1.71533
1.76828
1.78521
1.84857
1.82559
2.15554
0.0085363
0.0149829
0.0249544
0.0320587
0.0398626
0.0467282
0.0535442
0.0598506
0.0658362
0.0713462
0.0763964
0.0809345
0.0849711
0.0885303
0.0916806
0.0945255
0.0972029
0.099872
0.102692
0.105793
0.109248
0.11306
0.117178
0.121556
0.126235
0.13144
0.137641
0.145532
0.155847
0.168954
0.184404
0.201006
0.217489
0.23259
0.244885
0.25325
0.256811
0.255198
0.248886
0.239241
0.228342
0.218217
0.209638
0.200968
0.188499
0.168226
0.13665
0.091092
0.0301522
-0.0471287
-0.141538
-0.253479
-0.383792
-0.521971
-0.731954
-1.2071
-1.00642
-1.71947
-2.18634
-2.84204
-3.27504
-3.53837
-3.58553
-3.24337
-2.7513
-2.04108
-1.23396
-0.460446
0.290926
0.910479
1.38741
1.74473
1.94279
2.07215
2.13721
2.14574
2.24544
2.17348
2.60353
0.0100085
0.0179909
0.030105
0.038838
0.0483729
0.0567878
0.0651238
0.072843
0.080163
0.0869021
0.0930754
0.098621
0.103551
0.107894
0.111734
0.115199
0.118457
0.121704
0.125136
0.128914
0.133128
0.13778
0.142803
0.148135
0.153819
0.160125
0.16763
0.177194
0.189739
0.205738
0.224635
0.24495
0.265133
0.283635
0.298711
0.308986
0.313371
0.311392
0.303605
0.291674
0.278162
0.265594
0.254938
0.24417
0.228752
0.203911
0.165585
0.110701
0.0375817
-0.055104
-0.168736
-0.304917
-0.465367
-0.640085
-0.905876
-1.41142
-0.915957
-2.05191
-2.53528
-3.29756
-3.81994
-4.13573
-4.19679
-3.79045
-3.21432
-2.37835
-1.43387
-0.529169
0.347865
1.06983
1.62298
2.03908
2.26507
2.4154
2.49059
2.48951
2.624
2.50154
2.96596
0.0113618
0.0209301
0.0351456
0.045528
0.0567916
0.0667681
0.0766292
0.0857699
0.0944308
0.102406
0.109708
0.116266
0.122091
0.12722
0.131751
0.135833
0.139669
0.143491
0.147533
0.151988
0.156964
0.16246
0.168392
0.174676
0.181355
0.188742
0.197517
0.208719
0.223473
0.242373
0.264751
0.288822
0.312755
0.334711
0.352621
0.364854
0.370087
0.367727
0.358393
0.344039
0.327723
0.312491
0.299533
0.286426
0.267813
0.238254
0.193263
0.129436
0.0447455
-0.0627175
-0.195214
-0.355742
-0.547035
-0.762198
-1.07581
-1.52759
-0.921543
-2.41585
-2.90982
-3.76258
-4.37619
-4.74347
-4.81666
-4.34011
-3.67781
-2.71261
-1.63017
-0.594374
0.407671
1.23068
1.85904
2.33284
2.58577
2.7559
2.8404
2.82737
2.99396
2.82321
3.36138
0.0126147
0.0238101
0.040072
0.0521177
0.0650972
0.0766395
0.0880216
0.0985842
0.108583
0.117792
0.126219
0.133784
0.140499
0.146405
0.151615
0.156303
0.160703
0.165085
0.169725
0.174847
0.180577
0.186911
0.193745
0.200969
0.208619
0.217047
0.227041
0.239824
0.256748
0.278545
0.304429
0.332287
0.360009
0.385462
0.406246
0.420469
0.426558
0.423776
0.412779
0.395799
0.376409
0.358215
0.34265
0.32688
0.304749
0.27027
0.218654
0.146187
0.0503853
-0.0714153
-0.222553
-0.407512
-0.630225
-0.888234
-1.24496
-1.64976
-1.15683
-2.78423
-3.33044
-4.24884
-4.95817
-5.37799
-5.46199
-4.90736
-4.15457
-3.05353
-1.82921
-0.659124
0.470263
1.39548
2.09974
2.63176
2.91108
3.10134
3.19354
3.16866
3.36341
3.14696
3.72071
0.0137747
0.0266435
0.0448984
0.0586233
0.0733074
0.0864226
0.0993246
0.111313
0.122651
0.133096
0.142648
0.151219
0.158819
0.165497
0.171379
0.176663
0.181614
0.186546
0.191773
0.197555
0.204035
0.211207
0.218941
0.227096
0.235698
0.245129
0.256288
0.270594
0.28965
0.314351
0.343782
0.375476
0.407047
0.436056
0.459773
0.47603
0.482981
0.479709
0.466874
0.446982
0.424148
0.402593
0.384027
0.365197
0.339202
0.299658
0.24158
0.160893
0.0544998
-0.0812282
-0.250922
-0.460667
-0.715888
-1.0189
-1.41928
-1.82763
-1.65912
-3.13233
-3.80432
-4.75444
-5.56499
-6.03845
-6.131
-5.48905
-4.64108
-3.3973
-2.02789
-0.721131
0.536816
1.56426
2.34406
2.93405
3.2384
3.44914
3.54679
3.51069
3.72944
3.47119
4.04823
0.0148523
0.0294387
0.0496299
0.0650479
0.0814226
0.0961157
0.110534
0.123951
0.136628
0.148308
0.158982
0.168556
0.177037
0.184478
0.191021
0.196887
0.202377
0.207843
0.213644
0.220076
0.227301
0.235308
0.243938
0.253015
0.262543
0.272934
0.285194
0.300954
0.322097
0.349709
0.382732
0.418318
0.453803
0.486435
0.513143
0.531474
0.539266
0.535385
0.520455
0.497258
0.470509
0.445109
0.423075
0.400747
0.370572
0.325928
0.26167
0.173243
0.0567618
-0.0925556
-0.280817
-0.515838
-0.804817
-1.15431
-1.60197
-2.07122
-2.33083
-3.38528
-4.3299
-5.28156
-6.20003
-6.729
-6.82664
-6.08636
-5.13763
-3.74321
-2.22537
-0.779585
0.607882
1.7372
2.5919
3.23933
3.56709
3.79866
3.89919
3.8526
4.09134
3.79293
4.41213
0.015855
0.0322041
0.0542753
0.0714
0.0894505
0.105727
0.121659
0.136506
0.150521
0.163438
0.175233
0.185807
0.195163
0.20336
0.210552
0.216987
0.222999
0.228983
0.235344
0.242416
0.250381
0.259222
0.268748
0.278737
0.289166
0.300469
0.313761
0.330897
0.354077
0.384611
0.421284
0.460827
0.500304
0.536634
0.566396
0.586827
0.595402
0.590715
0.573323
0.546317
0.515092
0.485298
0.459287
0.433038
0.398474
0.348857
0.278838
0.18322
0.0571553
-0.105462
-0.312385
-0.573313
-0.897478
-1.29482
-1.79507
-2.35879
-2.96999
-3.48479
-4.90525
-5.83475
-6.8686
-7.45709
-7.55515
-6.70342
-5.64711
-4.09269
-2.42237
-0.834541
0.683725
1.91476
2.84384
3.54816
3.89766
4.15061
4.25115
4.19525
4.44974
4.11176
4.75293
0.01679
0.034946
0.0588407
0.0776847
0.0973951
0.115259
0.132701
0.14898
0.164333
0.178487
0.191402
0.202972
0.213196
0.222139
0.229969
0.236957
0.243473
0.249958
0.256862
0.264562
0.273264
0.282939
0.293359
0.304252
0.315555
0.327717
0.34196
0.360382
0.385543
0.419015
0.459405
0.50298
0.546534
0.586639
0.61951
0.642036
0.651263
0.645459
0.625111
0.593692
0.55738
0.522626
0.49214
0.461642
0.422656
0.368378
0.293138
0.190922
0.0557658
-0.119908
-0.345645
-0.63319
-0.994009
-1.44066
-1.99873
-2.66
-3.42351
-3.53229
-5.55159
-6.41984
-7.57444
-8.23008
-8.32238
-7.34355
-6.17152
-4.44627
-2.61884
-0.88559
0.764864
2.09736
3.10012
3.86076
4.23005
4.50514
4.60244
4.53898
4.80437
4.43232
5.06029
0.0176632
0.0376705
0.0633329
0.0839082
0.105262
0.124717
0.143665
0.161378
0.178068
0.193459
0.207492
0.220056
0.231142
0.240821
0.249274
0.256798
0.263799
0.270764
0.278194
0.286512
0.295944
0.306454
0.31777
0.329558
0.341708
0.354671
0.369778
0.389385
0.416462
0.45289
0.497075
0.544765
0.592491
0.636445
0.672455
0.697005
0.706639
0.699263
0.67534
0.638852
0.596859
0.556619
0.52125
0.486346
0.443116
0.384658
0.30483
0.19663
0.052855
-0.135674
-0.380425
-0.695342
-1.09429
-1.59198
-2.21282
-2.9641
-3.74898
-3.68766
-6.25845
-7.04647
-8.32012
-9.05616
-9.13496
-8.01017
-6.71274
-4.80428
-2.81475
-0.932304
0.852153
2.28569
3.36112
4.17706
4.56417
4.86221
4.95271
4.88385
5.15532
4.74889
5.40995
0.01848
0.0403824
0.0677577
0.0900753
0.113055
0.134105
0.154554
0.173704
0.191731
0.208359
0.223507
0.23706
0.249001
0.259406
0.268467
0.276509
0.283973
0.291396
0.299333
0.308255
0.318413
0.32976
0.341975
0.354651
0.367619
0.381322
0.397194
0.41787
0.44679
0.4862
0.534268
0.586163
0.638156
0.686015
0.725138
0.751529
0.761161
0.751597
0.723397
0.681215
0.633051
0.586923
0.546421
0.507168
0.460074
0.398052
0.314326
0.200763
0.0488153
-0.152403
-0.416398
-0.759447
-1.19794
-1.74871
-2.43726
-3.27417
-4.06702
-4.092
-6.96403
-7.73066
-9.10738
-9.94448
-10.0009
-8.7076
-7.27317
-5.16744
-3.01032
-0.974332
0.946402
2.4806
3.62822
4.49748
4.89979
5.22181
5.30174
5.23003
5.50245
5.06547
5.71629
0.0192449
0.043086
0.0721204
0.0961909
0.120779
0.143427
0.165372
0.18596
0.205323
0.223189
0.239451
0.253989
0.266777
0.277895
0.287549
0.296089
0.303993
0.311849
0.320273
0.329784
0.340664
0.352851
0.365969
0.379528
0.393285
0.407663
0.42419
0.445805
0.476484
0.518906
0.570956
0.627152
0.683498
0.735272
0.777379
0.805253
0.814276
0.801766
0.768589
0.72024
0.66562
0.61339
0.567704
0.524372
0.473957
0.409078
0.322173
0.203855
0.0441517
-0.169621
-0.453103
-0.825017
-1.30439
-1.91039
-2.67101
-3.5916
-4.42529
-4.80328
-7.64542
-8.48858
-9.93741
-10.9045
-10.9296
-9.44088
-7.85554
-5.53672
-3.20551
-1.01111
1.04819
2.68259
3.9025
4.82261
5.23714
5.58403
5.64923
5.57776
5.84561
5.38004
6.0245
0.0199616
0.0457852
0.0764261
0.102259
0.128438
0.152685
0.176122
0.19815
0.218848
0.237952
0.255327
0.270846
0.284472
0.296292
0.306521
0.315536
0.323855
0.332119
0.341005
0.351091
0.362688
0.375721
0.389749
0.404188
0.418706
0.433687
0.450749
0.473153
0.505497
0.550967
0.607107
0.667696
0.728452
0.784059
0.828849
0.857615
0.865208
0.848929
0.810224
0.755529
0.694458
0.636119
0.585383
0.538418
0.485341
0.418365
0.329006
0.206522
0.0394484
-0.186766
-0.489968
-0.891423
-1.41287
-2.07615
-2.91202
-3.91587
-4.84356
-5.78958
-8.25879
-9.32311
-10.8114
-11.9458
-11.9313
-10.2158
-8.46287
-5.91293
-3.40017
-1.04203
1.15812
2.89216
4.18425
5.15253
5.57807
5.94859
5.99502
5.92722
6.18487
5.69155
6.33695
0.0206336
0.0484831
0.0806791
0.108284
0.136035
0.161884
0.186808
0.210277
0.23231
0.252653
0.271137
0.287632
0.302089
0.314597
0.325384
0.33485
0.343555
0.352199
0.361522
0.372166
0.384476
0.398362
0.41331
0.428629
0.443879
0.459389
0.476852
0.499877
0.533777
0.582336
0.642682
0.70774
0.772891
0.832089
0.879008
0.907801
0.912983
0.892191
0.847741
0.786945
0.719727
0.65544
0.599926
0.549903
0.494897
0.426612
0.335512
0.209423
0.0353383
-0.203212
-0.526345
-0.95792
-1.52247
-2.2447
-3.15768
-4.24588
-5.31771
-6.89451
-8.6868
-10.2114
-11.7323
-13.0788
-13.0176
-11.0391
-9.09878
-6.29671
-3.5941
-1.0665
1.27683
3.10989
4.47383
5.48734
5.92411
6.31525
6.33899
6.27844
6.52008
6.00536
6.62383
0.0212633
0.0511827
0.0848835
0.114269
0.143574
0.171027
0.197432
0.222343
0.245711
0.267292
0.286885
0.304352
0.31963
0.332813
0.344136
0.354029
0.363092
0.372083
0.381816
0.393
0.40602
0.420767
0.436649
0.452849
0.468806
0.484766
0.502484
0.525936
0.561268
0.612962
0.677628
0.747182
0.816583
0.878879
0.927056
0.954745
0.956496
0.93075
0.880872
0.814672
0.741837
0.671849
0.611915
0.559496
0.503338
0.43454
0.342394
0.213235
0.0324756
-0.218305
-0.561531
-1.02369
-1.63211
-2.41449
-3.40518
-4.57998
-5.81665
-7.83774
-8.88563
-11.1463
-12.7036
-14.3148
-14.2016
-11.9184
-9.76754
-6.68888
-3.78713
-1.08389
1.40498
3.33633
4.77161
5.82717
6.27528
6.68412
6.68016
6.63183
6.85111
6.31569
6.91913
0.0218531
0.0538865
0.089043
0.120217
0.151057
0.180115
0.207996
0.234351
0.259053
0.281875
0.302574
0.321008
0.337098
0.35094
0.36278
0.373072
0.38246
0.391764
0.401877
0.413583
0.427309
0.442929
0.459761
0.47685
0.493488
0.509817
0.527628
0.551288
0.587907
0.642784
0.711859
0.785838
0.859121
0.923683
0.9719
0.997178
0.994671
0.964106
0.909742
0.839197
0.761364
0.68592
0.621966
0.567879
0.511374
0.442859
0.350343
0.218623
0.0315111
-0.231384
-0.594815
-1.08788
-1.74065
-2.58375
-3.65185
-4.91555
-6.30511
-8.44704
-9.04297
-12.1315
-13.728
-15.6667
-15.497
-12.8622
-10.4741
-7.09059
-3.97907
-1.09354
1.54324
3.57206
5.07795
6.17215
6.63137
7.05439
7.02002
6.9874
7.17809
6.62135
7.22693
0.0224046
0.0565968
0.0931606
0.126131
0.158488
0.18915
0.218502
0.246303
0.272339
0.296401
0.318205
0.337602
0.354494
0.368981
0.381315
0.391978
0.401656
0.411237
0.421697
0.433903
0.448332
0.464839
0.482642
0.500631
0.517929
0.534542
0.55227
0.575887
0.613622
0.67172
0.745234
0.823386
0.899854
0.965455
1.01218
1.03377
1.02671
0.992236
0.934874
0.861203
0.778942
0.698228
0.630673
0.575697
0.519675
0.452242
0.360012
0.226223
0.0330669
-0.241821
-0.625527
-1.14968
-1.84698
-2.75073
-3.89543
-5.25039
-6.77318
-8.86906
-9.39589
-13.0987
-14.8242
-17.1468
-16.9183
-13.8798
-11.224
-7.50337
-4.16972
-1.09476
1.69226
3.81765
5.39313
6.52238
6.9923
7.42498
7.36293
7.34355
7.50097
6.93134
7.51188
0.022919
0.0593157
0.0972392
0.132013
0.165868
0.198136
0.228953
0.258201
0.285571
0.310875
0.333782
0.354137
0.371821
0.386936
0.399742
0.410745
0.420676
0.430494
0.441265
0.453948
0.469077
0.486488
0.505289
0.524195
0.542135
0.558945
0.576396
0.59968
0.638327
0.699649
0.777504
0.859293
0.937846
1.00285
1.04639
1.06339
1.05235
1.01564
0.957057
0.881436
0.795177
0.709283
0.638557
0.58353
0.528845
0.463302
0.372004
0.23662
0.0377017
-0.249083
-0.653122
-1.20845
-1.95015
-2.91398
-4.13427
-5.58287
-7.22646
-9.28896
-10.2058
-13.9944
-16.0329
-18.7677
-18.4799
-14.9809
-12.0231
-7.92908
-4.35891
-1.08685
1.85274
4.07368
5.71741
6.87796
7.35789
7.79551
7.71084
7.69917
7.81954
7.23409
7.80837
0.0233973
0.0620451
0.101281
0.137865
0.1732
0.207073
0.23935
0.270045
0.298751
0.325298
0.349308
0.370615
0.389082
0.404808
0.418061
0.429371
0.439515
0.449527
0.46057
0.473706
0.489533
0.507867
0.527697
0.547542
0.566113
0.583034
0.599993
0.622608
0.661908
0.726377
0.808253
0.892764
0.971852
1.03427
1.0731
1.08547
1.07201
1.03521
0.977182
0.900597
0.81058
0.719484
0.646032
0.591863
0.539413
0.476587
0.386858
0.25032
0.0458553
-0.252811
-0.677302
-1.26384
-2.04962
-3.07262
-4.36759
-5.91171
-7.67259
-9.79116
-11.462
-14.7118
-17.3602
-20.5491
-20.1972
-16.1758
-12.8779
-8.36993
-4.54654
-1.06907
2.02535
4.34071
6.05103
7.23897
7.72782
8.16565
8.06337
8.05458
8.13393
7.53701
8.10205
0.02384
0.0647865
0.105288
0.143689
0.180485
0.215962
0.249694
0.281839
0.31188
0.339672
0.364783
0.387038
0.406277
0.422597
0.436272
0.447855
0.45817
0.468328
0.4796
0.493161
0.509684
0.528967
0.549863
0.570677
0.589873
0.606817
0.62305
0.644598
0.684201
0.751588
0.836843
0.922727
1.00034
1.05806
1.09137
1.10028
1.08666
1.05199
0.996086
0.919272
0.825532
0.729092
0.653391
0.60108
0.551824
0.492572
0.405026
0.267698
0.0577607
-0.252956
-0.698174
-1.316
-2.14548
-3.2267
-4.59569
-6.23696
-8.11995
-10.3756
-12.7759
-15.0802
-18.7771
-22.5151
-22.0878
-17.4749
-13.7948
-8.82824
-4.73265
-1.0407
2.21076
4.61929
6.39417
7.60547
8.10166
8.53501
8.42011
8.41006
8.44405
7.8366
8.38116
0.0242472
0.0675416
0.109262
0.149485
0.187725
0.224804
0.259986
0.293581
0.324959
0.353999
0.38021
0.403409
0.423409
0.440306
0.454375
0.466195
0.476635
0.486888
0.498343
0.512301
0.529518
0.549775
0.571781
0.593603
0.613427
0.630308
0.645551
0.665547
0.704959
0.774784
0.862397
0.94783
1.02154
1.0729
1.1012
1.10881
1.09753
1.067
1.01448
0.937908
0.84027
0.738221
0.660794
0.611463
0.56644
0.511641
0.42683
0.288918
0.0733142
-0.249935
-0.716425
-1.36579
-2.23867
-3.37727
-4.82004
-6.56032
-8.57357
-10.9921
-13.7064
-15.3161
-20.2865
-24.6866
-24.1715
-18.8892
-14.7804
-9.30625
-4.91744
-1.00102
2.40966
4.90996
6.74697
7.97748
8.47886
8.90322
8.78059
8.76576
8.74999
8.13537
8.68453
0.0246188
0.0703118
0.113205
0.155255
0.194919
0.233599
0.270227
0.305273
0.33799
0.36828
0.395591
0.419729
0.44048
0.457935
0.472371
0.484389
0.494906
0.5052
0.516786
0.531107
0.549017
0.57028
0.593446
0.616323
0.636788
0.65352
0.667471
0.685301
0.723796
0.795275
0.883834
0.96641
1.03378
1.07835
1.10353
1.11249
1.10586
1.08111
1.0329
0.956812
0.85489
0.746833
0.668279
0.6232
0.583536
0.534063
0.452391
0.3138
0.0919075
-0.244813
-0.733499
-1.41489
-2.33101
-3.52639
-5.04319
-6.88502
-9.0374
-11.6215
-14.3975
-15.8195
-21.7916
-27.1224
-26.4683
-20.4291
-15.8411
-9.80587
-5.10128
-0.949316
2.6227
5.21323
7.10952
8.35496
8.85874
9.26993
9.14408
9.12195
9.05165
8.44616
8.96248
0.0249542
0.0730983
0.117116
0.161
0.202068
0.242348
0.280415
0.316916
0.350974
0.382516
0.410928
0.436001
0.457491
0.475485
0.49026
0.502436
0.512977
0.523253
0.534914
0.549562
0.568164
0.59047
0.614854
0.638843
0.659969
0.676463
0.688757
0.703607
0.740161
0.812248
0.899811
0.976577
1.03608
1.0752
1.10002
1.11283
1.1127
1.09499
1.05177
0.976177
0.869362
0.754753
0.675768
0.636385
0.603288
0.559931
0.481512
0.341655
0.112241
-0.239467
-0.75168
-1.46578
-2.42509
-3.67685
-5.26831
-7.21509
-9.51581
-12.2742
-15.1461
-17.0635
-23.2245
-29.9176
-28.9927
-22.1032
-16.9827
-10.3287
-5.28469
-0.884948
2.85055
5.52957
7.48188
8.73784
9.24055
9.63476
9.50966
9.47854
9.34883
8.75963
9.22972
0.0252527
0.0759024
0.120998
0.16672
0.209173
0.25105
0.290552
0.328508
0.363909
0.396707
0.426221
0.452225
0.474444
0.492958
0.508042
0.520334
0.530844
0.541037
0.552712
0.567647
0.58694
0.610328
0.635996
0.661164
0.682981
0.699132
0.709293
0.720065
0.753419
0.824803
0.908564
0.976742
1.02879
1.0652
1.09242
1.1111
1.11889
1.10915
1.07137
0.996112
0.883552
0.761678
0.68308
0.651026
0.625736
0.589065
0.513514
0.371091
0.132157
-0.236655
-0.774036
-1.52155
-2.52387
-3.83165
-5.49872
-7.55438
-10.0116
-12.9632
-16.0915
-19.0596
-24.4227
-33.1317
-31.7679
-23.9185
-18.2104
-10.8763
-5.46812
-0.807297
3.09382
5.85944
7.86403
9.12596
9.62338
9.99736
9.87622
9.8348
9.6419
9.07224
9.52432
0.0255133
0.0787251
0.124849
0.172413
0.216233
0.259703
0.300635
0.340048
0.376797
0.410855
0.441472
0.468403
0.49134
0.510354
0.525717
0.538081
0.548502
0.558542
0.570164
0.585342
0.605324
0.62984
0.656865
0.683287
0.705823
0.721478
0.728833
0.734152
0.763035
0.831693
0.908065
0.966508
1.01362
1.05041
1.08229
1.1083
1.12503
1.12397
1.09195
1.01668
0.897243
0.767188
0.689945
0.667031
0.650724
0.620877
0.547042
0.399831
0.148564
-0.239928
-0.804105
-1.58538
-2.63021
-3.99351
-5.73727
-7.90598
-10.5269
-13.6999
-17.2318
-21.2152
-25.2606
-36.8625
-34.8293
-25.8817
-19.5292
-11.4499
-5.65169
-0.715738
3.35314
6.20324
8.25592
9.51912
10.0062
10.3573
10.2425
10.1895
9.93156
9.39981
9.79087
0.0257345
0.0815674
0.12867
0.178081
0.223246
0.268307
0.310664
0.351537
0.389637
0.42496
0.456682
0.484537
0.508181
0.527675
0.543285
0.555676
0.565945
0.575758
0.587252
0.602624
0.623293
0.648986
0.677448
0.705201
0.728465
0.743349
0.746928
0.745445
0.76857
0.831034
0.896909
0.947168
0.992928
1.03271
1.07082
1.10516
1.13158
1.13977
1.11373
1.03794
0.910149
0.770755
0.696013
0.684188
0.6778
0.65418
0.579867
0.424611
0.157526
-0.253272
-0.845358
-1.66003
-2.74629
-4.1644
-5.9859
-8.27172
-11.0632
-14.4887
-18.4871
-22.9656
-26.0841
-41.3261
-38.1896
-28.0017
-20.9435
-12.0506
-5.83488
-0.609561
3.6291
6.56133
8.65744
9.91703
10.388
10.7142
10.6073
10.5412
10.2193
9.72135
10.0596
0.0259149
0.0844303
0.13246
0.183721
0.230212
0.27686
0.320637
0.362972
0.402427
0.439021
0.471851
0.500627
0.524967
0.544922
0.560748
0.573117
0.583168
0.592673
0.603958
0.619469
0.640821
0.667744
0.697727
0.726877
0.750807
0.764374
0.762996
0.753814
0.768926
0.820632
0.875407
0.921224
0.968948
1.01351
1.05886
1.1022
1.13891
1.15684
1.13696
1.05995
0.921931
0.771754
0.700859
0.702117
0.706073
0.686992
0.608747
0.441237
0.154631
-0.28049
-0.900536
-1.74726
-2.87329
-4.3452
-6.2453
-8.652
-11.6214
-15.3315
-19.8283
-24.5736
-27.4024
-46.3672
-41.8815
-30.2829
-22.4565
-12.678
-6.01622
-0.487857
3.92236
6.93403
9.06841
10.3193
10.7675
11.0675
10.9692
10.8885
10.5083
10.0482
10.3322
0.0260525
0.0873145
0.13622
0.189334
0.237129
0.28536
0.330552
0.374351
0.415167
0.453038
0.486979
0.516673
0.5417
0.562095
0.578104
0.590403
0.600166
0.609274
0.620261
0.635849
0.657881
0.686089
0.717667
0.748241
0.772582
0.783875
0.776668
0.759131
0.761695
0.799146
0.845871
0.891482
0.943356
0.993765
1.04699
1.09979
1.14734
1.17553
1.16196
1.08283
0.932205
0.769471
0.703992
0.720196
0.734032
0.716344
0.629402
0.444916
0.135671
-0.324429
-0.971081
-1.84753
-3.0111
-4.53542
-6.51457
-9.04551
-12.2008
-16.2297
-21.2546
-26.2809
-29.8002
-51.8417
-45.9777
-32.7258
-24.0684
-13.3302
-6.19336
-0.349424
4.23361
7.32163
9.48857
10.7256
11.1434
11.4165
11.327
11.23
10.8006
10.3708
10.5871
0.0261452
0.0902209
0.139947
0.194916
0.243995
0.293803
0.340406
0.385672
0.427854
0.467009
0.502066
0.532677
0.55838
0.579195
0.595354
0.607531
0.616933
0.62555
0.63614
0.651735
0.674438
0.703983
0.737212
0.769118
0.793207
0.800977
0.788043
0.761064
0.745847
0.767496
0.811056
0.859826
0.91726
0.974148
1.0356
1.09828
1.15721
1.19625
1.18914
1.10678
0.940547
0.76312
0.704855
0.73745
0.75934
0.738155
0.636747
0.430964
0.0975433
-0.386332
-1.05684
-1.95984
-3.15815
-4.73297
-6.79095
-9.44883
-12.7986
-17.1798
-22.7615
-28.1987
-33.3622
-57.653
-50.4808
-35.3221
-25.7723
-14.0039
-6.36324
-0.192641
4.56373
7.72442
9.91761
11.1353
11.5142
11.7604
11.6793
11.5643
11.0973
10.6873
10.8745
0.0261908
0.0931502
0.14364
0.200467
0.250807
0.302186
0.350195
0.396931
0.440487
0.480934
0.517112
0.548638
0.575007
0.596222
0.612498
0.624502
0.633465
0.641488
0.651571
0.667094
0.690452
0.721375
0.756247
0.789116
0.811713
0.814982
0.79634
0.754942
0.713945
0.729235
0.773132
0.827901
0.891181
0.955026
1.02501
1.09799
1.16895
1.21948
1.21904
1.13206
0.946502
0.751872
0.702821
0.752414
0.778616
0.747263
0.625539
0.39584
0.0390414
-0.465533
-1.156
-2.08165
-3.31124
-4.93386
-7.06942
-9.85591
-13.4085
-18.173
-24.3406
-30.3817
-38.0378
-63.5786
-55.3445
-38.0545
-27.5542
-14.6949
-6.52233
-0.0153495
4.91386
8.14274
10.3552
11.5479
11.8784
12.0982
12.0248
11.8902
11.3994
11.0153
11.1329
0.0261866
0.0961031
0.147298
0.205983
0.257562
0.310505
0.359915
0.408125
0.453061
0.494811
0.532115
0.564556
0.59158
0.613176
0.629536
0.641314
0.649756
0.657075
0.666529
0.681886
0.705873
0.738181
0.774535
0.807481
0.827021
0.825283
0.798909
0.735314
0.670747
0.688855
0.731995
0.796224
0.865579
0.936705
1.01552
1.09929
1.18302
1.24586
1.25234
1.15907
0.94959
0.734894
0.697218
0.762941
0.787182
0.737833
0.591521
0.338154
-0.03879
-0.559506
-1.2652
-2.20885
-3.46535
-5.13187
-7.3423
-10.2576
-14.02
-19.1942
-25.978
-32.8403
-43.7509
-69.4486
-60.5513
-40.9097
-29.3981
-15.3989
-6.66666
0.18526
5.28558
8.57707
10.8008
11.9628
12.2341
12.4286
12.3623
12.2065
11.7075
11.333
11.3912
0.0261297
0.0990801
0.15092
0.211463
0.264255
0.318756
0.369561
0.419248
0.465575
0.508636
0.547075
0.580429
0.608101
0.630057
0.646469
0.657965
0.665801
0.672295
0.680985
0.696066
0.720629
0.754258
0.791595
0.823127
0.838596
0.831999
0.794029
0.699331
0.625982
0.648845
0.690636
0.765542
0.840674
0.919531
1.00749
1.10263
1.2
1.27614
1.28992
1.18834
0.949291
0.711452
0.687411
0.765812
0.778953
0.704478
0.532767
0.259168
-0.132796
-0.664107
-1.37954
-2.33564
-3.6134
-5.31838
-7.59907
-10.6413
-14.6186
-20.2223
-27.6529
-35.5493
-50.4168
-75.19
-66.0716
-43.8718
-31.2881
-16.111
-6.7915
0.412693
5.68094
9.02813
11.2541
12.3793
12.5795
12.7501
12.6904
12.5124
12.0222
11.6406
11.6868
0.0260171
0.102082
0.154502
0.216903
0.270884
0.326934
0.379129
0.430297
0.478023
0.522408
0.561989
0.596257
0.624566
0.646864
0.663295
0.674456
0.681594
0.687133
0.694903
0.709573
0.734621
0.769331
0.806613
0.835193
0.847332
0.837498
0.77504
0.656508
0.580258
0.607185
0.649412
0.735973
0.816858
0.903895
1.00132
1.10852
1.22055
1.31121
1.33284
1.22053
0.944994
0.681179
0.672823
0.755927
0.747066
0.644032
0.450512
0.162594
-0.238132
-0.773798
-1.49267
-2.45445
-3.74627
-5.48246
-7.82686
-10.9921
-15.1864
-21.2319
-29.3372
-38.4554
-57.8429
-80.797
-71.8072
-46.9121
-33.2048
-16.8238
-6.89084
0.671059
6.10263
9.49703
11.7149
12.7965
12.9123
13.0611
13.008
12.8075
12.3442
11.966
11.9483
0.0258454
0.105109
0.158042
0.222299
0.277443
0.335032
0.388613
0.441264
0.490401
0.536122
0.576855
0.612038
0.640975
0.663596
0.680014
0.690783
0.697129
0.701568
0.708241
0.72233
0.747682
0.782897
0.818667
0.843872
0.854666
0.837323
0.744633
0.613739
0.53244
0.564677
0.609488
0.707763
0.794509
0.890193
0.997466
1.1175
1.24544
1.35214
1.38242
1.25636
0.935918
0.644764
0.652268
0.725481
0.685917
0.557082
0.34898
0.0539421
-0.348685
-0.881831
-1.59686
-2.55621
-3.85338
-5.61199
-8.01196
-11.2942
-15.7048
-22.196
-30.9975
-41.4868
-65.7727
-86.3782
-77.6177
-49.9777
-35.1208
-17.5258
-6.95722
0.964866
6.55397
9.98542
12.1828
13.2137
13.2302
13.3599
13.3137
13.0917
12.6728
12.2752
12.2253
0.025611
0.108161
0.161537
0.227648
0.283927
0.343045
0.398004
0.452144
0.502703
0.549774
0.591669
0.627768
0.657325
0.680251
0.696625
0.706947
0.712399
0.715576
0.720943
0.734225
0.759523
0.794232
0.827521
0.851358
0.862825
0.823101
0.713471
0.569526
0.483153
0.520927
0.571496
0.68126
0.774044
0.878833
0.996388
1.13018
1.2755
1.40018
1.4402
1.29626
0.921262
0.604935
0.621727
0.66482
0.594048
0.448139
0.234444
-0.0601405
-0.457416
-0.980496
-1.68344
-2.6312
-3.92407
-5.69559
-8.14228
-11.5341
-16.1577
-23.0904
-32.5988
-44.5706
-73.9225
-91.6654
-83.1726
-53.0029
-36.9998
-18.2013
-6.98209
1.29878
7.03889
10.4957
12.6582
13.63
13.5306
13.6444
13.6066
13.3652
13.0083
12.5912
12.5104
0.0253099
0.11124
0.164985
0.232945
0.29033
0.350964
0.407296
0.462929
0.514922
0.563359
0.606428
0.643444
0.673612
0.696824
0.713125
0.722941
0.72739
0.729123
0.732934
0.74509
0.769688
0.802784
0.834175
0.860123
0.865012
0.802462
0.683409
0.523023
0.433598
0.474624
0.535935
0.656698
0.755899
0.870256
0.9986
1.14723
1.31171
1.45677
1.50781
1.3397
0.901227
0.565855
0.571112
0.566322
0.475806
0.324306
0.114226
-0.172385
-0.556721
-1.06166
-1.74373
-2.67055
-3.94972
-5.72521
-8.21021
-11.7034
-16.5341
-23.8972
-34.1105
-47.6373
-81.8647
-96.5426
-88.3869
-55.9342
-38.7977
-18.8338
-6.95639
1.67747
7.56174
11.031
13.1417
14.0443
13.8104
13.9127
13.8857
13.6287
13.3498
12.9
12.7925
0.0249381
0.114345
0.168382
0.238184
0.296646
0.358783
0.41648
0.47361
0.527052
0.576871
0.621126
0.659062
0.689831
0.713313
0.72951
0.73876
0.742083
0.74216
0.744108
0.754657
0.777654
0.808863
0.840822
0.870253
0.855993
0.784196
0.652083
0.475668
0.385178
0.425613
0.503597
0.634365
0.740567
0.864905
1.00464
1.16935
1.35511
1.52353
1.58649
1.38415
0.87966
0.528677
0.484732
0.429492
0.340082
0.193608
-0.00402049
-0.275352
-0.639028
-1.11775
-1.77058
-2.66812
-3.92579
-5.69801
-8.21407
-11.8
-16.8295
-24.6061
-35.5113
-50.6208
-89.2946
-100.987
-93.206
-58.698
-40.4698
-19.4068
-6.87092
2.1056
8.12718
11.5956
13.6346
14.4558
14.0666
14.1631
14.1503
13.883
13.697
13.2021
13.1205
0.024491
0.117477
0.171724
0.243362
0.302868
0.366492
0.425547
0.484178
0.539083
0.590303
0.635758
0.674616
0.705977
0.729708
0.745769
0.754387
0.756445
0.754618
0.75431
0.762577
0.783297
0.814098
0.850389
0.874291
0.844647
0.767652
0.619373
0.428906
0.339411
0.37493
0.475031
0.614564
0.728545
0.863254
1.01508
1.19729
1.40686
1.60212
1.67571
1.4251
0.866471
0.48671
0.350368
0.262772
0.196762
0.0641939
-0.112833
-0.362028
-0.697686
-1.143
-1.75976
-2.62186
-3.85262
-5.61642
-8.15749
-11.8272
-17.0454
-25.2141
-36.7902
-53.4648
-95.8427
-104.384
-97.3911
-61.2181
-41.968
-19.9072
-6.71644
2.58796
8.73981
12.1946
14.1393
14.8634
14.2961
14.3936
14.3999
14.1292
14.0489
13.5275
13.4213
0.023964
0.120636
0.175007
0.248471
0.308987
0.374082
0.434486
0.494621
0.551006
0.603646
0.650317
0.690099
0.72204
0.746
0.761888
0.769795
0.770424
0.766392
0.763321
0.768577
0.78728
0.820241
0.861947
0.870259
0.836816
0.750681
0.586448
0.383713
0.298089
0.324417
0.450904
0.597686
0.720363
0.865768
1.03049
1.23181
1.46817
1.69375
1.77072
1.45763
0.868712
0.407267
0.155718
0.0799356
0.0560453
-0.0569866
-0.205368
-0.426624
-0.728018
-1.13457
-1.71073
-2.53374
-3.73445
-5.48626
-8.04699
-11.7911
-17.1869
-25.7235
-37.9449
-56.1105
-100.987
-106.517
-100.634
-63.4229
-43.2543
-20.3141
-6.48289
3.12955
9.40394
12.8342
14.6597
15.2661
14.4955
14.6028
14.6345
14.3681
14.4041
13.8434
13.7456
0.023352
0.123821
0.178227
0.253506
0.314996
0.381541
0.443284
0.504928
0.562809
0.616893
0.664795
0.705501
0.738008
0.762169
0.77784
0.784939
0.783937
0.777335
0.770926
0.772879
0.791309
0.829591
0.868507
0.86615
0.830763
0.733447
0.55409
0.340963
0.262807
0.276664
0.431806
0.584181
0.716531
0.872919
1.05144
1.27367
1.54022
1.79803
1.86044
1.48031
0.878903
0.231733
-0.0642025
-0.117115
-0.0744732
-0.163737
-0.276751
-0.46542
-0.728172
-1.09287
-1.6262
-2.40841
-3.57728
-5.31431
-7.88956
-11.6987
-17.2608
-26.1399
-38.9784
-58.5046
-104.558
-107.901
-102.845
-65.269
-44.283
-20.6058
-6.16207
3.73548
10.1234
13.5212
15.2011
15.6631
14.6622
14.7891
14.8543
14.6006
14.7627
14.1507
14.1292
0.0226497
0.127034
0.181379
0.258459
0.320885
0.388859
0.451931
0.515086
0.574482
0.630031
0.679181
0.72081
0.753862
0.778189
0.793577
0.79974
0.796857
0.787264
0.777081
0.776381
0.797012
0.841703
0.868948
0.865548
0.824843
0.716904
0.522656
0.301579
0.234249
0.234902
0.418129
0.574614
0.717535
0.885141
1.07845
1.32358
1.62391
1.91047
1.92963
1.50464
0.877705
-0.0578136
-0.265876
-0.313546
-0.18847
-0.251897
-0.324314
-0.477624
-0.699267
-1.02101
-1.51074
-2.25133
-3.38692
-5.10649
-7.69134
-11.557
-17.2749
-26.4698
-39.8942
-60.6212
-106.952
-108.759
-104.291
-66.7344
-45.019
-20.7702
-5.7466
4.41063
10.9012
14.263
15.7714
16.0537
14.7934
14.9514
15.0602
14.8273
15.1235
14.4992
14.4688
0.0218515
0.130273
0.184458
0.263323
0.326644
0.396023
0.46041
0.52508
0.58601
0.643049
0.693463
0.73601
0.769577
0.794012
0.809023
0.814077
0.809014
0.796052
0.782207
0.780569
0.80578
0.851302
0.869872
0.866752
0.819325
0.701547
0.492565
0.266377
0.21127
0.202214
0.41013
0.569587
0.723801
0.902816
1.11193
1.38215
1.7191
2.02
1.97013
1.54847
0.775293
-0.37619
-0.456046
-0.491277
-0.282772
-0.319785
-0.348163
-0.465048
-0.644693
-0.923408
-1.36913
-2.06717
-3.16785
-4.86741
-7.45763
-11.3728
-17.2363
-26.7194
-40.6926
-62.4513
-108.473
-108.996
-104.901
-67.773
-45.4487
-20.796
-5.23019
5.15934
11.7399
15.0671
16.3809
16.4371
14.8876
15.0885
15.2531
15.0492
15.4853
14.8311
14.87
0.0209517
0.133538
0.187458
0.268089
0.332263
0.403018
0.468707
0.534893
0.597376
0.655931
0.707625
0.751076
0.785109
0.809568
0.82406
0.827773
0.820212
0.803766
0.787263
0.787068
0.818318
0.85653
0.874002
0.868442
0.81491
0.687573
0.464495
0.236158
0.190421
0.181293
0.407789
0.569755
0.735657
0.926242
1.15218
1.44973
1.82298
2.10983
1.99561
1.62882
0.504481
-0.660947
-0.656978
-0.637139
-0.359535
-0.367487
-0.350786
-0.431271
-0.568698
-0.804344
-1.20515
-1.85915
-2.92325
-4.60087
-7.19362
-11.153
-17.1514
-26.8925
-41.3694
-63.9923
-109.272
-108.519
-104.624
-68.3566
-45.5637
-20.6727
-4.60912
5.98522
12.6412
15.9408
17.0435
16.8129
14.9437
15.1995
15.4348
15.2663
15.8469
15.1966
15.2526
0.0199442
0.136829
0.190375
0.272749
0.33773
0.409831
0.476804
0.544506
0.608564
0.66866
0.721644
0.765973
0.800396
0.824744
0.838512
0.840599
0.830314
0.810783
0.793264
0.796262
0.831616
0.861865
0.880049
0.87074
0.811922
0.675232
0.43943
0.212079
0.165755
0.173968
0.410837
0.575723
0.753311
0.955592
1.19932
1.5261
1.92766
2.1641
2.02402
1.67082
0.156571
-0.909961
-0.882008
-0.744818
-0.422469
-0.397165
-0.336059
-0.380288
-0.475091
-0.666884
-1.02103
-1.62923
-2.65572
-4.31086
-6.90532
-10.9047
-17.0244
-26.9901
-41.9168
-65.247
-109.422
-107.308
-103.516
-68.4872
-45.3648
-20.3944
-3.88275
6.89104
13.6063
16.8908
17.7764
17.1804
14.9617
15.2831
15.6068
15.4792
16.208
15.5701
15.6424
0.0188226
0.140144
0.193203
0.277293
0.343034
0.416446
0.484684
0.5539
0.619551
0.681213
0.73549
0.780649
0.81534
0.839376
0.852139
0.852308
0.839341
0.817777
0.801252
0.80872
0.842473
0.869611
0.886857
0.874108
0.810481
0.664913
0.418879
0.196883
0.133185
0.179955
0.419068
0.587924
0.776847
0.990892
1.25326
1.6097
2.01955
2.18689
2.09807
1.55281
-0.164735
-1.12519
-1.13259
-0.821109
-0.476021
-0.411749
-0.307869
-0.315351
-0.366393
-0.51257
-0.817746
-1.37895
-2.36833
-4.00243
-6.59983
-10.6341
-16.8569
-27.0102
-42.3264
-66.2213
-108.958
-105.409
-101.669
-68.1885
-44.8667
-19.9588
-3.05325
7.87854
14.6356
17.9226
18.6012
17.5382
14.9423
15.3373
15.7717
15.6873
16.5669
15.9408
16.0853
0.0175807
0.143482
0.195934
0.281711
0.34816
0.422844
0.492326
0.563052
0.630314
0.69356
0.749118
0.795021
0.829796
0.853235
0.86465
0.862697
0.847481
0.8253
0.811243
0.823491
0.852434
0.879189
0.894323
0.878758
0.810733
0.657084
0.404912
0.195137
0.0967912
0.197606
0.432243
0.606647
0.806187
1.032
1.31359
1.69596
2.08144
2.19254
2.20372
1.29107
-0.447738
-1.29486
-1.38911
-0.87588
-0.523339
-0.41394
-0.269007
-0.238344
-0.243675
-0.341735
-0.595846
-1.11051
-2.06534
-3.6823
-6.28493
-10.3455
-16.6476
-26.9492
-42.5922
-66.9224
-107.893
-102.908
-99.2103
-67.496
-44.0928
-19.3657
-2.12509
8.94804
15.7285
19.0407
19.544
17.8829
14.8868
15.3592
15.9316
15.8929
16.9242
16.3978
16.4473
0.0162119
0.146841
0.198563
0.285992
0.353096
0.429009
0.499707
0.571934
0.640822
0.70566
0.762461
0.808969
0.84356
0.86603
0.875747
0.871672
0.855022
0.833658
0.822829
0.838027
0.863398
0.889619
0.902656
0.884758
0.812848
0.652149
0.399299
0.208774
0.0671222
0.224898
0.450442
0.631892
0.841139
1.0786
1.37925
1.77608
2.1044
2.20877
2.23339
1.01546
-0.716512
-1.41182
-1.61988
-0.916523
-0.565438
-0.405357
-0.220856
-0.149795
-0.106917
-0.154208
-0.356448
-0.82748
-1.75262
-3.35881
-5.96776
-10.0407
-16.3934
-26.8035
-42.7133
-67.357
-106.232
-99.8966
-96.2767
-66.4435
-43.0688
-18.6169
-1.10478
10.0978
16.8836
20.2477
20.6365
18.2089
14.7944
15.3439
16.0901
16.0933
17.2651
16.8259
16.6685
0.0147097
0.150221
0.201082
0.290125
0.357828
0.43492
0.506803
0.580518
0.651035
0.717457
0.77542
0.822319
0.856364
0.877433
0.885173
0.879242
0.862188
0.842846
0.835662
0.851372
0.875416
0.900537
0.911936
0.892159
0.816941
0.650396
0.402732
0.232926
0.0572152
0.258998
0.474102
0.663404
0.881375
1.13015
1.44787
1.83749
2.10107
2.27617
2.10245
0.78093
-0.986332
-1.48901
-1.80429
-0.946212
-0.601691
-0.386499
-0.163549
-0.0493126
0.0444193
0.0499261
-0.102066
-0.535043
-1.43766
-3.04116
-5.65328
-9.71844
-16.0905
-26.5715
-42.6948
-67.5313
-104.019
-96.5283
-92.9902
-65.064
-41.8229
-17.719
-0.00069724
11.3235
18.0977
21.5441
21.9154
18.5029
14.6648
15.2811
16.2471
16.2948
17.61
17.2996
16.9745
0.0130678
0.153616
0.203486
0.294098
0.36234
0.440555
0.513586
0.588765
0.660903
0.728867
0.78785
0.834836
0.867889
0.887127
0.892763
0.885474
0.869036
0.852518
0.84908
0.864207
0.887905
0.911911
0.922153
0.901019
0.823068
0.65216
0.414729
0.252982
0.0765585
0.297757
0.503679
0.70074
0.92643
1.18582
1.51453
1.86719
2.08784
2.36191
1.88872
0.571048
-1.25779
-1.55388
-1.93968
-0.966048
-0.630146
-0.357065
-0.096428
0.0639491
0.210888
0.269631
0.162977
-0.23962
-1.12941
-2.73784
-5.34326
-9.37651
-15.737
-26.2548
-42.5465
-67.453
-101.343
-93.0292
-89.4643
-63.4024
-40.3892
-16.6854
1.17759
12.6182
19.366
22.9283
23.4316
18.7495
14.4663
15.1623
16.4113
16.4993
17.8741
17.9778
15.481
0.01128
0.157026
0.205767
0.297899
0.366615
0.445893
0.520026
0.596632
0.670356
0.739773
0.799551
0.846227
0.877802
0.894852
0.898454
0.890454
0.875498
0.862214
0.862078
0.876908
0.900447
0.923705
0.933278
0.911382
0.831297
0.658354
0.435825
0.253846
0.122929
0.339973
0.539401
0.743277
0.975717
1.24423
1.57137
1.86413
2.09395
2.36408
1.70175
0.36243
-1.52516
-1.63425
-2.02967
-0.97694
-0.648407
-0.316276
-0.0184502
0.190942
0.392651
0.502306
0.432788
0.0515845
-0.837764
-2.45462
-5.03652
-9.01287
-15.3336
-25.8583
-42.2812
-67.1324
-98.2884
-89.5372
-85.8087
-61.5165
-38.806
-15.5338
2.42038
13.9723
20.6817
24.3926
25.2451
18.8995
14.1944
14.9518
16.5739
16.7072
18.0671
18.0348
14.1005
0.00934079
0.160445
0.207918
0.301513
0.370639
0.450908
0.526087
0.604062
0.679301
0.75001
0.810263
0.856164
0.885795
0.90043
0.902267
0.894311
0.881546
0.871652
0.874164
0.889373
0.912873
0.935839
0.945279
0.923256
0.841802
0.671111
0.469508
0.241061
0.185025
0.384965
0.580984
0.790302
1.02848
1.30286
1.60902
1.84543
2.14557
2.23936
1.56416
0.152104
-1.78148
-1.75426
-2.08102
-0.979275
-0.654081
-0.263209
0.071562
0.332502
0.589029
0.743337
0.700804
0.330579
-0.572091
-2.19318
-4.7304
-8.62748
-14.8844
-25.3897
-41.9117
-66.5829
-94.9283
-86.0681
-82.1174
-59.4647
-37.109
-14.2822
3.7181
15.3739
22.0361
25.9164
27.4419
18.9608
13.6572
14.6355
16.7456
16.8748
18.3387
17.7291
14.5812
0.00724518
0.163868
0.209932
0.304927
0.374393
0.455572
0.531725
0.610984
0.687609
0.759361
0.819684
0.864337
0.891679
0.903905
0.904449
0.897232
0.88712
0.880647
0.885358
0.901377
0.925087
0.948228
0.958113
0.936544
0.854573
0.691617
0.510461
0.23994
0.252287
0.432941
0.627631
0.841015
1.0837
1.35727
1.62099
1.82903
2.20535
2.07988
1.45162
-0.0488677
-2.01713
-1.93439
-2.10028
-0.973693
-0.644837
-0.197009
0.174761
0.489123
0.797836
0.986199
0.960839
0.588245
-0.339
-1.95119
-4.42264
-8.22307
-14.3963
-24.8574
-41.4488
-65.8222
-91.3608
-82.6561
-78.4586
-57.296
-35.3279
-12.948
5.06071
16.8093
23.4154
27.4323
30.2785
18.883
11.9673
14.1062
16.919
17.0193
18.4879
18.1447
16.8702
0.00498927
0.16729
0.211801
0.308127
0.377858
0.459856
0.536892
0.617306
0.695114
0.767565
0.827496
0.87045
0.895228
0.905214
0.905188
0.89949
0.89231
0.889105
0.895755
0.912767
0.937004
0.960795
0.971694
0.950999
0.869461
0.718508
0.536714
0.271652
0.318565
0.484351
0.678254
0.894544
1.13987
1.40153
1.61343
1.8402
2.19665
1.96281
1.3444
-0.226934
-2.2099
-2.16959
-2.08994
-0.960304
-0.618647
-0.11694
0.292141
0.660608
1.01459
1.22366
1.20716
0.814768
-0.140127
-1.72406
-4.11291
-7.80493
-13.8776
-24.2691
-40.901
-64.8724
-87.6915
-79.3694
-74.8786
-55.0519
-33.4889
-11.5479
6.43728
18.2625
24.8015
28.778
32.8667
18.3728
8.18092
13.273
17.0285
17.1824
18.5469
19.1367
20.0367
0.00257062
0.170701
0.21352
0.311096
0.381016
0.463726
0.541526
0.622913
0.701611
0.774328
0.833378
0.87432
0.896722
0.905126
0.90512
0.901264
0.897042
0.896864
0.905359
0.923469
0.948553
0.973469
0.985911
0.966401
0.887368
0.751759
0.538849
0.332786
0.382772
0.539084
0.731653
0.94991
1.1945
1.43018
1.60377
1.89131
2.10995
1.88929
1.24074
-0.372315
-2.32986
-2.43209
-2.04838
-0.938094
-0.573767
-0.0224592
0.424427
0.845423
1.2321
1.44992
1.43301
1.00197
0.0283973
-1.50728
-3.80326
-7.38007
-13.3366
-23.6308
-40.2742
-63.761
-84.0002
-76.2174
-71.4126
-52.7693
-31.6172
-10.0985
7.83676
19.7175
26.2089
29.9229
34.2341
17.0193
3.09947
12.1692
17.271
17.3846
18.7499
20.2282
23.6893
-1.13003e-05
0.17409
0.21508
0.313818
0.383846
0.467145
0.545557
0.627665
0.706876
0.779389
0.837167
0.875956
0.895967
0.903332
0.904469
0.902907
0.901471
0.903905
0.914135
0.933426
0.95967
0.986176
1.00055
0.982481
0.909571
0.784304
0.539843
0.403213
0.446443
0.596191
0.786717
1.00589
1.24379
1.44252
1.6057
1.94575
2.02231
1.83573
1.1465
-0.480528
-2.34978
-2.68609
-1.97184
-0.905224
-0.508791
0.0868122
0.571845
1.0397
1.44159
1.6618
1.62913
1.14686
0.174077
-1.29831
-3.49768
-6.95584
-12.7806
-22.9464
-39.5718
-62.5182
-80.3609
-73.1967
-68.0853
-50.4804
-29.7353
-8.61456
9.24931
21.1586
27.6918
31.5233
34.8522
14.9501
-2.25185
10.665
17.8923
17.6693
19.1509
21.086
28.6456
-0.00275433
0.177444
0.216474
0.316276
0.386328
0.470071
0.548906
0.631418
0.710702
0.782507
0.838552
0.874962
0.893515
0.90111
0.903619
0.904279
0.905455
0.910218
0.922091
0.942635
0.970318
0.998799
1.01523
0.999121
0.935381
0.798913
0.567777
0.470426
0.510594
0.654367
0.842403
1.06077
1.28386
1.44853
1.63577
1.95252
1.9768
1.7889
1.06583
-0.552439
-2.25355
-2.89233
-1.85816
-0.858724
-0.422831
0.211072
0.733657
1.23616
1.63592
1.85682
1.78514
1.25384
0.304754
-1.09708
-3.20111
-6.53882
-12.2149
-22.2181
-38.795
-61.1722
-76.8383
-70.3296
-64.9112
-48.2108
-27.8612
-7.10913
10.6664
22.5621
29.2814
34.5839
35.4202
12.037
-6.6085
9.07575
18.6604
18.1807
19.9034
22.7884
34.6663
-0.00565273
0.180744
0.217696
0.318453
0.388441
0.472466
0.551491
0.634042
0.712918
0.783525
0.837679
0.872202
0.890508
0.898898
0.902871
0.905623
0.909099
0.91586
0.929214
0.951063
0.980436
1.01113
1.02952
1.01717
0.959858
0.800248
0.617461
0.534068
0.574829
0.71239
0.897577
1.11196
1.31295
1.46154
1.69436
1.92239
1.96383
1.74909
0.999433
-0.593077
-2.04424
-3.0127
-1.70807
-0.795185
-0.315541
0.35025
0.907139
1.42435
1.81313
2.0288
1.89457
1.33314
0.425839
-0.905435
-2.91835
-6.13409
-11.6435
-21.4476
-37.9428
-59.7471
-73.4679
-67.6163
-61.8983
-45.9793
-26.0091
-5.59327
12.0797
23.9021
30.8299
38.1842
36.3618
8.62204
-8.87241
7.57795
19.1139
19.0211
21.317
25.963
39.7498
-0.00869566
0.183965
0.218739
0.320331
0.390167
0.474294
0.553253
0.635474
0.713558
0.78294
0.835136
0.868866
0.887602
0.896839
0.902187
0.90678
0.912253
0.920763
0.935478
0.958681
0.98992
1.02281
1.04332
1.03689
0.9713
0.813366
0.669935
0.59644
0.637863
0.769255
0.950801
1.15642
1.33419
1.4885
1.75018
1.9071
1.96427
1.7209
0.946488
-0.61062
-1.75115
-3.02247
-1.52522
-0.711196
-0.187245
0.503733
1.08599
1.5941
1.97583
2.16636
1.95993
1.39639
0.539409
-0.726113
-2.65326
-5.74518
-11.0698
-20.6371
-37.0122
-58.2612
-70.2715
-65.0517
-59.0489
-43.7989
-24.1897
-4.07661
13.4813
25.1706
32.135
40.6598
37.4939
6.14348
-9.36836
5.9826
18.863
20.2195
23.4957
30.0626
40.0381
-0.0118649
0.187074
0.219599
0.321898
0.391497
0.475538
0.554192
0.635808
0.713168
0.781146
0.831744
0.865592
0.884842
0.894998
0.90164
0.907828
0.914974
0.924932
0.940844
0.965403
0.998538
1.03342
1.05712
1.05277
0.973547
0.843383
0.719827
0.658179
0.698677
0.823983
1.00012
1.1924
1.35698
1.53658
1.77588
1.92202
1.97025
1.70691
0.906778
-0.614111
-1.43072
-2.9116
-1.31742
-0.603775
-0.0389008
0.669586
1.25923
1.74184
2.12423
2.25826
1.99289
1.45206
0.644983
-0.561761
-2.40834
-5.37442
-10.4973
-19.7894
-35.9981
-56.7247
-67.2568
-62.6353
-56.3599
-41.6781
-22.4109
-2.56796
14.8603
26.36
33.1634
41.8121
38.4522
5.90456
-8.82636
4.30137
17.754
21.4583
26.1881
34.4918
38.7724
-0.0151315
0.190026
0.220272
0.323142
0.392434
0.476227
0.554408
0.635344
0.71231
0.778272
0.828375
0.862524
0.882361
0.893437
0.90118
0.908667
0.917147
0.928269
0.945222
0.971076
1.00599
1.04332
1.07069
1.05804
0.983839
0.877443
0.769159
0.717938
0.756521
0.875352
1.04322
1.22089
1.3867
1.59587
1.79146
1.95413
1.98266
1.70706
0.881805
-0.607732
-1.15318
-2.68018
-1.09505
-0.471048
0.127869
0.842887
1.41367
1.87346
2.24953
2.30221
2.00876
1.5038
0.740907
-0.414246
-2.18471
-5.02364
-9.93034
-18.9091
-34.895
-55.1399
-64.4151
-60.3568
-53.8251
-39.6212
-20.6786
-1.07645
16.2036
27.4605
33.9743
42.1451
39.0759
8.9257
-6.86744
2.69606
16.2487
22.5794
29.259
38.12
39.2906
-0.0184506
0.192766
0.22076
0.324067
0.393008
0.476457
0.554159
0.634736
0.710701
0.775131
0.825309
0.85971
0.88023
0.892171
0.900835
0.90932
0.918763
0.930712
0.948482
0.97547
1.01234
1.05346
1.07939
1.06117
1.0035
0.911411
0.818561
0.774792
0.81073
0.921844
1.07862
1.24653
1.4257
1.64323
1.82289
1.99128
2.0036
1.72029
0.875372
-0.585883
-0.99848
-2.35099
-0.864462
-0.312944
0.310461
1.01359
1.54167
1.99719
2.33691
2.30859
2.01953
1.55158
0.825491
-0.284284
-1.98245
-4.6946
-9.3745
-18.0022
-33.6981
-53.5029
-61.7323
-58.2041
-51.4364
-37.6292
-18.9965
0.38916
17.4982
28.4634
34.6031
42.0519
39.2006
14.6634
-2.29885
2.89219
16.353
24.5602
32.4884
40.1509
42.3902
-0.0217551
0.195224
0.221069
0.324686
0.393278
0.476363
0.553681
0.634276
0.708436
0.77235
0.822536
0.857258
0.878495
0.891201
0.900575
0.909719
0.919721
0.932133
0.950465
0.978559
1.01849
1.06196
1.08278
1.07195
1.02573
0.946557
0.866824
0.828257
0.860342
0.96186
1.10706
1.27496
1.47328
1.67497
1.86879
2.03058
2.0333
1.74555
0.894207
-0.517034
-1.00142
-1.96281
-0.632964
-0.130471
0.5039
1.16706
1.64879
2.1111
2.37739
2.29525
2.03059
1.59383
0.897715
-0.171448
-1.80108
-4.38924
-8.83615
-17.0769
-32.4047
-51.8064
-59.1958
-56.1656
-49.1846
-35.7019
-17.3693
1.81442
18.7231
29.3557
35.0554
41.6974
38.8675
20.9739
4.29821
6.10706
18.7691
27.5091
35.3788
40.2635
43.5033
-0.0249492
0.197317
0.221214
0.325033
0.393336
0.476122
0.553285
0.633552
0.706229
0.769984
0.820105
0.855236
0.877162
0.890532
0.900401
0.909856
0.91999
0.932485
0.951264
0.981359
1.02502
1.06605
1.08935
1.08739
1.04942
0.982602
0.913121
0.877785
0.904257
0.994513
1.13131
1.30736
1.51845
1.70987
1.91921
2.07328
2.07071
1.78173
0.946712
-0.341831
-1.1112
-1.55169
-0.403471
0.0734344
0.698628
1.29147
1.74957
2.20058
2.37669
2.27794
2.04202
1.629
0.957551
-0.0744789
-1.63988
-4.1096
-8.3225
-16.1437
-31.0158
-50.0403
-56.796
-54.226
-47.0637
-33.8411
-15.8033
3.18564
19.8686
30.145
35.3609
41.1421
38.4525
26.0529
11.1506
11.049
22.2852
30.702
37.6782
39.9258
42.1338
-0.0279039
0.198955
0.221219
0.325156
0.393274
0.475888
0.553181
0.632455
0.70446
0.767984
0.818091
0.853663
0.876229
0.890149
0.900289
0.909706
0.919565
0.931914
0.951779
0.985743
1.02984
1.07076
1.10126
1.10472
1.07508
1.01856
0.956968
0.922569
0.941542
1.0206
1.15549
1.34487
1.55218
1.75419
1.96954
2.12008
2.11465
1.82678
1.03492
-0.0263001
-1.21418
-1.14337
-0.172963
0.293631
0.879307
1.38907
1.85106
2.25069
2.35239
2.26441
2.05188
1.65627
1.00594
0.00823945
-1.49814
-3.85771
-7.84152
-15.2164
-29.5373
-48.1904
-54.5099
-52.3622
-45.0685
-32.0511
-14.3085
4.47884
20.896
30.7861
35.531
40.5118
38.2965
29.7774
17.2277
16.2386
26.0018
33.6032
39.2634
40.1229
41.3483
-0.0304575
0.200043
0.221115
0.325111
0.39318
0.475761
0.553222
0.631403
0.703134
0.766367
0.816532
0.852538
0.87569
0.890038
0.900237
0.909304
0.918599
0.931059
0.95372
0.991078
1.03387
1.08084
1.1156
1.12402
1.10198
1.05374
0.997693
0.9618
0.971976
1.04238
1.18128
1.38347
1.58276
1.8023
2.01989
2.17051
2.16412
1.8773
1.14813
0.391745
-1.18142
-0.747627
0.0632183
0.520872
1.03055
1.47672
1.943
2.26016
2.32294
2.25517
2.05841
1.67579
1.04442
0.0782342
-1.3753
-3.63542
-7.40177
-14.3132
-27.9806
-46.2455
-52.2866
-50.5629
-43.1947
-30.338
-12.9041
5.65921
21.7818
31.3058
35.6738
40.0627
38.3779
32.6046
22.3931
21.1429
29.5441
35.9971
40.1657
40.4393
41.1136
-0.0324249
0.200498
0.220937
0.324948
0.393111
0.475825
0.553144
0.630678
0.70217
0.765154
0.815426
0.851849
0.87552
0.890173
0.900239
0.908722
0.917448
0.931136
0.958151
0.995082
1.04211
1.09419
1.13168
1.14507
1.1293
1.08748
1.03448
0.994993
0.996558
1.06278
1.2094
1.41569
1.61831
1.84979
2.07105
2.22385
2.21812
1.92986
1.26697
0.79633
-0.949244
-0.365067
0.308745
0.739515
1.14928
1.56894
2.00758
2.24279
2.29873
2.2478
2.06082
1.68855
1.07465
0.136662
-1.27095
-3.44411
-7.01165
-13.4571
-26.3664
-44.2212
-50.0917
-48.843
-41.4217
-28.688
-11.5779
6.73585
22.5357
31.6838
35.7197
39.7684
38.5035
34.8294
26.6645
25.6804
32.7188
37.8001
40.616
40.4455
40.7557
-0.0336167
0.200258
0.220725
0.324716
0.393105
0.476098
0.553023
0.630312
0.701538
0.764351
0.814757
0.851578
0.875698
0.890537
0.900317
0.90811
0.916716
0.9333
0.963334
1.00028
1.05479
1.1091
1.14951
1.1671
1.15635
1.11892
1.06661
1.02232
1.0173
1.08406
1.23992
1.44201
1.65702
1.89603
2.12307
2.27967
2.27573
1.98364
1.3786
1.04264
-0.553491
0.00339785
0.560313
0.931198
1.2495
1.66186
2.03684
2.21706
2.28133
2.24023
2.05927
1.696
1.09796
0.184246
-1.1848
-3.28452
-6.67774
-12.6742
-24.7273
-42.1615
-48.0395
-47.2157
-39.7397
-27.1146
-10.3946
7.54148
22.9009
31.6961
35.6021
39.5327
38.6616
36.5572
30.3544
29.8551
35.3931
39.0438
40.79
39.9688
40.1566
-0.0338687
0.199296
0.220501
0.324426
0.393143
0.476387
0.553029
0.630212
0.701212
0.763928
0.814495
0.851692
0.876186
0.891097
0.900473
0.907648
0.917107
0.937815
0.967272
1.01013
1.0695
1.12544
1.1685
1.18939
1.18227
1.14718
1.09374
1.04471
1.03625
1.10659
1.27011
1.46862
1.69554
1.9415
2.17568
2.33771
2.33621
2.04398
1.50867
1.09446
-0.0863737
0.354328
0.80525
1.08646
1.34783
1.73862
2.03859
2.19517
2.26824
2.23152
2.05459
1.69953
1.11522
0.221394
-1.1166
-3.15661
-6.40328
-11.9884
-23.108
-40.0473
-46.3868
-45.595
-38.261
-25.7575
-9.49109
8.0551
23.0937
31.7517
35.6302
39.3268
39.2753
38.6367
34.1261
33.6612
37.4846
39.8198
40.7963
39.6496
39.5332
-0.0330723
0.197637
0.220305
0.324126
0.39328
0.47663
0.553244
0.630337
0.701181
0.763863
0.814613
0.852162
0.87696
0.891843
0.900746
0.907577
0.919064
0.943236
0.972083
1.02366
1.08526
1.14288
1.18792
1.21113
1.2061
1.17154
1.11603
1.06361
1.05485
1.12988
1.29669
1.49705
1.73269
1.98634
2.2287
2.39774
2.3987
2.11947
1.7089
1.05319
0.371602
0.682989
1.02442
1.21226
1.44525
1.78744
2.02841
2.18019
2.25702
2.22166
2.04793
1.70017
1.12696
0.24844
-1.06594
-3.05975
-6.18826
-11.4162
-21.5676
-37.7185
-45.0952
-43.9036
-37.0993
-24.6651
-8.8206
8.38731
23.1143
31.8863
36.2795
40.3685
41.6096
41.9003
38.1029
36.936
38.9912
40.2662
40.7428
39.4851
39.0074
-0.0312084
0.19535
0.220134
0.3238
0.393459
0.476861
0.553593
0.630628
0.701397
0.764107
0.815067
0.852941
0.877963
0.892705
0.901091
0.908022
0.922359
0.947315
0.980663
1.03878
1.10184
1.16078
1.20697
1.23136
1.2269
1.19162
1.13413
1.08037
1.07382
1.15371
1.31997
1.52561
1.7684
2.03038
2.28202
2.45912
2.46062
2.20803
1.96709
1.07767
0.792668
0.981788
1.20405
1.32154
1.52884
1.81075
2.0184
2.17013
2.24651
2.21115
2.04029
1.69854
1.13357
0.265887
-1.03205
-2.99269
-6.0305
-10.9652
-20.1892
-35.1013
-43.4862
-42.2622
-36.1637
-23.7384
-8.24164
8.62486
23.1609
32.3386
37.661
42.5923
45.0994
45.6999
41.7885
39.4956
39.9853
40.4915
40.7137
39.3641
38.6484
-0.0283608
0.192572
0.220024
0.323512
0.393672
0.477192
0.554075
0.631093
0.701852
0.764637
0.815824
0.854002
0.879186
0.893695
0.901582
0.909154
0.926349
0.950449
0.992646
1.0545
1.1188
1.17828
1.22469
1.24906
1.24398
1.20745
1.14884
1.0956
1.09243
1.1769
1.34168
1.55307
1.80272
2.07343
2.33549
2.52106
2.5187
2.29515
2.18641
1.25981
1.17769
1.23955
1.34532
1.41752
1.58826
1.81994
2.01273
2.16255
2.23645
2.20075
2.0324
1.69504
1.1355
0.274514
-1.01368
-2.95338
-5.92617
-10.6334
-19.0531
-32.472
-41.1466
-40.5016
-34.9998
-22.8572
-7.59933
8.98736
23.4045
33.0035
39.2855
45.1235
48.6921
49.2249
44.8013
41.3197
40.5928
40.5916
40.7155
39.2581
38.4688
-0.0247219
0.189475
0.219952
0.323241
0.39386
0.47756
0.554601
0.63166
0.702477
0.765395
0.816831
0.855279
0.880521
0.894642
0.902044
0.910636
0.929528
0.955291
1.00618
1.07038
1.13537
1.19448
1.2401
1.26339
1.25701
1.21948
1.16109
1.10998
1.11066
1.19878
1.36254
1.57882
1.83536
2.11524
2.38884
2.58251
2.5713
2.37325
2.28475
1.57041
1.52368
1.44815
1.45727
1.49398
1.62473
1.82511
2.0104
2.15615
2.22704
2.19109
2.02461
1.68998
1.13339
0.27544
-1.00895
-2.93858
-5.86938
-10.4106
-18.1912
-30.1936
-38.5218
-38.4401
-33.3545
-21.7627
-6.76753
9.55984
23.8604
33.8313
40.9521
47.5728
51.9039
52.1276
47.0553
42.5275
40.9434
40.6404
40.7259
39.1986
38.4026
-0.0205823
0.186267
0.219949
0.323034
0.394123
0.478017
0.555225
0.632365
0.703281
0.766361
0.818051
0.856749
0.881992
0.895647
0.90267
0.912261
0.931164
0.96299
1.01995
1.08584
1.15059
1.20835
1.25232
1.27392
1.26613
1.22817
1.17095
1.12244
1.12655
1.21758
1.38193
1.60283
1.86613
2.15547
2.44169
2.64303
2.6227
2.46013
2.29347
1.91717
1.81851
1.60876
1.54427
1.54706
1.64684
1.83052
2.00955
2.1506
2.21878
2.1827
2.01735
1.684
1.12832
0.270362
-1.01512
-2.94364
-5.85196
-10.2807
-17.5877
-28.4342
-36.202
-36.4267
-31.5829
-20.4546
-5.72746
10.3315
24.5019
34.766
42.5396
49.7371
54.5277
54.3273
48.636
43.2877
41.1405
40.6695
40.7326
39.2127
38.4677
-0.0162738
0.183186
0.219989
0.322838
0.394377
0.478438
0.555826
0.63309
0.704162
0.767455
0.819416
0.858304
0.883364
0.896324
0.903006
0.913301
0.932585
0.9723
1.03325
1.09995
1.16336
1.21891
1.26064
1.28035
1.2715
1.23409
1.17937
1.13452
1.14192
1.23461
1.39956
1.62435
1.89433
2.19354
2.49303
2.69971
2.67084
2.54954
2.31244
2.23162
2.05261
1.72772
1.60615
1.58047
1.66202
1.836
2.00904
2.14586
2.21195
2.17567
2.01063
1.67735
1.12091
0.260606
-1.02951
-2.96324
-5.86356
-10.2223
-17.2
-27.1905
-34.4404
-34.8048
-30.0783
-19.2317
-4.6844
11.1621
25.216
35.6899
43.9169
51.4736
56.4847
55.8651
49.6848
43.7537
41.253
40.6855
40.7326
39.2766
38.7186
-0.0122358
0.18042
0.220104
0.32275
0.394713
0.47893
0.556502
0.633907
0.705145
0.768642
0.820843
0.859882
0.884736
0.897074
0.903467
0.913696
0.935471
0.981477
1.0451
1.11166
1.17305
1.22611
1.26562
1.28375
1.27431
1.23775
1.18528
1.14311
1.15279
1.24745
1.41469
1.6435
1.9195
2.22815
2.54057
2.74959
2.71031
2.60016
2.40813
2.48662
2.22275
1.80918
1.64525
1.60085
1.67349
1.84064
2.00863
2.14228
2.20695
2.17042
2.00527
1.67152
1.11364
0.250126
-1.04587
-2.98775
-5.8898
-10.2123
-16.9835
-26.4013
-33.2753
-33.7056
-29.009
-18.2957
-3.84881
11.8628
25.8371
36.448
44.9503
52.6923
57.7842
56.8506
50.3569
44.04
41.3265
40.695
40.7292
39.3812
38.7993
-0.00880046
0.178332
0.220187
0.322696
0.394957
0.479298
0.557037
0.634599
0.706038
0.769777
0.822216
0.861273
0.885585
0.89696
0.902906
0.913556
0.939634
0.989656
1.0543
1.11949
1.17854
1.22932
1.26704
1.28396
1.27418
1.23874
1.18929
1.15139
1.1643
1.25912
1.42656
1.65826
1.9399
2.25771
2.58108
2.78558
2.73093
2.60396
2.54641
2.67499
2.32951
1.85494
1.66734
1.61348
1.6814
1.84371
2.00826
2.1399
2.2036
2.16664
2.001
1.66627
1.1064
0.239206
-1.06304
-3.01394
-5.92259
-10.2302
-16.884
-25.9533
-32.5821
-33.0432
-28.351
-17.6871
-3.28465
12.3538
26.2793
36.959
45.5874
53.3945
58.5113
57.4065
50.7513
44.2168
41.38
40.7147
40.7031
39.5816
38.7811
-0.00612565
0.176611
0.220354
0.322766
0.395241
0.479688
0.557567
0.635262
0.706842
0.770704
0.823191
0.862105
0.886057
0.897169
0.903185
0.914443
0.942589
0.994183
1.05946
1.12401
1.18166
1.23093
1.26753
1.28393
1.27426
1.23937
1.1906
1.15332
1.16732
1.26424
1.43445
1.66872
1.9542
2.27768
2.60586
2.80507
2.74305
2.60342
2.64336
2.78836
2.39746
1.88004
1.6769
1.6195
1.68547
1.84525
2.00806
2.13874
2.20199
2.16485
1.99901
1.66388
1.10319
0.234474
-1.07031
-3.02493
-5.93648
-10.24
-16.8531
-25.7911
-32.3383
-32.8137
-28.0858
-17.4141
-3.02775
12.5787
26.4753
37.1671
45.8245
53.6543
58.7998
57.6612
50.9835
44.3388
41.4507
40.7483
40.7207
39.924
41.6242
)
;

boundaryField
{
    inletFace
    {
        type            zeroGradient;
    }
    inlet
    {
        type            zeroGradient;
    }
    inletWalls
    {
        type            zeroGradient;
    }
    outletInlet
    {
        type            cyclicAMI;
        value           nonuniform List<scalar> 
15
(
15.5766
18.4412
21.7474
25.6964
29.4585
34.0969
38.6705
42.3863
46.6089
48.5092
46.9794
46.3358
37.4172
30.6922
26.7238
)
;
    }
    fineSymmetryWall
    {
        type            symmetryPlane;
    }
    fineWalls
    {
        type            zeroGradient;
    }
    fineCyclicBoundary
    {
        type            fixedValue;
        value           uniform 0;
    }
    fineplug
    {
        type            cyclicAMI;
        value           nonuniform List<scalar> 
80
(
15.6406
14.6077
16.6712
16.1233
14.1389
17.2813
17.6034
18.1731
18.5085
19.0647
20.1653
22.134
23.4113
19.7892
20.8162
22.434
24.3817
24.6778
25.4597
25.8792
26.8397
28.8193
27.8182
29.0885
29.3736
30.3503
32.0776
33.4506
33.8825
34.4548
34.0584
34.8635
37.2748
38.1944
38.5513
38.8205
39.7038
41.748
42.5369
40.8212
40.6253
44.3532
45.9495
47.1254
46.7508
46.3379
45.963
46.8045
46.1769
47.122
51.1703
49.2114
49.2543
49.9747
48.9948
47.8535
46.4432
42.5569
47.6742
51.6642
47.9869
46.1091
43.4904
40.8999
40.3854
38.6589
36.4665
33.4683
38.5632
34.9789
32.1222
31.5386
30.5835
29.1136
25.3955
24.1794
25.6202
29.8133
27.1836
26.0642
)
;
    }
    faceFine
    {
        type            zeroGradient;
    }
}


// ************************************************************************* //
