/*--------------------------------*- C++ -*----------------------------------*\
| =========                 |                                                 |
| \\      /  F ield         | OpenFOAM: The Open Source CFD Toolbox           |
|  \\    /   O peration     | Version:  4.1                                   |
|   \\  /    A nd           | Web:      www.OpenFOAM.org                      |
|    \\/     M anipulation  |                                                 |
\*---------------------------------------------------------------------------*/
FoamFile
{
    version     2.0;
    format      ascii;
    class       volScalarField;
    location    "5";
    object      p;
}
// * * * * * * * * * * * * * * * * * * * * * * * * * * * * * * * * * * * * * //

dimensions      [0 2 -2 0 0 0 0];

internalField   nonuniform List<scalar> 
6785
(
3044.74
2980.15
2928.7
2878.88
2832.64
2789.23
2748.49
2710.17
2674.03
2639.53
2606.39
2575.99
2547.77
2513.84
2481.9
2503.84
2485.61
2488.01
2483.12
2479.24
2475.29
2471.76
2468.88
2466.87
2465.76
2465.51
2466.84
2470.52
2472.82
2471.82
2442.28
2435.66
2445.06
2444.08
2447.05
2449.1
2451.3
2453.35
2455.26
2456.98
2458.45
2459.74
2460.66
2461.38
2462.55
2484.93
2482.01
2486.71
2482.68
2482.81
2480.9
2479.31
2477.48
2475.63
2473.76
2471.95
2470.48
2470.04
2470.77
2472.56
2489.12
2486.88
2490.1
2486.76
2488.28
2487.51
2487.58
2487.65
2487.88
2488.31
2488.91
2489.71
2490.87
2491.93
2493.29
2493.24
2492.21
2495.24
2493.46
2495.77
2495.98
2497.05
2498.05
2499.08
2500.13
2501.2
2502.19
2503.19
2503.87
2504.56
2503.22
2503.16
2505.76
2504.43
2506.36
2506.38
2507.15
2507.75
2508.33
2508.89
2509.45
2509.96
2510.49
2510.9
2511.46
2512.13
2512.66
2514.75
2513.63
2515.25
2515.13
2515.77
2516.15
2516.53
2516.92
2517.34
2517.78
2518.27
2518.69
2519.32
2520.88
2521.74
2523.32
2522.5
2523.95
2523.8
2524.47
2524.72
2525.03
2525.28
2525.58
2525.95
2526.36
2526.76
2527.24
2527.26
2527.93
2529.02
2528.24
2529.31
2528.94
2529.41
2529.4
2529.52
2529.45
2529.42
2529.48
2529.63
2529.88
2530.02
2529.66
2529.64
2530.32
2529.39
2530.09
2529.38
2529.54
2528.9
2528.47
2527.91
2527.5
2527.28
2527.24
2527.2
2526.76
2521.49
2520.8
2520.85
2519.69
2519.95
2519.03
2518.98
2518.44
2518.09
2517.57
2517.31
2517.32
2517.3
2516.57
2515.29
2499.6
2497.37
2496.05
2493.81
2492.4
2490.13
2488.78
2487.44
2486.23
2484.9
2483.67
2482.42
2480.81
2480.02
2481.17
2453.15
2454.38
2454.51
2453.81
2453.45
2452.31
2451.51
2450.35
2449
2447.34
2445.83
2444.85
2443.79
2443.21
2446.35
2496.92
2486.75
2477.99
2469.43
2460.95
2453.01
2446.3
2440.84
2436.8
2434.84
2434.79
2436.06
2438.62
2441.54
2448.23
2769.39
2769.35
2769.32
2769.31
2769.25
2769.42
2769.2
2768.97
2768.79
2769.04
2768.56
2767.5
2768.2
2767.01
2765.51
2764.68
2765.21
2764.02
2761.21
2761.93
2760.4
2757.58
2755.9
2756.8
2755.09
2751.82
2749.91
2750.7
2749.54
2745.33
2745.56
2744.6
2741.2
2739.04
2739.68
2738.87
2734.79
2734.61
2734.08
2730.99
2728.87
2729.21
2728.46
2725.49
2723.49
2723.51
2723.19
2720.08
2719.18
2719.14
2716.77
2714.91
2714.31
2714.14
2711.97
2710.2
2709.32
2709.51
2707.45
2706.13
2706.52
2705.11
2703.77
2702.89
2703.49
2702.38
2701.88
2701.58
2700.84
2700.35
2700.11
2698.22
2696.56
2695.7
2693.76
2684.36
2683.29
2678.83
2669.98
2672.35
2663.24
2654.75
2651.27
2685.48
2627.38
2617.21
2609.77
2605.29
2600.65
2596.62
2594.8
2591.57
2600.76
2568.78
2565.89
2564.65
2563.42
2560.74
2558.08
2553.52
2544.06
2544.67
2523.28
2519.51
2514.99
2511.62
2509.8
2506.89
2503.53
2500.7
2493.13
2482.11
2471.78
2467.72
2464.18
2459.9
2457.09
2455.34
2452.19
2442.48
2415.03
2419.4
2416.73
2414.17
2409.51
2405.09
2400.61
2398.5
2390.03
2354.31
2368.58
2362.04
2359.92
2356.24
2351.19
2346.26
2341.59
2332.18
2292.79
2317.32
2308.62
2304.35
2297.42
2292.77
2286.72
2279.44
2273.05
2262.82
2212.87
2249.81
2237.93
2234.46
2226.29
2220.17
2208.52
2202.19
2199.62
2140.06
2198.28
2186.22
2182.99
2189.43
2208.5
2212.07
2212.73
2217.55
2211.31
2221.92
2208.62
2184.17
2204.96
2174.23
2146.07
2141.4
2111.72
2144.09
2093.58
2053.65
2048.41
2012.49
2057.54
1999.61
1925.53
1996.94
1925.53
1866.1
1863.6
1815.48
1893.61
1800.72
1731.6
1730.63
1677.93
1768.94
1674.93
1555.48
1685.83
1577.63
1486.39
1490.53
1425.54
1557.16
1420.93
1319.63
1326.46
1258.2
1402.59
1271.36
1102.95
1299.38
1155.03
1029.84
1042.75
962.766
1152.09
972.884
838.724
854.887
773.236
973.406
805.656
588.507
852.765
672.894
513.952
535.629
442.203
691.658
467.046
298.041
322.94
227.836
487.677
278.266
4.68602
343.496
119.189
-78.2067
-63.6732
-136.569
0.092682
0.261758
0.386969
0.53103
0.662956
0.793596
0.90765
0.997964
1.05637
1.09737
1.13766
1.16562
1.153
1.08846
0.970652
0.793196
0.564421
0.300674
0.0262016
-0.246335
-0.560178
-0.939489
-0.911949
-3.65144
-6.48233
-8.15578
-11.3733
-14.1672
-17.3775
-23.2026
-31.316
-38.5555
-44.9911
-50.3139
-53.834
-53.73
-53.477
-60.7745
-49.9576
-36.1283
-32.6645
-24.124
-13.8547
12.1891
21.5036
126.479
4.44318
-6.24713
-18.4497
-22.9618
-29.6331
-26.4586
-17.7669
4.34851
28.1311
27.7073
115.495
30.6969
-24.942
-52.1178
-62.1435
-60.9293
-54.6378
-46.0872
-35.7397
-22.4909
-5.22699
2.87691
3.81446
5.24459
9.10811
13.6679
17.7673
21.0844
23.6753
25.6133
27.0892
26.7199
27.4661
0.32428
0.804714
1.20775
1.63942
2.04443
2.45173
2.81908
3.1141
3.2832
3.33139
3.30144
3.20704
3.02636
2.74735
2.37424
1.90448
1.36615
0.77924
0.165354
-0.469874
-1.17651
-2.0143
-2.3673
-7.18021
-12.0994
-14.9772
-21.1214
-26.8861
-32.6216
-42.9366
-57.4023
-70.4831
-82.4658
-92.5011
-99.8468
-102.668
-102.838
-109.291
-97.4047
-79.9373
-70.9539
-55.9674
-40.6511
2.98229
11.8804
159.203
4.89283
-23.9705
-56.8145
-67.1847
-78.7224
-65.1912
-42.5937
3.64098
78.0502
121.868
315.297
92.3433
-45.0292
-117.023
-147.778
-151.094
-140.926
-123.422
-99.898
-69.3155
-30.9409
-3.32493
6.50397
17.5133
31.8436
45.7659
57.4195
66.3085
72.6585
77.1798
80.5045
82.8179
83.6565
0.623329
1.44802
2.1633
2.91385
3.6195
4.32425
4.95581
5.45387
5.72719
5.79556
5.74718
5.60668
5.32376
4.86803
4.24339
3.44062
2.50193
1.46022
0.351639
-0.812154
-2.12355
-3.82252
-4.96846
-8.97161
-13.9431
-17.1966
-24.8179
-32.13
-38.2566
-49.1928
-65.3479
-79.8326
-93.308
-104.563
-112.967
-117.251
-117.412
-120.593
-110.244
-94.8205
-83.9831
-66.917
-52.4451
-5.22321
-6.4955
125.916
0.0396023
-45.9537
-100.116
-122.674
-147.064
-126.566
-86.4366
-0.203018
123.071
226.047
443.982
124.966
-58.9162
-156.963
-202.784
-213.336
-204.66
-183.584
-151.999
-110.118
-62.7631
-19.0755
3.36756
27.3034
54.7979
80.4078
101.443
117.412
128.848
136.98
142.893
146.681
153.428
0.859056
2.01844
3.04433
4.10572
5.10583
6.10309
6.99784
7.70276
8.08622
8.17504
8.09424
7.87992
7.47004
6.83475
5.97915
4.88399
3.60643
2.18415
0.654843
-0.975728
-2.81575
-5.19641
-7.03768
-10.0897
-16.2322
-20.3488
-29.5609
-38.8492
-45.6055
-55.8175
-73.5659
-89.5638
-104.63
-117.212
-126.687
-131.915
-132.306
-134.138
-123.609
-108.48
-96.6522
-77.561
-63.2626
-12.5205
-21.9041
91.7871
-12.1725
-68.4167
-143.41
-179.999
-217.274
-190.134
-136.914
-15.1524
157.02
308.85
572.612
152.729
-86.2687
-212.773
-273.161
-287.963
-276.818
-248.247
-205.326
-148.668
-89.3778
-34.6487
-1.30758
36.3378
77.3072
114.345
144.242
166.668
182.544
193.779
201.949
207.358
213.31
1.08756
2.58851
3.92986
5.30668
6.60514
7.89799
9.05854
9.97101
10.4629
10.5716
10.4621
10.1794
9.65123
8.85369
7.78978
6.42312
4.82402
3.03195
1.08292
-1.02481
-3.4053
-6.45285
-9.04927
-11.2727
-19.1887
-24.3387
-35.0559
-46.5456
-54.9559
-65.0536
-85.4244
-103.884
-121.467
-136.231
-147.52
-154.106
-155.096
-156.622
-145.432
-129.326
-115.969
-94.2488
-78.8046
-22.72
-35.9618
65.5355
-28.862
-92.0926
-188.381
-242.769
-295.917
-263.162
-198.646
-42.3594
175.837
368.526
687.54
179.363
-118.839
-275.272
-350.429
-368.684
-354.363
-317.889
-263.75
-193.327
-122.175
-54.4143
-8.71101
44.5628
100.21
149.26
188.23
217.17
237.482
251.805
262.229
270.004
281.27
1.29502
3.13763
4.79285
6.48454
8.08067
9.66891
11.0958
12.2162
12.8157
12.9439
12.8045
12.4488
11.8013
10.8527
9.60213
7.98953
6.09817
3.96629
1.62207
-0.94738
-3.85166
-7.49528
-10.8077
-12.5752
-22.1417
-28.2324
-40.2644
-53.9558
-64.5626
-74.7939
-97.9172
-118.939
-139.118
-156.113
-169.239
-177.213
-178.688
-179.555
-167.861
-150.827
-135.601
-111.191
-94.5793
-33.613
-49.4281
42.9146
-48.9811
-117.916
-234.175
-309.49
-380.89
-343.534
-271.74
-84.4891
176.491
411.514
773.968
198.806
-157.408
-342.466
-431.787
-452.49
-433.759
-388.234
-322.122
-238.617
-157.164
-76.6463
-17.9351
52.3282
123.426
184.685
232.597
267.789
292.245
309.419
321.887
330.203
341.318
1.4934
3.68004
5.64758
7.65492
9.5487
11.4326
13.126
14.4527
15.1559
15.3009
15.1307
14.7015
13.9395
12.8549
11.4401
9.60457
7.44385
4.99318
2.26813
-0.756763
-4.17982
-8.38025
-12.4095
-14.2761
-24.8903
-32.0333
-45.3035
-61.1706
-74.4055
-84.655
-110.011
-133.449
-156.033
-175.063
-189.824
-198.982
-200.773
-200.703
-188.462
-170.58
-153.475
-126.527
-108.929
-44.0151
-61.9766
23.7244
-70.0943
-144.579
-280.925
-380.787
-473.145
-431.856
-357.308
-144.492
154.384
431.189
826.54
208.363
-206.547
-419.342
-521.592
-542.798
-517.71
-461.693
-382.61
-286.09
-195.485
-101.932
-28.7167
60.0577
147.433
221.135
277.901
319.14
347.516
367.364
381.779
393.582
403.428
1.68109
4.21437
6.49075
8.81341
11.0033
13.1816
15.1397
16.6687
17.4693
17.6272
17.4251
16.9224
16.0534
14.8491
13.2926
11.2566
8.84808
6.09874
3.0073
-0.4658
-4.40237
-9.13716
-13.9028
-16.4855
-27.2832
-35.9158
-50.379
-68.3204
-84.6947
-95.3495
-122.174
-148.08
-173.05
-194.103
-210.474
-220.741
-222.852
-221.935
-209.038
-190.191
-171.232
-141.857
-123.141
-54.7145
-73.8626
8.12795
-90.3993
-171.36
-328.28
-456.411
-572.693
-528.287
-454.085
-225.801
104.957
423.408
839.28
207.121
-267.035
-506.721
-620.378
-639.783
-606.129
-538.141
-445.284
-335.948
-236.746
-129.953
-40.4815
68.1548
172.437
258.661
324.072
371.061
403.067
425.341
441.526
455.247
470.73
1.86142
4.74496
7.32573
9.96301
12.4466
14.9167
17.1352
18.8591
19.7477
19.9126
19.6769
19.1038
18.1412
16.8367
15.1607
12.9461
10.3073
7.27449
3.82616
-0.0930575
-4.54268
-9.81011
-15.3257
-19.0681
-29.1394
-39.9163
-55.488
-75.3934
-95.3501
-107.324
-134.661
-163.216
-190.647
-213.798
-231.832
-243.211
-245.673
-244.011
-230.387
-210.448
-189.585
-157.847
-137.768
-66.0514
-85.3475
-4.88813
-109.922
-197.564
-375.953
-536.43
-680.465
-634.126
-560.865
-334.732
22.5236
384.043
806.873
191.504
-339.98
-605.251
-728.297
-743.443
-698.988
-617.571
-510.14
-388.347
-280.92
-160.575
-52.6106
77.1546
198.811
297.513
371.288
423.694
459.03
483.502
501.232
515.539
530.492
2.03505
5.27329
8.15288
11.1033
13.8768
16.6338
19.1049
21.0119
21.9757
22.14
21.8692
21.2327
20.1976
18.8161
17.0419
14.6704
11.8156
8.50903
4.70731
0.337782
-4.62841
-10.4356
-16.6697
-21.6761
-30.492
-44.0318
-60.6115
-82.4168
-106.229
-120.617
-147.407
-178.8
-208.755
-234.05
-253.767
-266.23
-269.015
-266.599
-252.161
-231.035
-208.18
-174.131
-152.47
-77.694
-96.3395
-16.1483
-129.006
-222.882
-423.72
-620.823
-797.808
-750.936
-677.356
-478.664
-99.6928
307.014
726.965
155.362
-427.284
-716.281
-845.817
-854.054
-796.53
-700.233
-577.319
-443.371
-327.756
-193.46
-64.3901
87.6019
226.866
337.835
419.595
477.028
515.367
541.793
560.904
578.006
591.827
2.20338
5.80173
8.97352
12.2349
15.2927
18.3288
21.0403
23.1136
24.1359
24.2902
23.9839
23.2967
22.2192
20.7883
18.9374
16.43
13.3693
9.79156
5.63103
0.797522
-4.69609
-11.0558
-17.9523
-24.0608
-31.791
-48.2279
-65.7811
-89.4512
-117.177
-135.032
-160.534
-194.786
-227.327
-254.791
-276.183
-289.68
-292.735
-289.52
-274.152
-251.74
-226.798
-190.484
-167.029
-89.3951
-106.656
-25.8
-147.334
-247.068
-471.426
-709.743
-926.477
-880.957
-805.836
-656.434
-267.545
184.217
598.755
90.7921
-530.779
-840.831
-973.041
-971.599
-898.796
-786.237
-646.902
-501.07
-377.066
-228.147
-75.0238
100.096
256.943
379.796
469.065
531.09
572.093
600.205
620.498
639.167
656.996
2.3671
6.33205
9.78827
13.3576
16.6918
19.9958
22.9296
25.1461
26.2066
26.3409
26.0024
25.2844
24.2032
22.756
20.8503
18.2265
14.9662
11.1113
6.57594
1.25335
-4.79134
-11.7252
-19.2482
-26.2437
-33.6629
-52.3415
-71.0493
-96.5509
-128.011
-150.2
-174.657
-211.228
-246.444
-276.108
-299.175
-313.659
-316.933
-312.885
-296.456
-272.649
-245.518
-206.978
-181.501
-101.141
-116.204
-33.7956
-164.338
-269.868
-518.865
-803.485
-1068.44
-1027.45
-951.25
-858.998
-484.985
6.0665
419.663
-11.0903
-652.778
-979.808
-1110.09
-1095.99
-1005.83
-875.662
-718.96
-561.546
-428.399
-264.065
-83.6875
115.22
289.347
423.514
519.724
585.862
629.172
658.703
679.969
699.492
715.445
2.52684
6.8661
10.5977
14.471
18.071
21.6268
24.7581
27.0887
28.1637
28.2692
27.9079
27.1878
26.1497
24.7245
22.7862
20.0628
16.605
12.4588
7.52158
1.67322
-4.96441
-12.5129
-20.6773
-28.4747
-36.4187
-56.1389
-76.4721
-103.765
-138.605
-165.736
-190.655
-228.267
-266.215
-298.109
-322.86
-338.291
-341.732
-336.809
-319.18
-293.864
-264.431
-223.691
-195.956
-112.965
-124.967
-40.2487
-179.628
-290.738
-565.483
-902.245
-1225.88
-1194.63
-1119.77
-1085.58
-756.032
-236.729
184.241
-158.519
-796.293
-1134.11
-1257.16
-1227.06
-1117.59
-968.532
-793.515
-624.873
-480.789
-300.515
-89.5745
133.525
324.348
469.08
571.575
641.315
686.563
717.246
739.292
760.292
779.312
2.68276
7.4055
11.4019
15.5739
19.4255
23.2117
26.5083
28.9173
29.9816
30.0538
29.689
29.0048
28.0625
26.7024
24.7528
21.9428
18.2847
13.826
8.45164
2.03236
-5.25664
-13.487
-22.3587
-31.0012
-39.9224
-59.621
-82.0841
-111.152
-148.989
-181.402
-208.958
-246.28
-286.761
-320.881
-347.316
-363.653
-367.201
-361.343
-342.361
-315.416
-283.553
-240.634
-210.41
-124.878
-132.967
-45.3507
-192.87
-309.063
-610.202
-1005.63
-1400.66
-1387.31
-1318.52
-1344.71
-1084.29
-551.959
-115.552
-358.081
-964.86
-1304.67
-1414.43
-1364.64
-1233.87
-1064.73
-870.452
-690.86
-533.012
-336.613
-91.959
155.485
362.16
516.544
624.591
697.401
744.201
775.782
798.373
818.745
836.715
2.83474
7.95171
12.201
16.6647
20.7495
24.7382
28.1599
30.6064
31.6354
31.6784
31.3427
30.7421
29.9508
28.7014
26.7604
23.8712
20.0045
15.2069
9.35609
2.31845
-5.68567
-14.6849
-24.3732
-33.9558
-43.9077
-63.1584
-87.8509
-118.79
-159.327
-197.186
-229.063
-265.952
-308.296
-344.522
-372.616
-389.812
-393.392
-386.529
-366.023
-337.318
-302.89
-257.805
-224.875
-136.896
-140.252
-49.2538
-203.606
-324.049
-651.401
-1112.28
-1593.21
-1610.29
-1555.86
-1646.44
-1470.93
-944.604
-488.215
-614.973
-1162.15
-1492.45
-1581.95
-1508.49
-1354.24
-1163.8
-949.338
-759.044
-583.631
-371.186
-90.2085
181.486
402.939
565.913
678.716
754.051
802.016
834.259
857.235
879.388
895.285
2.98222
8.50596
12.9943
17.7405
22.0352
26.1913
29.6905
32.1305
33.1046
33.1355
32.8775
32.4166
31.8297
30.7369
28.8207
25.8536
21.7634
16.5971
10.2309
2.53219
-6.24312
-16.0945
-26.7273
-37.3983
-48.3644
-67.0972
-93.7504
-126.74
-169.815
-213.119
-250.04
-287.84
-331.217
-369.201
-398.856
-416.844
-420.373
-412.418
-390.202
-359.594
-322.458
-275.219
-239.374
-149.065
-146.896
-52.2219
-211.426
-334.698
-687.122
-1219.93
-1801.28
-1867.41
-1840.91
-2003.76
-1916.79
-1418.38
-939.26
-932.57
-1391.45
-1698.16
-1759.52
-1658.15
-1478.09
-1264.97
-1029.51
-828.836
-631.285
-402.696
-83.7489
211.823
446.787
617.164
733.875
811.179
859.925
892.583
915.766
938.391
957.488
3.1243
9.06943
13.781
18.7974
23.273
27.5544
31.0773
33.4669
34.3767
34.4301
34.3149
34.0562
33.7203
32.8265
30.9469
27.8964
23.5604
17.994
11.0765
2.6836
-6.90393
-17.6669
-29.3419
-41.2798
-53.4018
-71.4958
-99.9984
-134.999
-180.635
-229.001
-271.334
-311.81
-356.025
-395.249
-426.17
-444.846
-448.222
-439.077
-414.947
-382.278
-342.282
-292.898
-253.943
-161.446
-152.996
-54.5966
-216.086
-339.938
-715.274
-1325.13
-2020.04
-2160.72
-2182.9
-2431.21
-2426.57
-1979.76
-1474.29
-1312.76
-1655.03
-1921.8
-1946.63
-1812.71
-1604.46
-1367.24
-1110.31
-899.644
-675.418
-429.367
-71.9967
246.729
493.761
670.25
789.98
868.685
917.84
950.694
973.88
995.645
1013.59
3.2595
9.64324
14.559
19.8298
24.4516
28.81
32.2987
34.5992
35.4519
35.5823
35.6898
35.6993
35.6499
34.989
33.1513
30.0048
25.3948
19.3962
11.8957
2.78494
-7.63867
-19.3463
-32.1095
-45.415
-58.9772
-76.333
-106.948
-143.513
-191.94
-244.601
-292.909
-337.203
-382.945
-423.128
-454.812
-473.937
-477.026
-466.576
-440.31
-405.404
-362.386
-310.863
-268.62
-174.118
-158.656
-56.552
-217.38
-338.875
-734.315
-1423.75
-2243.84
-2490.61
-2590.47
-2942.56
-3013.81
-2639.87
-2103.21
-1758.11
-1953.95
-2162.35
-2141.98
-1970.5
-1731.9
-1469.42
-1191.15
-971.006
-716.572
-449.592
-54.3137
286.409
543.89
725.11
846.939
926.47
975.672
1008.52
1031.57
1054.4
1070.54
3.38561
10.2283
15.3254
20.8304
25.5577
29.9406
33.3374
35.5215
36.3465
36.6281
37.0487
37.3938
37.6533
37.2417
35.4431
32.1799
27.2648
20.8029
12.6919
2.84472
-8.42747
-21.0947
-34.9546
-49.6113
-64.7768
-81.7401
-114.62
-152.314
-203.789
-260.082
-314.965
-363.527
-411.693
-453.172
-485.179
-504.325
-506.887
-494.991
-466.348
-429.007
-382.795
-329.144
-283.448
-187.183
-163.981
-58.3226
-215.074
-331.007
-742.991
-1511.92
-2467.77
-2856.51
-3071.68
-3551.01
-3698.98
-3410.73
-2837.18
-2273.17
-2289.17
-2417.97
-2343.15
-2129.01
-1858.47
-1570.05
-1271.23
-1042.71
-755.891
-462.227
-30.0005
331.068
597.184
781.679
904.667
984.436
1033.33
1065.96
1088.73
1111.72
1130.12
3.49941
10.8252
16.0755
21.7902
26.5768
30.9303
34.1833
36.2426
37.0952
37.6173
38.4448
39.1943
39.7681
39.5981
37.8259
34.4173
29.1655
22.2123
13.4669
2.8674
-9.2633
-22.8996
-37.8506
-53.7932
-70.454
-88.0275
-122.558
-161.566
-216.095
-275.94
-337.48
-390.753
-441.839
-485.523
-517.742
-536.372
-537.929
-524.41
-493.123
-453.128
-403.537
-347.771
-298.482
-200.765
-169.112
-60.361
-208.941
-316.015
-739.552
-1585.73
-2687.71
-3258.15
-3634.76
-4269.93
-4498.93
-4299.23
-3682.39
-2863.08
-2662.18
-2686.6
-2546.6
-2285.09
-1981.9
-1667.51
-1349.69
-1114.6
-794.552
-466.492
1.69243
380.907
653.635
839.889
963.078
1042.49
1090.75
1122.96
1145.3
1167.76
1184.23
3.59643
11.4338
16.8026
22.6979
27.4939
31.7663
34.8362
36.7893
37.7511
38.6105
39.9292
41.1493
42.029
42.0642
40.2932
36.7047
31.0884
23.6205
14.2234
2.85605
-10.1469
-24.7652
-40.8083
-57.9929
-76.0474
-95.2363
-130.209
-171.407
-228.774
-292.609
-360.02
-419.059
-473.19
-520.02
-552.893
-570.613
-570.385
-554.925
-520.703
-477.807
-424.64
-366.78
-313.778
-214.999
-174.348
-63.2009
-198.809
-293.729
-721.43
-1641.64
-2900.35
-3696.64
-4288.88
-5111.4
-5425.29
-5312.93
-4643.83
-3529.9
-3072.55
-2965.39
-2747.63
-2435.4
-2099.8
-1760.2
-1425.8
-1185.88
-833.493
-461.711
41.521
436.095
713.201
899.671
1022.09
1100.55
1147.83
1179.45
1201.24
1224.06
1241.85
3.6706
12.0527
17.4976
23.5406
28.2941
32.4401
35.3083
37.2063
38.3842
39.6811
41.5526
43.2901
44.4672
44.6397
42.83
39.0233
33.0227
25.0234
14.9652
2.81514
-11.0797
-26.7019
-43.8582
-62.2882
-81.7538
-102.915
-137.524
-181.676
-241.916
-310.165
-382.419
-448.537
-505.81
-556.329
-590.604
-607.589
-604.694
-586.657
-549.159
-503.084
-446.128
-386.206
-329.398
-230.041
-180.062
-67.6
-184.537
-265.229
-687.538
-1678.6
-3105.13
-4175.19
-5042.75
-6084.81
-6488.71
-6468.91
-5733.42
-4272.35
-3515.76
-3249.46
-2941.07
-2576.74
-2209.98
-1846.66
-1498.95
-1255.05
-873.333
-447.034
90.1611
496.72
775.798
960.946
1081.61
1158.55
1204.53
1235.37
1256.46
1277.77
1294.45
3.71404
12.6777
18.149
24.3036
28.964
32.9494
35.6244
37.5531
39.0715
40.9059
43.3644
45.6309
47.0901
47.3192
45.4181
41.354
34.9574
26.419
15.6968
2.75219
-12.0578
-28.7163
-47.0281
-66.7524
-87.6943
-110.733
-144.691
-192.114
-255.703
-328.479
-405.228
-478.935
-539.855
-594.411
-630.707
-647.405
-641.394
-619.787
-578.568
-529.003
-468.025
-406.084
-345.405
-246.058
-186.366
-73.9432
-166.075
-233.212
-641.47
-1700.34
-3306.87
-4698.82
-5900.8
-7193.47
-7695.39
-7784.62
-6968.79
-5091.98
-3985.95
-3534.23
-3123.55
-2706.58
-2311.04
-1925.79
-1568.58
-1319.8
-914.371
-421.369
148.102
562.746
841.288
1023.6
1141.55
1216.4
1260.78
1290.69
1310.98
1332.87
1347.23
3.71685
13.302
18.7435
24.9722
29.4929
33.3005
35.8232
37.8963
39.8824
42.3418
45.3923
48.1661
49.8678
50.0851
48.0398
43.6872
36.8849
27.808
16.4255
2.6781
-13.071
-30.8037
-50.3308
-71.4333
-93.9414
-118.751
-151.805
-202.779
-270.159
-347.61
-429.092
-509.771
-575.447
-634.293
-673.194
-689.935
-680.998
-654.58
-609.014
-555.608
-490.353
-426.449
-361.864
-263.199
-193.219
-82.2205
-143.549
-199.991
-591.335
-1716.98
-3515.45
-5272.19
-6857.86
-8427.33
-9036.92
-9266.47
-8366.75
-5997.07
-4481.36
-3818.59
-3295.86
-2825.22
-2403.05
-1997.45
-1634.77
-1376.55
-955.355
-383.361
215.587
634.013
909.487
1087.5
1201.84
1274.05
1316.54
1345.35
1364.72
1386.35
1401.91
3.66737
13.9167
19.2658
25.5336
29.8745
33.5111
35.9571
38.3009
40.8681
44.0172
47.6447
50.868
52.7534
52.9082
50.6787
46.0226
38.809
29.1962
17.1623
2.60689
-14.1034
-32.9507
-53.7621
-76.3435
-100.528
-127.087
-159.282
-213.866
-285.234
-367.722
-454.184
-540.979
-612.646
-675.899
-718
-735.108
-723.654
-691.473
-640.597
-582.944
-513.129
-447.333
-378.836
-281.628
-200.882
-93.0791
-117.662
-167.405
-546.692
-1743.01
-3743.02
-5896.77
-7893.04
-9750.37
-10475.8
-10899.2
-9936.82
-6996.72
-5005.1
-4104.55
-3461.47
-2936.11
-2487.92
-2062.64
-1698.05
-1420.94
-990.911
-331.133
292.651
710.269
980.166
1152.47
1262.37
1331.45
1371.77
1399.32
1417.62
1437.84
1451.89
3.55272
14.511
19.6995
25.9782
30.111
33.6122
36.0909
38.8235
42.0626
45.9384
50.1199
53.7065
55.7038
55.7553
53.3186
48.3624
40.7472
30.6022
17.9209
2.55506
-15.1367
-35.141
-57.3056
-81.4689
-107.45
-135.795
-167.823
-225.579
-300.955
-388.758
-480.455
-572.972
-651.417
-719.289
-765.166
-783.024
-769.298
-731.035
-673.483
-611.054
-536.368
-468.764
-396.392
-301.542
-210.001
-107.583
-89.6433
-139.106
-516.554
-1793.74
-4002.11
-6567.75
-8961.34
-11081.3
-11929
-12625.6
-11670.8
-8093.17
-5560.07
-4394.64
-3623.23
-3042.89
-2568.58
-2123.1
-1758.7
-1450.16
-1010.1
-262.089
379.224
791.231
1053.07
1218.35
1323.04
1388.54
1426.44
1452.59
1469.7
1490.03
1501.7
3.35989
15.0738
20.0291
26.3016
30.2165
33.651
36.2972
39.5165
43.4993
48.1054
52.792
56.6504
58.6785
58.5961
55.9536
50.7154
42.7219
32.0524
18.7211
2.54036
-16.1557
-37.3585
-60.9418
-86.7863
-114.691
-144.934
-177.883
-238.205
-317.517
-410.628
-507.914
-606.066
-691.664
-764.532
-814.656
-833.902
-818.102
-773.767
-707.975
-639.987
-560.075
-490.764
-414.603
-323.142
-221.275
-126.475
-60.2733
-121.485
-509.513
-1882.41
-4303.35
-7267.44
-9984.22
-12285.4
-13262.6
-14328.1
-13518.8
-9278.18
-6143.62
-4689.07
-3781.67
-3146.85
-2646.82
-2180.17
-1815.21
-1465.14
-999.507
-173.429
475.205
876.606
1127.93
1284.96
1383.76
1445.27
1480.55
1505.13
1520.92
1540.65
1552.68
3.07716
15.594
20.2438
26.5035
30.2157
33.6845
36.6415
40.4379
45.2016
50.5139
55.6238
59.6512
61.6388
61.418
58.5963
53.1019
44.7531
33.5715
19.5868
2.57907
-17.1456
-39.5876
-64.6542
-92.2748
-122.238
-154.589
-189.631
-251.941
-335.171
-433.507
-536.672
-640.441
-733.337
-811.598
-866.399
-887.709
-870.222
-819.954
-744.517
-669.82
-584.25
-513.346
-433.539
-346.675
-235.358
-150.187
-28.8931
-119.079
-531.297
-2017.79
-4651.51
-7959.1
-10857.6
-13207.4
-14323.7
-15842
-15365.3
-10529.4
-6745.05
-4983.19
-3933.3
-3245.66
-2721.23
-2232.58
-1862.22
-1468.45
-949.082
-63.3067
580.373
966.061
1204.48
1352.13
1444.41
1501.61
1534.08
1556.95
1571.22
1589.57
1599.37
2.69618
16.0612
20.3393
26.5888
30.1431
33.7788
37.18
41.6399
47.1674
53.1347
58.5739
62.6546
64.5644
64.2361
61.2757
55.5528
46.8636
35.1836
20.5416
2.68915
-18.0892
-41.8131
-68.4275
-97.9158
-130.072
-164.825
-203.035
-266.8
-354.041
-457.649
-566.941
-676.424
-776.545
-860.553
-920.447
-944.277
-925.674
-869.671
-783.642
-700.701
-608.885
-536.51
-453.27
-372.364
-252.886
-179.097
5.95624
-132.016
-584.303
-2204.11
-5041.78
-8590.33
-11496.8
-13765
-15029.9
-17040.9
-17044.5
-11811.5
-7345.94
-5265.78
-4067.76
-3330.32
-2784.58
-2274.25
-1888.74
-1455.01
-853.911
68.4566
694.172
1059.18
1282.47
1419.69
1504.9
1557.53
1587.01
1608.04
1620.61
1638.4
1647.38
2.21491
16.4668
20.3185
26.5702
30.0355
33.976
37.9437
43.1423
49.4012
55.9243
61.5789
65.6213
67.4666
67.084
64.0313
58.1083
49.0872
36.9125
21.6082
2.89191
-18.97
-44.0188
-72.2464
-103.691
-138.17
-175.641
-217.797
-282.72
-374.16
-483.113
-598.877
-714.439
-821.59
-911.67
-976.809
-1003.58
-984.365
-922.813
-825.754
-732.861
-633.967
-560.239
-473.854
-400.335
-274.538
-213.712
44.4755
-159.859
-670.344
-2443.42
-5459.53
-9107.73
-11883.6
-14040.1
-15463.1
-17934.6
-18407.2
-13085.4
-7922.81
-5520.55
-4166.49
-3381.12
-2819.43
-2290.44
-1877.16
-1404.91
-710.882
220.573
815.614
1155.41
1361.58
1487.44
1565.15
1612.97
1639.29
1658.35
1669.02
1684.6
1691.74
1.64094
16.8049
20.1921
26.4698
29.9323
34.2766
38.9245
44.9218
51.8892
58.8341
64.5721
68.5422
70.381
70.006
66.9092
60.8126
51.4654
38.7864
22.8117
3.20901
-19.7709
-46.1872
-76.0935
-109.582
-146.511
-186.981
-233.535
-299.617
-395.527
-509.854
-632.481
-754.797
-868.88
-965.33
-1035.58
-1065.68
-1046.22
-979.285
-870.975
-766.579
-659.499
-584.493
-495.341
-430.79
-301.1
-254.72
84.189
-204.123
-792.499
-2735.05
-5884.02
-9483.56
-12074.7
-14205.2
-15795.9
-18658.3
-19433.3
-14318.2
-8452.39
-5731.12
-4207.34
-3368.63
-2795.92
-2254.74
-1804.32
-1289.36
-517.931
390.619
943.351
1254.09
1441.45
1555.19
1625.09
1667.87
1690.94
1707.94
1716.52
1731.33
1735.35
0.99394
17.0713
19.9778
26.3251
29.9077
34.729
40.1291
46.9568
54.5656
61.7888
67.5103
71.4452
73.3561
73.0535
69.9563
63.7097
54.04
40.8428
24.1812
3.66794
-20.4669
-48.2969
-79.9463
-115.569
-155.078
-198.773
-249.869
-317.507
-418.166
-537.911
-667.692
-797.623
-918.823
-1021.98
-1097.16
-1130.65
-1111.31
-1039.05
-919.196
-802.045
-685.527
-609.208
-517.773
-463.953
-333.464
-302.897
118.868
-269.253
-957.127
-3072.84
-6297.17
-9742.19
-12163.8
-14366.3
-16112.6
-19327.3
-20231.5
-15482.7
-8916.2
-5886.14
-4174.75
-3264.14
-2678.44
-2134.09
-1647.82
-1088.47
-277.748
575.146
1075.77
1354.46
1521.71
1622.78
1684.6
1722.2
1742.02
1756.85
1763.12
1776.44
1779.28
0.305566
17.2615
19.6951
26.1709
30.0269
35.4211
41.5943
49.2426
57.3632
64.7143
70.3907
74.3812
76.4476
76.2774
73.2157
66.8411
56.8526
43.1242
25.7473
4.30132
-21.0249
-50.3205
-83.7785
-121.628
-163.85
-210.958
-266.553
-336.543
-442.092
-567.369
-704.485
-842.876
-971.731
-1082.12
-1162.27
-1198.73
-1179.81
-1102.19
-970.332
-839.341
-712.151
-634.296
-541.175
-499.924
-373.008
-358.855
137.46
-364.666
-1177.72
-3448.18
-6693.44
-9945.19
-12233.3
-14544.3
-16390.5
-19903.3
-20883.6
-16543
-9302.35
-5982.19
-4068.12
-3055.41
-2442.69
-1903.97
-1396.63
-803.853
0.0889544
769.791
1211.1
1455.73
1602
1690.05
1743.53
1775.96
1792.55
1805.12
1808.82
1819.62
1819.77
-0.382928
17.3659
19.3588
26.0253
30.2903
36.3703
43.3403
51.7397
60.2073
67.568
73.2528
77.4076
79.7086
79.7193
76.7231
70.2417
59.94
45.6681
27.5396
5.13765
-21.4145
-52.2264
-87.5599
-127.732
-172.804
-223.495
-283.532
-356.924
-467.08
-598.247
-742.899
-890.42
-1027.81
-1146.22
-1231.72
-1270.62
-1251.93
-1168.86
-1024.41
-878.431
-739.36
-659.639
-565.552
-538.85
-420.883
-422.11
125.034
-503.805
-1478.63
-3864.45
-7090.56
-10149.9
-12332.1
-14723.5
-16608
-20328.3
-21418.1
-17447.5
-9605.96
-6023.12
-3901.28
-2754.8
-2090.48
-1562.65
-1058.32
-457.742
300.352
969.419
1347.45
1557.09
1681.99
1756.78
1801.79
1829.1
1842.5
1852.74
1853.68
1862.8
1859.23
-1.02374
17.3723
18.988
25.9217
30.6953
37.5471
45.3486
54.3663
63.0152
70.3461
76.1533
80.5777
83.1793
83.4095
80.5052
73.9358
63.3271
48.5009
29.5865
6.20059
-21.6111
-53.984
-91.2568
-133.846
-181.912
-236.356
-300.878
-378.773
-492.838
-630.514
-782.999
-940.116
-1087.16
-1214.61
-1306.31
-1347.37
-1327.96
-1239.18
-1081.49
-919.258
-767.03
-685.123
-590.882
-580.867
-477.686
-490.13
65.1003
-698.745
-1887.62
-4344.06
-7520.71
-10381.6
-12473.2
-14879.3
-16772.5
-20643.9
-21882.3
-18144.5
-9826.77
-6015.94
-3694.63
-2392.47
-1649.61
-1132.92
-656.794
-81.78
605.706
1168.51
1482.9
1657.71
1761.28
1822.69
1859.28
1881.57
1891.84
1899.71
1897.69
1904.54
1898.46
-1.56681
17.2715
18.6104
25.9106
31.2644
38.9414
47.5563
57.0258
65.7309
73.0869
79.1475
83.9338
86.8874
87.3704
84.5807
77.9376
67.0269
51.6376
31.9092
7.50957
-21.5935
-55.565
-94.834
-139.931
-191.134
-249.511
-318.69
-402.026
-519.299
-664.153
-824.879
-991.917
-1149.64
-1287.52
-1386.72
-1430.07
-1408.62
-1313.27
-1141.63
-961.807
-794.882
-710.602
-617.11
-625.986
-544.567
-558.59
-54.1564
-958.307
-2417.69
-4910.98
-7999.49
-10649.7
-12642.2
-14996.5
-16885.5
-20863.3
-22272.1
-18586.2
-9966.78
-5966.73
-3466.85
-2002.48
-1160.96
-651.92
-222.651
295.021
900.762
1361.87
1615.61
1756.76
1839.42
1887.56
1915.86
1933.28
1940.54
1946.01
1940.85
1944.64
1934.65
-1.96793
17.0578
18.2521
26.0243
32.0206
40.5509
49.877
59.6348
68.3388
75.8461
82.2823
87.506
90.8537
91.6202
88.9631
82.2553
71.0422
55.0835
34.5196
9.07913
-21.3421
-56.9434
-98.2573
-145.945
-200.423
-262.921
-337.01
-426.396
-546.524
-699.19
-868.7
-1045.96
-1215.01
-1365.11
-1473.43
-1519.68
-1495.13
-1391.37
-1204.78
-1005.96
-822.261
-735.734
-644.144
-674.194
-622.704
-623.881
-236.022
-1292.29
-3065.16
-5570.04
-8527.06
-10963.1
-12822.6
-15076.9
-16943.5
-20924.6
-22476.9
-18717.9
-10031.5
-5878.85
-3230.96
-1612.13
-663.402
-157.533
215.921
654.206
1175.12
1545.5
1743.9
1853.37
1915.93
1951.13
1971.39
1984.15
1988.55
1991.63
1983.2
1984.41
1970.14
-2.19578
16.7327
17.9445
26.2875
32.9838
42.3459
52.2251
62.1309
70.8708
78.6787
85.5944
91.3176
95.0978
96.1746
93.6637
86.8934
75.3728
58.8419
37.4245
10.9209
-20.8394
-58.0953
-101.493
-151.842
-209.722
-276.527
-355.815
-451.585
-574.836
-735.67
-914.606
-1102.56
-1283.29
-1447.59
-1566.85
-1617.08
-1588.92
-1474.11
-1270.71
-1051.5
-848.624
-759.986
-671.894
-725.452
-712.889
-689.87
-480.93
-1714.44
-3822.16
-6312.34
-9102.75
-11322.3
-13012.3
-15131.1
-16938.5
-20760.5
-22427
-18491
-10030.1
-5753.2
-2993.95
-1238.17
-185.395
320.663
637.698
988.79
1424.11
1717.1
1866.45
1946.68
1990.34
2013.16
2025.76
2034.1
2035.81
2036.51
2024.74
2022.07
2003.24
-2.23165
16.3162
17.727
26.7117
34.1526
44.2586
54.5225
64.4915
73.3854
81.6337
89.1138
95.3904
99.6395
101.047
98.6915
91.8562
80.0208
62.9174
40.6316
13.0461
-20.0685
-58.9969
-104.508
-157.578
-218.97
-290.259
-375.033
-477.392
-604.844
-773.538
-962.621
-1162.03
-1354.93
-1534.98
-1667.41
-1723.25
-1691.27
-1562.6
-1339.36
-1098.62
-874.34
-782.397
-700.186
-779.665
-816.539
-773.174
-791.529
-2239.64
-4684.33
-7130.5
-9730.94
-11723.4
-13212.1
-15165.6
-16860.4
-20377.9
-22126.4
-17923.6
-9971.14
-5589.39
-2758.23
-887.718
256.528
763.943
1029.12
1296.67
1647.25
1875.68
1982.38
2036.03
2062.22
2073.42
2078.83
2083.06
2082.29
2080.63
2065.49
2059.68
2034.54
-2.07685
15.8317
17.6202
27.2835
35.4893
46.2088
56.7083
66.7468
75.9464
84.7532
92.8669
99.7444
104.496
106.25
104.054
97.1498
84.9936
67.315
44.1512
15.468
-19.0107
-59.6232
-107.269
-163.105
-228.102
-304.032
-394.558
-503.738
-636.949
-812.651
-1012.68
-1224.54
-1430.55
-1627.38
-1775.65
-1839.21
-1803.38
-1658.15
-1411.32
-1147.54
-901.007
-802.107
-728.745
-836.673
-935.552
-898.364
-1172.93
-2877.52
-5649.3
-8022.4
-10415.2
-12167.3
-13423.6
-15176.8
-16717.2
-19885
-21603.8
-17173
-9859.55
-5387.88
-2523.11
-561.227
655.578
1163.14
1383.31
1576.17
1845.77
2020.83
2091.16
2120.98
2131.25
2131.72
2130.52
2130.98
2127.92
2123.95
2105.5
2096
2064.41
-1.75297
15.3116
17.6471
28.0038
36.9301
48.1285
58.7586
68.9563
78.6125
88.0716
96.8756
104.396
109.679
111.794
109.756
102.78
90.2984
72.0397
47.9936
18.2012
-17.6469
-59.9484
-109.74
-168.375
-237.05
-317.756
-414.266
-530.577
-671.053
-852.892
-1064.67
-1290.11
-1510.59
-1725.29
-1892.21
-1965.78
-1926.49
-1761.94
-1487.37
-1198.31
-929.831
-820.858
-757.398
-896.296
-1070.76
-1087.04
-1631.01
-3629.58
-6714.22
-8990.79
-11157.2
-12648.1
-13648
-15160.6
-16513.4
-19338.2
-20934.5
-16441.7
-9677.83
-5151.46
-2285.89
-255.413
1011.45
1515.97
1698.39
1826.86
2021.41
2152.29
2192.5
2201.28
2197.18
2187.93
2180.74
2177.79
2172.67
2166.45
2144.81
2130.91
2092.45
-1.29136
14.8043
17.843
28.8662
38.4133
49.9656
60.6981
71.1892
81.431
91.615
101.156
109.354
115.195
117.683
115.801
108.748
95.9377
77.0957
52.1664
21.2592
-15.9578
-59.9463
-111.886
-173.338
-245.745
-331.339
-434.022
-557.808
-706.653
-894.207
-1118.46
-1358.63
-1595.27
-1829.45
-2017.75
-2103.43
-2061.83
-1874.97
-1568.04
-1251.25
-959.821
-841.351
-785.695
-958.32
-1220.52
-1350.28
-2169.79
-4493.85
-7880.13
-10043.5
-11959.8
-13156.2
-13881.9
-15116.6
-16248.1
-18728.4
-20165.9
-15758.6
-9395.11
-4886.45
-2042.45
34.3404
1327.41
1824.41
1975.54
2049.82
2176.73
2270.09
2286.23
2276.86
2259.92
2241.96
2229.43
2223.45
2216.48
2208.13
2183.53
2165.54
2117.98
-0.729811
14.3517
18.2079
29.8284
39.8978
51.6948
62.5808
73.5092
84.4363
95.401
105.717
114.624
121.044
123.917
122.191
115.058
101.916
82.4885
56.6771
24.6535
-13.9254
-59.5907
-113.669
-177.944
-254.116
-344.676
-453.679
-585.26
-743.133
-936.771
-1173.89
-1429.89
-1684.64
-1940.44
-2152.81
-2252.45
-2210.38
-1998.13
-1653.85
-1306.93
-989.369
-862.735
-813.155
-1022.32
-1380.58
-1686.35
-2789.79
-5476.54
-9156.31
-11190.5
-12818.5
-13686.6
-14121.3
-15046.3
-15925.4
-18036.5
-19265.7
-15031.3
-8998.08
-4600.31
-1787.42
312.479
1608.16
2092.48
2217.46
2246.81
2315.1
2374.76
2372.23
2347.71
2319.43
2293.79
2276.54
2267.87
2259.27
2248.98
2221.78
2199.23
2141.02
-0.106895
13.9847
18.7146
30.8529
41.3511
53.3288
64.4693
75.9652
87.6503
99.4385
110.562
120.206
127.222
130.492
128.935
121.723
108.248
88.2274
61.5386
28.3968
-11.5328
-58.8555
-115.052
-182.137
-262.08
-357.649
-473.075
-612.712
-780
-981.067
-1230.64
-1503.49
-1778.51
-2058.57
-2297.63
-2413.1
-2372.53
-2132.17
-1745.64
-1365.89
-1018.15
-882.406
-839.488
-1087.48
-1545.38
-2083.41
-3486.62
-6598.09
-10560
-12441.9
-13723.5
-14237.4
-14363.2
-14952.2
-15550.2
-17267.5
-18233.4
-14195.2
-8497.94
-4298.08
-1516.01
582.329
1858.59
2324.91
2427.4
2419.8
2439.25
2467.34
2450.42
2413.83
2375.79
2343.4
2322.01
2311.01
2301
2289
2259.67
2231.96
2162.56
0.543458
13.7279
19.345
31.9105
42.7477
54.9081
66.4226
78.5895
91.0849
103.729
115.689
126.092
133.72
137.409
136.043
128.764
114.953
94.3305
66.7695
32.5046
-8.76197
-57.7152
-115.997
-185.861
-269.552
-370.127
-492.033
-639.9
-816.903
-1027.31
-1288.04
-1578.84
-1876.47
-2183.69
-2451.99
-2585.81
-2548.29
-2277.57
-1844.32
-1428.62
-1047.22
-899.248
-863.925
-1152.66
-1709.86
-2525.34
-4252.06
-7880.22
-12109.8
-13804.8
-14672.4
-14808.6
-14605.6
-14836.9
-15127.7
-16434.6
-17101.9
-13264.8
-7925.49
-3970.67
-1224.61
845.651
2083.16
2526.34
2608.77
2571.01
2550.77
2549.42
2520.9
2475.25
2429.07
2390.83
2365.81
2352.79
2341.62
2328.2
2297.32
2264.39
2178.35
1.19439
13.5925
20.0843
32.9796
44.0911
56.4868
68.4887
81.402
94.7438
108.271
121.091
132.272
140.534
144.676
143.53
136.199
122.052
100.825
72.3896
36.9944
-5.59242
-56.1434
-116.465
-189.057
-276.44
-381.972
-510.36
-666.512
-853.498
-1074.89
-1345.35
-1655.24
-1977.77
-2315.12
-2615.26
-2771.07
-2737.74
-2434.24
-1950.41
-1495.96
-1077.75
-913.155
-885.208
-1216.42
-1869.68
-2996.45
-5077.37
-9327.25
-13819
-15279.3
-15668.5
-15399.6
-14847
-14703.3
-14664.8
-15549.9
-15905.7
-12284.2
-7308.2
-3606.24
-911.209
1103.18
2285.5
2701.06
2764.92
2702.78
2650.91
2623.12
2584.1
2532.01
2479.38
2436.12
2407.91
2393.13
2381.04
2366.56
2334.93
2295.95
2193.44
1.82929
13.5786
20.9115
34.0483
45.407
58.1159
70.7014
84.4119
98.6246
113.055
126.756
138.735
147.666
152.302
151.409
144.044
129.566
107.733
78.4201
41.8881
-2.00113
-54.1112
-116.418
-191.668
-282.654
-393.042
-527.846
-692.197
-889.333
-1122.58
-1402.28
-1731.77
-2081.26
-2451.77
-2786.77
-2969.38
-2941.42
-2601.81
-2064.21
-1568.84
-1109.57
-923.839
-902.038
-1277.1
-2021.22
-3484.7
-5955.19
-10928.2
-15690.7
-16860
-16711.9
-16007.7
-15086.4
-14554.1
-14170
-14628.8
-14676.1
-11283.2
-6654.53
-3202.15
-577.796
1354.76
2468.52
2852.87
2899.1
2817.54
2740.85
2690.44
2640.94
2584.3
2526.8
2479.3
2448.31
2431.97
2419.2
2404.06
2372.61
2327.38
2203.77
2.43945
13.6799
21.8023
35.1098
46.7304
59.8376
73.082
87.6207
102.721
118.071
132.669
145.474
155.122
160.297
159.69
152.309
137.508
115.067
84.8833
47.2143
2.03619
-51.5872
-115.814
-193.633
-288.103
-403.196
-544.261
-716.598
-923.865
-1169.16
-1458.83
-1807.29
-2185.8
-2592.65
-2966.04
-3181
-3160.32
-2780.66
-2185.93
-1647.43
-1141.95
-930.592
-913.375
-1332.04
-2162.28
-3980.75
-6879.57
-12664.6
-17712.2
-18534.8
-17798.9
-16628.8
-15322.9
-14391.6
-13651.5
-13686.2
-13434.9
-10272.3
-5967.26
-2759.17
-227.882
1599.31
2634.41
2985.01
3014.41
2917.66
2821.7
2752.55
2692.64
2632.42
2571.44
2520.43
2486.96
2469.23
2455.97
2440.64
2410.48
2358.37
2207.72
3.02145
13.8891
22.7392
36.1712
48.0976
61.6813
75.6391
91.0235
107.023
123.306
138.819
152.49
162.907
168.67
168.385
161.007
145.89
122.838
91.7961
53.0002
6.54492
-48.54
-114.61
-194.891
-292.697
-412.29
-559.373
-739.396
-956.515
-1213.69
-1515.1
-1880.61
-2290.5
-2737.1
-3152.88
-3405.82
-3395.27
-2972.32
-2316
-1731.44
-1174.59
-932.078
-918.021
-1377.75
-2291.47
-4474.24
-7845.48
-14509.7
-19854.3
-20287.8
-18922.9
-17257.7
-15555.2
-14217.8
-13116.9
-12734.8
-12193.6
-9248.97
-5248.92
-2280.63
133.805
1835.36
2784.96
3100.28
3113.74
3005.33
2894.47
2810
2740.37
2676.81
2613.43
2559.54
2523.85
2504.82
2491.22
2476.21
2448.42
2389.04
2204.54
3.57348
14.1963
23.7067
37.2521
49.5395
63.6654
78.373
94.6129
111.519
128.745
145.197
159.783
171.027
177.431
177.506
170.15
154.725
131.062
99.1706
59.2656
11.5512
-44.9379
-112.766
-195.383
-296.346
-420.184
-572.967
-760.29
-986.78
-1255.53
-1570.78
-1950.97
-2394.48
-2884.41
-3347.31
-3644.01
-3646.59
-3178.85
-2455.34
-1820.71
-1207.04
-926.559
-914.52
-1411.17
-2406.61
-4954.94
-8845.78
-16425.8
-22078.3
-22101.6
-20075.5
-17889
-15781.5
-14034.2
-12572.5
-11786.7
-10961.3
-8205.78
-4504.86
-1772.42
500.887
2061.38
2921.83
3201.07
3199.73
3082.48
2960.1
2863.14
2784.92
2717.93
2652.89
2596.65
2558.93
2538.64
2524.75
2510.69
2485.9
2420.16
2211.38
4.094
14.5925
24.6967
38.3766
51.0799
65.8
81.2796
98.3791
116.195
134.373
151.8
167.358
179.489
186.589
187.064
179.751
164.022
139.752
107.02
66.0284
17.082
-40.7493
-110.239
-195.048
-298.96
-426.744
-584.835
-779.023
-1014.39
-1294.36
-1624.88
-2018.7
-2496.76
-3033.88
-3549.4
-3896.17
-3914.6
-3401.52
-2605.06
-1915.32
-1238.4
-912.505
-901.017
-1429.82
-2506.34
-5412.33
-9867.08
-18363.1
-24341.9
-23959.2
-21248.8
-18517
-15999.8
-13841.9
-12023.3
-10853.3
-9752.04
-7148.1
-3745.93
-1244.34
865.698
2276.05
3046.47
3289.52
3274.74
3150.75
3019.35
2912.24
2826.64
2756.19
2689.94
2631.8
2592.18
2570.55
2556.35
2543.9
2521.72
2452.65
2237.42
4.58086
15.0712
25.712
39.5669
52.7356
68.0895
84.3515
102.307
121.032
140.179
158.628
175.218
188.299
196.152
197.07
189.822
173.791
148.917
115.356
73.3063
23.1654
-35.9428
-106.991
-193.831
-300.453
-431.839
-594.788
-795.38
-1039.2
-1330.2
-1676.5
-2085.3
-2596.32
-3184.3
-3759.35
-4162.66
-4200.25
-3640.09
-2765.99
-2015.42
-1267.7
-888.821
-874.913
-1431.47
-2586.57
-5835.91
-10887.7
-20266.9
-26603.1
-25847
-22435.6
-19135.1
-16207.6
-13641.4
-11472.7
-9943.18
-8582.85
-6098.03
-2987.71
-709.587
1220.51
2478.46
3160.54
3367.76
3340.82
3211.49
3072.92
2957.56
2865.73
2791.93
2724.74
2665.04
2623.59
2600.44
2585.81
2575.2
2554.32
2485.17
2284.58
5.03136
15.627
26.7607
40.8407
54.517
70.5327
87.5763
106.376
126.011
146.158
165.68
183.363
197.462
206.131
207.537
200.373
184.041
158.565
124.189
81.116
29.8308
-30.4868
-102.986
-191.681
-300.747
-435.351
-602.665
-809.175
-1061.13
-1363.24
-1725.48
-2152.33
-2692.74
-3334.07
-3976.9
-4444.74
-4505.55
-3893.76
-2938.51
-2121.09
-1294.16
-854.822
-833.286
-1413.96
-2639.99
-6215.72
-11880
-22091.5
-28821.3
-27752.2
-23628
-19736.6
-16402
-13432.7
-10923.3
-9061.42
-7466.95
-5080.19
-2247.75
-181.944
1559.4
2668.13
3265.68
3437.94
3399.67
3265.78
3121.41
2999.35
2902.33
2825.41
2757.42
2696.44
2653.15
2628.18
2612.99
2603.31
2582.75
2515.05
2342.89
5.44156
16.2533
27.8506
42.2105
56.4279
73.1216
90.9336
110.562
131.119
152.304
172.953
191.797
206.983
216.534
218.476
211.417
194.783
168.704
133.529
89.4724
37.1095
-24.3505
-98.1876
-188.551
-299.77
-437.175
-608.338
-820.291
-1080.12
-1393.62
-1772.22
-2220.22
-2787.05
-3481.95
-4199.85
-4744.7
-4833.38
-4162.34
-3122.63
-2232.26
-1317.18
-810.163
-773.299
-1374.99
-2661.84
-6540.98
-12814.7
-23807.3
-30949.6
-29652.1
-24812.6
-20314.4
-16579.3
-13215.6
-10376.4
-8210.15
-6411.13
-4111.84
-1542.02
326.915
1878.8
2845.5
3363.26
3501.83
3452.59
3314.51
3165.39
3037.91
2936.55
2856.83
2788.11
2726.02
2680.85
2653.63
2637.83
2626.86
2606.79
2542.58
2409.06
5.80793
16.9426
28.9847
43.6808
58.4645
75.8399
94.3969
114.847
136.35
158.613
180.445
200.517
216.866
227.37
229.898
222.966
206.029
179.343
143.385
98.3858
45.0334
-17.5036
-92.5664
-184.4
-297.464
-437.232
-611.722
-828.674
-1096.17
-1421.38
-1816.99
-2288.26
-2881.68
-3626.21
-4426.76
-5064.22
-5186.23
-4446.44
-3317.88
-2348.19
-1336.44
-754.651
-692.234
-1311.06
-2650
-6802.01
-13662.1
-25384.7
-32930.8
-31504.5
-25966
-20860
-16735.7
-12989.5
-9832.7
-7389.42
-5416.94
-3201.88
-881.533
808.949
2177.21
3011.51
3454.55
3560.7
3500.6
3358.43
3205.45
3073.53
2968.52
2886.29
2816.91
2753.83
2706.65
2676.71
2660.29
2645.89
2626.51
2568.45
2482.3
6.12942
17.6874
30.1628
45.2489
60.615
78.6633
97.9421
119.222
141.695
165.078
188.151
209.523
227.114
238.644
241.812
235.027
217.783
190.487
153.764
107.87
53.6278
-9.91781
-86.0951
-179.195
-293.782
-435.469
-612.779
-834.327
-1109.33
-1446.46
-1859.62
-2355.68
-2978.34
-3766.24
-4656.73
-5403.02
-5565.39
-4747.27
-3523.44
-2467.08
-1351.28
-687.918
-587.553
-1217.57
-2602.19
-6986.98
-14393.7
-26773.3
-34700.3
-33243.8
-27054
-21362.2
-16866.6
-12753.3
-9292.54
-6597.82
-4482.42
-2352.59
-269.697
1260.05
2454.71
3167.23
3540.49
3615.69
3544.49
3398.23
3242.13
3106.53
2998.37
2913.95
2843.96
2779.9
2730.45
2697.5
2680.18
2661.63
2642.5
2590.87
2548.91
6.40873
18.4819
31.3824
46.9056
62.8607
81.5643
101.553
123.676
147.148
171.691
196.064
218.809
237.727
250.363
254.227
247.609
230.049
202.14
164.674
117.95
62.9077
-1.56751
-78.7514
-172.913
-288.696
-431.862
-611.515
-837.3
-1119.65
-1468.75
-1899.87
-2422.08
-3076.77
-3904.05
-4885.12
-5758.58
-5970.47
-5066.02
-3738.26
-2585.82
-1359.97
-609.094
-457.204
-1089.97
-2514.01
-7080.66
-14983.9
-27899.5
-36177.9
-34775.8
-28034.6
-21806.5
-16967.3
-12506
-8755.97
-5833.08
-3603.16
-1560.83
298.187
1679.05
2712.39
3313.66
3621.8
3667.67
3584.88
3434.52
3275.88
3137.25
3026.28
2939.95
2869.34
2804.14
2752.2
2716.22
2697.44
2675.07
2655.15
2608.85
2597.92
6.6511
19.3205
32.6404
48.6379
65.1803
84.5203
105.219
128.202
152.698
178.445
204.176
228.372
248.703
262.531
267.152
260.721
242.831
214.301
176.127
128.646
72.8873
7.56953
-70.5176
-165.538
-282.193
-426.418
-607.979
-837.671
-1127.17
-1488.16
-1937.41
-2486.73
-3175.38
-4043.63
-5110.19
-6128.29
-6398.16
-5401.53
-3960.12
-2699.82
-1359.27
-516.611
-299.582
-922.985
-2379.67
-7070.83
-15407.7
-28679.3
-37260
-35974.9
-28862.4
-22175.9
-17031.3
-12246.2
-8223.23
-5093.18
-2774.1
-821.012
830.397
2066.27
2951.81
3451.74
3699.23
3717.15
3622.3
3467.86
3307.01
3165.93
3052.49
2964.42
2892.98
2826.5
2771.99
2733.13
2712.34
2686.18
2663.72
2620.51
2626.05
6.86245
20.1963
33.9313
50.4306
67.5522
87.5143
108.93
132.789
158.337
185.327
212.476
238.2
260.038
275.152
280.595
274.368
256.129
226.968
188.13
139.968
83.5867
17.513
-61.3802
-157.065
-274.277
-419.171
-602.25
-835.535
-1131.94
-1504.59
-1971.86
-2548.69
-3272.94
-4187.96
-5336.06
-6507.69
-6842.15
-5749.94
-4184.69
-2803.06
-1344.49
-407.865
-112.901
-709.703
-2193.17
-6950.34
-15642.6
-29062.4
-37862.6
-36738.7
-29496.7
-22452.7
-17050.4
-11972.4
-7694.32
-4376.68
-1990.87
-128.137
1332.51
2422.97
3174.78
3582.4
3773.5
3764.52
3657.32
3498.66
3335.82
3192.72
3077.14
2987.39
2914.84
2846.98
2789.93
2748.51
2725.15
2693.96
2668.14
2631.59
2647.58
7.04848
21.1006
35.2482
52.2672
69.9554
90.5327
112.676
137.427
164.052
192.325
220.951
248.284
271.727
288.225
294.559
288.553
269.938
240.13
200.673
151.925
95.0253
28.2807
-51.3297
-147.495
-264.967
-410.179
-594.426
-830.99
-1133.98
-1517.93
-2002.86
-2607.1
-3368.29
-4336.56
-5565.97
-6888.32
-7292.41
-6104.15
-4405.79
-2888.92
-1310.32
-279.239
105.562
-443.302
-1948.46
-6717.99
-15674
-29088.3
-37987.9
-37063.9
-29909.6
-22620.2
-17014.4
-11683.7
-7168.46
-3682.38
-1249.94
521.922
1806.47
2751.73
3383.22
3706.52
3845.09
3810.12
3690.41
3527.28
3362.53
3217.74
3100.3
3008.81
2934.89
2865.64
2806.17
2762.54
2735.58
2698.48
2669.01
2642.75
2670.63
7.21524
22.0243
36.5823
54.131
72.3713
93.5626
116.443
142.101
169.826
199.421
229.583
258.609
283.761
301.746
309.044
303.271
284.248
253.769
213.742
164.524
107.219
39.8882
-40.3585
-136.838
-254.301
-399.519
-584.618
-824.132
-1133.33
-1528.09
-2030.12
-2661.08
-3460.17
-4486.89
-5799.81
-7259.75
-7734.97
-6454
-4615.82
-2950.92
-1251.77
-126.072
359.345
-118.532
-1637.97
-6375.3
-15493.1
-28856.2
-37740.5
-37021.1
-30094.5
-22666.9
-16913.3
-11379
-6644.54
-3009.24
-547.647
1133.04
2253.68
3056.02
3578.91
3824.9
3914.17
3854.11
3721.86
3554
3387.31
3241.07
3121.99
3028.67
2953.16
2882.53
2820.93
2775.39
2744.15
2701.78
2669.64
2650.88
2683.51
7.3687
22.9586
37.923
56.0034
74.7841
96.5908
120.219
146.795
175.641
206.596
238.353
269.158
296.127
315.709
324.042
318.511
299.038
267.862
227.319
177.769
120.18
52.3467
-28.4616
-125.113
-242.333
-387.298
-572.962
-815.078
-1130.04
-1535.06
-2053.39
-2709.99
-3547.63
-4635.73
-6034.14
-7606.44
-8155.45
-6789.76
-4806.18
-2982.99
-1164.21
56.0895
649.963
267.122
-1251.09
-5923.61
-15097
-28402.3
-37226.2
-36708.6
-30066.4
-22589.1
-16740
-11057.4
-6122.47
-2356.49
120.155
1708.48
2675.71
3338.73
3763.15
3938.03
3980.72
3896.49
3751.84
3579.04
3410.3
3262.78
3142.21
3046.99
2969.71
2897.78
2834.4
2787.31
2751.59
2704.69
2671.54
2658.97
2689.4
7.51428
23.894
39.2577
57.8651
77.1784
99.6041
123.987
151.491
181.478
213.827
247.238
279.909
308.806
330.096
339.537
334.251
314.284
282.38
241.382
191.654
133.909
65.6617
-15.6382
-112.348
-229.139
-373.646
-559.635
-804.007
-1124.26
-1538.89
-2072.56
-2753.42
-3629.44
-4779.44
-6263.57
-7909.94
-8526.76
-7101.26
-4968.44
-2979.98
-1043.88
270.776
979.026
715.652
-776.93
-5363.67
-14492.7
-27697.4
-36475.7
-36178.4
-29843.7
-22395.8
-16493.1
-10717.4
-5603.75
-1723.8
756.881
2250.65
3073.5
3601.88
3936.35
4045.78
4044.51
3937.16
3780.43
3602.53
3431.58
3282.92
3160.96
3063.82
2984.67
2911.54
2846.75
2798.49
2758.67
2707.07
2673.42
2666.52
2692.29
7.65625
24.8213
40.5735
59.7011
79.5428
102.591
127.734
156.173
187.318
221.092
256.213
290.835
321.771
344.881
355.5
350.458
329.947
297.287
255.895
206.156
148.393
79.8304
-1.89434
-98.5867
-214.816
-358.725
-544.861
-791.186
-1116.25
-1539.79
-2087.67
-2791.16
-3704.31
-4914.27
-6478.94
-8165.85
-8823.47
-7377.11
-5095.32
-2939.2
-889.241
520.471
1352.34
1231.47
-210
-4696.88
-13698.3
-26732.3
-35492.5
-35443.1
-29448.1
-22105.6
-16179.1
-10357.3
-5091.28
-1111.79
1364.69
2761.67
3447.56
3847.45
4098.15
4147.49
4105.18
3976
3807.67
3624.56
3451.27
3301.52
3178.24
3079.24
2998.25
2924.01
2858.12
2808.98
2765.81
2708.68
2674.24
2673.37
2695.81
7.79759
25.7324
41.8607
61.5018
81.8695
105.544
131.449
160.828
193.142
228.366
265.247
301.899
334.981
360.017
371.877
367.077
345.977
312.538
270.818
221.235
163.604
94.8374
12.7532
-83.881
-199.478
-342.724
-528.91
-776.969
-1106.43
-1538.13
-2098.95
-2823.24
-3771.09
-5035.49
-6669.07
-8381.07
-9048.96
-7606.23
-5178.66
-2861.52
-701.129
805.829
1775.17
1818.53
448.573
-3927.5
-12738.7
-25538.7
-34295.1
-34519.2
-28901.7
-21731.6
-15812.7
-9974.99
-4588.95
-522.443
1945.05
3243.88
3798.53
4077.13
4247.91
4242.54
4162.39
4012.89
3833.54
3645.23
3469.44
3318.57
3194.04
3093.35
3010.65
2935.39
2868.65
2818.64
2772.91
2709.77
2673.9
2679.17
2700.2
7.9406
26.6209
43.1138
63.2612
84.1527
108.453
135.122
165.44
198.926
235.619
274.299
313.055
348.376
375.431
388.587
384.027
362.31
328.082
286.099
236.836
179.496
110.651
28.2725
-68.2998
-183.262
-325.867
-512.116
-761.809
-1095.32
-1534.42
-2106.83
-2849.85
-3828.82
-5139.24
-6825.76
-8554.15
-9211.17
-7781.39
-5211.82
-2749.86
-483.147
1125.69
2246.64
2477.91
1193.83
-3063.76
-11642.1
-24162.7
-32913.7
-33430.2
-28227.3
-21285.2
-15410
-9569.46
-4099.95
40.7868
2497.99
3699.85
4127.36
4291.56
4385.19
4330.62
4215.92
4047.76
3858.03
3664.59
3486.17
3334.1
3208.39
3106.25
3022.05
2945.87
2878.48
2827.28
2779.5
2710.82
2673.1
2684.13
2705.31
8.08751
27.4822
44.33
64.9749
86.3867
111.31
138.736
169.984
204.641
242.809
283.32
324.235
361.87
391.017
405.512
401.202
378.864
343.864
301.681
252.885
196
127.22
44.6113
-51.9275
-166.321
-308.417
-494.879
-746.249
-1083.59
-1529.32
-2111.89
-2871.39
-3876.91
-5223.03
-6944.44
-8675.47
-9304.5
-7895.54
-5194.8
-2603.72
-239.267
1476.98
2763.79
3206.57
2016.55
-2118.44
-10438.4
-22646.8
-31382.9
-32206.8
-27450.8
-20783.7
-14982.4
-9145.08
-3623.85
573.656
3021.34
4131.25
4435.21
4490.88
4510.02
4411.71
4265.73
4080.55
3881.12
3682.71
3501.52
3348.12
3221.35
3118.05
3032.62
2955.61
2887.69
2834.85
2785.22
2711.85
2672.53
2688.49
2710.51
8.24029
28.3128
45.507
66.638
88.5634
114.1
142.269
174.432
210.243
249.885
292.242
335.35
375.346
406.63
422.497
418.463
395.543
359.824
317.506
269.295
213.026
144.469
61.6913
-34.8676
-148.834
-290.677
-477.66
-730.897
-1071.9
-1523.52
-2114.85
-2888.37
-3915.11
-5285.53
-7022.54
-8736.38
-9323.92
-7939.99
-5130.05
-2421.17
30.0538
1855.67
3326.73
3995.8
2903.67
-1108.62
-9158.57
-21030
-29741.8
-30887.6
-26601.1
-20245.5
-14536
-8712.2
-3157.91
1072.85
3511.46
4537.65
4722.96
4675.24
4623
4485.95
4311.76
4111.18
3902.81
3699.6
3515.54
3360.71
3233.02
3128.87
3042.5
2964.74
2896.16
2841.48
2789.98
2712.55
2672.28
2692.65
2715.51
8.40006
29.1099
46.6419
68.2438
90.6713
116.804
145.694
178.743
215.686
256.784
300.981
346.283
388.648
422.083
439.346
435.643
412.236
375.905
333.528
285.983
230.473
162.299
79.4041
-17.2485
-131.001
-272.98
-460.954
-716.358
-1060.93
-1517.72
-2116.4
-2901.38
-3943.62
-5326.79
-7060.24
-8734.68
-9268.63
-7910.67
-5019.24
-2204.98
323.902
2260.83
3934.66
4835.02
3840.5
-54.0456
-7834.13
-19353.3
-28034
-29514.6
-25708.9
-19686.2
-14076.1
-8278.73
-2703.15
1538.49
3964.17
4916.79
4990.76
4844.9
4724.95
4553.45
4353.98
4139.58
3923.08
3715.27
3528.23
3371.93
3243.49
3138.77
3051.69
2973.26
2903.73
2847.5
2793.97
2712.96
2672.05
2696.76
2720.2
8.56771
29.8716
47.7313
69.7846
92.6968
119.399
148.977
182.877
220.917
263.436
309.433
356.89
401.584
437.146
455.819
452.539
428.813
392.046
349.712
302.882
248.251
180.596
97.6058
0.767302
-113.055
-255.679
-445.231
-703.149
-1051.19
-1512.49
-2117.22
-2911.1
-3963.08
-5348.22
-7060.83
-8676.2
-9147.87
-7813.07
-4868.66
-1962.29
639.419
2697.05
4583.13
5713.66
4810.15
1024.15
-6496.12
-17659.6
-26305.9
-28131.7
-24805.2
-19120
-13611.2
-7846.55
-2265.62
1973.05
4375.9
5265.71
5238.13
5000.21
4816.67
4614.22
4392.38
4165.7
3941.91
3729.66
3539.58
3381.83
3252.8
3147.71
3060.05
2981.04
2910.49
2853.52
2797.52
2713.56
2672.03
2700.98
2724.73
8.74255
30.595
48.7694
71.2492
94.6218
121.86
152.086
186.791
225.878
269.76
317.486
367.008
413.938
451.554
471.633
468.906
445.116
408.184
366.037
319.964
266.3
199.215
116.096
18.9689
-95.2657
-239.109
-430.866
-691.617
-1043.04
-1508.28
-2117.89
-2918.2
-3974.62
-5352.36
-7029.88
-8571.86
-8977.11
-7658.22
-4689
-1701.98
975.036
3171.47
5269.14
6615.91
5791.53
2103.87
-5174.37
-15992.1
-24604.5
-26781.3
-23918.2
-18561.1
-13147.5
-7418.08
-1849.69
2377.28
4745.8
5581.15
5464.02
5141.48
4898.88
4668.23
4426.97
4189.51
3959.24
3742.7
3549.54
3390.4
3260.91
3155.49
3067.32
2987.94
2916.95
2860.22
2800.97
2714.78
2672.84
2705.29
2729.33
8.92323
31.2777
49.7499
72.6255
96.4269
124.159
154.985
190.442
230.514
275.676
325.017
376.464
425.472
465.01
486.47
484.479
460.976
424.258
382.52
337.231
284.522
217.936
134.618
37.0634
-77.9563
-223.567
-418.096
-681.915
-1036.63
-1505.34
-2118.82
-2923.34
-3979.66
-5342.49
-6974.06
-8433.27
-8769.98
-7456.7
-4488.22
-1432
1329.44
3687.01
5989.36
7521.2
6761.43
3163.74
-3896.47
-14390.7
-22974.2
-25499.7
-23071.6
-18021.4
-12688.6
-6997.08
-1457.65
2748.41
5075.86
5860.25
5666.79
5268.86
4972.24
4715.62
4457.79
4211.06
3975.04
3754.32
3558.06
3397.6
3267.74
3161.94
3073.31
2994.01
2923.68
2867.75
2804.53
2716.26
2674.97
2709.59
2734.21
9.10833
31.917
50.6638
73.8975
98.0882
126.265
157.637
193.786
234.766
281.099
331.903
385.077
435.933
477.19
499.988
498.965
476.197
440.19
399.14
354.615
302.729
236.482
152.874
54.651
-61.5171
-209.34
-407.035
-674.032
-1031.89
-1503.7
-2120.23
-2927.12
-3979.8
-5322.24
-6900.35
-8271.65
-8538.86
-7220.15
-4271.98
-1158.88
1698.73
4234.12
6728.3
8405.82
7696.79
4186.18
-2686.37
-12890.5
-21454.5
-24313.7
-22282.3
-17509
-12239.2
-6589.29
-1093.25
3083.95
5368.42
6101.53
5844.23
5382.29
5037.33
4756.81
4484.99
4230.39
3989.28
3764.48
3565.13
3403.47
3273.3
3167.06
3078.1
2999.42
2930.75
2875.49
2808.28
2717.68
2678.45
2713.92
2739.3
9.28874
32.5027
51.4966
75.0459
99.5819
128.151
160.01
196.784
238.58
285.951
338.029
392.675
445.065
487.755
511.806
511.985
490.503
455.859
415.825
371.981
320.709
254.592
170.544
71.3122
-46.3754
-196.672
-397.624
-667.726
-1028.49
-1503.11
-2122.15
-2930.02
-3976.68
-5295.32
-6815.92
-8098.21
-8297.12
-6962.9
-4047.65
-888.596
2071.29
4786.74
7452.91
9241.1
8575.91
5156.63
-1563.19
-11521.2
-20075.8
-23240
-21560
-17029.2
-11807.5
-6201.59
-759.919
3382.99
5625.24
6304.78
5993.94
5481.29
5094.45
4792.33
4508.75
4247.57
4001.96
3773.24
3570.91
3408.23
3277.8
3171.1
3081.93
3004.19
2937.49
2882.32
2812.15
2719.74
2683.11
2718.48
2744.55
9.47608
33.0432
52.2512
76.0667
100.898
129.802
162.091
199.415
241.925
290.177
343.298
399.091
452.605
496.351
521.514
523.145
503.651
471.147
432.504
389.242
338.31
272.092
187.375
86.7322
-32.8267
-185.627
-389.593
-662.543
-1025.95
-1503.22
-2124.41
-2932.37
-3971.78
-5265.4
-6728.13
-7924.49
-8058.74
-6701.51
-3824.71
-629.234
2428.17
5309.27
8120.58
9993.53
9373.66
6055.5
-542.967
-10305.5
-18858.9
-22287.9
-20909.6
-16587.3
-11403.6
-5839.7
-460.728
3643.89
5848.49
6470.44
6114.23
5564.75
5143.64
4822.57
4529.22
4262.66
4013.12
3780.74
3575.73
3412.24
3281.55
3174.38
3085.02
3008.17
2943
2887.48
2815.73
2723.05
2688.76
2723.39
2749.74
9.6494
33.5101
52.8989
76.9313
102.009
131.196
163.854
201.652
244.756
293.708
347.6
404.155
458.331
502.714
528.812
532.207
515.472
485.891
449.033
406.327
355.444
288.798
203.125
100.797
-20.8326
-176.019
-382.588
-658.09
-1023.92
-1503.56
-2126.6
-2934.22
-3966.24
-5235.72
-6644.08
-7762.16
-7838.17
-6454.78
-3615.24
-392.433
2748.64
5768.32
8694.17
10630.6
10054
6845.9
352.465
-9259.2
-17815.5
-21464.3
-20337.5
-16191
-11037.2
-5510.1
-199.765
3864.29
6040.88
6600.34
6204.65
5630.79
5184.71
4847.75
4546.51
4275.65
4022.78
3787.18
3579.93
3415.84
3284.83
3177.16
3087.57
3011.26
2946.88
2891.03
2818.59
2727.3
2694.99
2728.54
2754.52
9.86494
33.949
53.4923
77.6917
102.971
132.393
165.365
203.556
247.128
296.588
350.975
407.912
462.325
506.934
533.737
539.112
525.81
499.894
465.207
423.049
371.832
304.269
217.446
113.534
-10.1243
-167.459
-376.181
-653.918
-1021.88
-1503.51
-2128.22
-2935.41
-3960.74
-5208.76
-6569.5
-7620.51
-7647.22
-6239.03
-3431.56
-190.865
3014.59
6139.13
9150.04
11129.8
10584.2
7480.67
1092.58
-8394.87
-16952.4
-20775.2
-19851.6
-15848.3
-10719.1
-5223.13
18.4744
4042.85
6204.62
6697.37
6266.25
5677.65
5217.25
4868.02
4560.75
4286.63
4031.02
3792.78
3583.87
3419.27
3287.86
3179.63
3089.76
3013.61
2949.44
2893.31
2820.78
2731.91
2701.28
2733.66
2758.43
10.1203
34.3424
54.0226
78.3537
103.798
133.415
166.642
205.133
249.043
298.836
353.492
410.544
464.902
509.459
536.808
544.348
535.068
513.459
481.058
439.14
387.349
318.67
230.635
125.271
-0.262502
-159.423
-369.951
-649.607
-1019.41
-1502.76
-2129
-2936
-3956.12
-5187.03
-6510.02
-7508.63
-7497.29
-6069.13
-3287.66
-38.7605
3210.12
6404.78
9475.14
11479
10945.9
7926.33
1644.64
-7729.8
-16280.9
-20232.5
-19463.6
-15571.2
-10461.9
-4991.15
189.486
4180.69
6341.78
6766.14
6301.07
5704.63
5240.2
4883.33
4571.95
4295.55
4037.83
3797.72
3587.74
3422.68
3290.69
3181.86
3091.68
3015.43
2951.13
2894.64
2822.65
2736.44
2707.24
2738.34
2761.22
10.5609
34.8203
54.6397
79.0677
104.644
134.42
167.853
206.58
250.746
300.778
355.602
412.667
466.808
510.98
538.24
547.088
541.269
524.291
494.806
453.007
400.074
330.091
241.17
134.872
8.06846
-152.315
-364.119
-645.105
-1016.14
-1500.65
-2127.91
-2934.72
-3951.09
-5169.94
-6466.83
-7429.8
-7392.87
-5950.95
-3188.18
61.0409
3331.81
6562.42
9667.31
11677.6
11148.8
8191.31
2002.86
-7272.72
-15810.5
-19847.8
-19183.6
-15369.2
-10274.8
-4824.37
307.891
4278.01
6452.54
6820.39
6319.03
5714.79
5252.46
4893.93
4580.62
4302.79
4043.56
3802.28
3591.62
3425.98
3293.25
3183.88
3093.48
3017
2952.44
2895.67
2824.5
2740.8
2712.67
2741.96
2762.74
11.276
35.5821
55.5484
80.1186
105.856
135.816
169.452
208.397
252.789
303.053
358.098
415.331
469.553
513.783
541.397
551.513
547.951
533.248
504.509
462.467
409.438
338.993
249.451
142.593
15.253
-145.747
-358.385
-640.206
-1011.97
-1497.18
-2125.06
-2931.85
-3946.31
-5158.99
-6442.62
-7387.58
-7337.66
-5888.58
-3136.45
108.209
3382.39
6621.93
9740
11746.3
11223
8302.02
2177.21
-7029.94
-15553.2
-19635.6
-19027.5
-15257.1
-10171.7
-4736.13
365.968
4327.45
6523.14
6871.62
6348.47
5727.65
5260.98
4901.15
4587.51
4308.85
4048.37
3806.23
3595.13
3428.91
3295.33
3185.54
3095.01
3018.3
2953.5
2896.67
2826.28
2743.66
2715.53
2743.72
2763.53
)
;

boundaryField
{
    inletFace
    {
        type            zeroGradient;
    }
    inlet
    {
        type            zeroGradient;
    }
    inletWalls
    {
        type            zeroGradient;
    }
    outletInlet
    {
        type            cyclicAMI;
        value           nonuniform List<scalar> 
15
(
2557.85
2534.27
2513.61
2502.56
2481.13
2468.53
2452.1
2436.78
2423.43
2406.81
2394.06
2376.79
2363
2339.79
2331.65
)
;
    }
    fineSymmetryWall
    {
        type            symmetryPlane;
    }
    fineWalls
    {
        type            zeroGradient;
    }
    fineCyclicBoundary
    {
        type            fixedValue;
        value           uniform 0;
    }
    fineplug
    {
        type            cyclicAMI;
        value           nonuniform List<scalar> 
80
(
2571.09
2566.24
2564.25
2546
2550.6
2542.88
2537.67
2535.11
2532.46
2530.16
2528.7
2526.02
2505.44
2513
2511.35
2510.64
2508.84
2507.3
2505.79
2503.18
2497.77
2480.32
2485.35
2483.2
2480.61
2478.69
2477.66
2476.02
2474.1
2472.47
2468.15
2454.32
2456.79
2454.47
2452.45
2450
2448.39
2448.55
2447.33
2441.77
2430.2
2428.59
2427.84
2427.94
2425.28
2422.75
2420.19
2418.99
2417.02
2412.33
2404.76
2401.02
2399.82
2399.98
2398.23
2395.42
2392.75
2387.37
2393.32
2382.51
2377.54
2375.1
2371.14
2368.48
2368.7
2364.54
2360.88
2355.04
2368.74
2350.11
2344.57
2342.58
2337.92
2334.42
2329.22
2328.5
2327.03
2349.86
2326.27
2319.37
)
;
    }
    faceFine
    {
        type            zeroGradient;
    }
}


// ************************************************************************* //
