/*--------------------------------*- C++ -*----------------------------------*\
| =========                 |                                                 |
| \\      /  F ield         | OpenFOAM: The Open Source CFD Toolbox           |
|  \\    /   O peration     | Version:  4.1                                   |
|   \\  /    A nd           | Web:      www.OpenFOAM.org                      |
|    \\/     M anipulation  |                                                 |
\*---------------------------------------------------------------------------*/
FoamFile
{
    version     2.0;
    format      ascii;
    class       volScalarField;
    location    "23";
    object      p;
}
// * * * * * * * * * * * * * * * * * * * * * * * * * * * * * * * * * * * * * //

dimensions      [0 2 -2 0 0 0 0];

internalField   nonuniform List<scalar> 
6785
(
18394.2
18328.1
18277.4
18227.7
18181.8
18138.6
18098.1
18060
18024.1
17989.9
17956.7
17925.7
17897.6
17863.8
17828
17852.9
17835.5
17839.6
17835.2
17832.5
17829.5
17827
17825.1
17824.1
17824.1
17824.9
17826.8
17830.9
17835.2
17836.6
17816.2
17810.5
17820.5
17819.5
17823.2
17825.5
17828.1
17830.5
17832.7
17834.7
17836.5
17838.1
17839.5
17840.3
17840.6
17857.4
17854
17858.2
17853.4
17853.3
17850.7
17848.7
17846.4
17844.1
17841.8
17839.8
17838.5
17837.4
17836.4
17836
17836.8
17833.3
17835.1
17830.8
17831.3
17829.1
17828.1
17826.8
17825.7
17824.8
17824.2
17824
17823.7
17823.6
17824.3
17825.7
17823.7
17825.9
17823.5
17825.2
17824.4
17824.8
17824.9
17825.1
17825.3
17825.7
17826.1
17826.6
17827.1
17828.3
17834.9
17834.6
17837.1
17835.6
17837.6
17837.4
17838.3
17838.8
17839.4
17840.1
17840.7
17841.4
17842.2
17842.9
17844
17846.6
17847.1
17849.3
17848.3
17850.1
17850.1
17850.9
17851.5
17852.2
17852.9
17853.6
17854.3
17855.1
17855.7
17856.5
17856.5
17857.6
17859.3
17858.5
17860.1
17860.2
17860.9
17861.5
17862
17862.6
17863.2
17863.8
17864.4
17865
17865.7
17866.1
17867.3
17868.5
17868.1
17869.5
17869.4
17870.2
17870.5
17870.9
17871.3
17871.7
17872.1
17872.5
17872.9
17873.5
17873.9
17874.9
17875.7
17875.3
17876.4
17876.2
17876.7
17876.7
17876.9
17876.8
17876.8
17876.9
17877
17877.2
17877.4
17876.9
17877
17877.5
17876.9
17877.5
17876.9
17877.1
17876.7
17876.4
17875.8
17875.2
17874.8
17874.6
17874.5
17874
17872.6
17871.3
17870.9
17869.5
17869.2
17867.9
17867.4
17866.4
17865.5
17864.4
17863.3
17862.4
17861.6
17860.4
17858.7
17842.7
17842.8
17842
17840.3
17839.1
17837
17835.3
17833
17830.9
17828.7
17826.8
17824.9
17822.5
17820.5
17820.3
17858.7
17849.9
17840.9
17831.3
17822.1
17813.2
17805.5
17799.1
17794.5
17792.3
17792.4
17792.8
17793.4
17794.1
17797.8
17939.7
17939.7
17939.7
17939.7
17939.7
17939.7
17939.7
17939.7
17939.7
17939.7
17939.7
17939.7
17939.7
17939.7
17939.7
17939.7
17939.8
17939.7
17939.7
17939.7
17939.7
17939.7
17939.7
17939.7
17939.7
17939.7
17939.7
17939.8
17939.7
17939.8
17939.7
17939.8
17939.7
17939.7
17939.8
17939.7
17939.7
17939.5
17939.5
17939.5
17939.4
17939.4
17939.3
17939.3
17939.2
17939.1
17939.1
17939
17939
17939
17939
17939
17939
17939.1
17939
17938.9
17938.9
17939
17938.8
17938.8
17939
17938.8
17938.7
17938.6
17939
17938.8
17939
17938.8
17938.4
17938.2
17938.2
17936.1
17934.9
17934.7
17933.9
17926.5
17926.7
17922.3
17907.6
17910.3
17908
17904.6
17901.5
17913.9
17881.2
17879.4
17877.4
17876.3
17874.1
17873.4
17875.6
17875.2
17878.9
17859.2
17859
17861
17862.8
17861.8
17862.2
17862.5
17860
17857.2
17845.4
17845.7
17845.2
17845.8
17847.6
17848.1
17848.1
17848.8
17844.9
17833.4
17828.3
17828.2
17827.9
17827.3
17828.1
17830.1
17830.9
17825.7
17802.5
17807.4
17808.7
17809.5
17808.8
17807.8
17807.5
17809.4
17805.6
17777.8
17787.3
17784.9
17785.7
17785.8
17784.5
17783.4
17782.5
17777.2
17749.5
17768
17764.3
17762.6
17759.6
17758.9
17757.2
17754.6
17752.7
17747.8
17714.5
17740.6
17735.2
17733.9
17732.6
17728
17717.4
17715
17718.5
17679.8
17713.1
17701.3
17693.1
17707.8
17649
17655.3
17618.9
17656.6
17664.6
17575.6
17631.9
17645.9
17573.4
17600.5
17594.1
17643.1
17690.8
17668.5
17707.8
17722.3
17764.1
17801.8
17827.9
17859.1
17881.1
17921.9
17932.3
17921.5
17946.9
17940.9
17974.8
17962.2
17931.2
17946
17917.5
17979.4
17940.2
17860.6
17969.1
17916.4
17849.3
17882.5
17851.7
17969.4
17899.5
17834.1
17872.6
17855
17961
17889.8
17816.3
17955.7
17788.1
17693.9
17637.5
17515.2
17680.9
17530.8
17335.1
17460.9
17400.6
17807.9
18006
17888.8
18576.8
18905.2
18838.2
19492.5
19547.6
20707.2
21553.5
19771.7
23964
25301.6
13361.9
21965.4
30763
436.632
-3592.94
-25909.3
-21177.7
29199.7
0.387376
0.676122
1.17344
1.55225
1.9956
2.3999
2.81949
3.22153
3.63087
4.05714
4.53088
5.08758
5.77261
6.58313
7.44973
8.25414
8.91618
9.46547
10.0055
10.5626
11.1446
11.9046
13.0326
14.5565
16.3069
18.1306
20.0071
21.8039
23.6817
25.7949
27.9248
29.9281
31.8988
33.902
36.0007
38.2592
40.743
43.5196
46.6064
49.8683
53.0077
55.6539
57.4726
58.1945
57.5025
54.9006
49.3716
38.7821
20.8294
0.914595
-3.87809
2.59761
9.31561
13.6699
14.2004
15.2078
16.5629
17.8969
19.1719
20.1405
20.5227
20.0786
18.7014
17.5365
18.7092
22.4368
28.3566
37.4842
51.216
72.3498
106.023
161.653
256.725
428.05
743.861
1363.77
2491.03
3352.02
4194.22
1.16889
2.06715
3.56988
4.69959
5.98807
7.16065
8.38071
9.57521
10.805
12.076
13.4324
14.9154
16.5737
18.3745
20.2234
22.0462
23.8375
25.6257
27.5059
29.4643
31.4826
33.8355
36.8926
40.7231
45.0077
49.4708
54.0719
58.3915
62.7373
67.4309
72.2008
76.8661
81.7393
86.9205
92.4237
98.2281
104.324
110.729
117.441
124.245
130.616
135.923
139.661
141.471
140.704
136.048
125.133
104.619
73.0317
41.0238
31.9153
32.739
36.5227
44.7262
47.0129
49.1563
50.9778
52.4423
53.7659
54.9117
55.7722
55.5182
53.0742
50.4081
50.5463
53.7606
59.2478
66.7393
75.767
86.151
98.0038
110.913
122.255
127.096
97.0256
40.6198
-161.064
-1343.36
12745.2
1.8736
3.3832
5.88943
7.78469
9.95
11.9295
13.9884
16.0002
18.0675
20.2086
22.5171
25.0907
28.019
31.2416
34.5722
37.8088
40.8752
43.8507
46.9656
50.2188
53.6535
57.8
63.2269
69.9174
77.2872
84.9402
92.8135
100.241
107.951
116.273
124.675
132.863
141.353
150.291
159.757
169.799
180.481
191.894
203.982
216.314
227.938
237.737
244.792
248.373
247.257
239.154
219.948
183.396
125.384
62.5493
39.7848
46.8851
60.5291
76.4276
80.285
84.1104
87.969
91.1049
93.7151
95.5168
96.2367
94.889
90.6286
87.7045
90.2596
97.6927
109.304
124.979
144.297
167.514
195.776
230.157
269.576
313.349
334.914
410.007
619.941
263.475
23210.3
2.51944
4.66134
8.15792
10.823
13.8529
16.6309
19.5177
22.3444
25.2521
28.2658
31.5118
35.1202
39.2009
43.6593
48.2437
52.7035
56.9685
61.1552
65.5592
70.1737
75.0664
80.9411
88.527
97.7754
107.94
118.528
129.409
139.699
150.417
161.899
173.457
184.775
196.544
208.953
222.109
236.068
250.895
266.681
283.315
300.231
316.175
329.682
339.553
344.801
343.734
333.195
307.65
259.012
182.16
97.8749
63.7275
71.3765
87.895
109.148
115.361
120.86
126.139
130.282
133.646
135.92
136.755
134.729
128.955
125.928
131.268
143.773
163.293
190.33
225.442
270.896
331.75
416.018
534.819
713.886
980.982
1574.02
3053.95
4849.75
26172.3
3.11264
5.90397
10.3681
13.806
17.6984
21.2817
25.0032
28.6545
32.4134
36.311
40.5049
45.1574
50.4002
56.1078
61.9688
67.6832
73.1723
78.5788
84.2664
90.2374
96.5994
104.226
113.985
125.789
138.749
152.279
166.147
179.329
193.127
207.858
222.636
237.163
252.275
268.195
285.068
302.966
321.977
342.192
363.446
385.052
405.468
422.898
435.853
443.062
442.331
429.654
398.159
337.975
242.659
135.99
87.7687
95.616
115.863
142.854
151.903
159.329
166.464
172.044
176.48
179.346
180.192
177.353
170.256
167.438
175.496
192.605
219.224
256.258
304.907
368.862
455.995
579.184
757.95
1037.28
1491.02
2470.78
4834.69
7833.32
22896.4
3.65775
7.11745
12.5281
16.7429
21.4914
25.8802
30.4351
34.9152
39.5313
44.3193
49.4608
55.1425
61.5115
68.4115
75.4826
82.3996
89.0936
95.7264
102.71
110.055
117.902
127.262
139.121
153.375
169.029
185.412
202.149
218.156
234.943
252.809
270.667
288.292
306.639
325.971
346.462
368.183
391.228
415.663
441.274
467.29
491.929
513.117
529.122
538.417
538.343
524.114
487.683
417.746
306.863
180.741
118.262
124.175
146.087
177.755
190.076
199.584
208.563
215.526
220.998
224.491
225.412
221.809
213.829
212.007
223.594
246.122
280.699
328.599
391.535
474.391
587.358
747.232
980.51
1349.8
1973.91
3280.95
6255.89
10267.1
21573.6
4.16135
8.30751
14.6405
19.6347
25.2325
30.4289
35.8187
41.1338
46.6145
52.3003
58.391
65.0936
72.5666
80.6269
88.8768
96.9808
104.881
112.747
121.031
129.753
139.092
150.179
164.102
180.745
199.032
218.203
237.722
256.521
276.267
297.231
318.116
338.804
360.341
383.036
407.09
432.566
459.559
488.101
517.939
548.241
577.022
601.969
621.128
632.723
633.649
618.391
577.854
499.479
374.852
230.649
152.898
155.269
178.124
213.93
229.899
241.712
252.774
261.349
268.025
272.257
273.28
268.863
260.3
259.911
275.417
304.038
347.547
407.704
486.86
591.272
733.767
935.878
1233.51
1712.56
2548.47
4243.64
7827.88
12627
18577.4
4.62747
9.47558
16.7084
22.4844
28.9246
34.93
41.155
47.3102
53.6616
60.251
67.2896
75.0001
83.5487
92.7288
102.117
111.383
120.483
129.586
139.172
149.276
160.111
172.908
188.845
207.805
228.652
250.532
272.738
294.279
316.938
340.928
364.761
388.445
413.095
439.081
466.621
495.756
526.579
559.076
592.97
627.389
660.183
688.84
711.214
725.297
727.567
711.847
668.124
582.78
446.52
286.183
192.796
189.832
212.508
251.539
271.411
285.73
299.029
309.355
317.344
322.409
323.575
318.379
309.784
311.531
331.348
366.612
419.737
493.052
589.58
717.038
891.11
1138.98
1508.75
2114.68
3195.74
5306.66
9386.48
14673.4
16937.1
5.06158
10.6242
18.7346
25.2941
32.569
39.3852
46.4465
53.4477
60.6756
68.1735
76.1575
84.8615
94.4574
104.72
115.213
125.623
135.921
146.265
157.152
168.635
180.967
195.46
213.364
234.58
257.916
282.424
307.229
331.468
357.006
383.954
410.668
437.293
464.987
494.199
525.15
557.854
592.394
628.71
666.512
704.908
741.62
773.971
799.648
816.424
820.393
804.781
758.77
667.842
521.861
347.13
237.794
227.731
249.335
290.717
314.652
331.695
347.447
359.752
369.24
375.275
376.628
370.658
362.486
367.057
391.708
434.297
497.834
585.241
700.162
851.765
1058.81
1355.17
1803.79
2550.72
3895.77
6405.05
10822.2
16418.8
15776.9
5.46817
11.7555
20.7205
28.0654
36.1675
43.7967
51.6957
59.5486
67.6584
76.0681
84.9937
94.6742
105.287
116.595
128.161
139.699
151.192
162.776
174.961
187.819
201.642
217.813
237.637
261.046
286.803
313.851
341.163
368.059
396.439
426.267
455.791
485.296
515.96
548.325
582.608
618.783
656.919
696.91
738.473
780.707
821.244
857.273
886.337
906.01
912.032
897.101
849.712
754.584
600.791
413.526
288.272
269.36
288.918
331.655
359.664
379.624
398.024
412.532
423.718
430.875
432.504
425.896
418.65
426.721
456.764
507.389
582.204
684.732
819.203
996.339
1238.5
1587.81
2125.1
3030.68
4654.99
7534.6
12152.8
17827.7
15776.8
5.85212
12.8722
22.6668
30.7993
39.7212
48.1662
56.9053
65.6159
74.6128
83.9364
93.798
104.436
116.034
128.351
140.961
153.616
166.299
179.123
192.599
206.823
222.128
239.954
261.656
287.197
315.31
344.8
374.533
404.046
435.233
467.858
500.125
532.446
566.01
601.456
638.986
678.531
720.14
763.67
808.854
854.8
899.082
938.782
971.325
994.098
1002.53
988.848
940.977
842.998
683.234
485.304
344.423
314.985
331.503
374.571
406.514
429.562
450.806
467.776
480.905
489.367
491.366
484.327
478.539
490.778
526.796
586.168
673.096
791.723
946.882
1151.13
1431.32
1839.88
2478.56
3562.56
5475.69
8685.11
13325.5
18547.2
17546
6.21736
13.9776
24.5747
33.4962
43.2317
52.4956
62.0777
71.6527
81.5416
91.7797
102.57
114.146
126.696
139.984
153.613
167.375
181.245
195.307
210.064
225.639
242.414
261.869
285.407
313.023
343.425
375.251
407.321
439.412
473.368
508.71
543.648
578.719
615.113
653.565
694.253
737.062
782.019
828.951
877.624
927.163
975.118
1018.49
1054.6
1080.67
1091.85
1079.99
1032.52
933.013
769.08
562.412
406.517
365.017
377.407
419.741
455.295
481.555
505.81
525.497
540.837
550.81
553.298
546.144
542.398
559.45
602.052
670.889
770.749
906.419
1083.43
1316.68
1638.7
2114.41
2868.99
4149.87
6349.9
9828.34
14326.3
18491.8
18991.3
6.5661
15.0752
26.4466
36.1561
46.7001
56.7867
67.2155
77.662
88.4477
99.6002
111.309
123.801
137.27
151.493
166.119
180.981
196.033
211.326
227.352
244.263
262.489
283.55
308.878
338.514
371.135
405.187
439.515
474.146
510.831
548.814
586.352
624.104
663.254
704.634
748.386
794.351
842.528
892.731
944.766
997.79
1049.35
1096.39
1136.16
1165.73
1180.01
1170.51
1124.31
1024.55
858.2
644.757
474.771
419.894
426.968
467.495
506.152
535.682
563.082
585.732
603.567
615.264
618.357
611.506
610.446
632.924
682.73
761.746
875.362
1029.06
1229.28
1494.03
1862.91
2415.51
3301.67
4794.36
7266.37
10933.2
15185.2
18079.5
19181
6.89882
16.168
28.2852
38.7801
50.1267
61.0412
72.3211
83.6465
95.3341
107.4
120.016
133.4
147.753
162.879
178.481
194.437
210.665
227.182
244.461
262.688
282.345
304.984
332.059
363.665
398.424
434.594
471.104
508.241
547.611
588.162
628.235
668.595
710.421
754.645
801.359
850.369
901.639
954.985
1010.26
1066.67
1121.78
1172.5
1216.01
1249.25
1266.95
1260.37
1216.27
1117.5
950.44
732.217
549.377
480.111
480.58
518.228
559.29
592.054
622.678
648.507
669.113
682.743
686.552
680.549
682.884
711.344
768.986
858.898
987.13
1159.97
1385.15
1684.74
2106.99
2747.98
3781.73
5495.78
8212.64
11971.7
15885.5
17704
19065.3
7.21383
17.2583
30.0934
41.3708
53.5117
65.2606
77.3969
89.6093
102.204
115.181
128.689
142.942
158.145
174.141
190.703
207.747
225.143
242.872
261.386
280.909
301.973
326.16
354.938
388.466
425.279
463.46
502.083
541.697
583.703
626.744
669.293
712.187
756.605
803.578
853.148
905.09
959.327
1015.69
1074.1
1133.81
1192.41
1246.8
1294.13
1331.24
1352.67
1349.51
1308.32
1211.74
1045.62
824.631
630.47
546.18
538.693
572.393
614.987
650.834
684.698
713.871
737.494
753.236
757.839
753.356
759.907
794.826
860.955
962.51
1106.32
1299.68
1552.12
1890.98
2374.65
3116.9
4313.11
6250.53
9173.41
12927.3
16437.3
17472.1
18771.2
7.50724
18.3466
31.8734
43.9315
56.8572
69.4457
82.4452
95.5528
109.059
122.944
137.329
152.425
168.444
185.279
202.789
220.913
239.468
258.396
278.124
298.923
321.367
347.07
377.508
412.909
451.688
491.778
532.451
574.51
619.095
664.55
709.52
754.869
801.792
851.411
903.729
958.489
1015.57
1074.84
1136.28
1199.19
1261.24
1319.31
1370.53
1411.65
1437.12
1437.87
1400.36
1307.13
1143.54
921.796
718.114
618.61
601.819
630.506
673.61
712.247
749.287
781.904
808.74
826.728
832.183
829.965
841.645
883.489
958.791
1072.82
1233.39
1449.03
1731.79
2115.55
2670.12
3527.2
4897.95
7051.56
10131.2
13789.1
16856.5
17399.8
18516.4
7.77508
19.4298
33.6269
46.4651
60.167
73.5972
87.4677
101.48
115.903
130.692
145.936
161.85
178.648
196.297
214.744
233.936
253.641
273.75
294.673
316.725
340.522
367.704
399.759
436.986
477.642
519.545
562.205
606.675
653.773
701.567
748.904
796.623
845.961
898.123
953.079
1010.54
1070.35
1132.42
1196.78
1262.82
1328.27
1390.01
1445.19
1490.49
1520.26
1525.38
1492.29
1403.49
1243.96
1023.47
812.299
697.874
670.527
693.14
735.625
776.604
816.668
852.752
882.926
903.262
909.664
910.429
928.17
977.502
1062.73
1190.24
1369.03
1609.3
1926.33
2361.86
2998.06
3983.23
5536.16
7888.95
11068.1
14549.5
17156.7
17464.8
18307.8
8.01494
20.5019
35.3541
48.9737
63.4456
77.7182
92.4659
107.392
122.738
138.427
154.511
171.215
188.758
207.197
226.571
246.819
267.662
288.934
311.03
334.311
359.431
388.055
421.686
460.687
503.134
546.755
591.344
638.181
687.721
737.786
787.43
837.428
889.089
943.691
1001.18
1061.24
1123.66
1188.41
1255.62
1324.71
1393.51
1458.92
1518.11
1567.71
1602.04
1611.97
1583.99
1500.65
1346.64
1129.36
912.928
784.378
745.436
760.93
801.603
844.319
887.161
926.655
960.22
982.968
990.489
994.941
1019.66
1077.14
1173.17
1315.39
1514.35
1782.25
2138.5
2633.87
3363.13
4488.24
6225.06
8750.35
11967.4
15207
17356.1
17663.2
18141.7
8.2265
21.5559
37.0521
51.4583
66.6963
81.8135
97.441
113.294
129.568
146.148
163.053
180.518
198.771
217.982
238.276
259.566
281.531
303.943
327.191
351.677
378.088
408.114
443.28
484.006
528.159
573.405
619.863
669.014
720.924
773.199
825.079
877.263
931.152
988.093
1048
1110.55
1175.48
1242.83
1312.78
1384.87
1456.97
1526.04
1589.28
1643.3
1682.42
1697.56
1675.33
1598.42
1451.31
1239.16
1019.81
878.431
827.179
834.564
872.221
915.928
961.209
1003.98
1040.91
1066.09
1074.98
1083.85
1116.44
1182.86
1290.73
1449.25
1670.86
1970.19
2371.61
2935.84
3769.67
5043.8
6959.23
9621.89
12815
15759.8
17453
18037.6
18062.8
8.41152
22.5853
38.7171
53.9184
69.9224
85.8877
102.397
119.185
136.393
153.858
171.561
189.759
208.689
228.657
249.863
272.177
295.245
318.776
343.15
368.816
396.486
427.873
464.535
506.934
552.71
599.492
647.756
699.159
753.367
807.796
861.837
916.107
972.128
1031.31
1093.54
1158.47
1225.81
1295.66
1368.29
1443.3
1518.65
1591.36
1658.69
1717.23
1761.34
1782.05
1766.15
1696.58
1557.66
1352.48
1132.68
980.216
916.375
914.777
948.252
992.096
1039.39
1085.24
1125.43
1153
1163.61
1177.64
1219.04
1295.31
1416.32
1593.15
1840.56
2175.97
2629.4
3272.12
4221.23
5649.51
7730.77
10489.2
13598.5
16209.6
17451.7
18393.7
17954.5
8.57351
23.586
40.3462
56.352
73.127
89.9445
107.338
125.069
143.218
161.556
180.036
198.933
218.511
239.224
261.336
284.656
308.8
333.43
358.904
385.722
414.618
447.325
485.445
529.467
576.782
625.013
675.017
728.599
785.036
841.564
897.684
953.935
1011.99
1073.32
1137.77
1204.98
1274.65
1346.93
1422.15
1500.02
1578.57
1654.9
1726.33
1789.48
1838.75
1865.35
1856.32
1794.9
1665.39
1468.94
1251.16
1089.78
1013.58
1002.32
1030.55
1073.62
1122.42
1171.08
1214.37
1244.26
1257.02
1277.03
1328.21
1415.48
1551.22
1748.87
2025.94
2402.9
2915.91
3646.78
4720.06
6302.64
8529.65
11338.2
14309.7
16574.4
17384.1
18328
17795.4
8.71738
24.5567
41.938
58.7575
76.312
93.9877
112.271
130.949
150.043
169.243
188.474
208.04
228.236
249.69
272.698
297.003
322.195
347.902
374.448
402.39
432.475
466.46
506.003
551.597
600.368
649.962
701.637
757.318
815.919
874.486
932.598
990.723
1050.73
1114.11
1180.68
1250.1
1322
1396.63
1474.38
1555.04
1636.73
1716.66
1792.19
1860
1914.6
1947.37
1945.69
1893.17
1774.17
1588.1
1374.83
1207.02
1119.25
1097.95
1120.03
1161.4
1211.15
1262.31
1308.5
1340.59
1356.07
1382.97
1444.97
1544.62
1697.06
1918.6
2229.97
2654.68
3235.24
4063.28
5266.84
6998.2
9344.44
12155.9
14941.8
16859.1
17321.3
18094.2
17679.2
8.84899
25.4987
43.494
61.1335
79.4787
98.0226
117.2
136.83
156.871
176.919
196.874
217.075
237.866
260.058
283.952
309.218
335.43
362.189
389.774
418.813
450.046
485.268
526.202
573.315
623.459
674.337
727.606
785.304
846.002
906.545
966.554
1026.45
1088.3
1153.66
1222.27
1293.8
1367.88
1444.78
1525
1608.38
1693.16
1776.64
1856.28
1928.79
1988.82
2028
2034.09
1991.14
1883.65
1709.51
1503.15
1331.67
1233.67
1202.35
1217.62
1256.46
1306.56
1359.89
1408.74
1442.9
1461.81
1496.69
1570.65
1684.37
1855.87
2104.96
2455.98
2935.19
3591.19
4524.05
5860.32
7729.13
10162.8
12930.7
15492.3
17072.5
17307.2
17901.2
17609.6
8.97406
26.4155
45.0188
63.4808
82.628
102.054
122.129
142.718
163.704
184.583
205.234
226.035
247.401
270.332
295.099
321.3
348.502
376.287
404.88
434.983
467.323
503.742
546.034
594.615
646.045
698.131
752.917
812.546
875.27
937.72
999.53
1061.08
1124.7
1191.95
1262.53
1336.11
1412.29
1491.41
1574.02
1660.06
1747.87
1834.85
1918.57
1995.81
2061.36
2107.15
2121.37
2088.57
1993.48
1832.69
1635.57
1463.32
1356.96
1316.11
1324.23
1359.85
1409.77
1464.94
1516.19
1552.27
1575.48
1619.63
1706.88
1836.68
2030.05
2310.94
2707.57
3248.3
3987.01
5030.16
6497.25
8486.59
10972.3
13653
15963.9
17230.2
17330
17760.3
17584.1
9.09718
27.3108
46.5192
65.8029
85.7614
106.084
127.064
148.619
170.545
192.235
213.549
234.915
256.842
280.516
306.142
333.249
361.411
390.191
419.76
450.892
484.296
521.87
565.491
615.485
668.117
721.338
777.561
839.034
903.71
967.995
1031.51
1094.62
1159.92
1228.98
1301.47
1377.04
1455.26
1536.53
1621.47
1710.11
1800.87
1891.31
1979.08
2061.03
2132.17
2184.72
2207.36
2185.21
2103.31
1957.14
1771.44
1601.42
1489.04
1439.66
1440.68
1472.63
1521.93
1578.66
1632.13
1670.04
1698.46
1753.43
1855.56
2003.82
2222.3
2539.73
2988.41
3597.56
4425.05
5581.12
7172.45
9260.45
11760.7
14315.4
16361.1
17345.3
17376.5
17663.1
17589.7
9.22171
28.1881
48.0027
68.1064
88.8816
110.116
132.013
154.536
177.397
199.871
221.815
243.711
266.19
290.613
317.081
345.062
374.153
403.897
434.41
466.531
500.953
539.642
584.567
635.915
689.664
743.951
801.532
864.761
931.309
997.352
1062.46
1127.02
1193.93
1264.75
1339.09
1416.59
1496.8
1580.17
1667.38
1758.54
1852.19
1946.03
2037.79
2124.45
2201.19
2260.62
2291.91
2280.81
2212.77
2082.35
1910.11
1745.31
1629.61
1573.23
1567.66
1595.83
1644.24
1702.35
1757.98
1797.76
1832.37
1899.89
2018.89
2188.33
2435.55
2794.67
3301.97
3985.93
4906.46
6174.67
7879.01
10039.8
12517.2
14913.1
16689.9
17427.5
17440.6
17602.3
17618.9
9.34992
29.0503
49.4761
70.3992
91.9943
114.153
136.98
160.474
184.261
207.488
230.028
252.421
275.448
300.625
327.914
356.738
386.726
417.398
448.825
481.889
517.282
557.05
603.253
655.894
710.672
765.962
824.825
889.719
958.057
1025.78
1092.37
1158.3
1226.73
1299.26
1375.4
1454.8
1536.95
1622.35
1711.77
1805.38
1901.85
1999.01
2094.71
2186.02
2268.38
2334.75
2374.86
2375.13
2321.5
2207.81
2050.88
1894.2
1778.15
1716.8
1705.65
1730.32
1777.84
1837.35
1895.19
1937.09
1979.01
2061.04
2199.21
2392.86
2672.79
3078.95
3651.3
4415.49
5431.08
6806.88
8608.63
10813.6
13232.2
15444.2
16957.6
17483.1
17511.3
17571.5
17657.9
9.48301
29.9003
50.9457
72.6889
95.1074
118.198
141.97
166.438
191.137
215.085
238.182
261.039
284.618
310.555
338.642
368.272
399.125
430.69
462.997
496.958
533.274
574.086
621.542
675.408
731.13
787.36
847.432
913.906
983.942
1053.24
1121.22
1188.43
1258.34
1332.52
1410.44
1491.68
1575.73
1663.11
1754.67
1850.66
1949.87
2050.28
2149.84
2245.75
2333.68
2407.02
2456.06
2467.94
2429.15
2333.01
2193.03
2047.25
1933.97
1870.1
1854.9
1876.8
1923.77
1984.9
2045.22
2089.73
2140.3
2239.03
2398.95
2620.12
2936.88
3395.39
4038.7
4887.15
5997.26
7472.26
9352
11570.9
13898.2
15908.8
17171.8
17518.2
17574.3
17551.3
17681.3
9.62127
30.74
52.4168
74.9829
98.2296
122.257
146.988
172.432
198.025
222.654
246.271
269.562
293.701
320.404
349.262
379.663
411.348
443.769
476.92
511.728
548.918
590.742
639.426
694.445
751.024
808.134
869.35
937.316
1008.96
1079.74
1148.99
1217.42
1288.75
1364.54
1444.21
1527.27
1613.17
1702.48
1796.11
1894.4
1996.27
2099.85
2203.19
2303.61
2397.06
2477.34
2535.37
2559.01
2535.37
2457.43
2335.84
2203.53
2096.21
2032.63
2015.36
2035.7
2082.85
2146.13
2209.43
2257.3
2318.07
2435.96
2620.49
2872.67
3230.41
3746.2
4465.43
5400.43
6601.74
8163.99
10099.3
12301.9
14509.8
16309
17342
17541.4
17581.3
17526.8
17687.3
9.76428
31.5712
53.8931
77.2883
101.369
126.339
152.037
178.461
204.922
230.192
254.287
277.989
302.701
330.172
359.771
390.905
423.389
456.63
490.586
526.188
564.204
607.011
656.895
712.992
770.341
828.275
890.573
959.948
1033.1
1105.25
1175.67
1245.27
1317.98
1395.36
1476.75
1561.59
1649.31
1740.49
1836.12
1936.64
2041.08
2147.74
2254.75
2359.58
2458.47
2545.65
2612.65
2648.11
2639.83
2580.59
2478.59
2362.09
2263.84
2203.59
2186.69
2207.15
2255.61
2321.89
2388.96
2441.25
2514.08
2653.82
2866.01
3152.75
3555.42
4132.75
4931.46
5953.26
7239.56
8874.05
10840.6
12997.9
15063.6
16648.7
17476.9
17563.1
17542.7
17509.5
17695.4
9.91115
32.3953
55.3778
79.611
104.534
130.453
157.123
184.526
211.823
237.69
262.224
286.316
311.619
339.859
370.165
401.994
435.244
469.265
503.984
540.327
579.119
622.882
673.938
731.034
789.067
847.77
911.097
981.799
1056.36
1129.75
1201.25
1271.97
1346.05
1424.99
1508.09
1594.7
1684.18
1777.17
1874.73
1977.4
2084.33
2193.97
2304.54
2413.67
2517.88
2611.87
2687.77
2735.04
2742.2
2702
2620.57
2521.94
2435.75
2382
2368.2
2390.89
2442.25
2512.73
2584.61
2642.77
2729.79
2894.28
3137.31
3462.09
3913.28
4555.41
5435.35
6541.93
7904.22
9593.54
11566.2
13651.5
15558
16932.6
17582.1
17594.7
17531.8
17514.2
17702.7
10.0607
33.2136
56.8732
81.9553
107.732
134.605
162.252
190.629
218.724
245.14
270.074
294.543
320.459
349.463
380.44
412.926
446.906
481.669
517.103
554.129
593.653
638.346
690.543
748.556
807.191
866.613
930.918
1002.87
1078.74
1153.25
1225.72
1297.53
1372.97
1453.45
1538.26
1626.61
1717.82
1812.56
1911.98
2016.71
2126.05
2238.55
2352.56
2465.85
2575.27
2675.92
2760.62
2819.61
2842.18
2821.21
2761.1
2682.12
2610.74
2566.65
2558.95
2586.33
2642.54
2718.77
2796.81
2862.68
2966.35
3158.61
3435.69
3801.8
4304.5
5013.42
5974.26
7161.2
8588.05
10313.1
12267.2
14257.2
15993.4
17166.8
17664.6
17633.9
17545.3
17529.7
17707.9
10.2116
34.0272
58.3811
84.3253
110.969
138.805
167.431
196.77
225.618
252.534
277.828
302.669
329.224
358.983
390.592
423.697
458.369
493.833
529.93
567.58
607.791
653.392
706.696
765.544
824.7
884.794
950.035
1023.16
1100.23
1175.75
1249.1
1321.97
1398.77
1480.78
1567.31
1657.38
1750.26
1846.69
1947.9
2054.62
2166.25
2281.52
2398.83
2516.14
2630.6
2737.77
2831.1
2901.65
2939.51
2937.8
2899.54
2841.66
2787.58
2756.2
2757.68
2792.49
2855.86
2939.68
3025.46
3101.36
3224.47
3447.51
3761.77
4172.15
4728.59
5504.84
6544.06
7804.65
9282.77
11023.5
12935.8
14811.2
16371.5
17357.6
17730.1
17673.2
17565.6
17550.9
17712.9
10.3626
34.8375
59.9031
86.7241
114.252
143.059
172.666
202.946
232.498
259.862
285.478
310.694
337.915
368.415
400.614
434.3
469.627
505.748
542.45
580.665
621.521
668.008
722.383
781.984
841.584
902.309
968.443
1042.68
1120.84
1197.25
1271.4
1345.3
1423.46
1507.02
1595.27
1687.04
1781.55
1879.6
1982.53
2091.14
2204.98
2322.88
2443.35
2564.53
2683.86
2797.35
2899.1
2980.99
3033.93
3051.39
3035.27
2999.64
2965.03
2949.23
2962.96
3008.07
3081.14
3174.64
3269.93
3358.65
3504.35
3761.04
4115.42
4572.52
5183.99
6026.57
7139.54
8465.03
9979.85
11716
13565.5
15311.4
16695.5
17511.1
17783
17711
17586.5
17568
17711.2
10.5124
35.6462
61.4409
89.1552
117.584
147.375
177.964
209.158
239.354
267.115
293.019
318.621
346.537
377.752
410.502
444.73
480.671
517.404
554.647
593.367
634.828
682.182
737.587
797.859
857.835
919.154
986.144
1061.42
1140.58
1217.75
1292.63
1367.54
1447.08
1532.2
1622.17
1715.62
1811.71
1911.32
2015.89
2126.32
2242.25
2362.66
2486.14
2611.02
2735.03
2854.64
2964.56
3057.5
3125.22
3161.61
3167.74
3155.21
3141.87
3144.25
3173.17
3231.48
3316.96
3422.36
3529.02
3633.76
3805.61
4098.56
4495.69
5001.36
5668.16
6574.46
7754.57
9134.54
10670.9
12382.9
14151.2
15757.2
16969.2
17633.3
17826.6
17746
17606.4
17579.1
17698.3
10.6599
36.4548
62.9965
91.6218
120.972
151.758
183.329
215.4
246.177
274.284
300.442
326.455
355.09
386.989
420.249
454.982
491.494
528.789
566.506
605.67
647.698
695.902
752.292
813.155
873.446
935.328
1003.14
1079.4
1159.44
1237.28
1312.83
1388.75
1469.66
1556.36
1648.07
1743.18
1840.79
1941.89
2048.03
2160.18
2278.1
2400.89
2527.22
2655.61
2784.11
2909.59
3027.42
3131.08
3213.2
3268.16
3296.44
3307.57
3316.95
3339.75
3386.58
3460.92
3561.52
3681.16
3801.09
3925.28
4127.11
4458.7
4900.79
5456.2
6177.56
7143.49
8382.32
9805.15
11347.7
13017.4
14689.4
16149.4
17197.3
17729.5
17863.5
17787.5
17627.9
17589
17669.9
10.8042
37.2657
64.5723
94.1279
124.418
156.215
188.764
221.666
252.955
281.357
307.745
334.204
363.577
396.117
429.85
465.051
502.086
539.89
578.011
617.559
660.118
709.154
766.48
827.857
888.412
950.833
1019.44
1096.63
1177.44
1255.84
1332.04
1408.95
1491.24
1579.54
1672.99
1769.73
1868.81
1971.34
2078.97
2192.76
2312.56
2437.59
2566.61
2698.33
2831.09
2962.2
3087.62
3201.63
3297.7
3370.78
3420.94
3455.99
3489.17
3534.28
3601.44
3694.42
3812.8
3949.04
4084.24
4231.28
4466.97
4839.4
5328.16
5933.73
6707.81
7727.99
9015.6
10468.9
12003
13614.4
15178.2
16490.1
17384.7
17804.2
17894.5
17838.6
17652.6
17593.7
17639.3
10.9443
38.0812
66.1713
96.6785
127.929
160.75
194.271
227.949
259.678
288.327
314.924
341.876
371.994
405.129
439.298
474.93
512.439
550.693
589.15
629.018
672.073
721.925
780.135
841.951
902.731
965.673
1035.04
1113.11
1194.59
1273.45
1350.28
1428.2
1511.85
1601.77
1696.98
1795.32
1895.82
1999.71
2108.76
2224.08
2345.65
2472.77
2604.31
2739.18
2875.98
3012.45
3145.13
3269.08
3378.6
3469.24
3540.86
3599.83
3657.55
3726.45
3815.97
3929.94
4068.55
4223.73
4376.33
4549.58
4822.82
5238
5774.54
6429.94
7253.89
8321.81
9647.19
11118.1
12630.3
14169.7
15616.9
16782.2
17536.3
17861.8
17919.4
17882.4
17675.8
17591.8
17602.5
11.0791
38.9043
67.7967
99.2788
131.509
165.368
199.849
234.235
266.335
295.183
321.982
349.483
380.34
414.014
448.586
484.612
522.541
561.185
599.909
640.031
683.549
734.203
793.237
855.423
916.402
979.855
1049.96
1128.86
1210.9
1290.13
1367.61
1446.55
1531.54
1623.1
1720.06
1819.99
1921.84
2027.03
2137.41
2254.17
2377.4
2506.47
2640.35
2778.17
2918.79
3060.33
3199.94
3333.38
3455.8
3563.38
3655.87
3738.55
3821.19
3914.95
4028.48
4165.42
4326.43
4502.76
4675.07
4877.75
5191.84
5651.3
6236.11
6940.27
7810.35
8918.64
10270.1
11745.7
13224
14680.6
16006.1
17029.4
17657.1
17905.7
17941.1
17915
17695.8
17584.7
17566.8
11.2077
39.7382
69.4526
101.934
135.164
170.074
205.496
240.512
272.917
301.918
328.922
357.034
388.607
422.763
457.705
494.092
532.383
571.351
610.273
650.584
694.534
745.973
805.767
868.26
929.428
993.393
1064.22
1143.89
1226.39
1305.92
1384.07
1464.04
1550.36
1643.56
1742.29
1843.75
1946.9
2053.32
2164.96
2283.07
2407.82
2538.7
2674.76
2815.33
2959.53
3105.86
3252.03
3394.51
3529.24
3653.06
3765.74
3871.68
3979.3
4098.61
4237.38
4398.9
4584.12
4783.54
4977.97
5213.2
5570.92
6075.72
6708.64
7459.79
8371.52
9512.25
10878
12345.5
13779.7
15145.8
16347.5
17236.1
17751.5
17938.4
17962.6
17939.4
17718.3
17576.9
17537
11.3287
40.5865
71.1428
104.65
138.899
174.871
211.205
246.765
279.412
308.524
335.756
364.539
396.787
431.364
466.65
503.36
541.952
581.177
620.231
660.664
705.017
757.223
817.708
880.45
941.817
1006.3
1077.84
1158.21
1241.09
1320.85
1399.72
1480.75
1568.35
1663.21
1763.68
1866.66
1971.04
2078.63
2191.44
2310.79
2436.95
2569.48
2707.56
2850.68
2998.22
3149.05
3301.41
3452.45
3598.89
3738.2
3870.28
3998.86
4131.24
4276.39
4441.21
4628.53
4839.39
5063.53
5282.57
5553.22
5956.73
6507.44
7187.65
7983.39
8931.73
10096.7
11465.2
12912.4
14294.2
15564.9
16643.5
17406.5
17824
17961.7
17992.2
17961.7
17748.2
17569.1
17512.4
11.4407
41.4528
72.8718
107.434
142.722
179.763
216.965
252.977
285.813
314.995
342.497
372.002
404.87
439.808
475.411
512.408
551.237
590.649
629.771
670.261
714.989
767.94
829.041
891.983
953.578
1018.6
1090.82
1171.85
1255.01
1334.99
1414.61
1496.71
1585.56
1682.06
1784.27
1888.72
1994.29
2102.97
2216.86
2337.36
2464.81
2598.85
2738.77
2884.24
3034.88
3189.92
3348.11
3507.24
3664.74
3818.75
3969.37
4119.81
4276.49
4447.44
4638.71
4852.64
5090.15
5340.27
5586.44
5895.11
6345.81
6942.49
7668.57
8505.94
9485.53
10666.6
12026.8
13442.4
14765.2
15938.7
16897.3
17545
17877.6
17975.5
18033.4
17976.8
17766.6
17559.8
17487.7
11.542
42.3407
74.6444
110.292
146.639
184.753
222.764
259.134
292.111
321.33
349.166
379.422
412.841
448.084
483.981
521.228
560.228
599.754
638.881
679.367
724.443
778.113
839.747
902.855
964.726
1030.31
1103.2
1184.82
1268.19
1348.37
1428.81
1511.97
1602.04
1700.16
1804.09
1909.98
2016.66
2126.36
2241.26
2362.79
2491.42
2626.82
2768.41
2916.05
3069.56
3228.52
3392.17
3558.9
3726.83
3894.73
4062.94
4234.35
4414.63
4611.04
4828.81
5069.78
5334.52
5611.47
5887.35
6236.29
6734.74
7376.95
8146.92
9022.52
10027.8
11217.1
12559.2
13932.9
15191.4
16268.5
17112.4
17655.8
17916.6
17979.3
18054
17980
17776.8
17555.4
17469.4
11.6307
43.2539
76.4651
113.233
150.656
189.838
228.584
265.222
298.296
327.533
355.785
386.791
420.688
456.182
492.351
529.81
568.914
608.481
647.551
687.977
733.377
787.73
849.814
913.065
975.274
1041.46
1115
1197.13
1280.66
1361.08
1442.38
1526.6
1617.81
1717.54
1823.16
1930.44
2038.18
2148.84
2264.64
2387.12
2516.8
2653.42
2796.52
2946.12
3102.27
3264.87
3433.63
3607.48
3785.2
3966.17
4151.01
4342.38
4545.39
4766.64
5010.61
5278.68
5570.83
5874.96
6183.19
6574.39
7120.16
7807.05
8618.43
9528.49
10554
11744.1
13059.6
14382.5
15572.8
16556.3
17292.5
17743
17944.1
17977.9
18055.9
17980.8
17784.1
17557
17472.5
11.7045
44.1957
78.3387
116.263
154.781
195.017
234.406
271.235
304.363
333.616
362.377
394.104
428.398
464.095
500.512
538.143
577.285
616.818
655.774
696.092
741.789
796.783
859.232
922.616
985.235
1052.06
1126.25
1208.8
1292.44
1373.16
1455.38
1540.63
1632.93
1734.23
1841.51
1950.14
2058.87
2170.4
2287.02
2410.34
2540.97
2678.68
2823.12
2974.51
3133.08
3299.04
3472.55
3653.07
3839.93
4033.15
4233.63
4443.88
4668.62
4913.86
5183.45
5478.32
5797.66
6128.89
6471.87
6907.07
7498.95
8229.25
9079.16
10019.7
11060.1
12244.4
13526.1
14791.2
15910.3
16804.5
17441.4
17809.9
17962.2
17977.3
18050.5
17980.1
17790.3
17559.1
17483
11.7614
45.1694
80.2708
119.391
159.019
200.283
240.21
277.168
310.305
339.6
368.961
401.35
435.954
471.815
508.454
546.217
585.332
624.76
663.543
703.712
749.681
805.262
867.999
931.518
994.619
1062.12
1136.96
1219.86
1303.57
1384.68
1467.88
1554.12
1647.42
1750.25
1859.15
1969.09
2078.73
2191.06
2308.4
2432.47
2563.94
2702.6
2848.23
3001.24
3162.02
3331.08
3509.01
3695.73
3891.13
4095.77
4310.87
4538.9
4784.24
5052.45
5346.81
5667.88
6013.93
6372.01
6751.48
7231.81
7868.26
8640.32
9525.63
10492.5
11542.8
12715.3
13957.7
15159.8
16205.6
17015.9
17562.9
17860.1
17973.1
17979.4
18042.7
17980.3
17797.3
17568.5
17494.2
11.799
46.178
82.2669
122.625
163.378
205.627
245.979
283.02
316.118
345.514
375.548
408.512
443.339
479.339
516.17
554.022
593.046
632.301
670.858
710.843
757.055
813.164
876.119
939.781
1003.44
1071.68
1147.17
1230.33
1314.1
1395.7
1479.92
1567.11
1661.33
1765.62
1876.11
1987.29
2097.79
2210.84
2328.81
2453.54
2585.74
2725.22
2871.89
3026.36
3189.16
3361.06
3543.08
3735.58
3938.9
4154.15
4382.88
4627.52
4892.26
5182.28
5500.35
5846.75
6218.83
6603.62
7020.58
7546.34
8225.63
9037.42
9954.8
10943.9
11999.5
13155.1
14354.2
15490.2
16461.9
17193.4
17660.5
17896.7
17978.5
17984.1
18034.9
17988.7
17805.6
17581.5
17516.1
11.8156
47.2244
84.3329
125.972
167.86
211.034
251.703
288.792
321.796
351.395
382.131
415.561
450.542
486.662
523.651
561.547
600.421
639.439
677.719
717.491
763.914
820.487
883.601
947.423
1011.7
1080.74
1156.89
1240.24
1324.05
1406.28
1491.57
1579.63
1674.66
1780.36
1892.37
2004.76
2116.05
2229.73
2348.24
2473.55
2606.38
2746.55
2894.12
3049.92
3214.57
3389.07
3574.85
3772.7
3983.38
4208.46
4449.81
4709.92
4992.79
5303.33
5643.89
6014.51
6411.75
6823.29
7278.22
7848.83
8568.95
9418.1
10364.2
11371.5
12428.2
13562.7
14715.8
15784.6
16682.6
17340.7
17737.6
17922.2
17978.9
17993.6
18033.1
18005.9
17815.1
17595.6
17537.2
11.8097
48.3121
86.476
129.441
172.469
216.489
257.383
294.491
327.336
357.267
388.687
422.46
457.558
493.783
530.889
568.78
607.451
646.176
684.134
723.667
770.266
827.234
890.46
954.46
1019.43
1089.32
1166.15
1249.61
1333.48
1416.45
1502.85
1591.7
1687.43
1794.46
1907.96
2021.51
2133.51
2247.74
2366.7
2492.51
2625.87
2766.6
2914.98
3071.97
3238.29
3415.17
3604.43
3807.23
4024.69
4258.85
4511.87
4786.27
5086
5415.71
5777.44
6170.94
6592.27
7030.76
7523.8
8137.85
8896.53
9780.39
10751.7
11773.4
12827.7
13937.8
15043.4
16045.7
16871.7
17461.6
17797.5
17938.6
17974.5
18004.7
18029.9
18014.3
17825.3
17615.7
17561.4
11.7799
49.4449
88.7044
133.043
177.207
221.975
263.022
300.119
332.764
363.141
395.168
429.188
464.388
500.7
537.878
575.712
614.13
652.514
690.11
729.382
776.118
833.418
896.713
960.916
1026.63
1097.42
1174.94
1258.47
1342.43
1426.27
1513.81
1603.31
1699.64
1807.94
1922.88
2037.53
2150.19
2264.88
2384.22
2510.43
2644.22
2785.41
2934.5
3092.58
3260.42
3439.46
3631.91
3839.28
4063.01
4305.51
4569.26
4856.84
5172.13
5519.63
5901.13
6316.06
6760.17
7225.94
7756.86
8412.3
9207.05
10122.7
11116
12148.5
13197.4
14280.7
15338.3
16276
17033.3
17560.2
17843.2
17948.4
17968.2
18001.4
18018.7
18007.5
17836.4
17633.9
17584.4
11.7256
50.6268
91.0271
136.786
182.072
227.476
268.616
305.665
338.119
369.003
401.527
435.74
471.033
507.41
544.609
582.334
620.456
658.457
695.661
734.65
781.483
839.052
902.384
966.813
1033.33
1105.07
1183.28
1266.86
1350.94
1435.77
1524.44
1614.47
1711.3
1820.81
1937.13
2052.83
2166.09
2281.15
2400.79
2527.34
2661.44
2803
2952.74
3111.79
3281
3462.03
3657.41
3868.98
4098.47
4348.64
4622.22
4921.88
5251.47
5615.38
6015.2
6449.99
6915.39
7408.85
7977.22
8671.39
9499.62
10444.1
11455.9
12495.9
13537.1
14591.9
15602.1
16478.2
17170.8
17640.3
17877.5
17953.3
17962.6
17985.9
18002.5
17992.8
17849
17654
17601.9
11.6458
51.8622
93.4541
140.682
187.06
232.985
274.135
311.099
343.43
374.81
407.741
442.122
477.497
513.909
551.075
588.636
626.427
664.012
700.799
739.49
786.375
844.154
907.5
972.179
1039.54
1112.26
1191.16
1274.79
1359.07
1444.95
1534.73
1625.16
1722.42
1833.08
1950.72
2067.43
2181.23
2296.58
2416.44
2543.23
2677.55
2819.4
2969.72
3129.65
3300.12
3482.97
3681.02
3896.47
4131.26
4388.44
4671.02
4981.71
5324.36
5703.29
6119.97
6572.99
7058.08
7579.53
8184.64
8914.6
9773.73
10743.7
11771.1
12815.6
13847
14872.7
15836.8
16654.8
17287.7
17705.2
17902.8
17955
17958.3
17969.6
17984.7
17975.4
17863.3
17687.3
17629.9
11.5403
53.1566
95.9986
144.744
192.169
238.501
279.541
316.385
348.686
380.523
413.808
448.339
483.779
520.193
557.267
594.612
632.044
669.186
705.54
743.924
790.811
848.744
912.091
977.043
1045.3
1119.01
1198.59
1282.31
1366.85
1453.83
1544.65
1635.35
1733.02
1844.76
1963.67
2081.34
2195.61
2311.16
2431.17
2558.12
2692.58
2834.67
2985.51
3146.23
3317.83
3502.35
3702.87
3921.86
4161.51
4425.12
4715.89
5036.62
5391.14
5783.73
6215.79
6685.46
7188.85
7738.03
8378.72
9141.75
10029.2
11021.3
12061.3
13107.6
14127.7
15124
16044.4
16808.3
17386.6
17757.7
17921.3
17955
17954.8
17956.1
17967.3
17958.6
17878.2
17729.3
17675.2
11.4096
54.5173
98.6751
148.987
197.408
244.021
284.835
321.512
353.851
386.129
419.738
454.396
489.881
526.255
563.177
600.259
637.304
673.986
709.908
747.975
794.808
852.845
916.192
981.437
1050.6
1125.31
1205.57
1289.44
1374.33
1462.41
1554.16
1645.03
1743.12
1855.89
1975.99
2094.57
2209.24
2324.92
2445.01
2572.02
2706.54
2848.83
3000.13
3161.56
3334.21
3520.26
3723.03
3945.28
4189.4
4458.85
4757.08
5086.91
5452.17
5857.11
6303.08
6787.87
7308.51
7884.68
8559.23
9352.88
10266.1
11277.2
12326.8
13372.5
14380.3
15347.4
16226.8
16940.9
17469.8
17799.9
17934.8
17954.7
17951.7
17945.8
17952.7
17945.3
17893.3
17772.5
17727.2
11.255
55.9525
101.504
153.444
202.796
249.508
290.058
326.49
358.908
391.643
425.537
460.298
495.8
532.086
568.8
605.574
642.208
678.426
713.925
751.662
798.386
856.481
919.837
985.394
1055.47
1131.18
1212.11
1296.19
1381.5
1470.66
1563.22
1654.22
1752.78
1866.5
1987.71
2107.14
2222.16
2337.88
2457.96
2584.96
2719.49
2861.94
3013.63
3175.69
3349.3
3536.78
3741.62
3966.87
4215.07
4489.86
4794.85
5132.9
5507.82
5923.86
6382.3
6880.71
7417.83
8020.04
8726.28
9548.24
10484.8
11511.7
12568.3
13611.3
14606.1
15544.3
16385.9
17055
17539.1
17833.6
17944.9
17954.7
17949.3
17938.9
17942.9
17937.3
17907.4
17813.7
17780
11.0762
57.4729
104.542
158.2
208.324
254.935
295.243
331.316
363.885
397.079
431.212
466.047
501.529
537.676
574.129
610.553
646.761
682.525
717.616
755.006
801.565
859.676
923.057
988.946
1059.92
1136.63
1218.25
1302.6
1388.4
1478.57
1571.78
1662.95
1762.05
1876.63
1998.85
2119.06
2234.36
2350.04
2470.06
2596.96
2731.44
2874.02
3026.06
3188.67
3363.17
3551.97
3758.73
3986.73
4238.66
4518.31
4829.44
5174.89
5558.48
5984.44
6453.96
6964.51
7517.54
8144.66
8880.1
9728.21
10685.8
11725.6
12786.6
13825.2
14806.6
15717
16523.1
17152.5
17596.3
17860
17952.4
17955.2
17947.7
17935.1
17938.2
17934.4
17919.3
17849.2
17829.1
10.8706
59.1085
107.895
163.347
213.94
260.341
300.369
335.998
368.82
402.446
436.767
471.64
507.06
543.015
579.159
615.193
650.971
686.305
721
758.029
804.369
862.45
925.875
992.12
1063.96
1141.67
1223.99
1308.69
1395.01
1486.09
1579.82
1671.27
1771.02
1886.34
2009.44
2130.36
2245.87
2361.44
2481.32
2608.06
2742.46
2885.12
3037.44
3200.55
3375.87
3565.9
3774.44
4004.97
4260.32
4544.41
4861.09
5213.21
5604.53
6039.31
6518.57
7039.76
7608.28
8259.06
9021.03
9893.32
10869.9
11919.7
12982.9
14015.7
14983.5
15867.7
16640.5
17235.2
17643.3
17880.1
17958.2
17956.4
17946.8
17933.6
17936.7
17934.8
17928.3
17877.1
17869.3
10.6387
60.9266
111.67
168.876
219.598
265.782
305.38
340.567
373.747
407.751
442.203
477.074
512.381
548.094
583.885
619.496
654.852
689.785
724.099
760.756
806.821
864.827
928.31
994.938
1067.64
1146.32
1229.36
1314.45
1401.34
1493.19
1587.34
1679.26
1779.75
1895.66
2019.52
2141.04
2256.69
2372.08
2491.78
2618.3
2752.59
2895.29
3047.84
3211.39
3387.45
3578.64
3788.82
4021.68
4280.17
4568.3
4890.03
5248.12
5646.32
6088.87
6576.61
7107.14
7690.58
8363.56
9149.49
10044.2
11037.7
12095.2
13158.4
14184.3
15138.4
15998.3
16739.8
17304.4
17681.8
17894.9
17962.4
17957.9
17946.5
17933.2
17935.9
17936.6
17934.8
17900.5
17900.8
10.3967
63.0158
115.899
174.678
225.293
271.249
310.227
345.078
378.686
412.99
447.516
482.34
517.483
552.905
588.298
623.469
658.424
692.982
726.935
763.21
808.947
866.827
930.384
997.415
1070.95
1150.6
1234.37
1319.92
1407.38
1499.86
1594.36
1686.99
1788.32
1904.65
2029.09
2151.11
2266.84
2382
2501.46
2627.73
2761.88
2904.58
3057.3
3221.23
3397.99
3590.25
3801.97
4036.96
4298.31
4590.15
4916.45
5279.92
5684.2
6133.53
6628.62
7167.48
7764.97
8458.35
9265.98
10181.4
11190
12253.1
13314.7
14332.7
15273
16110.7
16823.2
17361.1
17712.8
17905.7
17965.1
17959.5
17946.5
17933.9
17935.4
17938.6
17938.9
17919.1
17924
10.1937
65.458
120.576
180.663
231.027
276.682
314.892
349.585
383.642
418.158
452.701
487.427
522.355
557.437
592.395
627.129
661.707
695.912
729.524
765.415
810.773
868.477
932.114
999.566
1073.93
1154.54
1239.05
1325.09
1413.13
1506.06
1600.93
1694.54
1796.76
1913.34
2038.18
2160.58
2276.33
2391.22
2510.4
2636.38
2770.38
2913.04
3065.88
3230.13
3407.52
3600.79
3813.93
4050.89
4314.86
4610.09
4940.57
5308.87
5718.53
6173.72
6675.11
7221.56
7832.09
8543.81
9371.06
10305.8
11327.9
12394.7
13453.2
14462.8
15389.3
16206.6
16892.8
17406.5
17736.9
17913.4
17966.7
17960.8
17946.4
17935.2
17935.2
17939.7
17941.3
17930.9
17936.6
10.111
68.3325
125.713
186.778
236.79
282.002
319.394
354.135
388.606
423.245
457.747
492.322
526.988
561.681
596.183
630.494
664.718
698.589
731.883
767.394
812.328
869.803
933.522
1001.41
1076.58
1158.14
1243.41
1329.99
1418.56
1511.81
1607.1
1701.97
1805.11
1921.75
2046.82
2169.47
2285.18
2399.75
2518.63
2644.31
2778.14
2920.74
3073.65
3238.16
3416.11
3610.31
3824.78
4063.54
4329.89
4628.24
4962.55
5335.2
5749.58
6209.82
6716.55
7270.07
7892.6
8620.4
9465.34
10417.9
11452
12521.2
13575.6
14576.3
15489.1
16287.5
16950.2
17442.3
17754.6
17918.4
17967.5
17961.9
17946.1
17935.6
17934.8
17940.1
17942.7
17937.3
17940.5
10.2295
71.7176
131.324
192.97
242.564
287.138
323.782
358.753
393.56
428.237
462.64
497.016
531.37
565.632
599.674
633.586
667.472
701.027
734.027
769.17
813.638
870.831
934.628
1002.95
1078.93
1161.42
1247.46
1334.62
1423.67
1517.13
1612.93
1709.3
1813.39
1929.92
2055.02
2177.77
2293.39
2407.64
2526.2
2651.56
2785.22
2927.73
3080.66
3245.38
3423.83
3618.87
3834.57
4074.97
4343.49
4644.71
4982.53
5359.12
5777.67
6242.22
6753.42
7313.6
7947.07
8688.67
9549.46
10518.5
11563.3
12633.9
13683.4
14675
15574.5
16355.1
16996.9
17470
17766.9
17920.4
17967.6
17962.8
17946
17935.6
17934.5
17940.3
17943
17940
17940.5
10.5965
75.6695
137.383
199.195
248.317
292.05
328.118
363.437
398.477
433.115
467.366
501.499
535.491
569.295
602.889
636.423
669.983
703.238
735.969
770.762
814.732
871.583
935.45
1004.22
1080.98
1164.39
1251.22
1338.98
1428.46
1522.03
1618.44
1716.55
1821.61
1937.89
2062.81
2185.52
2301
2414.9
2533.13
2658.17
2791.66
2934.06
3086.99
3251.86
3430.73
3626.53
3843.34
4085.24
4355.76
4659.62
5000.67
5380.83
5803.08
6271.26
6786.21
7352.66
7995.93
8749.21
9624.14
10608.4
11662.7
12733.9
13778.2
14760.6
15647.1
16411.2
17034
17490.7
17775.1
17919.8
17966.7
17963.1
17945.9
17936
17934.3
17940.3
17942.6
17940.7
17939.9
11.226
80.2125
143.825
205.428
254.008
296.732
332.463
368.167
403.329
437.861
471.914
505.757
539.344
572.683
605.851
639.021
672.265
705.231
737.721
772.189
815.636
872.084
936.008
1005.22
1082.75
1167.08
1254.69
1343.08
1432.94
1526.57
1623.67
1723.72
1829.76
1945.68
2070.21
2192.74
2308.03
2421.56
2539.46
2664.19
2797.49
2939.79
3092.69
3257.66
3436.88
3633.35
3851.15
4094.41
4366.75
4673.06
5017.1
5400.54
5826.04
6297.21
6815.46
7387.76
8039.59
8802.68
9690.09
10688.2
11751
12822.3
13861.3
14834.8
15708.9
16457.4
17062.9
17505.2
17779.8
17917.8
17964.4
17962.5
17945.5
17936.6
17934.3
17940.3
17941.6
17940.3
17939.7
12.1139
85.3433
150.557
211.666
259.582
301.214
336.853
372.903
408.083
442.457
476.272
509.78
542.934
575.817
608.578
641.395
674.327
707.017
739.297
773.471
816.375
872.36
936.318
1005.98
1084.26
1169.51
1257.89
1346.94
1437.11
1530.77
1628.66
1730.8
1837.86
1953.32
2077.24
2199.43
2314.48
2427.65
2545.22
2669.64
2802.77
2944.95
3097.8
3262.84
3442.34
3639.38
3858.06
4102.52
4376.52
4685.11
5031.95
5418.42
5846.69
6320.25
6841.65
7419.42
8078.48
8849.7
9748.02
10758.8
11829.3
12900.4
13934.2
14899.1
15761.4
16495.4
17085.1
17514.5
17781.6
17915.2
17961.3
17960.9
17944.8
17937
17934.7
17940.2
17940.6
17939.5
17939.3
13.2453
91.0313
157.476
217.907
264.984
305.551
341.295
377.597
412.709
446.884
480.426
513.563
546.273
578.718
611.088
643.554
676.178
708.611
740.712
774.625
816.973
872.431
936.394
1006.49
1085.52
1171.67
1260.85
1350.55
1441.01
1534.66
1633.42
1737.77
1845.88
1960.79
2083.89
2205.62
2320.39
2433.2
2550.44
2674.57
2807.53
2949.59
3102.38
3267.46
3447.17
3644.68
3864.09
4109.61
4385.12
4695.83
5045.32
5434.57
5865.22
6340.85
6865.41
7448.11
8113.1
8890.9
9798.61
10820.9
11898.3
12969.1
13998
14954.9
15806.1
16526.6
17101.8
17519.7
17780.8
17912.2
17958
17958.9
17944.1
17937.2
17935.4
17940
17939.5
17938.6
17939
14.598
97.2183
164.489
224.135
270.164
309.8
345.766
382.198
417.176
451.126
484.366
517.109
549.38
581.404
613.389
645.507
677.829
710.025
741.985
775.669
817.449
872.318
936.246
1006.78
1086.54
1173.61
1263.58
1353.93
1444.63
1538.29
1637.98
1744.61
1853.8
1968.09
2090.19
2211.34
2325.78
2438.23
2555.16
2679.01
2811.81
2953.74
3106.47
3271.56
3451.43
3649.29
3869.31
4115.74
4392.61
4705.28
5057.27
5449.1
5881.83
6359.49
6887.1
7474.07
8143.84
8926.77
9842.4
10875.1
11959
13029.5
14053.9
15003.4
15844.2
16552.2
17114.2
17521.8
17778.1
17908.7
17954.9
17957
17943.3
17937.3
17936
17939.7
17938.5
17937.9
17938.9
16.1419
103.813
171.513
230.3
275.089
314.008
350.215
386.654
421.455
455.167
488.086
520.425
552.27
583.889
615.493
647.265
679.295
711.279
743.133
776.617
817.822
872.039
935.884
1006.84
1087.35
1175.35
1266.1
1357.09
1448.01
1541.68
1642.33
1751.27
1861.56
1975.2
2096.12
2216.59
2330.67
2442.77
2559.4
2682.99
2815.63
2957.45
3110.11
3275.18
3455.15
3653.29
3873.78
4120.95
4399
4713.48
5067.83
5462.1
5896.9
6376.67
6907.14
7497.77
8171.28
8957.95
9880.05
10922.2
12012
13082.4
14102.8
15045.7
15877
16573.6
17123.6
17521.8
17774.2
17904.9
17952.4
17955.5
17942.6
17937.3
17936.6
17939.3
17937.7
17937.5
17938.8
17.8305
110.684
178.472
236.311
279.744
318.186
354.581
390.922
425.525
458.995
491.58
523.517
554.957
586.182
617.407
648.846
680.597
712.391
744.171
777.482
818.105
871.608
935.314
1006.69
1087.95
1176.9
1268.45
1360.03
1451.16
1544.83
1646.48
1757.7
1869.14
1982.08
2101.69
2221.41
2335.08
2446.85
2563.19
2686.54
2819.04
2960.75
3113.34
3278.38
3458.4
3656.71
3877.54
4125.3
4404.36
4720.49
5077.06
5473.69
5910.61
6392.48
6925.55
7519.35
8195.65
8984.79
9912.1
10962.8
12058.2
13128.5
14145.7
15082.8
15905.6
16591.6
17130.6
17520.5
17769.6
17901.1
17950.3
17954.5
17942.3
17937.2
17936.9
17939
17937.4
17937.4
17938.8
19.6055
117.671
185.284
242.043
284.134
322.32
358.81
394.969
429.371
462.596
494.839
526.388
557.445
588.287
619.148
650.268
681.756
713.383
745.116
778.273
818.309
871.035
934.538
1006.33
1088.36
1178.3
1270.64
1362.78
1454.08
1547.75
1650.4
1763.85
1876.5
1988.71
2106.89
2225.81
2339.05
2450.48
2566.56
2689.69
2822.06
2963.67
3116.19
3281.19
3461.21
3659.62
3880.67
4128.84
4408.73
4726.32
5084.99
5483.96
5923.15
6407.18
6942.72
7539.35
8217.7
9008.13
9939.42
10997.7
12098.4
13168.7
14183.2
15115.5
15930.6
16607.1
17136.3
17518.6
17764.7
17897.1
17948.5
17954
17942.1
17937
17936.8
17939
17937.6
17937.5
17938.8
21.4161
124.614
191.845
247.368
288.278
326.38
362.857
398.778
432.979
465.951
497.851
529.033
559.725
590.205
620.731
651.555
682.796
714.279
745.984
778.999
818.439
870.325
933.557
1005.76
1088.6
1179.56
1272.71
1365.35
1456.78
1550.44
1654.07
1769.7
1883.62
1995.05
2111.74
2229.81
2342.6
2453.7
2569.53
2692.48
2824.73
2966.24
3118.7
3283.63
3463.62
3662.06
3883.23
4131.7
4412.25
4731.12
5091.73
5492.98
5934.47
6420.59
6958.42
7557.51
8237.16
9027.92
9962.37
11028
12133.5
13203.8
14216.1
15144.5
15953
16621
17141.3
17516.8
17760.1
17893.3
17946.8
17953.8
17941.8
17937
17936.8
17939.2
17937.9
17937.6
17938.9
23.2173
131.353
198.026
252.188
292.191
330.33
366.693
402.337
436.335
469.039
500.598
531.435
561.786
591.941
622.168
652.726
683.741
715.103
746.793
779.669
818.504
869.484
932.369
1004.98
1088.67
1180.72
1274.69
1367.77
1459.27
1552.9
1657.43
1775.19
1890.43
2001.06
2116.24
2233.45
2345.75
2456.52
2572.14
2694.94
2827.08
2968.51
3120.9
3285.77
3465.69
3664.08
3885.27
4133.89
4414.91
4734.88
5097.28
5500.75
5944.7
6433.04
6973.12
7574.49
8254.94
9045.26
9982.02
11054.3
12164.3
13234.4
14245
15170.3
15973.3
16633.8
17146.2
17515.5
17756.1
17889.6
17945
17953.5
17941.9
17937.4
17937.3
17939.5
17938.2
17937.6
17938.9
24.9445
137.725
203.665
256.439
295.874
334.12
370.287
405.635
439.421
471.84
503.058
533.564
563.61
593.491
623.466
653.791
684.607
715.869
747.548
780.281
818.489
868.496
930.958
1003.99
1088.59
1181.78
1276.61
1370.09
1461.6
1555.16
1660.47
1780.27
1896.87
2006.7
2120.4
2236.74
2348.53
2458.99
2574.42
2697.08
2829.12
2970.48
3122.8
3287.6
3467.42
3665.71
3886.87
4135.6
4416.97
4737.88
5101.9
5507.43
5953.79
6444.26
6986.31
7589.5
8270.02
9059.12
9997.84
11077.3
12192.1
13261.6
14270.3
15193.1
15991.7
16645.8
17151.4
17515.2
17753.1
17886.5
17943.2
17953.1
17941.9
17937.7
17938.1
17939.6
17938.5
17937.8
17939
26.506
143.557
208.576
260.081
299.292
337.691
373.604
408.659
442.23
474.341
505.202
535.389
565.178
594.844
624.62
654.758
685.411
716.605
748.284
780.864
818.421
867.372
929.321
1002.76
1088.35
1182.76
1278.48
1372.3
1463.76
1557.17
1663.1
1784.87
1902.87
2011.93
2124.22
2239.7
2350.97
2461.13
2576.39
2698.95
2830.92
2972.22
3124.5
3289.22
3468.89
3667.02
3888.07
4136.77
4418.31
4739.98
5105.45
5512.94
5961.79
6454.53
6998.57
7603.47
8283.82
9071.37
10011.6
11097.5
12216.6
13285.5
14292.5
15213.2
16008.1
16657.1
17156.8
17515.8
17751
17884
17941.6
17952.2
17941.8
17937.6
17939
17939.7
17938.7
17938
17939
27.7857
148.638
212.594
263.104
302.389
340.961
376.606
411.4
444.762
476.541
507.019
536.9
566.484
595.989
625.615
655.605
686.132
717.284
748.961
781.362
818.212
865.994
927.329
1001.22
1087.93
1183.68
1280.39
1374.54
1465.85
1559.01
1665.38
1789.01
1908.41
2016.74
2127.73
2242.38
2353.12
2462.97
2578.08
2700.54
2832.43
2973.67
3125.88
3290.49
3470.01
3667.97
3888.93
4137.63
4419.33
4741.68
5108.47
5517.68
5968.81
6463.68
7009.41
7615.35
8294.51
9079.27
10020.4
11114.2
12239.2
13307.2
14311.9
15230.6
16022.7
16667.5
17162.5
17517.4
17750.1
17882.4
17940.6
17951.4
17941.6
17937.7
17939.8
17939.7
17938.8
17938.1
17939.1
28.6685
152.728
215.636
265.522
305.087
343.836
379.245
413.849
447.016
478.424
508.481
538.068
567.493
596.888
626.411
656.3
686.752
717.911
749.612
781.85
817.979
864.493
925.077
999.381
1087.29
1184.52
1282.26
1376.66
1467.71
1560.51
1667.14
1792.52
1913.32
2021.01
2130.83
2244.71
2354.93
2464.51
2579.5
2701.92
2833.77
2974.99
3127.16
3291.7
3471.04
3668.79
3889.57
4138.1
4419.74
4742.56
5110.48
5521.29
5974.63
6471.63
7019.06
7626.02
8304.15
9086.36
10028.5
11129.1
12258.5
13325.7
14328.7
15245.5
16035
16676.6
17167.9
17519.4
17750.1
17881.6
17940.2
17951.1
17941.8
17938.5
17940.5
17939.6
17938.8
17938.2
17939.1
29.1687
155.646
217.732
267.37
307.324
346.202
381.418
415.946
449.011
480.059
509.666
538.969
568.272
597.588
627.033
656.85
687.26
718.443
750.151
782.186
817.522
862.578
922.176
996.876
1086.26
1185.34
1284.38
1379.05
1469.73
1562.03
1668.72
1795.66
1917.77
2024.87
2133.68
2246.86
2356.57
2465.87
2580.74
2703.09
2834.87
2976.02
3128.11
3292.5
3471.63
3669.14
3889.8
4138.28
4420.03
4743.42
5112.38
5524.59
5979.89
6478.92
7027.93
7635.29
8310.89
9087.67
10028.5
11138.2
12276.4
13343
14343
15258.3
16045.8
16684.7
17173.1
17522
17750.9
17881.6
17940.2
17951.3
17942.2
17939.7
17941.1
17939.5
17938.8
17938.3
17939.2
29.3946
157.25
218.968
268.611
308.98
347.988
383.128
417.673
450.631
481.315
510.515
539.573
568.771
598.02
627.402
657.165
687.556
718.773
750.506
782.433
817.186
861.012
919.696
994.69
1085.37
1186.18
1286.4
1381.2
1471.34
1563.04
1669.64
1797.93
1921.31
2027.96
2135.96
2248.55
2357.78
2466.85
2581.65
2703.98
2835.75
2976.9
3128.98
3293.31
3472.29
3669.62
3890.13
4138.48
4420.16
4743.8
5113.39
5526.58
5983.48
6484.33
7034.7
7642.2
8315.56
9088.39
10030.4
11148
12290.4
13356.1
14354.6
15268.2
16053.9
16690.8
17177
17524.1
17751.8
17882.1
17940.4
17951.7
17942.8
17940.9
17941.4
17939.6
17938.7
17938.4
17939.2
29.4471
157.521
219.555
269.447
310.054
349.079
384.116
418.799
451.915
482.368
511.166
540.014
569.163
598.372
627.704
657.434
687.823
719.065
750.81
782.65
816.918
859.563
917.106
992.107
1084.08
1186.92
1288.74
1383.87
1473.42
1564.37
1670.7
1800.02
1924.5
2030.77
2138.07
2250.17
2358.99
2467.85
2582.58
2704.87
2836.58
2977.66
3129.64
3293.77
3472.41
3669.33
3889.51
4137.7
4419.5
4743.73
5114.35
5528.84
5987.33
6489.81
7041.78
7649.78
8319.53
9082.06
10015.7
11143.9
12302.6
13369.3
14363.7
15276.5
16061.1
16696.5
17181.1
17526.7
17753.3
17883
17940.9
17952
17943.4
17941.6
17941.7
17939.6
17938.6
17938.5
17939.2
29.9598
158.045
219.848
269.729
310.561
349.652
384.74
419.424
452.325
482.569
511.31
540.161
569.291
598.472
627.78
657.488
687.865
719.121
750.88
782.705
816.853
859.269
916.937
992.443
1084.82
1187.78
1289.45
1384.36
1473.68
1564.37
1670.56
1800.66
1925.9
2031.86
2138.81
2250.75
2359.35
2468.09
2582.8
2705.09
2836.83
2977.96
3129.93
3293.99
3472.46
3669.2
3889.29
4137.45
4419.2
4743.57
5114.48
5529.35
5988.59
6492.26
7045.04
7652.56
8319.53
9077.14
10014.8
11152.4
12312
13376.1
14368.3
15279.3
16063.2
16698.2
17182.5
17527.8
17754.2
17883.6
17941.2
17952.3
17943.8
17942
17941.7
17939.7
17938.7
17938.6
17939.2
)
;

boundaryField
{
    inletFace
    {
        type            zeroGradient;
    }
    inlet
    {
        type            zeroGradient;
    }
    inletWalls
    {
        type            zeroGradient;
    }
    outletInlet
    {
        type            cyclicAMI;
        value           nonuniform List<scalar> 
15
(
17852.5
17840.8
17832.7
17831.2
17822.3
17820.3
17813.7
17808.8
17807.3
17799.8
17798.3
17792.6
17789.9
17782.3
17777.5
)
;
    }
    fineSymmetryWall
    {
        type            symmetryPlane;
    }
    fineWalls
    {
        type            zeroGradient;
    }
    fineCyclicBoundary
    {
        type            fixedValue;
        value           uniform 0;
    }
    fineplug
    {
        type            cyclicAMI;
        value           nonuniform List<scalar> 
80
(
17860.7
17858.8
17857
17845.6
17845.5
17843.4
17841.7
17841.1
17839.8
17839.4
17840.6
17840.2
17828.6
17831
17830.9
17832
17832.8
17832.3
17832.4
17832.6
17831.2
17819.2
17822.7
17822.9
17822.5
17822.9
17823.9
17824.2
17824.2
17824.6
17822.4
17809.2
17813.8
17813.7
17813.6
17813.2
17813.7
17816.2
17817.3
17814.3
17800.5
17803.8
17805.5
17807.8
17807.4
17806.8
17806.6
17807.7
17808.8
17798.6
17798.4
17797
17797.5
17800.1
17800.6
17800
17799.5
17796.4
17794
17795.1
17793
17792
17790.4
17789.9
17793.1
17791.6
17790.5
17787.7
17788.8
17786.2
17784.3
17783.6
17782.9
17780.2
17775.5
17776.6
17778.6
17785
17775.5
17768.7
)
;
    }
    faceFine
    {
        type            zeroGradient;
    }
}


// ************************************************************************* //
