/*--------------------------------*- C++ -*----------------------------------*\
| =========                 |                                                 |
| \\      /  F ield         | OpenFOAM: The Open Source CFD Toolbox           |
|  \\    /   O peration     | Version:  4.1                                   |
|   \\  /    A nd           | Web:      www.OpenFOAM.org                      |
|    \\/     M anipulation  |                                                 |
\*---------------------------------------------------------------------------*/
FoamFile
{
    version     2.0;
    format      ascii;
    class       volScalarField;
    location    "27";
    object      epsilon;
}
// * * * * * * * * * * * * * * * * * * * * * * * * * * * * * * * * * * * * * //

dimensions      [0 2 -3 0 0 0 0];

internalField   nonuniform List<scalar> 
6785
(
0.0565621
0.293939
0.287338
0.28736
0.287396
0.287325
0.287357
0.287398
0.28733
0.287365
0.287405
0.287331
0.287219
0.494804
0.0801845
0.0817174
0.00579948
8.95657e-05
8.38203e-05
7.97913e-05
7.57447e-05
7.18679e-05
6.8045e-05
6.41311e-05
6.02517e-05
5.66361e-05
6.04013e-05
0.00099557
0.0142538
0.0115048
0.112955
0.00243479
2.53802e-07
1.50399e-07
7.0582e-07
1.35534e-06
1.91433e-06
2.57652e-06
4.62347e-06
1.47777e-05
8.13512e-05
0.000547433
0.00290083
0.0041912
0.000357952
0.155668
0.00562569
0.00108632
8.80178e-08
1.26031e-07
2.54454e-07
5.24678e-07
5.48788e-07
2.30524e-06
3.51023e-06
4.85718e-05
0.000170098
0.000845618
0.000862736
0.000132065
0.202412
0.011556
0.000210783
5.95191e-06
9.98894e-08
5.67441e-07
1.88444e-06
3.54963e-06
4.46956e-06
1.34609e-05
3.06434e-05
5.94814e-05
0.000378151
0.000885979
0.000221162
0.253713
0.0123728
0.000163766
1.02278e-05
2.72584e-06
1.3334e-06
3.88189e-06
1.70964e-05
8.74883e-05
6.8095e-05
1.20245e-05
0.000131632
0.000270613
0.000867218
0.000659882
0.311484
0.00886375
0.000127662
1.47343e-05
7.659e-06
1.75317e-05
0.000101186
0.000251873
0.000953637
0.000732734
7.60877e-05
9.09726e-05
0.000217034
0.00043201
0.00142213
0.361912
0.0106255
7.55922e-05
2.27243e-05
6.44879e-05
0.000339634
0.00250699
0.012093
0.0182225
0.00437186
0.000322875
0.000206354
0.000175433
0.000418068
0.00132069
0.390564
0.0180342
0.00043702
0.000122424
0.000818971
0.00320475
0.0118077
0.0245619
0.030296
0.0130026
0.00116982
0.000423439
0.000631468
0.00048482
0.000529988
0.393258
0.0318446
0.000393279
0.000171551
0.000956575
0.0034836
0.0117758
0.0230779
0.029637
0.0224162
0.0111005
0.00492469
0.00123034
0.000406327
0.000315498
0.378593
0.0749961
0.00407369
0.000315271
0.00101825
0.00231869
0.00798594
0.0160694
0.0244617
0.0236494
0.0166977
0.0104035
0.00657967
0.00256662
0.000320172
0.358649
0.101785
0.00709998
0.000441995
0.00123916
0.00228962
0.006005
0.012435
0.0196362
0.0215814
0.0159573
0.00892651
0.00547468
0.00577649
0.000279596
0.344109
0.189199
0.0218663
0.00377925
0.00155149
0.00195778
0.00523242
0.00950295
0.0154097
0.0169391
0.0156928
0.0096425
0.00575621
0.00550416
0.00037214
0.305533
0.174077
0.021621
0.00435517
0.00238393
0.00257448
0.00551838
0.00918324
0.0147608
0.0199249
0.0142172
0.00819488
0.00511789
0.00517785
0.00116766
0.364347
0.185469
0.0385907
0.00104471
0.0019804
1.61256e-05
0.0191751
0.0111983
0.00954391
0.00166795
0.00832459
0.0083953
0.00403889
0.00680691
0.00112416
0.0346034
0.0187894
0.0302059
0.0293504
0.0286475
0.016296
0.0267075
0.0262731
0.0258781
0.0149254
0.0246412
0.0243453
0.0140972
0.0233335
0.0230921
0.0228384
0.013276
0.0219662
0.0217823
0.0127431
0.0212248
0.0211446
0.0211006
0.0125246
0.0207724
0.0207019
0.0207212
0.0124227
0.0204335
0.0203222
0.0121385
0.0195712
0.0192695
0.0191407
0.0115181
0.0184636
0.0181912
0.0108873
0.0170982
0.0166435
0.0163814
0.0098933
0.0156689
0.0154142
0.0153865
0.00963628
0.0152668
0.015082
0.00937505
0.0143052
0.0138193
0.0135483
0.00847502
0.0126927
0.0122353
0.0119729
0.00767574
0.0112948
0.0109606
0.00710968
0.00989314
0.00942882
0.00917519
0.00617406
0.00830945
0.00801318
0.00546304
0.0072962
0.00706481
0.00702588
0.00477936
0.00754216
0.00775689
0.00804794
0.00515432
0.00868177
0.00892571
0.00536693
0.00909497
0.00924915
0.0312417
0.0335823
0.0347952
0.0294475
0.0314238
0.0303605
0.0297195
0.0307306
0.0321439
0.0335417
0.0336053
0.0302855
0.0300436
0.0337968
0.0358234
0.037685
0.0398051
0.0412643
0.0426817
0.0432233
0.0425982
0.0409198
0.0449531
0.0458954
0.0463727
0.0454282
0.0456777
0.0460421
0.0462343
0.0457767
0.044886
0.0413969
0.0420545
0.0416797
0.0418374
0.0388737
0.0374837
0.0349394
0.0345813
0.0341584
0.0409999
0.0393097
0.0406599
0.0388377
0.0396721
0.0406903
0.0399802
0.0389439
0.0362163
0.03778
0.0436281
0.0442894
0.0455711
0.0496599
0.0502787
0.052368
0.0542234
0.0566583
0.0577121
0.0641976
0.0671004
0.0684812
0.0751868
0.0779597
0.0852366
0.0876382
0.0971427
0.102427
0.108625
0.124801
0.124658
0.126368
0.121506
0.121926
0.115495
0.109998
0.093664
0.0391322
0.060997
0.0339434
0.012386
0.00810084
0.00868319
0.0152438
0.0100185
0.0176341
0.0116497
0.0124925
0.0219149
0.0143652
0.0153864
0.0270439
0.0177392
0.0315306
0.0208566
0.0227003
0.0406724
0.0268809
0.047662
0.031785
0.0348389
0.0615168
0.0413458
0.0441503
0.0723703
0.0496234
0.0788129
0.055421
0.0576838
0.0856246
0.0555256
0.0840207
0.0553545
0.0574738
0.0868181
0.0552742
0.0554334
0.0831752
0.0503438
0.0760226
0.0456838
0.0441226
0.0662778
0.0397072
0.0602063
0.0392639
0.0500225
0.0780003
0.0851872
0.0952308
0.140446
0.0735004
0.109805
0.0590911
0.0543105
0.0810894
0.0457605
0.0688037
0.0393437
0.036471
0.054754
0.0312675
0.0284903
0.0338789
0.00246028
0.00104753
0.000595173
0.00059302
0.000951204
0.000583709
0.000954674
0.000585996
0.000579256
0.000949786
0.000583108
0.000576367
0.000944261
0.00057978
0.000927574
0.000576974
0.00085364
0.000843502
0.000848827
0.000886978
0.000982053
0.00109732
0.00124651
0.00140798
0.00156052
0.00168789
0.00184435
0.00200883
0.0021846
0.00232369
0.0024741
0.00264093
0.00280339
0.00296641
0.00316924
0.00357938
0.00425488
0.00543606
0.0067208
0.00805337
0.00914529
0.00954106
0.0092462
0.00799969
0.00756598
0.00752297
0.00761147
0.00832298
0.0097747
0.0118262
0.0144979
0.0177635
0.0214233
0.0244708
0.0286089
0.0326451
0.0358785
0.0385353
0.0398442
0.043722
0.0517075
0.0618511
0.0703995
0.0810189
0.0907778
0.102276
0.114543
0.123303
0.124575
0.125005
0.125388
0.115649
0.0961724
0.074857
0.0664006
0.0639702
0.0634175
0.0623869
0.0583116
0.0545343
0.0497447
0.0453671
0.0402745
0.033745
0.0278522
0.022853
0.0181439
0.0146897
0.013303
0.0127562
0.0120027
0.00844087
0.00225196
0.000851143
0.000644655
0.000853648
0.000844261
0.000852209
0.000893722
0.000987879
0.00108057
0.0012268
0.00138374
0.00156537
0.0016581
0.00181888
0.00198577
0.00219949
0.0023399
0.00249122
0.00265993
0.00282544
0.00298328
0.0031153
0.00356112
0.0041901
0.00532341
0.00656055
0.00793145
0.0087902
0.00950925
0.00923921
0.00802158
0.00751039
0.00745829
0.00753476
0.00819315
0.00958276
0.0115771
0.0142096
0.0174715
0.0213033
0.0242189
0.0283159
0.0324571
0.0353003
0.038932
0.0399624
0.0438828
0.050879
0.0609149
0.069927
0.0806557
0.0879467
0.0991843
0.112337
0.124278
0.126372
0.127812
0.130935
0.122895
0.106773
0.0862942
0.0706802
0.0648501
0.0630625
0.0632514
0.0632911
0.0592452
0.0544319
0.0491233
0.0413417
0.033946
0.0282293
0.0223863
0.017779
0.0142777
0.0132573
0.0128455
0.0119143
0.00814143
0.00211828
0.000837503
0.000650006
0.000860207
0.00085689
0.000871463
0.000928368
0.00102686
0.00115885
0.00131401
0.00147018
0.00161033
0.0017687
0.00193672
0.00210943
0.00227614
0.00243234
0.002592
0.00276831
0.00294461
0.003107
0.0033014
0.0035997
0.00414903
0.00539522
0.0066718
0.00788266
0.00901903
0.00953915
0.00925434
0.00821613
0.00748943
0.00741944
0.00753472
0.0081276
0.00943701
0.0113501
0.0139454
0.0171834
0.0216022
0.0241855
0.0282271
0.0326531
0.0370754
0.0403886
0.0427
0.0453925
0.0515182
0.0615413
0.0703671
0.0814108
0.0898445
0.100367
0.114935
0.12535
0.13211
0.133645
0.134616
0.126401
0.11121
0.0902931
0.0731838
0.0655553
0.0620687
0.0612608
0.0612673
0.0603699
0.054189
0.0486378
0.040806
0.0331386
0.0262753
0.0218021
0.0167176
0.0140197
0.0132655
0.0128336
0.0118034
0.00748581
0.00187977
0.000820883
0.000661196
0.000881411
0.000888037
0.000920398
0.000991891
0.00110407
0.00124737
0.00141564
0.00157242
0.00173226
0.00189436
0.00207229
0.00225091
0.00242206
0.00259222
0.0027654
0.00295531
0.00314488
0.00331646
0.00351226
0.00384993
0.00439781
0.00540973
0.00668394
0.0084038
0.00890271
0.00955256
0.00938868
0.00839384
0.0077165
0.00766732
0.00779357
0.00845866
0.00984973
0.011866
0.0146541
0.0179916
0.021284
0.0257382
0.0299429
0.0344957
0.038887
0.042587
0.0451831
0.048294
0.0542823
0.0643604
0.074072
0.0831808
0.0906991
0.10265
0.115102
0.129867
0.136281
0.138478
0.139014
0.131086
0.114577
0.0932518
0.0761325
0.0675854
0.0623438
0.0610146
0.0608291
0.0604367
0.0536192
0.0479972
0.0408537
0.0329708
0.0257043
0.0203174
0.0160626
0.0141801
0.0137251
0.0131979
0.0116889
0.00675583
0.00165779
0.000793148
0.000672039
0.000899177
0.00091686
0.000969757
0.00105842
0.00118321
0.00133798
0.00152251
0.00168549
0.00184934
0.00202447
0.00221258
0.00240421
0.0025909
0.00277005
0.00295574
0.00315921
0.00336516
0.00354026
0.00373051
0.00407135
0.00459136
0.00564799
0.00661497
0.00825228
0.00940627
0.00963188
0.00949621
0.00858923
0.00787893
0.00783534
0.00799361
0.00870597
0.0101495
0.0122258
0.0152062
0.018914
0.0224946
0.0268512
0.031283
0.0360277
0.0407527
0.0447762
0.0477821
0.051084
0.0571166
0.0671454
0.0775352
0.0874347
0.0954832
0.103056
0.115902
0.130326
0.138119
0.142962
0.141902
0.133288
0.116903
0.0969911
0.079775
0.0705065
0.0638627
0.0615832
0.060369
0.0593705
0.0527005
0.0454725
0.0377547
0.0307964
0.024023
0.0189676
0.015596
0.0141517
0.013763
0.0133548
0.0114582
0.00597773
0.00147804
0.000783739
0.000683775
0.00091809
0.000951947
0.00102416
0.00112872
0.00126803
0.00143383
0.00163196
0.00180136
0.00197939
0.00216435
0.00236318
0.00256311
0.00275896
0.0029538
0.00315487
0.00337461
0.00359709
0.00377757
0.00395651
0.00432365
0.00482882
0.00566266
0.00699788
0.00893729
0.0098654
0.010008
0.00948685
0.00876447
0.00804753
0.00801571
0.00820837
0.00898545
0.0104966
0.0126268
0.0157691
0.0198457
0.023361
0.0281558
0.0327598
0.0376511
0.0425942
0.0469442
0.050357
0.0539985
0.0602433
0.0701398
0.0813878
0.0917578
0.100352
0.109097
0.119152
0.130866
0.142478
0.14745
0.145638
0.136547
0.119226
0.0986993
0.0824744
0.0725826
0.0659329
0.06323
0.0614898
0.0576615
0.0521696
0.0422469
0.0351854
0.0281493
0.0222902
0.0180614
0.0154451
0.0144123
0.0140938
0.013647
0.0110588
0.00513648
0.00133797
0.00077868
0.00070994
0.000943431
0.00098819
0.0010807
0.00120344
0.00135896
0.0015365
0.0017492
0.00192756
0.00211621
0.00231412
0.00252474
0.00273658
0.00294497
0.00315249
0.00336899
0.00360694
0.00385052
0.00403928
0.00419569
0.00458332
0.00510995
0.00590835
0.00728358
0.00950296
0.0103509
0.0103768
0.00956013
0.00893451
0.00820144
0.00818071
0.00842244
0.00927667
0.0108654
0.0130463
0.0163176
0.0209666
0.0243129
0.0294011
0.0342437
0.0392707
0.0444391
0.0490939
0.0529136
0.056931
0.0634796
0.0733935
0.085421
0.0965571
0.105792
0.114781
0.126267
0.138463
0.147839
0.15117
0.148484
0.138523
0.121612
0.10153
0.0857564
0.0746624
0.067071
0.063709
0.060303
0.0553329
0.0493128
0.040519
0.032107
0.0251997
0.0215942
0.0174218
0.0154712
0.0146582
0.0146145
0.0134679
0.0104828
0.00441408
0.00121953
0.000787365
0.000733798
0.000973909
0.00102316
0.00114131
0.00128208
0.00145531
0.00164492
0.00187031
0.00206033
0.00226236
0.00247323
0.00269632
0.00291994
0.00314109
0.00336346
0.0035953
0.00385116
0.00412099
0.00432479
0.00444947
0.00485603
0.00540333
0.006232
0.00756869
0.00998274
0.0108838
0.0107565
0.00984751
0.00905172
0.0083406
0.00833405
0.0086404
0.00959228
0.0112762
0.0135115
0.0168023
0.0219367
0.0252405
0.0306449
0.0357535
0.0408978
0.0462579
0.0512019
0.0554212
0.0598693
0.066821
0.0768517
0.0896552
0.101713
0.111761
0.121297
0.132346
0.144122
0.154009
0.156687
0.151828
0.140574
0.122711
0.103019
0.0885913
0.0773625
0.0689286
0.0651786
0.0612111
0.0561541
0.0479163
0.0387369
0.0304009
0.0235787
0.0191052
0.0167649
0.0155039
0.014928
0.0148059
0.0129767
0.00971269
0.00364333
0.00114839
0.000809678
0.000787221
0.00101251
0.00106228
0.00120376
0.00136498
0.00155726
0.00175985
0.00199756
0.00220132
0.00241733
0.00264269
0.00287934
0.00311603
0.00335135
0.00358895
0.00383667
0.00411
0.00440962
0.00463893
0.00471863
0.00514834
0.00570805
0.0065469
0.00784617
0.0099539
0.0113051
0.0111817
0.010086
0.00915773
0.00846278
0.00847208
0.00886452
0.00993444
0.0117476
0.0140681
0.0172483
0.0221431
0.0261544
0.0318646
0.0372795
0.0425364
0.0480539
0.0532643
0.0578622
0.0627713
0.0702161
0.0805583
0.0940766
0.1072
0.118169
0.128233
0.139628
0.151301
0.159717
0.161348
0.155458
0.142461
0.124321
0.104428
0.0904107
0.0796445
0.0707515
0.0664275
0.0606969
0.0531732
0.0432978
0.0348603
0.0272893
0.0220458
0.019135
0.0166724
0.0155625
0.0150977
0.0146556
0.0124481
0.00881218
0.00308748
0.00109109
0.000849928
0.000834257
0.00105918
0.00111065
0.0012711
0.0014516
0.00166452
0.00188087
0.00213077
0.00234969
0.00258149
0.00282221
0.00307336
0.00332422
0.00357482
0.00382855
0.00409173
0.00438029
0.00471183
0.00497668
0.00500354
0.0054546
0.00603452
0.00689787
0.00824249
0.00973743
0.0110648
0.0115038
0.0103662
0.00925052
0.00857262
0.00859146
0.00908668
0.0102808
0.0122747
0.014779
0.0178365
0.0221898
0.0271073
0.0330636
0.0388082
0.0441882
0.0498202
0.0552716
0.0602206
0.0656064
0.0736102
0.0844965
0.0986722
0.113029
0.125157
0.135947
0.147414
0.158816
0.166324
0.166743
0.159081
0.144255
0.125047
0.10555
0.0909815
0.0799687
0.0723248
0.067858
0.0618078
0.0552318
0.0453457
0.0379466
0.0303608
0.0254249
0.020726
0.0167427
0.0157969
0.0152388
0.014688
0.0119073
0.00784277
0.00261663
0.00106418
0.000897305
0.000950754
0.00111147
0.00116294
0.00134407
0.00154224
0.00177668
0.00200753
0.00227066
0.00250593
0.00275497
0.00301247
0.00327928
0.00354558
0.0038129
0.00408377
0.00436232
0.00466195
0.00500905
0.00528402
0.00530744
0.00577457
0.00637188
0.00724251
0.00870476
0.0101779
0.0112713
0.0115784
0.010557
0.00934955
0.00868199
0.00869298
0.00907967
0.010628
0.0128337
0.0156154
0.0185566
0.0231252
0.0280764
0.0342605
0.0403292
0.045857
0.0515578
0.0572199
0.0624857
0.0683464
0.0769409
0.0884641
0.103418
0.119134
0.132623
0.144312
0.156043
0.167176
0.173351
0.172347
0.162791
0.146363
0.125909
0.106328
0.0917412
0.0793064
0.0734049
0.0676121
0.0611583
0.0531535
0.0456987
0.0380585
0.0320985
0.0256205
0.0200756
0.0172694
0.0162112
0.0153505
0.0144133
0.011222
0.00685909
0.00226133
0.00105657
0.000980426
0.00171566
0.00117157
0.00122607
0.001423
0.00163804
0.00189338
0.00213938
0.00241577
0.0026699
0.00293786
0.00321351
0.00349721
0.00378033
0.00406581
0.00435497
0.00464909
0.004957
0.00530641
0.00559581
0.00562585
0.00610915
0.00672739
0.0075808
0.0090522
0.0101331
0.0114983
0.011632
0.0106521
0.00941451
0.00880122
0.00881994
0.00924067
0.0109468
0.0134175
0.0165612
0.019403
0.0239601
0.0291224
0.0354759
0.0418402
0.0475432
0.0532702
0.0591076
0.0646515
0.0709717
0.0801805
0.0924086
0.108264
0.125471
0.14059
0.153453
0.165551
0.176382
0.181539
0.179063
0.166711
0.148372
0.126752
0.107042
0.0922836
0.0795126
0.0747597
0.0706932
0.0640116
0.0561903
0.0487327
0.041315
0.0339393
0.0261457
0.0215235
0.0174251
0.0164463
0.0153481
0.0138904
0.0105862
0.00603559
0.00200977
0.00109242
0.00117575
0.00310393
0.00123664
0.00129383
0.00150912
0.00173925
0.00201428
0.00227609
0.00256642
0.00284121
0.00313028
0.00342571
0.00372768
0.00402909
0.00433424
0.00464295
0.00495323
0.00526819
0.00561375
0.00591525
0.00595973
0.00645547
0.00709745
0.00793012
0.00911387
0.0099567
0.0114783
0.0118333
0.0108347
0.00941718
0.00868802
0.0088481
0.00937855
0.0112398
0.0139751
0.016803
0.0204715
0.0248219
0.0302319
0.0367254
0.0433514
0.0492477
0.0549667
0.0609368
0.0667168
0.0734649
0.083293
0.0962852
0.113181
0.131947
0.148973
0.163326
0.176038
0.186607
0.190755
0.186873
0.171186
0.150563
0.127656
0.107861
0.0935026
0.0806793
0.0751947
0.0701848
0.0642493
0.0565126
0.0501755
0.0435294
0.036008
0.0276534
0.0204128
0.0176516
0.0166198
0.0153079
0.0134633
0.00995194
0.00535021
0.00184167
0.00116774
0.0014614
0.00485909
0.00130816
0.00136871
0.00160221
0.00184668
0.00213906
0.00241699
0.00272164
0.00301957
0.00333215
0.00364934
0.00397105
0.00429227
0.00461857
0.00494809
0.0052753
0.00559625
0.0059278
0.00622864
0.0063095
0.00681477
0.00748146
0.0083475
0.00926398
0.010337
0.0112582
0.0118123
0.0109474
0.00943528
0.00873657
0.00884822
0.00950393
0.0115391
0.0146889
0.0179402
0.0218279
0.0257268
0.031405
0.0380274
0.0448797
0.0509729
0.0566616
0.0627131
0.0686866
0.0758173
0.0862509
0.100031
0.118034
0.138492
0.157686
0.173908
0.187567
0.19817
0.201256
0.194756
0.176522
0.152358
0.128341
0.107779
0.0931318
0.0805965
0.0768436
0.0702832
0.0660708
0.0596706
0.0537121
0.045202
0.0341392
0.0260506
0.0209205
0.0180277
0.0168457
0.015359
0.0129088
0.009326
0.00467152
0.00175979
0.00126791
0.00188871
0.00777085
0.00138456
0.00144931
0.00170254
0.00196089
0.00226772
0.00256173
0.00288097
0.0032044
0.00354333
0.00388464
0.00422775
0.00457029
0.00491915
0.00527077
0.005616
0.00594358
0.00625479
0.00653229
0.00667654
0.00718864
0.00786415
0.0087459
0.00972047
0.0106894
0.0115684
0.0117473
0.0109963
0.00941457
0.00872807
0.00890571
0.00962436
0.0118432
0.0152644
0.0186407
0.0230769
0.0268042
0.0326326
0.0394009
0.0464493
0.0527276
0.0583736
0.0644474
0.0705708
0.0780292
0.0890366
0.10361
0.122757
0.145004
0.166604
0.185091
0.200093
0.211081
0.214413
0.203716
0.183418
0.155615
0.129054
0.107442
0.0907467
0.083241
0.0784186
0.0738238
0.0690595
0.0617026
0.0537836
0.0436616
0.0348695
0.0265463
0.0217994
0.0184052
0.0170607
0.0152659
0.0125277
0.00883725
0.00428955
0.00175388
0.00147987
0.00271543
0.0110664
0.00146753
0.00153561
0.00180913
0.00208195
0.00240061
0.00271012
0.00304389
0.00339526
0.00376358
0.00413176
0.00449815
0.00486349
0.00523617
0.00561109
0.00597576
0.00631283
0.00660948
0.00685577
0.00705812
0.00758307
0.00826811
0.00916458
0.0101327
0.0110753
0.0118014
0.011943
0.0110201
0.00935251
0.00871903
0.00897185
0.00972991
0.0121759
0.0150694
0.0193466
0.0235587
0.027984
0.0339451
0.0408536
0.0480806
0.0545301
0.0601268
0.066157
0.0723845
0.0801108
0.0916433
0.106994
0.127296
0.151386
0.175587
0.19673
0.213522
0.224876
0.227237
0.214623
0.190295
0.159848
0.130354
0.107806
0.0895556
0.0813198
0.0798423
0.0761252
0.0708149
0.0667267
0.0596521
0.0475104
0.0350245
0.0274032
0.0208966
0.0186349
0.0173076
0.0150573
0.0119813
0.0081922
0.00377166
0.00173929
0.0015753
0.00341123
0.0193366
0.00155733
0.00162878
0.00192266
0.00220986
0.00253786
0.00286256
0.00321031
0.00359153
0.00399252
0.0043907
0.0047825
0.00517206
0.00556963
0.00596888
0.00635447
0.0067046
0.00700125
0.00723765
0.00745306
0.00799345
0.00868203
0.00957799
0.0105228
0.0114247
0.0120471
0.0120566
0.0110204
0.00924941
0.00870889
0.00891229
0.00977231
0.0120247
0.0156293
0.0202694
0.0240271
0.02924
0.0353576
0.0424
0.0497898
0.0564026
0.0619509
0.0678683
0.0741505
0.0820797
0.0940757
0.110164
0.131606
0.157549
0.184483
0.208632
0.227758
0.23994
0.241981
0.227556
0.199381
0.165608
0.132588
0.109683
0.0940822
0.0809638
0.0804345
0.0766771
0.0735418
0.0702682
0.0592993
0.051043
0.0366481
0.0273336
0.0219523
0.0193658
0.0172404
0.0148006
0.0113787
0.00762995
0.00329933
0.00185911
0.00222536
0.00539607
0.0207027
0.0016553
0.00173047
0.00204507
0.00234759
0.00267898
0.0030193
0.00338118
0.00379277
0.00422969
0.00466125
0.0050809
0.00549606
0.00591933
0.00634374
0.00675172
0.00711775
0.00742099
0.00765541
0.00786586
0.00842075
0.00911631
0.0100162
0.0109327
0.011762
0.0122852
0.0121843
0.0110056
0.00926047
0.00872132
0.00892382
0.0098733
0.0122031
0.016159
0.0211868
0.0251685
0.0305663
0.0368852
0.044063
0.051605
0.05837
0.0638791
0.0696167
0.0759001
0.0839627
0.0963513
0.113121
0.135657
0.163415
0.193144
0.22056
0.24241
0.255594
0.257219
0.241673
0.209752
0.172977
0.136048
0.111626
0.0973203
0.0836109
0.0823177
0.0779783
0.0737924
0.0702994
0.059592
0.0504993
0.0405655
0.0281508
0.0222162
0.0194103
0.0171309
0.0143324
0.0107681
0.00687365
0.0029914
0.00198393
0.00249826
0.00376154
0.082274
0.0017626
0.00184248
0.00217961
0.00249981
0.00282567
0.00317976
0.00355775
0.00399906
0.00447458
0.00494299
0.00539319
0.00583527
0.00628481
0.00673492
0.00716716
0.00755289
0.00786597
0.00809386
0.00829785
0.00886118
0.00956021
0.0104547
0.0113441
0.012099
0.0125016
0.0122933
0.0109821
0.00930704
0.0087102
0.00887319
0.0097898
0.0124206
0.0167841
0.0209858
0.0263447
0.0319739
0.0385511
0.0458662
0.0535591
0.060467
0.0659473
0.0714469
0.0776737
0.0857958
0.0984998
0.115875
0.139436
0.168922
0.201434
0.23232
0.257338
0.271963
0.273156
0.256463
0.222585
0.180845
0.140285
0.112717
0.0983531
0.0852928
0.0822814
0.0784759
0.0756477
0.073143
0.0617601
0.0532552
0.0371687
0.0284553
0.0233572
0.0193608
0.0170041
0.0139237
0.0102803
0.00670957
0.00282723
0.00225771
0.00423253
0.0316495
0.716019
0.00188037
0.00196091
0.00232242
0.00266677
0.00298043
0.00334641
0.00374074
0.00421117
0.0047267
0.00523522
0.00571888
0.0061892
0.00666528
0.00714125
0.00760002
0.00801224
0.00834748
0.00857727
0.00874974
0.00931704
0.0100189
0.010899
0.0117483
0.0124182
0.0127007
0.0123477
0.0109305
0.0092049
0.00874983
0.00890598
0.0099211
0.0125924
0.0167251
0.0219754
0.0274829
0.0334491
0.0403696
0.0478399
0.0556891
0.0627395
0.0681963
0.0734126
0.0795216
0.0876244
0.100564
0.118457
0.142949
0.174022
0.209157
0.243679
0.272004
0.288592
0.289875
0.272667
0.236367
0.190576
0.145317
0.115023
0.100084
0.0860703
0.0826491
0.0810571
0.0767206
0.0742856
0.0618297
0.0536387
0.0397824
0.0292343
0.0225878
0.0194031
0.0168943
0.0135471
0.00968115
0.0051194
0.00269443
0.0022944
0.00814323
0.185905
5.39324
0.00201278
0.00208958
0.00247337
0.00285086
0.00314338
0.00352365
0.00393268
0.00443042
0.00498584
0.00553697
0.00605713
0.00655702
0.00705963
0.00756101
0.00804842
0.00849495
0.00886544
0.00909793
0.00922768
0.00978543
0.0104926
0.0113494
0.0121546
0.012731
0.0129078
0.0123778
0.0108359
0.00908387
0.00869352
0.00908263
0.0101059
0.0129811
0.0172574
0.0225649
0.0285884
0.0349684
0.0423476
0.0500145
0.0580307
0.0652407
0.0706787
0.0755755
0.0815046
0.0895053
0.102596
0.120912
0.146229
0.17872
0.216228
0.254314
0.286109
0.304715
0.306236
0.289638
0.252345
0.201062
0.150973
0.117123
0.100951
0.0869316
0.0830765
0.0818128
0.0776428
0.0745893
0.0657275
0.0543738
0.0402243
0.0304874
0.0233452
0.0194738
0.0164669
0.0129697
0.00945012
0.00490697
0.00298851
0.00390817
0.0183703
0.187816
0.668681
0.00215888
0.0022292
0.00262874
0.00305418
0.00331774
0.00370971
0.00413653
0.00465917
0.00525228
0.00584716
0.00640671
0.00693754
0.00746638
0.00799196
0.00850953
0.00900095
0.00943809
0.00970474
0.00973362
0.0102622
0.0109858
0.0118035
0.012557
0.0130322
0.013147
0.0123673
0.0107126
0.00899706
0.00874713
0.00908065
0.0104162
0.0131903
0.0178395
0.0230771
0.0297263
0.0365075
0.0444753
0.052423
0.0606166
0.0680138
0.0734593
0.0780071
0.0836924
0.0915078
0.10466
0.123299
0.149321
0.183044
0.222604
0.26389
0.299265
0.319896
0.321609
0.306063
0.269384
0.213557
0.157363
0.119358
0.101379
0.0877559
0.0838928
0.0837693
0.078269
0.0741646
0.0636334
0.0546478
0.0407912
0.0283697
0.0240305
0.0199151
0.0157987
0.0125182
0.00909299
0.00447756
0.00303236
0.00332027
0.0111651
0.134614
0.164751
0.00232209
0.00238161
0.00278317
0.00327379
0.00350702
0.00390681
0.00435361
0.0049004
0.00552709
0.00616481
0.006766
0.00732919
0.00788381
0.0084314
0.00897835
0.00952095
0.0100684
0.0104673
0.0102895
0.010737
0.0115013
0.0122647
0.0129551
0.0133032
0.0132797
0.0123868
0.010688
0.00909503
0.00889722
0.00910428
0.0104638
0.0136092
0.0184617
0.0235411
0.0307994
0.0380908
0.0467171
0.0551006
0.0634921
0.0711083
0.076609
0.0807938
0.0861637
0.0937142
0.106832
0.125691
0.15229
0.187047
0.228309
0.272146
0.310742
0.333065
0.334576
0.320585
0.285897
0.228365
0.166941
0.124325
0.104336
0.0878571
0.0835538
0.0840449
0.0801248
0.0769129
0.0662228
0.0572449
0.0396427
0.0285243
0.0243269
0.018973
0.0153246
0.0120622
0.00881946
0.00486264
0.00373244
0.0058244
0.0356931
0.184705
0.0943436
0.00250409
0.00255098
0.00293254
0.00343389
0.00370822
0.00411517
0.00458498
0.00515654
0.00581217
0.00648939
0.00713316
0.00773001
0.00830995
0.0088768
0.00944936
0.0100351
0.0106713
0.0110907
0.01098
0.0111965
0.0120356
0.012738
0.0133529
0.0135774
0.0133924
0.0123405
0.0106442
0.00898701
0.00896034
0.00934966
0.0107853
0.0142958
0.0197203
0.0244088
0.0320397
0.0397352
0.0490433
0.0580678
0.0667149
0.0745821
0.0802081
0.0840409
0.0890109
0.0962208
0.109196
0.128173
0.155208
0.190778
0.233311
0.279001
0.319926
0.343246
0.344075
0.332389
0.29831
0.241706
0.176073
0.130223
0.108515
0.0943203
0.0868095
0.0852011
0.0797479
0.0766692
0.0666646
0.0586101
0.0432787
0.0281637
0.0237828
0.0188839
0.0142625
0.0117488
0.00846763
0.00508998
0.00423524
0.00565554
0.0230966
0.171185
0.0908488
0.00270719
0.00274275
0.00309215
0.00344385
0.00391167
0.00433562
0.00483042
0.00542844
0.00610971
0.00682131
0.00750625
0.00813764
0.00874271
0.00932637
0.00992065
0.0105357
0.011212
0.0116816
0.0113893
0.0117039
0.0125679
0.0132294
0.0137466
0.0138629
0.0134808
0.0122332
0.0104814
0.00892396
0.00892735
0.00943216
0.011373
0.0149462
0.0213728
0.0258031
0.0332666
0.0414916
0.0514401
0.0613174
0.070355
0.078504
0.0843488
0.0878764
0.0923426
0.0991417
0.111851
0.130846
0.15817
0.19434
0.237734
0.284493
0.326547
0.348334
0.345822
0.336186
0.303635
0.249482
0.183367
0.132328
0.108531
0.0945671
0.0862558
0.084486
0.0804625
0.0778768
0.0698182
0.0595415
0.0434691
0.0322793
0.0238257
0.0191521
0.0140325
0.0113544
0.00821391
0.00550284
0.00497418
0.00755212
0.045931
0.144956
0.0982709
0.00293318
0.00296095
0.00329453
0.0036714
0.004107
0.00456855
0.0050905
0.00571576
0.00642109
0.00716195
0.00788385
0.00854936
0.00917969
0.00977881
0.0103946
0.0110394
0.0117438
0.0122253
0.0119579
0.0122675
0.0130986
0.0137367
0.0141378
0.0141582
0.0135525
0.0120614
0.0102773
0.00891836
0.00915955
0.00973999
0.0113518
0.0158857
0.0215129
0.0277932
0.0346228
0.0433739
0.0539429
0.0648103
0.0744863
0.0829641
0.0891429
0.09246
0.0962901
0.102612
0.114909
0.13382
0.161278
0.197841
0.241737
0.289008
0.330719
0.348675
0.339737
0.330153
0.294326
0.243729
0.193933
0.131471
0.106732
0.0958752
0.0871404
0.0859454
0.0812668
0.0786538
0.0687686
0.060815
0.0457995
0.031331
0.0240258
0.0176248
0.0139029
0.010809
0.00751423
0.006017
0.00598177
0.0122946
0.0556699
0.271483
0.132085
0.00318384
0.00320782
0.00348173
0.00385339
0.00431702
0.00481156
0.00536521
0.00601826
0.00674648
0.00751275
0.00826557
0.00896242
0.00961807
0.0102319
0.0108701
0.0115525
0.0122995
0.0127919
0.0125102
0.0128678
0.0136507
0.0142545
0.0145416
0.0144985
0.0136118
0.0119456
0.0100648
0.0088554
0.00895029
0.00959016
0.0116197
0.0161296
0.02229
0.0298293
0.0361909
0.0454172
0.0566101
0.0685084
0.0791626
0.0880841
0.0947368
0.0980025
0.101018
0.106792
0.118502
0.137223
0.164648
0.201389
0.245448
0.292664
0.333315
0.347488
0.339211
0.332732
0.294863
0.245509
0.20043
0.13303
0.102413
0.0937468
0.0852779
0.0851808
0.0810414
0.0782879
0.0703407
0.0605773
0.0505198
0.0298938
0.0236277
0.0172904
0.0127906
0.0104483
0.0075502
0.00648601
0.00671005
0.0117669
0.0570874
0.321023
0.152688
0.0034604
0.00350755
0.00368197
0.00405071
0.00452574
0.00506596
0.00565332
0.00633523
0.00708568
0.00787424
0.00865205
0.00937476
0.0100548
0.0106827
0.0113419
0.0120656
0.0128651
0.0134154
0.0131297
0.0135085
0.0142248
0.0147825
0.0149387
0.0146824
0.0136246
0.0118415
0.00982898
0.00886351
0.00888437
0.00963153
0.0120239
0.01625
0.0228703
0.0294711
0.0380937
0.0476167
0.0594574
0.0724031
0.0843854
0.0940148
0.101336
0.104815
0.106742
0.111876
0.122792
0.1412
0.168412
0.205107
0.249016
0.295686
0.334658
0.344693
0.345208
0.337532
0.311797
0.256505
0.192899
0.141418
0.117707
0.101053
0.0864058
0.0812587
0.0787811
0.0758824
0.0691046
0.061985
0.0457623
0.0303247
0.0234894
0.0177996
0.012409
0.0096874
0.00779685
0.0073743
0.00760906
0.0126944
0.0653261
0.666885
0.128422
0.0037592
0.00378342
0.00389382
0.00424569
0.00473919
0.00533006
0.00595415
0.00666521
0.0074375
0.00824622
0.00904424
0.00978588
0.0104873
0.0111291
0.0118053
0.0125676
0.0134163
0.0139806
0.0137384
0.0141962
0.0148371
0.015322
0.0153692
0.0148717
0.0135984
0.0115583
0.00956417
0.00890265
0.00894302
0.00981857
0.0124118
0.0168
0.0235967
0.0307509
0.0399594
0.0500395
0.0625346
0.0765348
0.0900955
0.100896
0.10922
0.113438
0.113765
0.118116
0.127989
0.145918
0.172727
0.209137
0.252635
0.298438
0.335434
0.340476
0.336553
0.323658
0.306403
0.252782
0.195249
0.155691
0.118917
0.101968
0.0848209
0.0782756
0.0762676
0.0718178
0.0668113
0.0612941
0.0495608
0.0338724
0.0219496
0.0180865
0.0123089
0.00965401
0.00824368
0.00819285
0.00980978
0.0218369
0.11573
0.563952
0.11447
0.00408321
0.00408826
0.00413041
0.00444435
0.00495543
0.00560321
0.00626634
0.00700619
0.00780014
0.00862784
0.00944273
0.0101971
0.0109148
0.0115703
0.012258
0.0130497
0.0139498
0.0145472
0.0143536
0.0149109
0.015485
0.0158841
0.0158719
0.0149964
0.0135688
0.0112708
0.00928741
0.00893616
0.00897347
0.0100826
0.0122757
0.0177145
0.0241184
0.0319758
0.0419244
0.052639
0.0658706
0.0809316
0.0961975
0.108752
0.118631
0.124646
0.122568
0.125871
0.134378
0.151577
0.177785
0.213637
0.256464
0.301293
0.338034
0.344846
0.336325
0.32513
0.311648
0.255603
0.212747
0.149265
0.117778
0.099369
0.08192
0.0755995
0.0732645
0.0674157
0.0637397
0.059037
0.0489069
0.0323312
0.0219416
0.0165616
0.0122434
0.00972552
0.00896054
0.00932325
0.0119345
0.0213922
0.104958
0.282108
0.0771054
0.00443877
0.00439755
0.00441055
0.00465327
0.00517606
0.00588347
0.00658784
0.00735562
0.00817133
0.00901754
0.00984769
0.010611
0.0113388
0.0120077
0.0127028
0.0135085
0.0144379
0.0150697
0.0149927
0.015721
0.0161806
0.0164577
0.0162075
0.0151891
0.0134765
0.0109646
0.00898626
0.0088853
0.00921318
0.0100262
0.0126496
0.0176469
0.0245852
0.0327557
0.0440164
0.0551959
0.0694925
0.0855858
0.102606
0.117379
0.129012
0.136967
0.134081
0.135716
0.142411
0.158422
0.183828
0.218812
0.260585
0.303677
0.338123
0.342072
0.330238
0.321676
0.305208
0.271778
0.208564
0.144357
0.117368
0.0998805
0.0763482
0.0723022
0.0684582
0.0624537
0.0596599
0.0558114
0.0483333
0.0324113
0.0219902
0.0164461
0.0123487
0.00998327
0.00945538
0.0102361
0.0132412
0.0325812
0.0914065
0.236487
0.0864897
0.00481559
0.00482565
0.00474037
0.00488864
0.00540422
0.00616891
0.00691597
0.00771094
0.00854858
0.00941327
0.0102586
0.0110302
0.0117639
0.0124459
0.0131473
0.0139533
0.0149074
0.0156196
0.015596
0.01653
0.016928
0.0170843
0.0165301
0.015328
0.0133217
0.010691
0.0086809
0.00865829
0.00905986
0.0104777
0.0132792
0.0174332
0.0256936
0.0333345
0.0441835
0.0576527
0.0734105
0.0905659
0.109372
0.126581
0.139905
0.149696
0.149632
0.148713
0.152922
0.16677
0.191173
0.224971
0.265365
0.306386
0.339104
0.339453
0.338049
0.311684
0.289442
0.266121
0.219644
0.137403
0.104766
0.0887826
0.068036
0.0669888
0.0629517
0.0582962
0.0562417
0.053359
0.0479333
0.0369353
0.0220483
0.016204
0.0123912
0.010609
0.0101245
0.0115814
0.0174117
0.0342749
0.118948
0.213016
0.0832036
0.00522828
0.00519124
0.00513983
0.00517376
0.00564689
0.00645859
0.00724766
0.00806944
0.00892913
0.00981273
0.0106742
0.0114567
0.0121962
0.0128932
0.0136053
0.0144011
0.0153245
0.0160978
0.0164434
0.0173554
0.0177237
0.0178219
0.0167678
0.0153102
0.0131301
0.0105176
0.00846136
0.00853405
0.00887765
0.0101366
0.0128628
0.0179084
0.0264258
0.0341
0.045191
0.0597321
0.0772931
0.0959506
0.116611
0.136365
0.151663
0.163817
0.171474
0.166832
0.167738
0.177124
0.200214
0.232516
0.271157
0.309339
0.338477
0.342952
0.329427
0.321089
0.291709
0.260098
0.238387
0.18189
0.123874
0.103216
0.0731929
0.0602674
0.0575338
0.0543118
0.0528186
0.050538
0.0460731
0.035165
0.0252116
0.0166995
0.012775
0.0108893
0.0103472
0.0116386
0.0160811
0.0305721
0.138136
0.211635
0.0799856
0.00566534
0.00558393
0.00559492
0.00553713
0.00591528
0.0067549
0.00758016
0.00842828
0.00931002
0.0102136
0.011093
0.0118912
0.0126408
0.0133594
0.0140948
0.0148874
0.0157321
0.016577
0.0173915
0.0182032
0.0185335
0.0184147
0.0171803
0.0152051
0.012986
0.0101747
0.00828126
0.00842523
0.00878333
0.0098027
0.0121856
0.0169682
0.0270561
0.0349839
0.0463204
0.0613408
0.0810569
0.1013
0.124566
0.14681
0.164873
0.179228
0.191104
0.194437
0.1911
0.190674
0.211392
0.242025
0.278738
0.313874
0.339082
0.342723
0.341466
0.324093
0.290154
0.266269
0.243961
0.204681
0.142077
0.123275
0.0824802
0.0616337
0.0550866
0.052047
0.0503624
0.0485491
0.0455391
0.0380882
0.027182
0.0160532
0.0135365
0.0113219
0.0116143
0.014951
0.0197706
0.0561054
0.217876
0.229245
0.0736407
0.00614072
0.00598529
0.00594979
0.00602462
0.00622146
0.0070641
0.00791262
0.00878446
0.00968796
0.010613
0.0115133
0.012333
0.0131006
0.0138519
0.0146327
0.0154852
0.0164217
0.017391
0.0183007
0.0191086
0.0193279
0.0190056
0.0173947
0.0149872
0.012677
0.00980552
0.00812702
0.00826322
0.0086497
0.00964417
0.0119733
0.0171997
0.0275475
0.035886
0.0474757
0.0627276
0.0823421
0.106551
0.133807
0.15802
0.179492
0.195202
0.207928
0.217017
0.209639
0.213836
0.22442
0.254339
0.28895
0.320902
0.337465
0.334915
0.320942
0.306405
0.278217
0.24686
0.229041
0.216853
0.16463
0.134152
0.0909885
0.0556036
0.0526061
0.0487276
0.0473056
0.0461681
0.0439357
0.0381133
0.0252987
0.0161346
0.0134556
0.0119836
0.0112242
0.0148693
0.0188984
0.0619453
0.668473
0.275305
0.0568743
0.00666627
0.00639824
0.00631852
0.00641014
0.00658671
0.00739367
0.00824854
0.00913585
0.0100598
0.0110072
0.011933
0.0127815
0.0135765
0.0143694
0.0152035
0.0161139
0.01712
0.0182059
0.0192301
0.0200212
0.0201264
0.0195931
0.0176863
0.015087
0.0123058
0.0094192
0.00797982
0.00809168
0.00854771
0.00978186
0.0126693
0.0174235
0.0276467
0.0366738
0.0487331
0.0644376
0.0847903
0.110682
0.143301
0.169678
0.195468
0.214777
0.229705
0.238602
0.233481
0.231068
0.241599
0.269899
0.303359
0.334388
0.346066
0.337605
0.311013
0.284022
0.251039
0.229053
0.221448
0.218016
0.177088
0.132178
0.0954135
0.0557314
0.0502147
0.0474397
0.0461003
0.0449191
0.0433665
0.0390448
0.025979
0.018501
0.0138389
0.01351
0.015284
0.0199615
0.0300193
0.0984782
1.19586
0.227218
0.0572757
0.00724816
0.00691688
0.00667408
0.00686123
0.00700851
0.00775226
0.00859484
0.0094836
0.0104237
0.0113926
0.0123479
0.0132356
0.0140694
0.0149142
0.0158165
0.0168077
0.0179049
0.0190868
0.0201824
0.0208871
0.0209335
0.0201277
0.0178962
0.0148761
0.0118685
0.00905202
0.00782226
0.00786678
0.0083646
0.00977916
0.0124779
0.0180342
0.0270703
0.0370139
0.0498086
0.0661611
0.0870171
0.113977
0.146729
0.181695
0.212528
0.236153
0.254227
0.265657
0.256544
0.249127
0.262761
0.28934
0.322256
0.354477
0.373911
0.371412
0.339511
0.287727
0.25126
0.221149
0.198966
0.178292
0.154505
0.13179
0.0813093
0.0486413
0.0472184
0.044645
0.0444488
0.0440235
0.0422953
0.0377168
0.0290748
0.0184841
0.0145807
0.0142405
0.0159582
0.0202387
0.0283305
0.0988737
0.763487
0.143856
0.0333163
0.00787261
0.00731758
0.00729134
0.00734707
0.00751319
0.00814958
0.00895792
0.00983382
0.0107808
0.0117675
0.0127535
0.0136911
0.0145772
0.0154806
0.0164543
0.0175258
0.0187061
0.019955
0.0210875
0.021748
0.0216577
0.0206289
0.0180382
0.0146613
0.0113937
0.00867884
0.0076877
0.00772447
0.00821528
0.00960306
0.0120579
0.0173948
0.0262091
0.0364047
0.0502663
0.0676854
0.0889697
0.113774
0.150125
0.191512
0.230034
0.259587
0.282657
0.299786
0.28573
0.29239
0.286247
0.313389
0.344793
0.376264
0.397222
0.398863
0.377291
0.337187
0.292548
0.247318
0.212304
0.189003
0.171542
0.136143
0.0863992
0.0458715
0.0452696
0.0442046
0.044111
0.044548
0.0426577
0.0386583
0.0321059
0.0179105
0.0145611
0.0150403
0.0166925
0.0207148
0.0408796
0.111039
0.465508
0.139179
0.0382712
0.00849552
0.00801511
0.00805257
0.00781709
0.00813127
0.00860719
0.00933849
0.010193
0.0111362
0.0121336
0.013148
0.0141429
0.0150977
0.0160696
0.0171169
0.0182675
0.0195255
0.0208286
0.0219701
0.0225929
0.0224795
0.0209914
0.0182367
0.0143736
0.0109711
0.00835451
0.0075476
0.00758989
0.00806509
0.00947237
0.0123146
0.017853
0.0252783
0.0352439
0.0493309
0.0685895
0.091925
0.11818
0.157243
0.19933
0.248034
0.28395
0.310716
0.329489
0.342573
0.327306
0.316843
0.342178
0.372749
0.403738
0.422663
0.421939
0.393874
0.354415
0.308391
0.256716
0.200756
0.145988
0.126677
0.118067
0.0713106
0.04462
0.0443973
0.0433629
0.0432197
0.0432209
0.0426321
0.0388377
0.0303413
0.0184926
0.0157075
0.0143383
0.0172801
0.0271345
0.0413324
0.116085
0.298599
0.109111
0.0301837
0.00913593
0.00885322
0.00872783
0.0085905
0.00887685
0.00917879
0.00973886
0.0105606
0.0114944
0.012497
0.0135341
0.0145883
0.0156264
0.0166799
0.0178023
0.0190252
0.0203469
0.0216874
0.0228092
0.0233121
0.0229917
0.0213346
0.018325
0.0144047
0.0108317
0.00808785
0.00741376
0.00746643
0.00790404
0.00917867
0.0117918
0.0170354
0.0243602
0.0338954
0.0476507
0.0673465
0.0940948
0.125701
0.161183
0.209374
0.266509
0.308443
0.34514
0.367393
0.384608
0.371994
0.352692
0.377314
0.407207
0.438709
0.461405
0.464236
0.433329
0.388763
0.336427
0.278447
0.215273
0.166396
0.142358
0.136188
0.10711
0.0554299
0.0490515
0.0427314
0.0425216
0.0422202
0.0425501
0.0389745
0.0320161
0.0191988
0.0165526
0.0183663
0.0217348
0.0274055
0.0420985
0.144512
0.316769
0.0769545
0.028815
0.00979892
0.0093648
0.00935039
0.00929418
0.00976832
0.00997193
0.0101744
0.0109372
0.0118509
0.0128627
0.0139202
0.0150296
0.0161585
0.0173088
0.0185136
0.0198057
0.0211788
0.0225305
0.023598
0.0239656
0.0234597
0.0215817
0.0183297
0.0142741
0.0104309
0.00797231
0.00732238
0.0073818
0.0078038
0.00905778
0.0119481
0.0163492
0.0233991
0.0324846
0.0456773
0.0649718
0.0924104
0.128687
0.169839
0.214967
0.273812
0.333601
0.384375
0.412302
0.435967
0.424751
0.397401
0.418564
0.448247
0.479848
0.502859
0.505069
0.466312
0.411765
0.353239
0.291841
0.228247
0.184705
0.16759
0.16356
0.14511
0.0689484
0.0470177
0.0418512
0.0411119
0.0408375
0.0405931
0.0381664
0.0323735
0.0199271
0.0168639
0.0177095
0.0224389
0.0286963
0.0536946
0.216341
0.302679
0.0703107
0.0214022
0.0104807
0.00990669
0.010023
0.00994451
0.0101454
0.0104764
0.0107493
0.0113239
0.0122011
0.0132259
0.0143125
0.0154752
0.0166924
0.0179485
0.0192458
0.0206031
0.0220167
0.0233656
0.0243457
0.0245585
0.0238831
0.0217769
0.018233
0.0140602
0.0101664
0.00791939
0.00727987
0.00729596
0.0077223
0.00934655
0.0122437
0.0165729
0.0224266
0.0310094
0.0435628
0.0621847
0.0892119
0.127379
0.1746
0.22304
0.288057
0.355687
0.427723
0.463467
0.492631
0.487337
0.455869
0.466733
0.49745
0.530322
0.558256
0.567573
0.532349
0.47104
0.396769
0.327623
0.265428
0.221894
0.204473
0.200474
0.162952
0.0911517
0.0476822
0.0422576
0.0402577
0.0395027
0.0390584
0.0372516
0.0318148
0.0206806
0.0183405
0.0207316
0.0228139
0.0333671
0.0730102
0.396646
0.313744
0.0619993
0.0200417
0.0112067
0.0104867
0.0107683
0.0109293
0.0108942
0.0112884
0.011489
0.0117679
0.0125416
0.0135793
0.0147058
0.0159313
0.017236
0.0185959
0.0199949
0.0214195
0.0228578
0.0241882
0.0250568
0.0251108
0.0242772
0.0219217
0.0180636
0.013893
0.00994004
0.00784747
0.00726423
0.00728597
0.00777862
0.00921035
0.0118657
0.0160418
0.0213992
0.0294078
0.0412434
0.0591381
0.0851186
0.123658
0.176484
0.236394
0.298837
0.377868
0.468197
0.515271
0.545101
0.556934
0.546121
0.519898
0.55464
0.586546
0.61345
0.620649
0.599496
0.536948
0.460885
0.383275
0.298578
0.243283
0.215603
0.206205
0.186985
0.0801526
0.0540366
0.0439828
0.0397404
0.0383612
0.0376232
0.0361065
0.0305545
0.0198214
0.0173876
0.0208255
0.0234549
0.0330223
0.100739
0.848729
0.291516
0.0567135
0.0151335
0.0119081
0.0111892
0.011476
0.0117119
0.0119866
0.0122605
0.0125048
0.0123777
0.0128847
0.0139178
0.0150922
0.016395
0.0177942
0.0192542
0.0207518
0.0222497
0.0236997
0.0249969
0.0257504
0.0256619
0.0246445
0.0219947
0.0176966
0.013796
0.00973766
0.00779479
0.00725842
0.00722207
0.00768897
0.00912822
0.0116399
0.0155319
0.0202744
0.0275976
0.0385334
0.0558111
0.0801696
0.117627
0.172694
0.240708
0.315247
0.391844
0.47807
0.568384
0.607793
0.627978
0.607895
0.5881
0.620393
0.655514
0.686332
0.697477
0.671203
0.593014
0.507876
0.425261
0.346139
0.292431
0.273871
0.25122
0.199341
0.110926
0.0618642
0.0442339
0.0396125
0.0374616
0.0365163
0.0350362
0.0296231
0.0205799
0.0213225
0.0220769
0.0255386
0.0487281
0.136737
1.49775
0.278229
0.0529238
0.0141127
0.0125864
0.0118906
0.0121467
0.0121196
0.0125154
0.0127718
0.0129192
0.0133434
0.0133199
0.0142281
0.0154693
0.0168615
0.0183672
0.019927
0.0215142
0.0230822
0.0245373
0.0257849
0.0264394
0.0263328
0.0249427
0.0221588
0.017986
0.0136986
0.00977847
0.00779589
0.00727915
0.00726159
0.00779773
0.00934214
0.0118112
0.0151743
0.0193874
0.0262297
0.0360958
0.0520368
0.074369
0.109547
0.166276
0.235663
0.3222
0.411927
0.501936
0.596921
0.684734
0.706028
0.661247
0.668851
0.6953
0.734376
0.771234
0.790938
0.77886
0.69244
0.59405
0.498523
0.421846
0.385059
0.359632
0.321686
0.242686
0.129517
0.0583974
0.0467663
0.0394896
0.0366646
0.0352655
0.033611
0.0275448
0.0187985
0.0198584
0.02032
0.0267546
0.0499295
0.174853
1.57772
0.227233
0.0506675
0.0130164
0.0133176
0.0124566
0.0126589
0.0128897
0.0128227
0.013294
0.013366
0.0138844
0.0141299
0.0144762
0.0158427
0.0173265
0.0189531
0.0206219
0.0222867
0.023911
0.0253616
0.0265241
0.0269933
0.0266537
0.0251124
0.0221044
0.0176601
0.0136413
0.00987851
0.00782821
0.00728125
0.00727231
0.00772964
0.00928348
0.0116953
0.0150658
0.0192603
0.026257
0.0353118
0.0493037
0.0698783
0.102156
0.158555
0.227025
0.318482
0.421968
0.525059
0.626338
0.743059
0.790554
0.77973
0.754649
0.781914
0.820461
0.86102
0.889358
0.895557
0.825074
0.737916
0.655542
0.577142
0.506851
0.456202
0.384435
0.2825
0.14561
0.0699535
0.049916
0.0396544
0.0359734
0.0340915
0.0322116
0.0261615
0.0216423
0.0187308
0.0248213
0.0304302
0.0590748
0.196133
0.845754
0.207988
0.05939
0.0142318
0.0139981
0.0131085
0.0132594
0.0134504
0.0135367
0.0136905
0.0134571
0.0141797
0.0143809
0.0147453
0.0162038
0.0178034
0.0195513
0.0213443
0.0230851
0.0247436
0.026177
0.02721
0.0274957
0.0269529
0.0252323
0.0220737
0.0177672
0.013535
0.00981446
0.00789217
0.007343
0.00741429
0.00786656
0.00921575
0.011567
0.0149699
0.0194264
0.0264995
0.0353606
0.0493297
0.06977
0.100395
0.150482
0.216699
0.308523
0.423111
0.540468
0.651627
0.802702
0.899366
0.920259
0.85816
0.880446
0.916941
0.958809
0.988599
0.997175
0.922089
0.832836
0.738844
0.666215
0.594349
0.537207
0.443895
0.322707
0.177451
0.0837639
0.0523978
0.0403704
0.0353654
0.032741
0.0304205
0.0245073
0.0206464
0.0222412
0.0254114
0.0294986
0.0632344
0.223473
0.327896
0.189194
0.0643362
0.0158548
0.0146682
0.0136781
0.0137025
0.0138632
0.0138538
0.0141969
0.0141004
0.0143518
0.0145411
0.0149589
0.0165379
0.0182884
0.0201807
0.0221003
0.0239337
0.0256078
0.027015
0.0278987
0.0280316
0.0272564
0.0253103
0.021818
0.0176809
0.0134066
0.00998356
0.00793737
0.00744226
0.00746904
0.00787671
0.00913715
0.0114053
0.0147874
0.0194625
0.0256147
0.0351276
0.0491855
0.0698918
0.0990716
0.142674
0.205577
0.295175
0.414612
0.55291
0.68077
0.849381
0.97583
1.03169
0.990787
0.99292
1.0288
1.07346
1.10863
1.12231
1.04193
0.958471
0.835719
0.765221
0.675779
0.612901
0.503818
0.370769
0.216098
0.0957137
0.056959
0.0415137
0.0345841
0.0312014
0.0286245
0.0229416
0.0222996
0.0223135
0.0269363
0.0400078
0.0854433
0.237447
0.188569
0.175685
0.0760168
0.0196082
0.0153247
0.0142274
0.0138873
0.0139688
0.014272
0.014283
0.0141546
0.0143029
0.014503
0.0151018
0.0167922
0.0187409
0.0208406
0.0229089
0.0248436
0.0265327
0.0279127
0.0286847
0.0288349
0.0276683
0.0254871
0.0219572
0.0174734
0.0135038
0.00983447
0.00794844
0.00751291
0.00753409
0.00789251
0.0090591
0.0112133
0.0144838
0.0190078
0.0246255
0.0334761
0.0467262
0.0664057
0.0936772
0.135059
0.193923
0.279378
0.399471
0.547435
0.702613
0.89821
1.05608
1.15617
1.16479
1.12097
1.15442
1.19876
1.23764
1.25116
1.21249
1.08023
0.963556
0.876141
0.77934
0.71049
0.583592
0.441265
0.261466
0.111783
0.0621647
0.0427112
0.0343287
0.0297722
0.0266397
0.0243427
0.0225005
0.0221422
0.0278906
0.0394775
0.0885977
0.278896
0.159464
0.199149
0.0843403
0.0267951
0.0159694
0.0147935
0.0143743
0.0143038
0.0145372
0.0144677
0.0142067
0.0141454
0.0143045
0.0152214
0.0169236
0.0190653
0.0215051
0.0237816
0.025817
0.0275204
0.0288409
0.0294231
0.0294274
0.0281901
0.0255906
0.0218086
0.0173162
0.0131735
0.0101022
0.00799958
0.00762507
0.00761877
0.00792572
0.00899083
0.0110162
0.0142126
0.018754
0.0246261
0.0330058
0.0454759
0.0635855
0.088804
0.127575
0.182017
0.261354
0.381979
0.54138
0.725798
0.922997
1.10466
1.27552
1.34258
1.27842
1.29448
1.33764
1.37912
1.39583
1.36871
1.23712
1.10757
1.00093
0.91203
0.817282
0.686602
0.518337
0.310086
0.131795
0.0696726
0.0453826
0.0338743
0.0283089
0.026328
0.0245912
0.0244624
0.0264632
0.0254527
0.0407955
0.0987251
0.272782
0.156366
0.200748
0.0953991
0.0467462
0.0165888
0.0152414
0.0148229
0.0145965
0.0147343
0.0146528
0.0142086
0.0144223
0.0144629
0.0152617
0.0168923
0.0191684
0.0220422
0.024721
0.0268656
0.0285778
0.0298038
0.0301358
0.0299098
0.0284193
0.0256279
0.0216958
0.0174226
0.0134035
0.0103993
0.0081499
0.00775473
0.00772861
0.00798221
0.00893266
0.0107875
0.0139318
0.0184592
0.0242068
0.0329169
0.045228
0.0631439
0.0866859
0.122074
0.173096
0.246199
0.36618
0.541273
0.750425
0.968035
1.14579
1.36908
1.49172
1.48522
1.44925
1.4914
1.53254
1.55346
1.53339
1.3869
1.24527
1.12899
1.03196
0.931204
0.788843
0.592512
0.37355
0.158116
0.0790401
0.04803
0.0334001
0.0269721
0.024577
0.0242722
0.0217474
0.0268007
0.0284124
0.0424691
0.104225
0.283127
0.147472
0.212127
0.110604
0.0532666
0.0172721
0.0158435
0.0152069
0.0147369
0.0147543
0.0146598
0.0146046
0.0147637
0.0145051
0.015292
0.0167985
0.0190784
0.0220821
0.0256446
0.028034
0.0297379
0.0309
0.0310566
0.0305532
0.0288027
0.0257306
0.0216275
0.0174641
0.0136922
0.0104624
0.00836179
0.00790689
0.00786879
0.00807036
0.00889434
0.0105502
0.0136204
0.0181515
0.024112
0.0328759
0.0450804
0.0620728
0.0856282
0.120721
0.171819
0.243421
0.359741
0.518168
0.723166
0.966294
1.19227
1.43715
1.63837
1.73375
1.63079
1.66035
1.69693
1.72158
1.7179
1.5618
1.41343
1.28833
1.18049
1.06251
0.896809
0.691499
0.451059
0.192272
0.0920923
0.0537005
0.0344438
0.0291871
0.0257119
0.0247395
0.0260886
0.0279963
0.0270211
0.046008
0.135433
0.260832
0.133498
0.229287
0.132182
0.0449632
0.018012
0.0163946
0.0156798
0.0149886
0.0146124
0.014567
0.014787
0.0147253
0.0145787
0.0154051
0.016873
0.0192653
0.0223774
0.0262883
0.0292198
0.0310112
0.0320965
0.0321605
0.0313453
0.0293646
0.0259693
0.0216519
0.0172534
0.0137988
0.0105548
0.00862545
0.00808377
0.00804112
0.00820774
0.00889484
0.0104648
0.0133575
0.0177184
0.0235125
0.0324839
0.0442536
0.0605749
0.0830835
0.117088
0.167674
0.240665
0.343857
0.488844
0.68779
0.946777
1.23796
1.48726
1.73658
1.87884
1.87663
1.84831
1.87583
1.89765
1.89881
1.72073
1.56272
1.45541
1.31597
1.20556
1.01486
0.816412
0.527996
0.240855
0.108903
0.0591064
0.0350615
0.0283825
0.0251216
0.0245574
0.0268523
0.0288963
0.0330494
0.0574926
0.13523
0.233303
0.116471
0.232363
0.173165
0.0431009
0.018739
0.0169228
0.0161294
0.015293
0.0147701
0.0146086
0.0147483
0.0146397
0.0147138
0.0153651
0.0166994
0.0189501
0.0225202
0.0268273
0.0303457
0.0323688
0.0333875
0.0335323
0.0322451
0.0301566
0.0264271
0.0219889
0.0175214
0.0139381
0.0110358
0.00894588
0.00827971
0.00819337
0.0083171
0.00891483
0.0104487
0.0130625
0.0174173
0.0233663
0.0318178
0.0433794
0.059347
0.082879
0.113428
0.162052
0.230923
0.32695
0.460546
0.645398
0.8998
1.21447
1.54497
1.80739
2.04236
2.15805
2.10037
2.08987
2.09612
2.11051
1.93307
1.74677
1.63943
1.4902
1.35838
1.16017
0.946034
0.612624
0.303342
0.130195
0.070672
0.0387104
0.028978
0.0253433
0.0239764
0.0269979
0.0263978
0.0355173
0.0549353
0.13361
0.20438
0.0999987
0.218882
0.231356
0.0584188
0.0194532
0.0174939
0.0165911
0.015581
0.0148997
0.0145888
0.0146462
0.0144942
0.0145253
0.0152327
0.0166372
0.0190308
0.0228749
0.0272638
0.0311154
0.0336559
0.0346309
0.0346146
0.0332796
0.0310429
0.0271239
0.0226061
0.018133
0.0143993
0.0115668
0.00936907
0.00850388
0.00835083
0.00842723
0.00893167
0.0103407
0.0129534
0.0174077
0.0233643
0.0319512
0.0436381
0.0593322
0.0817659
0.112814
0.159178
0.22323
0.312892
0.438518
0.611364
0.854287
1.168
1.52333
1.84511
2.16583
2.38864
2.50226
2.42205
2.25763
2.26437
2.2059
1.92926
1.82793
1.64132
1.54138
1.32998
1.07642
0.748167
0.408313
0.166015
0.0835231
0.0406726
0.0302108
0.0262089
0.0249807
0.0275412
0.0258473
0.0367725
0.0606676
0.146884
0.184193
0.0861099
0.161734
0.271045
0.0794033
0.0201503
0.018097
0.0170708
0.0158568
0.0150362
0.0145925
0.0145416
0.0143532
0.0145488
0.0152033
0.0165448
0.0190177
0.0231092
0.0274689
0.0317085
0.0348788
0.0358808
0.0357044
0.0342784
0.03201
0.02801
0.023458
0.0190785
0.0153435
0.0122671
0.00989394
0.00875574
0.00850156
0.00853519
0.00895106
0.0102284
0.0128839
0.0172369
0.023302
0.0314752
0.0431378
0.0597755
0.0820675
0.112828
0.155835
0.216
0.301785
0.423628
0.59708
0.836806
1.14701
1.50102
1.87779
2.22465
2.54133
2.6691
2.54723
2.52925
2.50061
2.43369
2.16696
1.9822
1.86797
1.71227
1.49385
1.22645
0.894079
0.472789
0.190562
0.10101
0.0506302
0.0319221
0.0261949
0.024773
0.0272817
0.0278137
0.0366388
0.0666396
0.139913
0.167994
0.0755307
0.112856
0.274454
0.0846363
0.0208668
0.0186834
0.0174937
0.0161816
0.0151719
0.0146058
0.01431
0.0143486
0.0144354
0.0151521
0.0165911
0.0190064
0.0227162
0.0280374
0.032618
0.0361227
0.0371948
0.0368675
0.0353702
0.0330941
0.0290461
0.0244982
0.0201565
0.016385
0.0130473
0.0104806
0.00904387
0.00865144
0.00864527
0.00898069
0.010183
0.0127724
0.0168712
0.0228903
0.0313216
0.0428831
0.0587754
0.0805965
0.110482
0.151686
0.209183
0.291115
0.407327
0.573117
0.805303
1.11494
1.49361
1.89807
2.26134
2.65564
2.88412
3.02057
2.93007
2.70866
2.67765
2.39602
2.19214
2.06826
1.90931
1.70073
1.42119
1.06116
0.620698
0.271894
0.136783
0.0606952
0.0346996
0.028132
0.0292191
0.0287959
0.0298853
0.0410763
0.0732966
0.13891
0.14886
0.0671914
0.0736318
0.224156
0.0666931
0.021595
0.0193469
0.0178931
0.0165227
0.0153418
0.0147022
0.0141359
0.0142057
0.0142134
0.014812
0.0162534
0.0187503
0.0227
0.0277547
0.0332604
0.0371646
0.0385144
0.0380784
0.0365475
0.034291
0.0302519
0.0257372
0.0214142
0.0175157
0.0138965
0.011105
0.00938819
0.00881044
0.00876176
0.00901144
0.0100622
0.0124773
0.0163883
0.0222208
0.0304739
0.0418321
0.0573938
0.0786504
0.107655
0.147442
0.202752
0.280586
0.390648
0.547361
0.768511
1.07056
1.45614
1.89362
2.29734
2.68489
3.00749
3.13284
3.1807
3.04439
2.89356
2.62275
2.42087
2.28803
2.11704
1.90316
1.60697
1.21098
0.747379
0.315804
0.154544
0.0838522
0.0412465
0.0294629
0.0290997
0.0323052
0.031062
0.0448868
0.0793988
0.127615
0.12573
0.0619497
0.0584107
0.190972
0.0594972
0.0223055
0.0200988
0.0182463
0.0168916
0.0155692
0.0148384
0.0141089
0.0141771
0.0142003
0.0147929
0.0163685
0.0189964
0.0227842
0.0282097
0.0335226
0.0376424
0.0396733
0.0392503
0.0378091
0.0355909
0.0316706
0.0271966
0.0228617
0.0187769
0.0148499
0.0117823
0.00978113
0.00898277
0.00889308
0.00908227
0.00998904
0.0121529
0.0158481
0.0214456
0.0294523
0.040528
0.0556945
0.0763752
0.104544
0.143056
0.196167
0.270116
0.373928
0.520937
0.729122
1.01859
1.40147
1.86104
2.33316
2.71799
3.10472
3.31775
3.42599
3.30933
2.95034
2.87829
2.67648
2.49129
2.3328
2.09347
1.78321
1.4018
0.911615
0.419185
0.213757
0.125834
0.0507101
0.0318945
0.0303741
0.0338645
0.0329487
0.0494743
0.086078
0.112464
0.101876
0.0597499
0.0541835
0.158736
0.0495192
0.0229673
0.0209154
0.0186495
0.0172566
0.0157638
0.0149746
0.0140963
0.0141634
0.0142403
0.0148029
0.0162024
0.0189102
0.0229653
0.0280072
0.0336063
0.0377442
0.0403856
0.0402529
0.0390539
0.0368521
0.0331722
0.0288064
0.0244839
0.0201905
0.0159526
0.0125497
0.010226
0.00916407
0.0089828
0.00911381
0.00986534
0.0118158
0.0152737
0.0206025
0.0283109
0.0390384
0.0537503
0.0738138
0.101112
0.13832
0.189277
0.259568
0.357374
0.494905
0.689511
0.962749
1.33278
1.79568
2.30229
2.75371
3.16991
3.4517
3.59399
3.57682
3.19036
3.08741
2.88987
2.68915
2.52331
2.2825
2.00293
1.5895
1.07947
0.58164
0.286013
0.156022
0.0588455
0.0355719
0.032537
0.0335651
0.0354667
0.0538999
0.0832296
0.0983521
0.084104
0.0599145
0.0535571
0.117115
0.0994333
0.0235151
0.0216754
0.0191518
0.0176446
0.0159344
0.0150622
0.0140706
0.0141206
0.0143109
0.0147457
0.0162185
0.0190664
0.023265
0.0282652
0.0339314
0.0380859
0.0407621
0.0409597
0.0399977
0.0380388
0.0346081
0.0304271
0.026175
0.0217294
0.0172111
0.0134386
0.0107464
0.00937513
0.00907606
0.00914657
0.00975157
0.0114768
0.0146847
0.0197197
0.0270873
0.0374088
0.051602
0.0709839
0.0973449
0.1332
0.18204
0.24888
0.341092
0.469731
0.651031
0.90661
1.25849
1.7141
2.24325
2.76553
3.17663
3.51009
3.71425
3.79458
3.66216
3.27116
3.1507
2.83623
2.71294
2.49128
2.20849
1.77791
1.30668
0.733815
0.353628
0.212684
0.0926754
0.0436081
0.0350063
0.0358929
0.0383854
0.0581809
0.0851493
0.0869784
0.0752051
0.0623556
0.0534785
0.080901
0.130413
0.023963
0.0223126
0.0197026
0.0180517
0.0161309
0.0151283
0.0140447
0.0139637
0.0141404
0.0145037
0.0158864
0.0186641
0.0229349
0.0283937
0.0336158
0.0384118
0.0409515
0.0413582
0.0405704
0.0388425
0.0358715
0.0319381
0.0277827
0.023283
0.0185561
0.0144392
0.0113553
0.00962349
0.00917324
0.00918314
0.00964917
0.0111546
0.0140992
0.0188223
0.0258138
0.0356805
0.0492929
0.0679211
0.0932735
0.127722
0.174467
0.23804
0.325063
0.445453
0.61407
0.851684
1.18216
1.62083
2.15302
2.71505
3.20631
3.54043
3.78142
3.87937
3.833
3.53125
3.33897
3.05426
2.92336
2.71021
2.42679
1.99682
1.51768
0.928377
0.488887
0.286048
0.138841
0.0489406
0.0390789
0.0389447
0.0417637
0.06251
0.0828967
0.0810269
0.0724642
0.0665119
0.0542996
0.056811
0.107696
0.0243812
0.0228815
0.0201835
0.0184651
0.0163631
0.0152259
0.0141148
0.0139932
0.0141102
0.0143781
0.015653
0.0183105
0.0224797
0.0282447
0.0339024
0.0386326
0.0411683
0.0415491
0.0409913
0.0395755
0.0369512
0.0333296
0.02924
0.0247334
0.0198903
0.0154904
0.012036
0.00991416
0.00928942
0.00924022
0.00958092
0.010867
0.0135354
0.0179379
0.0245264
0.0339004
0.046879
0.0646846
0.0889592
0.121945
0.166603
0.227045
0.309219
0.421962
0.578668
0.798738
1.10642
1.52233
2.04438
2.62511
3.17154
3.58934
3.8446
4.00206
4.05586
3.69215
3.55168
3.24358
3.11444
2.89145
2.60759
2.19047
1.72724
1.14148
0.653724
0.375312
0.185194
0.0639656
0.0454897
0.0430194
0.0462063
0.0671331
0.0773363
0.0798869
0.0730041
0.0710332
0.0560868
0.0462631
0.0728025
0.0248323
0.0234956
0.0205983
0.0189047
0.016613
0.0153937
0.0142884
0.0142038
0.0143453
0.0145898
0.0158875
0.0186141
0.022689
0.0279275
0.0342003
0.0389004
0.0415933
0.0420205
0.0414537
0.0401571
0.0378393
0.0345468
0.0305462
0.0260507
0.0211542
0.0165312
0.0127563
0.0102574
0.00943253
0.00933445
0.00957217
0.0106101
0.0130166
0.0170977
0.0232698
0.0321258
0.0444313
0.0613575
0.0844922
0.11596
0.158517
0.215918
0.293509
0.399132
0.544725
0.748003
1.03257
1.42218
1.9247
2.5083
3.09077
3.56772
3.86657
4.04332
4.105
4.03634
3.66827
3.43855
3.28244
3.06818
2.79215
2.39101
1.90622
1.35626
0.876631
0.501191
0.261576
0.105399
0.0560675
0.0493271
0.0527247
0.072335
0.0723309
0.0796258
0.0755507
0.0756687
0.0582052
0.0407339
0.0564668
0.0253334
0.0241448
0.0209888
0.0193739
0.0168925
0.0156522
0.0145711
0.0145512
0.0146447
0.0148329
0.01609
0.0186691
0.0225948
0.0274556
0.0337231
0.0389957
0.042151
0.042511
0.0419258
0.0405977
0.0385229
0.0355424
0.0316978
0.0272439
0.0223295
0.0175292
0.0134775
0.0106688
0.00960552
0.00942442
0.00958962
0.0104264
0.0125668
0.016338
0.0220978
0.0304254
0.0420373
0.058047
0.0799949
0.109895
0.150329
0.204743
0.277955
0.376913
0.512158
0.699575
0.961405
1.32284
1.79934
2.37383
2.97944
3.51489
3.89525
4.10111
4.20582
4.17224
3.7933
3.65775
3.44468
3.22591
2.94916
2.54064
2.04942
1.59805
1.09204
0.653113
0.366365
0.16445
0.0713568
0.0579829
0.0604728
0.0775339
0.0714419
0.0807696
0.0796352
0.08048
0.0605338
0.0373796
0.0448631
0.0259453
0.0246777
0.0213882
0.0198638
0.0172594
0.0160371
0.0150557
0.0151241
0.0151471
0.0153141
0.0165256
0.018904
0.0227911
0.0277329
0.0332064
0.0390852
0.0427645
0.0432166
0.0426088
0.0411024
0.0390331
0.0362525
0.0326402
0.0283213
0.0234198
0.0184913
0.0142221
0.0111473
0.00984123
0.00958356
0.00968949
0.0103772
0.0122334
0.0156951
0.0210702
0.0288777
0.0397999
0.0548865
0.0756285
0.10393
0.142226
0.193692
0.262688
0.355372
0.480982
0.653533
0.893426
1.22595
1.67191
2.22689
2.8394
3.41425
3.85656
4.12625
4.24929
4.26829
3.92161
3.80591
3.56478
3.33488
3.03432
2.59095
2.22591
1.77869
1.32286
0.842415
0.498402
0.240716
0.101233
0.076915
0.0694993
0.0816266
0.0719714
0.0837424
0.0849608
0.0857529
0.0632715
0.0353293
0.0353552
0.0267021
0.0251293
0.0218416
0.0203942
0.0177776
0.0166925
0.015928
0.0159821
0.0158917
0.0161759
0.0173619
0.0194399
0.0232063
0.0279796
0.0335929
0.0391783
0.0433755
0.0442649
0.0436551
0.0418141
0.0395562
0.0368248
0.033384
0.0292466
0.0243998
0.01944
0.0150139
0.0117044
0.0101695
0.00984083
0.00989862
0.0104455
0.0120938
0.0152407
0.0202451
0.0275701
0.0378375
0.052036
0.0715999
0.0983142
0.134488
0.183059
0.24798
0.334724
0.451352
0.610023
0.828995
1.13255
1.54479
2.07201
2.67807
3.27689
3.76669
4.08662
4.24153
4.28909
4.18079
3.87374
3.64413
3.43964
3.06899
2.67431
2.40044
1.9362
1.55678
1.02906
0.66061
0.353933
0.142817
0.104286
0.079114
0.0843943
0.0752006
0.0881979
0.0909672
0.0920946
0.066328
0.0337509
0.0281319
0.0278227
0.0256459
0.0224904
0.021038
0.0185919
0.0178016
0.0173354
0.0174032
0.0172558
0.0176877
0.0186344
0.0205651
0.0241322
0.0285819
0.0339366
0.0390359
0.0439679
0.0457813
0.0453316
0.0431187
0.0404795
0.0376742
0.0342353
0.0301749
0.0253247
0.0203946
0.0158784
0.0123722
0.0106422
0.0102554
0.010278
0.0107064
0.0121953
0.0150914
0.0197361
0.0266076
0.0362802
0.0496817
0.0681645
0.0933706
0.127503
0.173289
0.234295
0.315397
0.423646
0.569385
0.768564
1.04354
1.41959
1.91146
2.49845
3.10795
3.63684
4.00955
4.2162
4.29529
4.26746
3.95409
3.69732
3.44213
3.05967
2.7498
2.50244
2.065
1.75276
1.20032
0.857343
0.515849
0.205791
0.134746
0.0905792
0.0892571
0.0811413
0.0910223
0.096319
0.0994639
0.0694808
0.032336
0.023316
0.0296689
0.02656
0.0236545
0.022097
0.0201361
0.0195462
0.019462
0.0194604
0.0197045
0.0200823
0.020663
0.0226019
0.0260047
0.0301305
0.0351674
0.0402628
0.0445217
0.0475983
0.0478756
0.0454952
0.0421592
0.039061
0.035453
0.0314527
0.0265259
0.0215215
0.0169118
0.0132304
0.0113348
0.010904
0.0109006
0.0112217
0.0125567
0.0153034
0.0197271
0.0261778
0.0353562
0.0480714
0.0656305
0.0894972
0.121765
0.165002
0.222345
0.298113
0.398592
0.532332
0.712949
0.960257
1.29858
1.74811
2.30242
2.90671
3.46362
3.88491
4.14244
4.25444
4.24702
3.94736
3.74683
3.41035
3.09416
2.7817
2.56894
2.19096
1.90314
1.35849
1.06626
0.6929
0.291221
0.174194
0.103588
0.0965587
0.0893485
0.0932358
0.102133
0.107024
0.0723712
0.0314667
0.0201551
0.0326969
0.0282454
0.0257572
0.0240883
0.0226291
0.0223002
0.0224641
0.0219677
0.0222194
0.0228505
0.0238651
0.0259602
0.0293428
0.0332059
0.0378605
0.0426591
0.0470696
0.0501284
0.0513161
0.04989
0.0452565
0.0413884
0.0373877
0.0332954
0.0282539
0.0230219
0.0183153
0.0144406
0.012366
0.0118929
0.0118688
0.0120958
0.0132875
0.0159019
0.0202009
0.0265308
0.0354371
0.0476199
0.0645009
0.0873616
0.118047
0.15909
0.213131
0.283972
0.377439
0.50018
0.663576
0.884816
1.18537
1.5877
2.09608
2.67542
3.24272
3.70291
4.00111
4.13464
4.13284
4.00071
3.70459
3.40946
3.06244
2.80092
2.59235
2.27206
1.98029
1.49979
1.24951
0.864384
0.399271
0.232888
0.119114
0.106915
0.0996008
0.0983571
0.108938
0.114443
0.074759
0.0308525
0.0180927
0.0375706
0.0315456
0.0293223
0.0276339
0.0266036
0.0270033
0.0269653
0.0269455
0.0267439
0.0276143
0.028626
0.0312599
0.034856
0.0386655
0.0430592
0.047495
0.0516549
0.055039
0.0570672
0.0565659
0.0513655
0.0452922
0.040733
0.0359635
0.0308792
0.0251365
0.0203511
0.0162228
0.0139066
0.0133756
0.0133308
0.0134984
0.0145308
0.0170728
0.0213527
0.02766
0.0365491
0.048838
0.0656057
0.0880712
0.117637
0.157032
0.208433
0.275068
0.362318
0.475022
0.622703
0.820104
1.08432
1.43774
1.88995
2.42337
2.97595
3.46072
3.80833
3.99477
4.02521
3.92846
3.61554
3.37428
3.00043
2.80135
2.60461
2.31347
2.03444
1.62959
1.39486
1.01574
0.521113
0.301823
0.137855
0.121735
0.112471
0.106161
0.117068
0.121493
0.0765522
0.0299825
0.0167667
0.0449945
0.0378603
0.0351826
0.0338244
0.0328046
0.0332834
0.033329
0.0334529
0.0340313
0.0351122
0.0356819
0.0394107
0.0436494
0.0478707
0.0524278
0.056756
0.0604721
0.0634124
0.0659555
0.0662026
0.0623833
0.0523715
0.0466278
0.0400784
0.0348814
0.0281363
0.0232708
0.0188213
0.0161758
0.0155677
0.0154616
0.0156847
0.0164378
0.0189707
0.0233834
0.0298951
0.0391326
0.0518831
0.0691269
0.0919763
0.121914
0.161024
0.211272
0.275003
0.357077
0.461182
0.594918
0.770455
1.00082
1.30705
1.69826
2.16952
2.67854
3.15626
3.53165
3.76053
3.81449
3.73977
3.47666
3.20622
2.92718
2.78789
2.59186
2.32693
2.0662
1.72636
1.51066
1.13234
0.638801
0.371502
0.161271
0.142385
0.128499
0.114922
0.125688
0.128004
0.0777619
0.0290136
0.0157715
0.0567793
0.0477446
0.0449021
0.0448723
0.0434843
0.0426363
0.0423338
0.0421437
0.0427064
0.0446239
0.0469957
0.0516122
0.0571985
0.0625616
0.0683465
0.0740158
0.0779869
0.0795145
0.0817357
0.0823419
0.0800518
0.065938
0.0570323
0.0471559
0.0410901
0.0325336
0.0274872
0.0225647
0.0194868
0.0188038
0.0183676
0.0187025
0.0192707
0.0218389
0.0265484
0.0335516
0.0435891
0.0574533
0.0760977
0.100543
0.132041
0.17242
0.223408
0.287452
0.367345
0.465944
0.588296
0.744676
0.944769
1.20566
1.53544
1.93622
2.37868
2.81591
3.18803
3.44431
3.52243
3.48017
3.26332
3.01272
2.87558
2.75913
2.56851
2.33565
2.09177
1.81605
1.60236
1.21145
0.748169
0.436348
0.191387
0.170626
0.146694
0.124098
0.134456
0.133855
0.0782878
0.0281216
0.0149745
0.0746036
0.0630193
0.0610658
0.0609947
0.0592074
0.0570679
0.057434
0.0594692
0.0579643
0.0618156
0.0643496
0.069903
0.0775583
0.0849248
0.0936325
0.104392
0.113383
0.113128
0.111878
0.111336
0.110764
0.0924268
0.0763813
0.0602877
0.0514776
0.03938
0.0338035
0.0279738
0.0243317
0.0236849
0.022641
0.0230577
0.023449
0.0260552
0.0312603
0.0391499
0.0505987
0.0664527
0.0876912
0.115311
0.150454
0.194965
0.250196
0.317673
0.398927
0.495989
0.613625
0.756859
0.93186
1.15231
1.42426
1.75048
2.11501
2.48756
2.82388
3.08302
3.18648
3.17674
3.02856
2.89957
2.8117
2.68322
2.52083
2.33295
2.12649
1.8938
1.65372
1.27263
0.842917
0.497766
0.231116
0.208019
0.164628
0.133933
0.143282
0.138854
0.078185
0.0273243
0.0144121
0.101394
0.0859409
0.0879151
0.0869595
0.0827431
0.0852713
0.0837836
0.0856806
0.0827087
0.0884566
0.091165
0.098818
0.109141
0.119099
0.131385
0.147832
0.160837
0.159061
0.149971
0.162531
0.16419
0.141397
0.117208
0.0861882
0.0706948
0.0511454
0.0437212
0.0359562
0.0314547
0.0309391
0.0290886
0.0295241
0.0295755
0.0322792
0.038222
0.0475902
0.0613514
0.0804581
0.105985
0.138988
0.180677
0.233189
0.297558
0.374682
0.465041
0.569103
0.688559
0.82551
0.984789
1.17469
1.39504
1.64847
1.92777
2.21603
2.49234
2.73102
2.86444
2.88846
2.82434
2.75865
2.7079
2.59125
2.50268
2.35019
2.18882
1.96391
1.7038
1.3374
0.938403
0.559788
0.289993
0.253591
0.18085
0.144827
0.152113
0.142259
0.0771296
0.0267303
0.0140882
0.141028
0.118178
0.125239
0.126646
0.126383
0.12662
0.121001
0.127937
0.124531
0.133853
0.137942
0.146338
0.162372
0.177009
0.195337
0.220775
0.240663
0.237102
0.227317
0.251653
0.25787
0.250206
0.203592
0.143371
0.111162
0.073685
0.0606162
0.0484442
0.0422113
0.0416995
0.0387261
0.039272
0.0388875
0.0417013
0.0487223
0.0605226
0.0780891
0.102492
0.135
0.176746
0.229282
0.295478
0.376286
0.472319
0.583116
0.707425
0.844352
0.992673
1.15253
1.32402
1.50406
1.6901
1.88174
2.07074
2.25283
2.42992
2.58455
2.6518
2.67595
2.67002
2.65353
2.58365
2.53015
2.42148
2.25193
2.05813
1.78552
1.42183
1.04051
0.638296
0.372333
0.299039
0.198197
0.156575
0.160849
0.143542
0.074939
0.026404
0.0139361
0.196438
0.164711
0.177578
0.183028
0.186281
0.191193
0.191755
0.194979
0.197028
0.221233
0.223955
0.219568
0.249618
0.272762
0.301681
0.34737
0.381312
0.371181
0.372201
0.426742
0.443626
0.44343
0.416927
0.277022
0.210282
0.120092
0.092934
0.0697556
0.059394
0.0580386
0.0537233
0.0545297
0.0538601
0.0565794
0.0650045
0.081009
0.105259
0.138819
0.183374
0.239931
0.310803
0.400379
0.509788
0.63961
0.788671
0.954375
1.13398
1.3228
1.51563
1.70493
1.87996
2.01923
2.11272
2.16541
2.19416
2.24349
2.36676
2.43817
2.50843
2.59278
2.66193
2.6936
2.63088
2.56371
2.40805
2.21886
1.94618
1.58076
1.20068
0.763621
0.470451
0.33414
0.219751
0.167819
0.169365
0.142024
0.0715179
0.0263242
0.0139323
0.265852
0.223108
0.243984
0.256638
0.265799
0.278844
0.278961
0.283681
0.286838
0.327156
0.328105
0.320422
0.379081
0.419307
0.458095
0.535757
0.605722
0.545974
0.629019
0.756579
0.828918
0.879883
0.887711
0.601562
0.465811
0.223962
0.15703
0.107255
0.0872019
0.0832588
0.0782845
0.07932
0.0805298
0.0821306
0.0911131
0.114355
0.15098
0.20164
0.269211
0.35476
0.462591
0.599456
0.765618
0.962658
1.18829
1.43797
1.70713
1.98746
2.26955
2.54177
2.79812
2.96364
2.99354
2.86406
2.60441
2.40433
2.36809
2.36205
2.36954
2.49386
2.62492
2.79226
2.89502
2.90584
2.67149
2.55303
2.26202
1.88335
1.44458
0.934413
0.551947
0.358937
0.240303
0.176958
0.176855
0.13654
0.0675377
0.0264754
0.0140403
0.321344
0.272787
0.302158
0.32379
0.339435
0.361243
0.361421
0.365864
0.360354
0.415151
0.41676
0.407054
0.518254
0.607751
0.635264
0.671349
0.785315
0.756027
0.913012
1.16142
1.33801
1.49892
1.58461
1.11
0.916812
0.411989
0.250961
0.156613
0.121259
0.11475
0.115409
0.113473
0.118328
0.116297
0.131239
0.16565
0.224394
0.306159
0.416673
0.555766
0.733512
0.964575
1.2494
1.59617
2.00631
2.47922
3.01682
3.61351
4.25664
4.90958
5.50494
5.949
6.22728
5.95778
4.13422
3.19193
2.80249
2.7283
2.57889
2.63255
2.65453
2.87458
3.07972
3.18609
3.15922
2.89756
2.61315
2.18191
1.68487
1.04665
0.593248
0.377482
0.250388
0.18533
0.180429
0.127692
0.0643007
0.0267736
0.0142125
0.304174
0.255196
0.281144
0.291299
0.295683
0.332576
0.336889
0.343532
0.331822
0.378739
0.382417
0.373404
0.457201
0.510011
0.511391
0.58494
0.674033
0.680278
0.823775
1.03754
1.19096
1.33186
1.39944
0.990545
0.854708
0.383227
0.253646
0.156303
0.125561
0.12173
0.125745
0.129829
0.1339
0.136221
0.142628
0.186926
0.254131
0.34822
0.474434
0.631449
0.83218
1.09222
1.41015
1.79665
2.25368
2.78357
3.39192
4.07641
4.8251
5.59085
6.27446
6.72299
6.85043
6.82132
4.18868
3.31342
2.68328
2.59071
2.46886
2.43074
2.42291
2.60417
2.79288
3.00614
3.04555
2.81735
2.58562
2.20573
1.72208
1.05173
0.597172
0.380504
0.251789
0.19146
0.177552
0.120259
0.0630851
0.0270062
0.0143362
)
;

boundaryField
{
    inletFace
    {
        type            zeroGradient;
    }
    inlet
    {
        type            fixedValue;
        value           uniform 2040;
    }
    inletWalls
    {
        Cmu             0.09;
        kappa           0.41;
        E               9.8;
        type            epsilonWallFunction;
        value           nonuniform List<scalar> 
30
(
0.0801845
0.0115048
0.000357952
0.000132065
0.000221162
0.000659882
0.00142213
0.00132069
0.000529988
0.000315498
0.000320172
0.000279596
0.00037214
0.00116766
0.00112416
0.364347
0.305533
0.344109
0.358649
0.378593
0.393258
0.390564
0.361912
0.311484
0.253713
0.202412
0.155668
0.112955
0.0817174
0.0565621
)
;
    }
    outletInlet
    {
        type            cyclicAMI;
        value           nonuniform List<scalar> 
15
(
0.0175701
0.0210005
0.0197537
0.0270621
0.0283536
0.0247126
0.0269735
0.0251571
0.030898
0.0223879
0.0300389
0.0393954
0.0702449
0.149629
0.20781
)
;
    }
    fineSymmetryWall
    {
        type            symmetryPlane;
    }
    fineWalls
    {
        Cmu             0.09;
        kappa           0.41;
        E               9.8;
        type            epsilonWallFunction;
        value           nonuniform List<scalar> 
160
(
0.012386
0.00810084
0.00868319
0.0152438
0.0100185
0.0176341
0.0116497
0.0124925
0.0219149
0.0143652
0.0153864
0.0270439
0.0177392
0.0315306
0.0208566
0.0227003
0.0406724
0.0268809
0.047662
0.031785
0.0348389
0.0615168
0.0413458
0.0441503
0.0723703
0.0496234
0.0788129
0.055421
0.0576838
0.0856246
0.0555256
0.0840207
0.0553545
0.0574738
0.0868181
0.0552742
0.0554334
0.0831752
0.0503438
0.0760226
0.0456838
0.0441226
0.0662778
0.0397072
0.0602063
0.0392639
0.0500225
0.0780003
0.0851872
0.0952308
0.140446
0.0735004
0.109805
0.0590911
0.0543105
0.0810894
0.0457605
0.0688037
0.0393437
0.036471
0.054754
0.0312675
0.0284903
0.0338789
0.00246028
0.00104753
0.000595173
0.00059302
0.000951204
0.000583709
0.000954674
0.000585996
0.000579256
0.000949786
0.000583108
0.000576367
0.000944261
0.00057978
0.000927574
0.000576974
0.0346034
0.0187894
0.0302059
0.0293504
0.0286475
0.016296
0.0267075
0.0262731
0.0258781
0.0149254
0.0246412
0.0243453
0.0140972
0.0233335
0.0230921
0.0228384
0.013276
0.0219662
0.0217823
0.0127431
0.0212248
0.0211446
0.0211006
0.0125246
0.0207724
0.0207019
0.0207212
0.0124227
0.0204335
0.0203222
0.0121385
0.0195712
0.0192695
0.0191407
0.0115181
0.0184636
0.0181912
0.0108873
0.0170982
0.0166435
0.0163814
0.0098933
0.0156689
0.0154142
0.0153865
0.00963628
0.0152668
0.015082
0.00937505
0.0143052
0.0138193
0.0135483
0.00847502
0.0126927
0.0122353
0.0119729
0.00767574
0.0112948
0.0109606
0.00710968
0.00989314
0.00942882
0.00917519
0.00617406
0.00830945
0.00801318
0.00546304
0.0072962
0.00706481
0.00702588
0.00477936
0.00754216
0.00775689
0.00804794
0.00515432
0.00868177
0.00892571
0.00536693
0.00909497
0.00924915
)
;
    }
    fineCyclicBoundary
    {
        type            zeroGradient;
    }
    fineplug
    {
        type            cyclicAMI;
        value           nonuniform List<scalar> 
80
(
0.0183341
0.0196716
0.0203647
0.0127955
0.0184382
0.0194541
0.0198995
0.0204773
0.0212849
0.0220836
0.0217247
0.0190372
0.014755
0.0210436
0.0222017
0.0232654
0.0263437
0.0271775
0.0279875
0.0282969
0.0279397
0.0217703
0.0292548
0.0297932
0.0300659
0.0295262
0.0287181
0.0270249
0.0271347
0.0268732
0.0263643
0.0180396
0.0281213
0.0279071
0.0279973
0.0263037
0.0255094
0.0245281
0.0245597
0.0243181
0.0234785
0.0272616
0.0291729
0.030411
0.0308878
0.0314696
0.0310639
0.0304717
0.0207018
0.0155782
0.0249371
0.025315
0.0260475
0.0289448
0.0295789
0.0307727
0.0318329
0.0332243
0.0247632
0.0371325
0.0387913
0.0395803
0.0434121
0.0449967
0.0652454
0.0666177
0.0720488
0.0750686
0.06745
0.129819
0.150721
0.151698
0.14892
0.149159
0.171039
0.219003
0.209669
0.230327
0.191002
0.175543
)
;
    }
    faceFine
    {
        type            zeroGradient;
    }
}


// ************************************************************************* //
