/*--------------------------------*- C++ -*----------------------------------*\
| =========                 |                                                 |
| \\      /  F ield         | OpenFOAM: The Open Source CFD Toolbox           |
|  \\    /   O peration     | Version:  4.1                                   |
|   \\  /    A nd           | Web:      www.OpenFOAM.org                      |
|    \\/     M anipulation  |                                                 |
\*---------------------------------------------------------------------------*/
FoamFile
{
    version     2.0;
    format      ascii;
    class       volScalarField;
    location    "16";
    object      p;
}
// * * * * * * * * * * * * * * * * * * * * * * * * * * * * * * * * * * * * * //

dimensions      [0 2 -2 0 0 0 0];

internalField   nonuniform List<scalar> 
6785
(
526.836
473.439
421.607
373.196
328.305
286.288
246.933
209.929
174.834
141.47
110.528
82.3887
53.3597
18.4406
-10.7125
60.4018
38.1405
32.3816
28.6712
23.197
17.4894
12.3363
7.94736
4.46327
2.00432
0.812842
1.31433
3.41067
5.28217
5.54223
-42.3825
-49.026
-43.2594
-39.1126
-36.0223
-32.4272
-28.5412
-24.6042
-20.7001
-16.9847
-13.6396
-10.573
-7.4966
-4.84408
-3.61011
3.74975
1.33115
5.92342
6.24737
6.30074
6.51567
6.42636
6.04882
5.46707
4.70765
3.75065
2.64094
1.73012
1.57728
1.88725
20.1813
17.8475
19.4004
17.3019
15.8823
14.6381
13.2276
11.845
10.587
9.49527
8.59366
7.88045
7.4021
7.36868
7.61311
10.9619
8.93637
9.90768
8.68635
8.481
8.46319
8.37351
8.40485
8.55874
8.80059
9.11839
9.47995
9.7985
10.0544
10.2287
7.51243
6.35199
7.43033
7.10178
7.48227
7.87108
8.16485
8.51041
8.86233
9.18277
9.4685
9.71883
9.89426
9.97336
9.98767
9.23138
8.66602
9.50441
9.2626
9.44713
9.5482
9.56104
9.59575
9.61095
9.59747
9.56602
9.53143
9.49229
9.4426
9.39118
9.63107
9.29309
9.76957
9.46447
9.47748
9.42279
9.32467
9.25601
9.18118
9.10309
9.02824
8.96145
8.90379
8.84992
8.79261
8.41575
8.19207
8.47421
8.23948
8.25639
8.22079
8.16527
8.13386
8.09626
8.05769
8.01991
7.98064
7.93861
7.88936
7.82076
7.36232
7.21118
7.38867
7.22108
7.23375
7.19243
7.13631
7.09283
7.03888
6.98102
6.92118
6.85787
6.79221
6.72312
6.63265
6.40436
6.34058
6.43211
6.24458
6.18764
6.09081
5.98939
5.89394
5.7896
5.68314
5.576
5.46836
5.36486
5.27121
5.16137
7.39466
7.25305
7.06177
6.64225
6.34318
6.01183
5.67088
5.34387
5.02586
4.72818
4.45174
4.20215
3.98297
3.80936
3.65332
4.33918
4.81977
5.19631
5.02378
4.6591
4.2237
3.82233
3.46144
3.11491
2.77004
2.42502
2.07484
1.7244
1.38477
1.01941
22.4353
21.8152
20.8461
18.1442
14.4246
10.7547
7.38905
4.43396
1.77188
-0.453468
-2.34211
-3.89131
-5.0884
-5.92796
-6.4737
35.6213
34.6879
35.6039
35.1147
34.9374
34.239
35.2325
34.338
33.7607
32.9939
33.7799
32.0505
30.0105
31.2881
29.5365
28.0756
27.6061
28.2572
25.0839
22.6772
24.1859
21.6482
19.4591
19.5457
20.4561
17.0603
14.7375
15.4803
17.0011
13.46
11.4101
14.0023
12.093
10.3851
11.5318
14.1638
11.9905
11.2613
14.5759
13.7722
12.9197
14.361
17.2355
16.3961
15.8159
17.3002
20.0923
19.5756
19.906
22.7023
22.9521
23.0057
24.0625
26.0577
26.0306
25.929
26.5725
28.3444
28.3989
28.4425
30.2378
30.4931
30.3556
30.2747
31.7019
31.9418
31.8557
32.0772
31.8897
32.5058
33.2228
31.0261
30.4764
31.075
28.9054
24.0299
26.5164
20.4727
2.87715
8.18121
11.3356
11.0513
11.2008
5.56948
6.43384
9.56307
10.3019
10.3591
9.93449
9.97897
11.0987
11.9742
11.3044
5.52585
6.07889
7.89202
9.2638
9.15399
8.90278
8.26836
7.8566
8.78967
5.93906
6.24395
6.26744
7.0243
8.35607
8.99132
8.66118
7.66521
6.49348
8.49401
7.28957
7.29298
6.94094
6.76653
7.65481
8.40218
7.0722
4.71599
4.93195
7.47484
8.34806
8.52057
7.81765
7.12711
6.2783
5.19925
3.77873
7.33412
8.32631
6.70541
6.35448
5.92946
4.85293
2.92861
-0.291787
-2.90149
0.244682
4.79893
2.63701
1.18667
-1.0697
-4.16823
-6.56416
-8.45899
-10.8018
-12.1131
-15.219
-9.53029
-10.7394
-10.4788
-10.6429
-12.4229
-15.3988
-16.3444
-15.5951
-21.0084
-14.058
-14.8689
-15.2493
-12.3066
-10.8863
-8.88277
-7.29629
-5.56512
-4.26574
-3.35308
-1.98793
-1.02004
-0.148571
0.818866
1.48753
2.30069
2.80305
3.69654
4.15228
4.25449
4.7095
4.84508
5.82269
5.98501
5.48293
6.55374
6.52077
5.9297
6.08173
5.89098
7.18833
6.50751
5.36395
5.42295
5.26267
6.85964
5.96938
4.16506
5.83431
5.14085
3.80756
3.78178
3.55569
5.70518
4.3883
2.63482
2.71636
2.72551
5.16121
3.84098
1.46594
3.86887
3.03086
1.43693
1.52055
1.47027
4.33524
2.71357
0.644253
0.823376
0.998539
4.02171
2.44205
-0.330528
2.59686
1.62781
-0.205713
-0.0878586
-0.068904
3.31108
1.4136
-0.949089
-0.769874
-0.571382
2.8959
0.986787
-2.23007
1.1428
-0.145163
-2.3247
-2.42036
-2.06897
0.047573
0.0715844
0.0923888
0.0839128
0.0995863
0.118513
0.127839
0.115116
0.0973557
0.0490351
0.101783
0.0673301
0.0749825
0.101346
0.10989
0.116024
0.115432
0.0234819
-0.137817
-0.214841
-0.143444
-0.193633
-0.400549
-0.491584
-0.55244
-0.41157
-0.483634
-0.437591
-0.394771
-0.337819
-0.264185
-0.190884
-0.0862857
0.0495819
-0.169468
-0.0790895
0.00662563
-0.221164
-0.167924
-0.0979638
-0.0932433
-0.0864232
-0.0600836
-0.112772
-0.0901843
-0.0533736
-0.00894054
-0.00142476
-0.00661218
0.00448867
0.0247501
0.0255765
0.0537913
0.0450272
0.172406
0.0670483
-0.0843234
0.0294598
0.110646
0.0242225
0.0469242
0.135387
0.0306043
0.0598086
0.130953
0.140554
0.0484609
-0.015464
-0.00321015
0.00241619
0.0729586
0.0782108
0.0807952
0.129957
0.235309
0.152323
0.461388
0.0550717
0.0339697
0.0539487
0.0917685
0.110884
0.106162
0.109548
0.12565
0.134572
0.113642
0.0890482
0.0286721
0.0762174
0.021927
0.0254606
0.051659
0.0553879
0.0530122
0.0372432
-0.0610431
-0.200569
-0.2599
-0.178971
-0.220229
-0.441039
-0.52938
-0.60609
-0.457388
-0.523868
-0.450469
-0.436007
-0.40799
-0.332989
-0.23591
-0.105014
0.0789289
-0.202837
-0.100182
0.0328976
-0.265249
-0.21167
-0.118087
-0.10488
-0.115029
-0.0892953
-0.143023
-0.117066
-0.0783739
-0.0188053
0.019891
0.00323436
0.01827
0.0584329
0.0721403
0.135883
0.110945
0.44158
0.215843
-0.193873
-0.054353
0.0828865
0.0342196
0.0728762
0.205909
0.0881781
0.0776876
0.13946
0.166019
0.0865336
-0.0109704
-0.0351632
-0.0297236
0.0469026
0.0710734
0.115055
0.226124
0.409095
0.305973
0.733893
0.210113
0.142244
0.052133
0.0922148
0.105596
0.101534
0.104143
0.11668
0.116214
0.0897428
0.0608156
0.00569241
0.0384129
-0.0145875
-0.00951393
0.0101123
0.00873163
-0.00262972
-0.0330324
-0.12238
-0.246881
-0.303667
-0.215815
-0.251921
-0.445149
-0.515331
-0.588077
-0.482228
-0.524824
-0.430304
-0.418194
-0.403679
-0.33704
-0.234428
-0.107571
0.075122
-0.193314
-0.11737
0.00094854
-0.271072
-0.229508
-0.137226
-0.120424
-0.14214
-0.115013
-0.15181
-0.122136
-0.0844815
-0.0303946
0.0141133
0.0109964
0.0405178
0.0943922
0.120286
0.214617
0.183756
0.561169
0.305245
-0.154006
-0.00546719
0.126355
0.0483709
0.0937613
0.213924
0.109264
0.110231
0.166055
0.167815
0.0797116
-0.0364984
-0.0577219
-0.0690598
-0.00423719
0.0286204
0.13666
0.265601
0.450565
0.395154
0.821103
0.361068
0.28551
0.0492163
0.0919946
0.103541
0.100698
0.101823
0.110058
0.103474
0.0721905
0.0387006
-0.0131989
0.00434156
-0.0455003
-0.0414627
-0.0260899
-0.0315711
-0.0497152
-0.0898911
-0.172135
-0.28307
-0.33627
-0.244979
-0.288141
-0.453841
-0.508285
-0.574447
-0.497672
-0.52795
-0.420748
-0.393505
-0.379281
-0.318281
-0.218458
-0.104636
0.0727793
-0.163875
-0.126209
-0.0166471
-0.255602
-0.236822
-0.152857
-0.136803
-0.163475
-0.134715
-0.156002
-0.125753
-0.0870609
-0.0385837
0.0100335
0.0188993
0.0641215
0.131035
0.165778
0.281445
0.248756
0.597167
0.328079
-0.0789088
0.0578609
0.175114
0.0574711
0.115753
0.224823
0.135052
0.142696
0.18763
0.161475
0.0790933
-0.0567969
-0.0781441
-0.0844398
-0.0274879
0.0123961
0.158266
0.31277
0.499701
0.512124
0.917279
0.507295
0.391515
0.0457281
0.0908467
0.102689
0.100177
0.0987294
0.102407
0.0898345
0.0527972
0.0164168
-0.0335354
-0.0277571
-0.0750385
-0.0733055
-0.0635004
-0.0725409
-0.0963016
-0.143391
-0.219881
-0.318735
-0.369026
-0.283439
-0.328785
-0.471118
-0.513442
-0.57402
-0.5093
-0.536426
-0.425113
-0.38127
-0.363202
-0.303384
-0.207754
-0.106778
0.0662413
-0.136779
-0.129715
-0.0254619
-0.236787
-0.241522
-0.168696
-0.154021
-0.180024
-0.149262
-0.157444
-0.128255
-0.0875648
-0.0413794
0.0123184
0.0308072
0.0888259
0.167239
0.209338
0.340459
0.307365
0.627656
0.34224
-0.016222
0.0851765
0.197443
0.0638965
0.137238
0.238581
0.161023
0.16301
0.193092
0.154569
0.0795402
-0.0707962
-0.0976597
-0.0903261
-0.044155
-0.00319541
0.160145
0.35566
0.5603
0.639579
1.03407
0.636984
0.564306
0.0421451
0.08841
0.100735
0.0982975
0.0943024
0.0931588
0.0747797
0.0329201
-0.0077357
-0.0572953
-0.0616003
-0.107141
-0.108847
-0.104064
-0.115954
-0.143817
-0.195346
-0.267002
-0.355067
-0.404896
-0.33164
-0.375594
-0.496561
-0.528714
-0.581763
-0.520033
-0.551035
-0.444356
-0.388871
-0.364272
-0.303289
-0.208806
-0.117194
0.0490352
-0.118437
-0.133028
-0.034104
-0.220629
-0.246367
-0.186366
-0.172722
-0.194383
-0.161914
-0.158663
-0.128731
-0.0864781
-0.0414646
0.016037
0.0444849
0.112154
0.202341
0.251667
0.393388
0.361341
0.672024
0.372157
0.0368547
0.0939327
0.206394
0.0707273
0.157697
0.249866
0.183726
0.176125
0.191674
0.150767
0.0844014
-0.0749198
-0.10678
-0.095168
-0.0633867
-0.0280247
0.141701
0.372522
0.601258
0.744833
1.13735
0.755248
0.649979
0.0390808
0.0855388
0.0982602
0.0956875
0.0894115
0.083315
0.0590496
0.0128545
-0.0320935
-0.0825164
-0.0958882
-0.139858
-0.145561
-0.145333
-0.159406
-0.190077
-0.244256
-0.311568
-0.39007
-0.440782
-0.38071
-0.419866
-0.522896
-0.547032
-0.589287
-0.529412
-0.566849
-0.472585
-0.409414
-0.376065
-0.312458
-0.216219
-0.130652
0.0268111
-0.106569
-0.135596
-0.0447159
-0.207222
-0.250226
-0.203091
-0.190251
-0.205351
-0.171781
-0.159253
-0.126904
-0.0840371
-0.038813
0.0216926
0.0594792
0.133989
0.236077
0.292944
0.441141
0.41099
0.719491
0.408806
0.0871044
0.103553
0.214803
0.0788939
0.17571
0.255863
0.198737
0.184341
0.190209
0.152099
0.0929314
-0.0723756
-0.106994
-0.0992948
-0.0848854
-0.0609716
0.109113
0.361911
0.618594
0.825763
1.21156
0.862883
0.761732
0.0366173
0.0825289
0.0952299
0.0922461
0.0837575
0.0724464
0.0420763
-0.00825249
-0.0577826
-0.110196
-0.131847
-0.174914
-0.1851
-0.189114
-0.204956
-0.237297
-0.292739
-0.356459
-0.426889
-0.477953
-0.42458
-0.462306
-0.553415
-0.569523
-0.59945
-0.543792
-0.583229
-0.507137
-0.43661
-0.392996
-0.32449
-0.225528
-0.143452
0.00386271
-0.0994096
-0.136938
-0.0566467
-0.195757
-0.252159
-0.217113
-0.204839
-0.213707
-0.17965
-0.159893
-0.12482
-0.081923
-0.0352833
0.0285524
0.0743301
0.153864
0.267915
0.333574
0.485334
0.457779
0.760832
0.44252
0.13484
0.118185
0.226246
0.0890297
0.191717
0.258454
0.208301
0.189955
0.189687
0.155684
0.0972373
-0.0683375
-0.103452
-0.102762
-0.106623
-0.0969224
0.066895
0.331866
0.621061
0.89475
1.25968
0.944361
0.925953
0.0347088
0.0795934
0.0919862
0.0884797
0.0778703
0.0612346
0.0248692
-0.0292068
-0.083467
-0.1386
-0.167754
-0.210914
-0.225638
-0.233645
-0.250966
-0.284049
-0.339544
-0.399954
-0.463542
-0.51349
-0.461329
-0.505447
-0.582415
-0.593704
-0.613758
-0.569103
-0.601034
-0.541916
-0.46279
-0.408656
-0.333263
-0.231697
-0.151777
-0.0157012
-0.094113
-0.136157
-0.067911
-0.186422
-0.25077
-0.22812
-0.215451
-0.219435
-0.185433
-0.160071
-0.122404
-0.0791301
-0.0309478
0.0363574
0.0893537
0.172999
0.297628
0.373049
0.526301
0.501311
0.795087
0.472454
0.178133
0.134745
0.242646
0.101223
0.203965
0.256956
0.2116
0.191527
0.189564
0.161172
0.0975868
-0.0629269
-0.0979874
-0.105645
-0.127335
-0.132314
0.0222672
0.297304
0.621516
0.943737
1.27996
1.02518
1.00936
0.0332305
0.076726
0.0883981
0.0841759
0.0712856
0.0491123
0.00678493
-0.0510232
-0.110211
-0.168716
-0.204966
-0.249344
-0.268732
-0.280689
-0.299333
-0.332281
-0.386613
-0.443953
-0.501452
-0.54853
-0.498161
-0.552208
-0.608441
-0.618542
-0.632729
-0.601951
-0.622119
-0.574954
-0.486467
-0.421976
-0.339241
-0.23532
-0.156808
-0.0327489
-0.0903035
-0.134516
-0.0778781
-0.18048
-0.246705
-0.236618
-0.223418
-0.223416
-0.190499
-0.160772
-0.120693
-0.0764042
-0.0267683
0.0433738
0.104109
0.191263
0.324702
0.41094
0.564926
0.542655
0.825142
0.501512
0.217558
0.150768
0.261962
0.117059
0.212879
0.251822
0.212357
0.191319
0.188777
0.16742
0.100078
-0.0592341
-0.093292
-0.111236
-0.146556
-0.165332
-0.0211778
0.265338
0.618914
0.969267
1.27731
1.09288
1.1064
0.0320798
0.0740317
0.0847679
0.0797448
0.0645093
0.0367804
-0.0111861
-0.0725472
-0.136613
-0.198872
-0.24173
-0.28824
-0.312323
-0.328141
-0.348013
-0.380161
-0.432184
-0.486154
-0.537893
-0.581243
-0.538484
-0.601289
-0.639505
-0.644957
-0.653261
-0.635824
-0.645838
-0.601956
-0.505345
-0.430557
-0.341337
-0.235234
-0.158069
-0.0462172
-0.0865796
-0.131289
-0.0850837
-0.177559
-0.241189
-0.242983
-0.229614
-0.225622
-0.194389
-0.161328
-0.118817
-0.0726636
-0.0218632
0.0502774
0.118994
0.20975
0.349612
0.446482
0.601097
0.581421
0.853533
0.530637
0.253309
0.164417
0.283472
0.137116
0.217397
0.242681
0.209558
0.18811
0.187327
0.174157
0.104735
-0.0561383
-0.090436
-0.119365
-0.165202
-0.196014
-0.061579
0.240077
0.610926
0.978976
1.26396
1.15283
1.23717
0.0311113
0.071394
0.080885
0.074871
0.057017
0.0236338
-0.0297841
-0.0948197
-0.163843
-0.230282
-0.279598
-0.329035
-0.357976
-0.377651
-0.398696
-0.42945
-0.478034
-0.52824
-0.574659
-0.613694
-0.580932
-0.650125
-0.674235
-0.670597
-0.674533
-0.668254
-0.670795
-0.624081
-0.520786
-0.436226
-0.341353
-0.233566
-0.157863
-0.0577675
-0.0834049
-0.127177
-0.0902753
-0.176138
-0.235796
-0.248163
-0.23559
-0.226778
-0.19791
-0.162477
-0.117627
-0.0691256
-0.0171848
0.0563154
0.132687
0.227737
0.372503
0.479523
0.635259
0.618491
0.881411
0.559395
0.28607
0.175173
0.301809
0.158062
0.220172
0.233876
0.206696
0.184264
0.183973
0.177766
0.105431
-0.0560197
-0.0916486
-0.131033
-0.186944
-0.227528
-0.103937
0.215765
0.591878
0.973824
1.23956
1.20624
1.33047
0.0302447
0.0688601
0.0770038
0.0699083
0.0493181
0.0103814
-0.0481076
-0.116782
-0.190671
-0.26149
-0.316965
-0.369884
-0.403686
-0.427101
-0.449297
-0.47837
-0.52264
-0.568297
-0.610277
-0.644262
-0.621075
-0.694453
-0.707681
-0.694224
-0.696638
-0.700361
-0.695052
-0.64051
-0.532369
-0.438739
-0.338241
-0.22986
-0.155348
-0.0662718
-0.0799586
-0.121731
-0.0939546
-0.174778
-0.230698
-0.252212
-0.241247
-0.227566
-0.200574
-0.163564
-0.116544
-0.0657026
-0.011832
0.0623792
0.145518
0.245697
0.394046
0.510083
0.667154
0.653642
0.908996
0.586769
0.315082
0.181425
0.316631
0.177044
0.221205
0.225568
0.201534
0.177958
0.178425
0.179104
0.10342
-0.0573174
-0.0964848
-0.145851
-0.214736
-0.263303
-0.150254
0.18779
0.563966
0.953938
1.21047
1.24734
1.4841
0.0293829
0.0662973
0.0729294
0.064514
0.0408897
-0.00360712
-0.0669888
-0.139508
-0.218341
-0.29382
-0.355453
-0.412347
-0.451069
-0.478133
-0.501452
-0.528683
-0.567978
-0.608378
-0.647088
-0.67469
-0.659772
-0.734992
-0.739861
-0.717851
-0.720469
-0.73348
-0.718289
-0.654272
-0.542528
-0.440636
-0.334556
-0.226062
-0.152381
-0.0732238
-0.0765168
-0.115518
-0.0969055
-0.172641
-0.225494
-0.255701
-0.246419
-0.229379
-0.203624
-0.165369
-0.116545
-0.0637142
-0.00747237
0.0679657
0.1572
0.262584
0.414045
0.538442
0.69679
0.687559
0.935725
0.612476
0.342105
0.182079
0.326574
0.19361
0.222893
0.219455
0.197705
0.1724
0.170997
0.177045
0.0976413
-0.0629018
-0.10653
-0.163944
-0.249612
-0.305544
-0.203431
0.150554
0.526309
0.921439
1.17854
1.28819
1.56461
0.0285406
0.0638144
0.0689732
0.0590527
0.0323434
-0.0175805
-0.0855361
-0.161922
-0.245619
-0.325852
-0.393464
-0.454592
-0.498116
-0.528637
-0.553073
-0.578548
-0.612594
-0.647129
-0.683546
-0.704131
-0.695336
-0.77048
-0.770019
-0.742202
-0.746049
-0.764
-0.740047
-0.665619
-0.550965
-0.441721
-0.330316
-0.221316
-0.147994
-0.077384
-0.0723121
-0.108172
-0.0984211
-0.168745
-0.22061
-0.258302
-0.250576
-0.23242
-0.206876
-0.167228
-0.117114
-0.0621539
-0.00354954
0.0744419
0.168721
0.278503
0.432794
0.564652
0.723699
0.719762
0.961022
0.63634
0.367836
0.17846
0.334568
0.209806
0.223322
0.212745
0.19253
0.165555
0.163494
0.174027
0.0904245
-0.0715339
-0.120213
-0.181338
-0.290272
-0.355604
-0.261686
0.104907
0.484498
0.886486
1.1537
1.33889
1.67272
0.0277385
0.0613463
0.0649232
0.053207
0.0231802
-0.0321968
-0.104614
-0.185061
-0.273687
-0.35887
-0.432598
-0.498194
-0.546406
-0.580214
-0.60572
-0.62946
-0.658011
-0.686706
-0.720707
-0.734438
-0.729462
-0.803423
-0.800403
-0.770039
-0.774501
-0.790673
-0.761184
-0.676413
-0.559116
-0.443642
-0.327325
-0.217209
-0.143614
-0.0800295
-0.0673864
-0.100114
-0.0989314
-0.163263
-0.216669
-0.26012
-0.254319
-0.236615
-0.210818
-0.169713
-0.118991
-0.0618004
-0.0008402
0.0805247
0.179141
0.292769
0.449541
0.588307
0.747591
0.750115
0.984196
0.658551
0.394895
0.173654
0.341507
0.224278
0.221883
0.208125
0.189578
0.1608
0.155984
0.169626
0.0805336
-0.0849583
-0.136349
-0.199601
-0.336148
-0.413095
-0.328258
0.0453017
0.438163
0.848831
1.13147
1.37549
1.83241
0.027075
0.0590967
0.0610502
0.047335
0.0139132
-0.0466901
-0.123354
-0.207867
-0.301318
-0.391427
-0.471284
-0.541387
-0.593955
-0.630878
-0.657377
-0.679371
-0.702233
-0.726123
-0.75643
-0.764214
-0.760831
-0.832694
-0.830418
-0.800335
-0.801924
-0.811254
-0.78197
-0.684505
-0.565626
-0.445359
-0.324425
-0.212528
-0.137888
-0.0798136
-0.0613142
-0.0910402
-0.097844
-0.156616
-0.213003
-0.260479
-0.257672
-0.241522
-0.214771
-0.17233
-0.121409
-0.0619098
0.00218785
0.0868172
0.189008
0.305804
0.464453
0.609047
0.76842
0.777799
1.00479
0.679004
0.422538
0.167997
0.345513
0.234745
0.214493
0.20308
0.184814
0.155358
0.14857
0.166012
0.0721495
-0.0986524
-0.154029
-0.222697
-0.385326
-0.476116
-0.399592
-0.0283533
0.389363
0.810108
1.11838
1.42448
1.92842
0.0265394
0.0569989
0.0571321
0.0411155
0.00401801
-0.0617039
-0.142637
-0.231371
-0.329605
-0.424748
-0.511072
-0.585741
-0.642449
-0.682284
-0.709609
-0.729701
-0.74711
-0.767
-0.792239
-0.794575
-0.79093
-0.860094
-0.860852
-0.831323
-0.825247
-0.827053
-0.802529
-0.690069
-0.570816
-0.447322
-0.322372
-0.208164
-0.131874
-0.0778229
-0.0545936
-0.0813391
-0.095546
-0.150043
-0.20953
-0.259959
-0.26096
-0.247548
-0.21915
-0.175966
-0.125
-0.0632172
0.00442656
0.0918577
0.197397
0.31672
0.477003
0.626083
0.785868
0.802602
1.02291
0.697831
0.451998
0.163817
0.337874
0.236178
0.205051
0.199909
0.181968
0.152714
0.141514
0.161264
0.0641871
-0.113362
-0.176572
-0.255228
-0.433429
-0.544028
-0.476448
-0.115486
0.332341
0.769536
1.10928
1.47277
2.04088
0.026141
0.0551857
0.0534525
0.0349749
-0.00585193
-0.0764187
-0.161551
-0.254477
-0.357337
-0.457659
-0.550256
-0.629505
-0.690227
-0.732516
-0.760415
-0.778405
-0.791548
-0.807512
-0.827117
-0.8241
-0.818347
-0.88415
-0.888894
-0.858266
-0.844304
-0.840469
-0.818144
-0.691776
-0.572747
-0.447773
-0.319543
-0.202786
-0.124139
-0.0728677
-0.0466677
-0.0707217
-0.0916723
-0.143586
-0.205566
-0.258478
-0.264234
-0.254067
-0.22325
-0.18012
-0.128998
-0.0647909
0.00692077
0.0966797
0.204946
0.326603
0.487732
0.639262
0.799512
0.824268
1.0395
0.715022
0.481183
0.16105
0.318326
0.230171
0.19346
0.194474
0.177014
0.149037
0.135577
0.155882
0.05814
-0.124653
-0.203537
-0.295426
-0.481155
-0.616649
-0.557321
-0.209354
0.271108
0.730969
1.11003
1.51821
2.18441
0.0258153
0.0535224
0.0497841
0.0286367
-0.0161386
-0.0914667
-0.180924
-0.278148
-0.385595
-0.491313
-0.590106
-0.674151
-0.738811
-0.78302
-0.811146
-0.827066
-0.83717
-0.848642
-0.862735
-0.85397
-0.844228
-0.905877
-0.91454
-0.880624
-0.860941
-0.854941
-0.828736
-0.692428
-0.57245
-0.446851
-0.316342
-0.197187
-0.115613
-0.0659925
-0.0374286
-0.059384
-0.0867849
-0.137331
-0.201551
-0.256809
-0.267837
-0.261031
-0.227602
-0.185433
-0.134062
-0.0674245
0.00875397
0.100556
0.211161
0.335453
0.496486
0.64865
0.809139
0.842829
1.05483
0.730829
0.511856
0.160207
0.290536
0.219316
0.184581
0.188982
0.17325
0.14771
0.130868
0.149228
0.0500658
-0.133895
-0.232833
-0.340912
-0.532859
-0.691648
-0.642618
-0.309964
0.206262
0.689376
1.11545
1.56437
2.29759
0.0255759
0.0521189
0.0463812
0.0224966
-0.0262231
-0.106055
-0.19984
-0.301294
-0.413191
-0.524301
-0.628862
-0.717888
-0.786346
-0.831945
-0.859971
-0.874391
-0.881972
-0.888216
-0.897438
-0.882955
-0.867296
-0.923894
-0.93618
-0.897332
-0.875085
-0.868525
-0.831621
-0.692011
-0.569441
-0.443645
-0.3118
-0.19023
-0.10514
-0.0562206
-0.0263769
-0.0471472
-0.0806287
-0.130901
-0.197325
-0.254792
-0.271557
-0.267999
-0.232154
-0.191271
-0.139427
-0.0702012
0.0106921
0.104605
0.217177
0.344218
0.504455
0.655859
0.816014
0.857983
1.06771
0.745324
0.542758
0.156651
0.260677
0.209537
0.175067
0.177575
0.165105
0.144298
0.126071
0.142597
0.0412196
-0.139354
-0.259094
-0.38892
-0.594569
-0.765097
-0.725582
-0.415838
0.138185
0.645801
1.13252
1.6158
2.45923
0.0253729
0.0508289
0.0430009
0.0162554
-0.0365683
-0.120839
-0.219128
-0.324868
-0.441172
-0.557621
-0.667715
-0.762065
-0.834158
-0.881007
-0.908708
-0.922008
-0.92687
-0.927397
-0.932192
-0.912406
-0.889313
-0.939396
-0.954902
-0.910409
-0.887618
-0.879455
-0.83057
-0.691601
-0.564978
-0.439106
-0.306728
-0.18244
-0.0936241
-0.044676
-0.0138201
-0.0341329
-0.0736719
-0.124616
-0.193484
-0.252976
-0.275696
-0.274803
-0.237906
-0.198125
-0.145645
-0.0740508
0.0111073
0.107619
0.22229
0.351769
0.511604
0.661689
0.821792
0.869025
1.07611
0.758945
0.577845
0.151326
0.229628
0.201004
0.16473
0.164278
0.158452
0.142646
0.121412
0.135467
0.0300737
-0.144987
-0.282537
-0.437356
-0.657588
-0.83171
-0.803353
-0.538124
0.0535755
0.595877
1.14623
1.67182
2.56166
0.0252311
0.0497701
0.0398904
0.0102923
-0.0465561
-0.135031
-0.237883
-0.347796
-0.468406
-0.590012
-0.705108
-0.804977
-0.880485
-0.928762
-0.95608
-0.968128
-0.969711
-0.964956
-0.965649
-0.941343
-0.909787
-0.951349
-0.969612
-0.920346
-0.897524
-0.887712
-0.824979
-0.690574
-0.558108
-0.432794
-0.300437
-0.172931
-0.0802945
-0.0307471
-5.79711e-05
-0.0203332
-0.0656916
-0.118261
-0.189773
-0.251008
-0.280339
-0.280825
-0.244523
-0.205349
-0.151964
-0.0781295
0.0108448
0.110372
0.227252
0.358661
0.518341
0.667101
0.827345
0.875613
1.07915
0.772168
0.616905
0.144916
0.199542
0.192866
0.149604
0.147825
0.149982
0.138465
0.11558
0.127585
0.0189705
-0.148694
-0.302047
-0.484222
-0.716863
-0.899086
-0.880679
-0.673702
-0.0599088
0.531348
1.14822
1.73026
2.68178
0.0251131
0.0488059
0.0368209
0.00430889
-0.0566226
-0.149268
-0.256909
-0.370986
-0.495883
-0.622531
-0.74257
-0.848051
-0.926761
-0.976524
-1.00338
-1.01375
-1.0114
-1.00253
-0.999292
-0.97102
-0.930748
-0.961859
-0.980905
-0.928735
-0.905311
-0.893296
-0.818838
-0.690158
-0.549847
-0.4254
-0.293197
-0.162382
-0.0660616
-0.0153306
0.0147105
-0.00590852
-0.0570831
-0.112116
-0.186666
-0.24932
-0.286271
-0.286537
-0.252034
-0.213447
-0.159139
-0.0832155
0.00910957
0.111619
0.231001
0.363993
0.523912
0.671402
0.832228
0.878558
1.08044
0.786094
0.664667
0.143569
0.171225
0.184603
0.13597
0.134865
0.145631
0.136855
0.110026
0.117707
0.00513653
-0.154414
-0.318627
-0.529857
-0.776776
-0.972732
-0.965956
-0.799631
-0.198827
0.440855
1.11811
1.75898
2.83491
0.0250557
0.0480625
0.0340267
-0.00135832
-0.06624
-0.162955
-0.275336
-0.393417
-0.522507
-0.654073
-0.779206
-0.889727
-0.971495
-1.02269
-1.04895
-1.05709
-1.0503
-1.03867
-1.03196
-1.00029
-0.95151
-0.970444
-0.987528
-0.934781
-0.910728
-0.896572
-0.816089
-0.687727
-0.539334
-0.416564
-0.284199
-0.150355
-0.0504426
0.00203921
0.0305342
0.00900809
-0.0476903
-0.105891
-0.183747
-0.247715
-0.292655
-0.291753
-0.260162
-0.221945
-0.166538
-0.0884144
0.00707961
0.112464
0.23443
0.368465
0.528676
0.674995
0.835485
0.878925
1.08119
0.801145
0.719834
0.14685
0.147987
0.177096
0.121894
0.119738
0.140133
0.135559
0.106319
0.107577
-0.00920872
-0.159361
-0.33128
-0.571982
-0.839618
-1.05283
-1.05277
-0.904893
-0.337712
0.333377
1.06041
1.78327
2.93224
0.0250285
0.0474102
0.031308
-0.00698391
-0.0758827
-0.176841
-0.293932
-0.415993
-0.549207
-0.685639
-0.816151
-0.931283
-1.01612
-1.06858
-1.09395
-1.09922
-1.08827
-1.07481
-1.06514
-1.03047
-0.973901
-0.979897
-0.992233
-0.940608
-0.916001
-0.89816
-0.816525
-0.683275
-0.528318
-0.406679
-0.273728
-0.137282
-0.0341296
0.0207327
0.0471746
0.0241547
-0.0377889
-0.0997851
-0.181143
-0.246609
-0.299421
-0.297368
-0.269606
-0.231552
-0.174818
-0.0945808
0.00383647
0.111955
0.236379
0.370981
0.531516
0.676738
0.836938
0.878212
1.08042
0.818064
0.786686
0.159187
0.129899
0.171252
0.111704
0.10448
0.134512
0.139493
0.108381
0.0987401
-0.0261779
-0.166899
-0.340316
-0.608235
-0.897531
-1.12929
-1.13714
-1.00509
-0.47644
0.211362
0.969657
1.78645
3.0261
0.0250737
0.0469809
0.0289125
-0.0121925
-0.0849872
-0.190237
-0.311803
-0.437721
-0.574923
-0.716099
-0.851924
-0.971122
-1.05919
-1.11271
-1.13683
-1.13866
-1.12453
-1.10983
-1.09783
-1.0605
-0.997533
-0.990752
-0.995203
-0.945358
-0.921579
-0.90068
-0.818041
-0.675347
-0.517487
-0.395245
-0.261871
-0.122877
-0.0168938
0.0408705
0.0644397
0.0391537
-0.0273317
-0.0935207
-0.178163
-0.245668
-0.306157
-0.30371
-0.28009
-0.241667
-0.183194
-0.10077
0.000399982
0.111266
0.237521
0.37258
0.532803
0.676669
0.836472
0.877561
1.07547
0.837082
0.863251
0.177328
0.115755
0.165308
0.100778
0.0836082
0.119025
0.139043
0.108387
0.0880783
-0.0436664
-0.174863
-0.345911
-0.637012
-0.948888
-1.19913
-1.21695
-1.10249
-0.619505
0.076735
0.857526
1.76909
3.12704
0.025155
0.0466449
0.0266779
-0.0171931
-0.0938913
-0.203586
-0.329609
-0.459403
-0.600476
-0.746361
-0.8875
-1.01047
-1.10185
-1.15616
-1.17859
-1.1771
-1.1608
-1.14521
-1.1311
-1.09081
-1.02352
-1.00472
-0.999246
-0.950783
-0.928585
-0.905639
-0.818379
-0.665146
-0.509164
-0.383515
-0.249308
-0.107713
0.000761212
0.0618859
0.082209
0.0539274
-0.0165228
-0.0873644
-0.174737
-0.245089
-0.312784
-0.311636
-0.291858
-0.252678
-0.19221
-0.107558
-0.0041852
0.109216
0.236367
0.371896
0.531412
0.673918
0.834145
0.878148
1.06817
0.859516
0.954457
0.204554
0.103377
0.158738
0.0929479
0.0645944
0.104499
0.137878
0.103391
0.0744244
-0.0616475
-0.185201
-0.349545
-0.658418
-0.992277
-1.26079
-1.29506
-1.20355
-0.7753
-0.0774751
0.714058
1.71531
3.17169
0.0253047
0.0465352
0.0248352
-0.0216497
-0.10205
-0.21611
-0.346467
-0.480025
-0.624783
-0.77526
-0.921584
-1.04858
-1.14266
-1.19748
-1.21809
-1.21387
-1.19581
-1.17942
-1.16311
-1.11977
-1.04975
-1.02056
-1.00483
-0.956679
-0.935279
-0.911394
-0.819191
-0.652521
-0.502672
-0.372209
-0.236344
-0.092025
0.0187095
0.0831635
0.099932
0.0683247
-0.00528581
-0.0811075
-0.170312
-0.244666
-0.318965
-0.320987
-0.304445
-0.264004
-0.2011
-0.114021
-0.0088859
0.106787
0.234237
0.370176
0.528499
0.66978
0.828996
0.878252
1.05744
0.885906
1.0586
0.237545
0.0917264
0.14889
0.0824993
0.0433508
0.0893995
0.128858
0.0892576
0.0578703
-0.0774249
-0.193349
-0.353073
-0.6733
-1.03013
-1.31583
-1.36693
-1.30676
-0.942139
-0.254201
0.547723
1.62387
3.20994
0.0254611
0.0465383
0.0232341
-0.0257844
-0.109836
-0.22827
-0.362995
-0.500288
-0.648509
-0.803451
-0.954986
-1.08649
-1.18262
-1.23793
-1.25707
-1.25057
-1.23092
-1.21341
-1.1945
-1.14834
-1.07671
-1.03851
-1.01275
-0.963596
-0.941852
-0.91719
-0.819552
-0.641522
-0.496165
-0.363218
-0.223661
-0.0760728
0.0366827
0.104442
0.117358
0.082423
0.00631918
-0.0750899
-0.165098
-0.244415
-0.3248
-0.332085
-0.318252
-0.276093
-0.210315
-0.120788
-0.0145239
0.102552
0.229876
0.365773
0.52311
0.663566
0.820657
0.875097
1.04164
0.918103
1.18171
0.281899
0.0818002
0.136394
0.0738291
0.0258076
0.081366
0.119711
0.0751237
0.0436584
-0.0904152
-0.200216
-0.356232
-0.683512
-1.06075
-1.36293
-1.43318
-1.41369
-1.11173
-0.457811
0.346422
1.47946
3.16191
0.0256891
0.0468039
0.0220705
-0.0292932
-0.116806
-0.239451
-0.37843
-0.519238
-0.670628
-0.82977
-0.986317
-1.12249
-1.22027
-1.27643
-1.29448
-1.28594
-1.26483
-1.24574
-1.22388
-1.17557
-1.10296
-1.05666
-1.02153
-0.970203
-0.947382
-0.921577
-0.818762
-0.633728
-0.486415
-0.35659
-0.211225
-0.0599297
0.0544278
0.125128
0.133818
0.096114
0.0182141
-0.0695711
-0.159012
-0.244173
-0.330167
-0.344468
-0.332939
-0.288367
-0.219125
-0.127072
-0.0200248
0.0977734
0.224742
0.36031
0.516776
0.655988
0.810058
0.864708
1.01519
0.95745
1.323
0.33373
0.0749593
0.118767
0.0605084
0.0042491
0.0708826
0.105273
0.0605099
0.0303276
-0.0984879
-0.202852
-0.359743
-0.692069
-1.08591
-1.39967
-1.49294
-1.51222
-1.26608
-0.679943
0.118583
1.29402
3.07332
0.0260074
0.0472283
0.0212064
-0.0323533
-0.123312
-0.250181
-0.393445
-0.53754
-0.691815
-0.854907
-1.01637
-1.15727
-1.25671
-1.31401
-1.33132
-1.32109
-1.2988
-1.27783
-1.25241
-1.20255
-1.12962
-1.07612
-1.03186
-0.977226
-0.952322
-0.924195
-0.816071
-0.628267
-0.474077
-0.35141
-0.199299
-0.0434189
0.0722792
0.143532
0.149317
0.109944
0.0303074
-0.0649677
-0.152514
-0.244538
-0.33527
-0.358153
-0.348694
-0.301157
-0.227942
-0.133391
-0.0262056
0.0915381
0.217399
0.352111
0.507747
0.645146
0.797069
0.849605
0.982885
1.00762
1.49036
0.40086
0.0746029
0.099046
0.0486049
-0.0151893
0.0598991
0.0943274
0.0512564
0.0199486
-0.102795
-0.203046
-0.362772
-0.700926
-1.10532
-1.42155
-1.55217
-1.59656
-1.40844
-0.920907
-0.152491
1.03532
2.93765
0.0265337
0.0479696
0.0208468
-0.0346748
-0.128928
-0.259925
-0.407373
-0.55436
-0.71125
-0.877946
-1.04403
-1.18953
-1.29104
-1.34918
-1.36619
-1.35465
-1.33143
-1.30865
-1.27923
-1.22829
-1.15529
-1.09562
-1.04282
-0.984219
-0.956542
-0.924996
-0.810052
-0.620554
-0.461989
-0.34355
-0.188076
-0.0271072
0.0899055
0.157781
0.163582
0.123883
0.042361
-0.0600224
-0.145818
-0.246369
-0.340538
-0.372686
-0.364909
-0.313824
-0.236173
-0.138979
-0.0320476
0.0853955
0.20971
0.343318
0.497305
0.632561
0.781263
0.831277
0.947835
1.07126
1.68381
0.483701
0.0817136
0.0782762
0.0332121
-0.039547
0.0348755
0.078005
0.0397376
0.00721713
-0.107295
-0.201376
-0.36898
-0.712652
-1.12422
-1.43316
-1.61452
-1.65377
-1.54625
-1.18127
-0.457185
0.730986
2.71287
0.0272555
0.0489294
0.0208835
-0.0363946
-0.133914
-0.269053
-0.420681
-0.570318
-0.729596
-0.899599
-1.07013
-1.22018
-1.32405
-1.38282
-1.40005
-1.38771
-1.36392
-1.33947
-1.30567
-1.25382
-1.1812
-1.11622
-1.05538
-0.992272
-0.961221
-0.925447
-0.802422
-0.610042
-0.448603
-0.330051
-0.178067
-0.0108162
0.107623
0.168213
0.177581
0.138423
0.0540348
-0.053933
-0.139096
-0.250894
-0.346481
-0.388142
-0.38152
-0.326649
-0.244254
-0.144235
-0.0382954
0.0785601
0.200432
0.332314
0.483906
0.617391
0.762079
0.811044
0.909264
1.15335
1.91251
0.592832
0.103188
0.0634368
0.0218773
-0.0613797
0.00487301
0.0598532
0.0271439
-0.00792439
-0.114276
-0.199371
-0.377871
-0.726554
-1.14382
-1.44504
-1.68036
-1.68719
-1.68733
-1.47271
-0.813722
0.348734
2.39382
0.0282472
0.0502634
0.0215171
-0.037247
-0.137856
-0.276991
-0.43264
-0.584644
-0.746119
-0.919059
-1.0937
-1.2481
-1.35439
-1.41387
-1.43167
-1.41895
-1.39485
-1.36878
-1.3309
-1.27814
-1.2062
-1.13663
-1.0687
-1.00081
-0.966007
-0.925987
-0.797616
-0.600187
-0.435263
-0.313612
-0.166993
0.006283
0.125463
0.175912
0.191426
0.153306
0.0650846
-0.0463557
-0.132873
-0.257863
-0.353294
-0.404087
-0.397942
-0.339006
-0.251886
-0.148576
-0.0437176
0.0727873
0.191832
0.321774
0.470272
0.602197
0.740517
0.787901
0.862165
1.25715
2.17655
0.724719
0.142023
0.0552663
0.00743119
-0.090792
-0.0361587
0.0298833
0.00431287
-0.0299941
-0.123323
-0.196888
-0.393342
-0.745123
-1.16826
-1.47172
-1.74577
-1.68986
-1.81937
-1.79459
-1.21477
-0.102496
2.00141
0.0294561
0.0518604
0.0226531
-0.0373377
-0.140984
-0.284071
-0.443655
-0.597842
-0.761339
-0.936924
-1.11552
-1.27421
-1.383
-1.44343
-1.46208
-1.44943
-1.42544
-1.39776
-1.35615
-1.3024
-1.23151
-1.15774
-1.08341
-1.01068
-0.971416
-0.926664
-0.795265
-0.593701
-0.424615
-0.298624
-0.153422
0.0248716
0.142558
0.183752
0.206243
0.168311
0.074969
-0.0379723
-0.127779
-0.265835
-0.360735
-0.420026
-0.414341
-0.351687
-0.260023
-0.152681
-0.048787
0.0674393
0.183107
0.309988
0.455193
0.585099
0.716628
0.761305
0.804396
1.39069
2.48675
0.88735
0.204427
0.0576046
-0.0017807
-0.122023
-0.0766184
-0.00142199
-0.0221338
-0.051766
-0.131102
-0.193042
-0.411409
-0.764783
-1.19286
-1.5052
-1.80766
-1.68375
-1.96097
-2.14908
-1.68479
-0.64941
1.49056
0.0309345
0.0538629
0.0244683
-0.0364606
-0.142977
-0.289851
-0.45319
-0.609342
-0.774593
-0.952464
-1.1347
-1.29754
-1.40892
-1.47046
-1.49018
-1.4779
-1.45427
-1.42503
-1.38022
-1.32552
-1.25599
-1.17841
-1.09845
-1.02097
-0.976651
-0.926719
-0.792831
-0.589626
-0.417004
-0.284978
-0.137157
0.04473
0.156513
0.194037
0.222061
0.182492
0.0832781
-0.02935
-0.124213
-0.272979
-0.368753
-0.435704
-0.43003
-0.365126
-0.269241
-0.156458
-0.0524243
0.0636846
0.176612
0.299645
0.441357
0.567686
0.691342
0.73086
0.734338
1.55914
2.84398
1.07305
0.28883
0.0651683
-0.0143251
-0.166208
-0.131462
-0.0449948
-0.057808
-0.0772406
-0.14052
-0.191852
-0.437811
-0.787272
-1.21399
-1.5239
-1.84915
-1.68131
-2.09574
-2.52096
-2.21344
-1.27558
0.88293
0.0326025
0.0561322
0.0268622
-0.0346984
-0.144024
-0.294615
-0.461621
-0.619651
-0.786295
-0.966199
-1.15192
-1.31894
-1.43309
-1.49588
-1.51694
-1.5053
-1.48225
-1.45178
-1.40395
-1.34833
-1.28044
-1.19973
-1.11471
-1.03243
-0.982325
-0.926359
-0.789447
-0.586414
-0.412219
-0.27089
-0.117933
0.0632997
0.168518
0.207488
0.238188
0.194441
0.0890065
-0.0208536
-0.122828
-0.279399
-0.37796
-0.451803
-0.445563
-0.379876
-0.280239
-0.161892
-0.056176
0.0605598
0.171361
0.288946
0.427037
0.547977
0.664303
0.696452
0.653571
1.77258
3.26237
1.295
0.401987
0.0857755
-0.0197937
-0.214841
-0.193166
-0.0926316
-0.0963008
-0.101208
-0.146519
-0.18918
-0.46415
-0.804407
-1.2136
-1.50078
-1.84439
-1.67473
-2.23615
-2.91438
-2.82235
-2.01036
0.156513
0.0345035
0.0587829
0.0299897
-0.0318773
-0.143817
-0.297931
-0.468407
-0.628197
-0.795835
-0.977479
-1.16639
-1.33749
-1.45459
-1.51864
-1.54118
-1.53027
-1.50803
-1.47674
-1.42629
-1.36989
-1.30344
-1.22067
-1.13129
-1.04433
-0.988029
-0.925546
-0.785631
-0.584071
-0.410026
-0.25646
-0.0981217
0.0772834
0.179087
0.222133
0.252938
0.203316
0.0921367
-0.0118384
-0.123383
-0.285053
-0.388073
-0.467821
-0.461743
-0.395187
-0.292418
-0.168524
-0.0603536
0.0576356
0.168355
0.280387
0.414855
0.529543
0.637267
0.657692
0.56204
2.03584
3.74317
1.55106
0.542172
0.118041
-0.0293783
-0.281109
-0.277267
-0.157817
-0.147887
-0.131687
-0.153104
-0.189091
-0.493569
-0.82041
-1.18527
-1.42451
-1.76097
-1.65065
-2.37825
-3.30777
-3.49365
-2.8347
-0.686638
0.0365428
0.0616334
0.033794
-0.0280482
-0.142469
-0.299968
-0.473715
-0.635173
-0.803493
-0.98671
-1.17867
-1.35386
-1.4741
-1.5394
-1.56357
-1.55366
-1.53265
-1.501
-1.4482
-1.39114
-1.32596
-1.24201
-1.14878
-1.0573
-0.994303
-0.924907
-0.782365
-0.583028
-0.408792
-0.243367
-0.0798938
0.0879707
0.188707
0.235495
0.264548
0.208461
0.0917144
-0.00291582
-0.12671
-0.289823
-0.399521
-0.485637
-0.48029
-0.411614
-0.306522
-0.177065
-0.0663999
0.0542742
0.165616
0.271658
0.402571
0.511127
0.610331
0.614566
0.463634
2.36248
4.30197
1.85968
0.71556
0.170995
-0.0363488
-0.356325
-0.37275
-0.232209
-0.203204
-0.157079
-0.152032
-0.18555
-0.514875
-0.825334
-1.11437
-1.28556
-1.58994
-1.59243
-2.50633
-3.69714
-4.24457
-3.78884
-1.70395
0.0387714
0.0647817
0.0384073
-0.0231563
-0.139784
-0.300403
-0.477092
-0.640039
-0.808788
-0.993368
-1.18812
-1.36717
-1.49059
-1.55708
-1.58299
-1.57438
-1.55495
-1.52337
-1.46882
-1.41124
-1.34728
-1.26271
-1.16617
-1.07041
-1.00049
-0.924332
-0.780227
-0.584241
-0.40778
-0.236533
-0.0643002
0.096745
0.197096
0.246345
0.27298
0.21048
0.0882845
0.00281406
-0.135923
-0.296935
-0.412006
-0.50381
-0.497241
-0.426596
-0.320863
-0.186328
-0.072219
0.0525025
0.164693
0.265284
0.392711
0.495329
0.586091
0.567952
0.365197
2.75961
4.93964
2.22718
0.916361
0.23859
-0.0567473
-0.457614
-0.500423
-0.332962
-0.272929
-0.190574
-0.146579
-0.186391
-0.543883
-0.830334
-1.00794
-1.08941
-1.32865
-1.48521
-2.60045
-4.06394
-5.05131
-4.86197
-2.86787
0.0411366
0.0681508
0.0437421
-0.0173069
-0.135923
-0.299444
-0.478721
-0.64298
-0.811996
-0.997824
-1.19525
-1.37795
-1.5045
-1.57227
-1.60017
-1.59342
-1.57593
-1.54505
-1.48935
-1.43124
-1.36842
-1.28359
-1.18396
-1.08398
-1.00705
-0.92415
-0.779563
-0.5881
-0.40678
-0.235264
-0.0503377
0.104044
0.202687
0.254531
0.279909
0.209044
0.081907
0.004752
-0.147207
-0.305577
-0.424328
-0.51937
-0.508576
-0.440434
-0.333991
-0.196394
-0.0776929
0.0501625
0.162998
0.259182
0.383215
0.479948
0.564218
0.519697
0.282052
3.24315
5.67259
2.68238
1.16532
0.328788
-0.0787178
-0.577505
-0.65342
-0.448649
-0.341775
-0.221372
-0.120126
-0.177157
-0.566337
-0.821807
-0.852606
-0.826446
-0.972396
-1.3209
-2.65848
-4.42094
-5.93652
-6.10906
-4.19892
0.0437164
0.0719016
0.0498413
-0.0105034
-0.130808
-0.296911
-0.478332
-0.643703
-0.812914
-0.999665
-1.19949
-1.38542
-1.51488
-1.5841
-1.6142
-1.60975
-1.59456
-1.56517
-1.50927
-1.45064
-1.38866
-1.30384
-1.20151
-1.09736
-1.01334
-0.923717
-0.780013
-0.593354
-0.407671
-0.236128
-0.0411051
0.109431
0.205255
0.262003
0.286331
0.20421
0.0758059
0.00668845
-0.154672
-0.309084
-0.433984
-0.534155
-0.518162
-0.453799
-0.345391
-0.206557
-0.081929
0.0466403
0.161024
0.255815
0.37667
0.467587
0.546397
0.472414
0.229236
3.81684
6.49932
3.22501
1.46969
0.44059
-0.118745
-0.748288
-0.860573
-0.603607
-0.421105
-0.249673
-0.0854949
-0.17056
-0.599178
-0.81076
-0.660808
-0.502466
-0.526622
-1.082
-2.65962
-4.75969
-6.88088
-7.53856
-5.62001
0.046413
0.0759828
0.0566624
-0.00281678
-0.124574
-0.292967
-0.476077
-0.642374
-0.811738
-0.999126
-1.20119
-1.38998
-1.52217
-1.59313
-1.6257
-1.62409
-1.61172
-1.58468
-1.52945
-1.47023
-1.40876
-1.32414
-1.21946
-1.11134
-1.01973
-0.922908
-0.781253
-0.598466
-0.4095
-0.236298
-0.0379374
0.113721
0.208646
0.27155
0.292695
0.19623
0.0728719
0.00936039
-0.158766
-0.309371
-0.443558
-0.547684
-0.529776
-0.468137
-0.356851
-0.217188
-0.0868188
0.0408554
0.157374
0.252292
0.370401
0.455963
0.530937
0.42712
0.220447
4.49378
7.43358
3.87014
1.84434
0.591307
-0.172864
-0.965245
-1.10126
-0.776242
-0.496533
-0.252922
-0.0208389
-0.13882
-0.617133
-0.765313
-0.415702
-0.0950219
0.0142216
-0.749999
-2.58419
-5.07423
-7.8973
-9.17699
-7.03866
0.0492309
0.0805164
0.0642545
0.00572422
-0.11719
-0.287515
-0.471796
-0.638781
-0.808238
-0.995924
-1.19996
-1.39111
-1.52582
-1.59875
-1.63392
-1.63556
-1.6265
-1.60251
-1.54884
-1.48921
-1.42795
-1.34371
-1.23713
-1.12517
-1.02572
-0.921426
-0.782184
-0.602616
-0.410936
-0.236049
-0.0397176
0.116153
0.214978
0.282964
0.296594
0.186325
0.073368
0.00847933
-0.163067
-0.309166
-0.45317
-0.559066
-0.543242
-0.483386
-0.367688
-0.226612
-0.0916205
0.0348159
0.154572
0.250542
0.366835
0.447647
0.518803
0.384775
0.267817
5.27799
8.47456
4.6166
2.28623
0.777236
-0.28196
-1.2504
-1.39925
-0.988394
-0.581781
-0.24492
0.0590575
-0.0972516
-0.648528
-0.685781
-0.14056
0.39211
0.650155
-0.311266
-2.39582
-5.319
-8.94925
-10.9921
-8.64234
0.0520625
0.0855711
0.072597
0.0150538
-0.108722
-0.280697
-0.465602
-0.633007
-0.80249
-0.990292
-1.19615
-1.38927
-1.52633
-1.60153
-1.63953
-1.64493
-1.63978
-1.61934
-1.56786
-1.50807
-1.44684
-1.36316
-1.25512
-1.13928
-1.03189
-0.919874
-0.782586
-0.605627
-0.41212
-0.235924
-0.0437531
0.115444
0.220871
0.291969
0.292914
0.175586
0.0753833
0.00112977
-0.169461
-0.31031
-0.461011
-0.567648
-0.557378
-0.497914
-0.378933
-0.235259
-0.0971232
0.0280053
0.151753
0.248646
0.363712
0.4403
0.507995
0.346413
0.386524
6.18308
9.63336
5.48401
2.80494
1.02475
-0.441391
-1.59855
-1.7377
-1.21122
-0.639524
-0.192744
0.179024
-0.0315879
-0.658858
-0.539146
0.187245
0.997531
1.4123
0.271881
-2.05081
-5.45029
-10.014
-12.9161
-10.3773
0.0549937
0.0913053
0.0816346
0.0251438
-0.0991849
-0.272495
-0.45749
-0.625023
-0.794477
-0.982205
-1.18959
-1.38428
-1.52349
-1.60113
-1.64206
-1.65158
-1.65072
-1.63413
-1.58553
-1.52606
-1.46471
-1.38168
-1.27274
-1.15309
-1.03786
-0.918143
-0.781999
-0.606998
-0.412992
-0.236249
-0.0484747
0.11165
0.224092
0.296369
0.281008
0.166533
0.0783246
-0.00995107
-0.178531
-0.313588
-0.466691
-0.574315
-0.571532
-0.509099
-0.390528
-0.243189
-0.102671
0.0222308
0.150867
0.248959
0.362939
0.436715
0.500641
0.316273
0.595667
7.21287
10.9067
6.48295
3.39791
1.32003
-0.667362
-2.04911
-2.14404
-1.47281
-0.69089
-0.0966635
0.320751
0.0350226
-0.663032
-0.373236
0.573049
1.72919
2.31321
1.03146
-1.50667
-5.41636
-11.024
-14.9065
-12.3382
0.0580513
0.0977726
0.091436
0.035979
-0.0886782
-0.262996
-0.447544
-0.614889
-0.78431
-0.971952
-1.18064
-1.37655
-1.51774
-1.59806
-1.64216
-1.65622
-1.66003
-1.64748
-1.60228
-1.54376
-1.48218
-1.39973
-1.29033
-1.16727
-1.04458
-0.917826
-0.781145
-0.607138
-0.414102
-0.237325
-0.0532674
0.106641
0.224666
0.294355
0.262271
0.159407
0.0799252
-0.0230691
-0.1879
-0.318788
-0.470393
-0.580433
-0.586202
-0.518214
-0.401115
-0.25206
-0.109129
0.016341
0.149489
0.248774
0.362041
0.434453
0.494763
0.299
0.9164
8.37329
12.2932
7.63489
4.07538
1.61691
-0.964189
-2.58449
-2.58319
-1.7224
-0.725597
0.0683454
0.526516
0.177593
-0.605401
-0.159117
1.08585
2.63131
3.3947
2.02324
-0.708845
-5.15505
-11.894
-16.9224
-14.4955
0.0613701
0.105029
0.102023
0.0474776
-0.0773194
-0.252263
-0.435867
-0.602701
-0.7721
-0.959659
-1.16934
-1.36618
-1.50911
-1.59221
-1.63957
-1.65837
-1.66706
-1.65873
-1.6174
-1.56036
-1.4984
-1.41644
-1.30696
-1.18111
-1.05183
-0.919614
-0.780494
-0.606583
-0.415475
-0.238942
-0.057547
0.102077
0.223176
0.286534
0.244882
0.155244
0.0796831
-0.0367377
-0.195728
-0.324897
-0.473025
-0.586181
-0.599919
-0.527122
-0.410839
-0.261661
-0.115333
0.0119429
0.148677
0.250828
0.365036
0.436464
0.491887
0.30588
1.37595
9.66645
13.7888
8.92373
4.83633
1.84168
-1.40314
-3.21873
-3.09016
-1.98753
-0.730678
0.233268
0.772702
0.38903
-0.514925
0.0927454
1.71964
3.69236
4.66428
3.26614
0.372232
-4.61597
-12.5177
-18.873
-16.8375
0.0648667
0.113008
0.113394
0.0595553
-0.0652452
-0.240392
-0.422507
-0.588466
-0.757856
-0.945469
-1.15598
-1.35347
-1.49795
-1.58402
-1.63488
-1.65869
-1.6725
-1.66857
-1.63136
-1.57616
-1.51382
-1.43211
-1.32279
-1.1949
-1.06061
-0.924559
-0.781439
-0.606958
-0.418254
-0.242062
-0.0622246
0.0974495
0.21877
0.274194
0.232912
0.153732
0.0768855
-0.0487962
-0.201233
-0.330463
-0.474649
-0.590223
-0.610496
-0.53669
-0.421404
-0.271604
-0.121298
0.00862081
0.147477
0.254357
0.371178
0.440021
0.48907
0.348378
1.99326
11.0857
15.3875
10.3132
5.68221
1.97824
-1.97285
-3.90081
-3.60285
-2.2513
-0.699175
0.457846
1.09162
0.671727
-0.345996
0.456993
2.51085
4.94941
6.16643
4.80258
1.78276
-3.73396
-12.7643
-20.5733
-19.4956
0.0684938
0.121565
0.125346
0.0719892
-0.0526951
-0.227555
-0.407686
-0.572433
-0.741831
-0.929658
-1.14084
-1.33863
-1.48441
-1.57349
-1.62797
-1.65688
-1.67591
-1.67662
-1.64385
-1.59073
-1.52798
-1.44606
-1.33696
-1.20771
-1.0702
-0.93161
-0.784069
-0.608245
-0.422023
-0.24585
-0.0667236
0.0927882
0.212016
0.262188
0.226158
0.153927
0.0725521
-0.0574439
-0.20441
-0.334541
-0.475468
-0.592257
-0.617899
-0.546746
-0.432155
-0.281467
-0.127348
0.00669741
0.149015
0.261477
0.381195
0.448554
0.492983
0.455886
2.7898
12.6263
17.0863
11.8037
6.60365
1.98447
-2.65316
-4.61054
-4.10182
-2.53118
-0.717995
0.679722
1.43912
0.95636
-0.145188
0.910398
3.42604
6.3809
7.88788
6.61713
3.51859
-2.48995
-12.5581
-21.6431
-21.4825
0.0720945
0.130535
0.137718
0.0845621
-0.0398886
-0.213843
-0.391469
-0.554692
-0.724123
-0.912391
-1.12411
-1.32178
-1.46866
-1.56085
-1.61922
-1.65351
-1.67799
-1.68366
-1.65569
-1.60491
-1.54184
-1.45917
-1.3499
-1.21994
-1.08088
-0.940834
-0.789238
-0.61113
-0.426955
-0.250385
-0.071695
0.0864152
0.202573
0.251513
0.222389
0.154758
0.0676567
-0.0633471
-0.205463
-0.336943
-0.476045
-0.59297
-0.622274
-0.555599
-0.441751
-0.291741
-0.134938
0.00505641
0.152312
0.2709
0.391302
0.459823
0.507187
0.655562
3.76744
14.2629
18.818
13.3798
7.55931
1.80265
-3.41554
-5.27478
-4.49974
-2.72255
-0.72692
0.925553
1.83139
1.26223
0.118639
1.48314
4.49751
8.01795
9.85019
8.72828
5.6055
-0.847395
-11.7143
-21.2354
-22.6146
0.0756235
0.139729
0.150191
0.0970085
-0.0271128
-0.199479
-0.374198
-0.53569
-0.70518
-0.894037
-1.10606
-1.30319
-1.45095
-1.54617
-1.60857
-1.64837
-1.67848
-1.68951
-1.66668
-1.61849
-1.55517
-1.47137
-1.36123
-1.23088
-1.09162
-0.950963
-0.795858
-0.615023
-0.431405
-0.25408
-0.0760872
0.0790931
0.192275
0.242833
0.221125
0.156117
0.063007
-0.0675452
-0.204604
-0.337485
-0.476452
-0.593856
-0.625071
-0.563466
-0.450371
-0.301461
-0.142728
0.00656182
0.16011
0.285234
0.406353
0.481737
0.549942
0.98438
4.93657
15.9909
20.5589
15.0432
8.47518
1.3564
-4.29342
-5.87045
-4.7956
-2.85228
-0.724869
1.16576
2.23398
1.53962
0.386378
2.12518
5.68609
9.81263
11.9981
11.0775
7.9925
1.13081
-10.1027
-19.9067
-23.229
0.0789574
0.148939
0.162501
0.109102
-0.0145387
-0.184461
-0.355898
-0.51563
-0.685171
-0.874686
-1.0867
-1.28294
-1.43132
-1.52958
-1.59623
-1.64177
-1.67779
-1.69459
-1.67725
-1.63209
-1.56885
-1.48381
-1.37221
-1.2415
-1.10305
-0.962408
-0.803851
-0.620281
-0.435583
-0.25746
-0.0809346
0.0702339
0.181181
0.235113
0.22093
0.156858
0.0575926
-0.0715236
-0.203055
-0.337029
-0.477245
-0.595448
-0.627439
-0.570417
-0.458513
-0.308316
-0.148928
0.00986692
0.170549
0.302863
0.427323
0.513186
0.634728
1.45176
6.27494
17.7721
22.2504
16.7453
9.28967
0.705554
-5.176
-6.33728
-4.94905
-2.86492
-0.649944
1.44621
2.6646
1.799
0.674879
2.84966
7.00402
11.7612
14.3121
13.6433
10.6542
3.45969
-7.57657
-18.4479
-22.6118
0.0820515
0.157898
0.174221
0.120528
-0.00239885
-0.168966
-0.336918
-0.495104
-0.664709
-0.854842
-1.06641
-1.26143
-1.41012
-1.51125
-1.58215
-1.63344
-1.67541
-1.6982
-1.68667
-1.64491
-1.58208
-1.49593
-1.38286
-1.25165
-1.11413
-0.973763
-0.811611
-0.625338
-0.438612
-0.259631
-0.0856377
0.0612236
0.17113
0.22876
0.220779
0.156652
0.0516035
-0.0758852
-0.202124
-0.336774
-0.479518
-0.597955
-0.63076
-0.577674
-0.468394
-0.312818
-0.151493
0.0158837
0.185776
0.328143
0.461358
0.564742
0.79116
2.07828
7.77433
19.5986
23.8834
18.4736
9.96328
-0.0982556
-5.96489
-6.68358
-4.98253
-2.77245
-0.503901
1.75799
3.09096
1.99533
0.940045
3.59824
8.38162
13.7779
16.6925
16.325
13.4571
6.13265
-4.6677
-16.955
-19.3604
0.0847627
0.166309
0.185002
0.131092
0.00930677
-0.153098
-0.317399
-0.474294
-0.643981
-0.83453
-1.04509
-1.2386
-1.38746
-1.49129
-1.56647
-1.62349
-1.67138
-1.70017
-1.69459
-1.65653
-1.59464
-1.50788
-1.3939
-1.26247
-1.12557
-0.985044
-0.819462
-0.630837
-0.442098
-0.262309
-0.0917186
0.0509924
0.16037
0.220951
0.217445
0.153134
0.0431212
-0.0831003
-0.204581
-0.338989
-0.484929
-0.602138
-0.635013
-0.585469
-0.480318
-0.31881
-0.15125
0.0253212
0.206509
0.361242
0.508356
0.643158
1.0342
2.84874
9.38028
21.4117
25.4004
20.193
10.3718
-1.03204
-6.61939
-6.90281
-4.89183
-2.56231
-0.272088
2.10451
3.50258
2.14012
1.21462
4.36863
9.79944
15.8328
19.0903
19.0657
16.3112
9.20617
-2.16938
-14.7462
-13.5812
0.087015
0.173892
0.194532
0.140681
0.0205578
-0.137275
-0.297994
-0.453822
-0.623628
-0.814275
-1.02326
-1.21498
-1.36395
-1.47014
-1.5494
-1.61184
-1.6653
-1.69975
-1.69984
-1.66549
-1.60481
-1.51795
-1.40382
-1.27281
-1.13642
-0.994464
-0.825821
-0.635543
-0.445563
-0.265671
-0.0986161
0.0405111
0.149119
0.211139
0.209976
0.145412
0.0319178
-0.0940029
-0.212418
-0.345823
-0.495292
-0.610881
-0.642332
-0.595166
-0.492825
-0.327175
-0.147773
0.0413675
0.238093
0.409931
0.581658
0.781976
1.38869
3.75396
11.0566
23.1872
26.8188
21.8938
10.3879
-2.00795
-7.16951
-7.02548
-4.71564
-2.29948
0.00118372
2.44589
3.85562
2.22325
1.51561
5.0791
11.1777
17.8266
21.4109
21.7282
19.0986
12.3523
-0.321883
-11.713
-6.23289
0.0886302
0.180303
0.202555
0.149238
0.0314145
-0.12173
-0.279043
-0.433936
-0.603799
-0.794092
-1.00092
-1.19061
-1.33973
-1.44815
-1.53129
-1.59881
-1.65736
-1.6969
-1.70213
-1.67141
-1.61215
-1.52567
-1.41209
-1.28218
-1.14658
-1.00245
-0.83115
-0.64039
-0.450748
-0.272318
-0.10904
0.0267026
0.133866
0.195847
0.19502
0.129819
0.0147668
-0.111387
-0.22881
-0.361253
-0.512945
-0.626672
-0.654876
-0.607122
-0.50292
-0.332385
-0.136256
0.0706108
0.286208
0.483074
0.693978
0.996304
1.84315
4.74246
12.7157
24.8468
28.1014
23.2906
9.88364
-2.85968
-7.63017
-7.08359
-4.43523
-2.01029
0.261037
2.72937
4.11294
2.2876
1.87569
5.72869
12.5455
19.7418
23.6394
24.2486
21.8541
14.9557
1.3212
-8.64186
3.05975
0.0894559
0.18527
0.208901
0.156697
0.0417658
-0.106893
-0.261191
-0.415259
-0.585067
-0.77456
-0.978755
-1.16624
-1.31551
-1.4261
-1.51278
-1.58484
-1.6478
-1.69165
-1.70124
-1.6738
-1.61588
-1.52998
-1.41731
-1.28888
-1.15401
-1.00788
-0.834792
-0.644912
-0.457333
-0.281962
-0.12286
0.00950914
0.114462
0.175085
0.173168
0.10687
-0.0081841
-0.133888
-0.251757
-0.38423
-0.535677
-0.647042
-0.670277
-0.618096
-0.505001
-0.325634
-0.10862
0.122574
0.361591
0.596837
0.871488
1.30111
2.39355
5.77724
14.2968
26.3487
29.2708
24.1031
9.13751
-3.47003
-7.98259
-7.07203
-4.07415
-1.69394
0.469541
2.90388
4.22521
2.39915
2.17531
6.41479
13.9531
21.541
25.7246
26.5863
24.425
16.5342
3.06506
-5.90145
14.5358
0.0892017
0.188502
0.213462
0.162996
0.0515279
-0.0928677
-0.244611
-0.39793
-0.567402
-0.755634
-0.956843
-1.14201
-1.29152
-1.40433
-1.49438
-1.5705
-1.63721
-1.68455
-1.69776
-1.67328
-1.61681
-1.53172
-1.42019
-1.29336
-1.15907
-1.01175
-0.838553
-0.651254
-0.467574
-0.29673
-0.142516
-0.0140057
0.0878478
0.146098
0.142445
0.0748711
-0.0390494
-0.162844
-0.280532
-0.412242
-0.559053
-0.663718
-0.677118
-0.613377
-0.483326
-0.289557
-0.0506993
0.208117
0.476449
0.763101
1.12061
1.68223
3.00292
6.78266
15.6979
27.607
30.2414
24.3702
8.49491
-3.88886
-8.23172
-7.03188
-3.71909
-1.3673
0.66382
3.00825
4.22687
2.48605
2.52989
7.34934
15.3052
23.2514
27.6432
28.7858
26.5282
17.4604
4.52906
-3.33709
23.3849
0.0877797
0.190049
0.216336
0.168147
0.0604798
-0.0799276
-0.22964
-0.382335
-0.551212
-0.73784
-0.935909
-1.11877
-1.26856
-1.38358
-1.47681
-1.55645
-1.62618
-1.67621
-1.69227
-1.67034
-1.61524
-1.53109
-1.42083
-1.29539
-1.16146
-1.0139
-0.84246
-0.659315
-0.480798
-0.315525
-0.166675
-0.0423669
0.0557995
0.111048
0.105433
0.0368929
-0.0750519
-0.19602
-0.31172
-0.439736
-0.576275
-0.667108
-0.664333
-0.581873
-0.428574
-0.213823
0.0476044
0.334222
0.639379
0.992553
1.44536
2.13614
3.64475
7.7035
16.8454
28.5726
31.0365
24.4163
8.08975
-4.16253
-8.3296
-6.96927
-3.42892
-1.07605
0.8143
3.07976
4.26022
2.69218
2.7947
8.30282
16.5125
24.7235
29.3255
30.8108
27.8881
18.2725
5.2201
-1.279
24.589
0.0850718
0.189958
0.217622
0.172178
0.0685099
-0.0680442
-0.216046
-0.368257
-0.536291
-0.721
-0.915903
-1.09653
-1.24669
-1.36401
-1.46033
-1.54313
-1.61527
-1.66724
-1.68545
-1.66577
-1.61211
-1.52911
-1.42028
-1.29608
-1.16256
-1.01591
-0.847983
-0.670506
-0.498258
-0.339619
-0.196986
-0.0775772
0.016172
0.067802
0.0598302
-0.00926462
-0.118586
-0.235849
-0.347092
-0.466109
-0.584305
-0.651147
-0.623439
-0.514171
-0.331517
-0.0886926
0.198735
0.514017
0.861037
1.28705
1.8358
2.63681
4.26651
8.45767
17.6365
29.192
31.6388
24.5233
7.92153
-4.31218
-8.31468
-6.85958
-3.1969
-0.882908
0.897553
3.07827
4.26256
3.12513
3.23574
8.87565
17.6474
26.0099
30.765
32.5156
28.6492
19.1055
5.24732
0.212042
20.8174
0.0811687
0.188615
0.217642
0.175219
0.0755501
-0.0572671
-0.203718
-0.355674
-0.522872
-0.705617
-0.897516
-1.07607
-1.22664
-1.34624
-1.44543
-1.53101
-1.60497
-1.65819
-1.67784
-1.65994
-1.60756
-1.52567
-1.41838
-1.29544
-1.16256
-1.01765
-0.854392
-0.683539
-0.518259
-0.366887
-0.23126
-0.117583
-0.0290575
0.0182209
0.0074675
-0.0618581
-0.167562
-0.279302
-0.38307
-0.487347
-0.57945
-0.613056
-0.552002
-0.407895
-0.189617
0.0875019
0.404811
0.751432
1.14579
1.64635
2.28633
3.1662
4.82827
8.97536
18.0106
29.5311
32.1347
24.7431
7.91083
-4.3307
-8.23222
-6.70442
-3.02106
-0.777704
0.921672
3.02066
4.27653
3.56593
3.67874
9.27436
18.5598
27.1571
32.0316
33.6685
29.249
19.3721
4.53876
1.18377
18.7026
0.0762122
0.186347
0.216671
0.177294
0.0816163
-0.0475132
-0.192277
-0.344022
-0.510529
-0.6915
-0.880686
-1.05741
-1.20838
-1.33017
-1.432
-1.51996
-1.59528
-1.64914
-1.66951
-1.65284
-1.60152
-1.5207
-1.41501
-1.2937
-1.16208
-1.01967
-0.861977
-0.698723
-0.541431
-0.398329
-0.270807
-0.164346
-0.0825637
-0.0409074
-0.0548801
-0.123899
-0.224537
-0.327652
-0.418975
-0.501167
-0.55838
-0.548931
-0.444223
-0.254978
0.00804559
0.326799
0.678852
1.05987
1.503
2.07103
2.78241
3.68978
5.26729
9.17499
17.9546
29.5597
32.4387
24.8387
7.95668
-4.24695
-8.11713
-6.50089
-2.89369
-0.755262
0.890025
2.91707
4.2813
3.95192
4.07806
9.68124
19.3558
28.2473
33.2458
34.3796
29.9802
18.8653
2.96258
0.974552
17.5579
0.0705404
0.183433
0.215008
0.178486
0.0866012
-0.0390066
-0.18194
-0.333393
-0.499447
-0.679027
-0.865932
-1.04111
-1.1924
-1.31611
-1.4202
-1.51
-1.58613
-1.64003
-1.6605
-1.64441
-1.59382
-1.51395
-1.40989
-1.29058
-1.1611
-1.02206
-0.87061
-0.715708
-0.567265
-0.433156
-0.314538
-0.216478
-0.142906
-0.108173
-0.125677
-0.193308
-0.286736
-0.377972
-0.451811
-0.505617
-0.521442
-0.461921
-0.305241
-0.061906
0.254614
0.621841
1.01395
1.43266
1.92236
2.54404
3.29451
4.16025
5.53075
9.07886
17.6117
29.2928
32.432
24.7137
7.97109
-4.10923
-7.96011
-6.27601
-2.82319
-0.792012
0.800639
2.78017
4.2537
4.28917
4.50472
10.1922
20.1689
29.3247
34.3294
35.0332
30.709
17.8457
0.817009
-0.651726
14.2821
0.0644761
0.179354
0.212416
0.178626
0.0903382
-0.0318727
-0.172909
-0.323859
-0.489437
-0.667768
-0.85262
-1.0264
-1.17797
-1.30338
-1.40943
-1.5006
-1.57698
-1.63041
-1.65054
-1.63468
-1.58468
-1.50579
-1.40356
-1.28674
-1.16034
-1.02574
-0.881512
-0.735923
-0.597463
-0.473493
-0.365006
-0.276877
-0.213417
-0.187611
-0.210283
-0.277127
-0.363162
-0.44126
-0.494699
-0.51614
-0.486528
-0.372298
-0.156133
0.151294
0.533413
0.959993
1.40043
1.85897
2.38492
3.03385
3.77914
4.54437
5.65395
8.85295
17.1746
28.7958
32.0503
24.2723
7.8757
-3.96513
-7.80438
-6.05204
-2.76978
-0.86193
0.700066
2.65807
4.21022
4.57326
5.03745
10.8766
21.0901
30.3971
35.1769
35.9483
31.351
16.4794
-1.44539
-2.76852
9.894
0.0590773
0.17379
0.208629
0.177596
0.0929094
-0.0259595
-0.165066
-0.315438
-0.480491
-0.657627
-0.840518
-1.01288
-1.16461
-1.29148
-1.39917
-1.49132
-1.56756
-1.62015
-1.63964
-1.62379
-1.57429
-1.49644
-1.39623
-1.28222
-1.1595
-1.0301
-0.893685
-0.757823
-0.629878
-0.516656
-0.419079
-0.342002
-0.29018
-0.275207
-0.305238
-0.373455
-0.454263
-0.521071
-0.555042
-0.544471
-0.469477
-0.299272
-0.0184122
0.362691
0.824215
1.3248
1.82467
2.32521
2.87606
3.5286
4.24141
4.89314
5.76769
8.67702
16.7826
28.1123
31.2966
23.5305
7.69628
-3.71561
-7.49641
-5.79916
-2.67587
-0.872758
0.639556
2.56243
4.13898
4.73846
5.66934
11.7377
22.102
31.4093
35.9676
37.1678
32.2017
14.9692
-3.55861
-4.71436
5.77265
0.055259
0.167102
0.204071
0.175922
0.095026
-0.0204394
-0.157435
-0.30693
-0.471192
-0.64698
-0.82797
-0.99897
-1.15076
-1.27894
-1.38813
-1.48115
-1.55721
-1.60898
-1.62782
-1.61185
-1.56274
-1.48582
-1.38741
-1.27595
-1.15668
-1.03228
-0.903252
-0.776537
-0.658597
-0.555834
-0.469229
-0.403854
-0.364981
-0.363126
-0.404016
-0.478151
-0.559343
-0.620739
-0.640748
-0.602982
-0.485861
-0.259681
0.0910692
0.55705
1.11433
1.70792
2.28423
2.83401
3.40541
4.05104
4.72708
5.28691
5.98113
8.65449
16.4787
27.2598
30.2258
22.4881
7.44269
-3.37426
-6.99401
-5.42566
-2.50721
-0.778943
0.648972
2.47438
4.05154
4.75921
6.244
12.664
23.0776
32.2113
36.9153
38.7567
33.5003
13.4817
-5.51118
-6.36808
2.15263
0.0530009
0.160535
0.199715
0.174591
0.0976445
-0.0143009
-0.149104
-0.297616
-0.46099
-0.635454
-0.814715
-0.984586
-1.13653
-1.26601
-1.37667
-1.47061
-1.5467
-1.59789
-1.61618
-1.59995
-1.55086
-1.47427
-1.37676
-1.26665
-1.14942
-1.02828
-0.904572
-0.784861
-0.675036
-0.581262
-0.504815
-0.451208
-0.426402
-0.440234
-0.496537
-0.583277
-0.67325
-0.738628
-0.754076
-0.698014
-0.545861
-0.266859
0.15589
0.714672
1.38041
2.08426
2.75653
3.3711
3.97324
4.62174
5.27554
5.76907
6.32062
8.77598
16.2089
26.2073
28.7824
21.1596
7.10166
-3.02711
-6.40409
-4.95605
-2.28556
-0.633865
0.71463
2.39466
3.92713
4.70775
6.64613
13.475
23.8671
32.8339
38.2165
41.0726
35.4125
12.3045
-7.33822
-8.11517
-0.877626
0.0512125
0.154574
0.19581
0.17368
0.100673
-0.00767797
-0.14009
-0.287471
-0.449932
-0.623233
-0.801082
-0.970201
-1.12258
-1.25359
-1.36595
-1.46106
-1.5374
-1.58817
-1.60583
-1.58891
-1.53904
-1.46154
-1.36315
-1.25215
-1.13431
-1.01345
-0.891773
-0.775951
-0.671768
-0.58537
-0.518533
-0.477425
-0.468823
-0.502195
-0.580139
-0.688489
-0.798384
-0.880049
-0.903375
-0.840981
-0.663815
-0.338463
0.154117
0.807855
1.58842
2.41473
3.20123
3.90174
4.55649
5.23141
5.88716
6.34255
6.79039
9.05076
15.9769
24.9877
27.0909
19.6639
6.61546
-2.76696
-5.87314
-4.51799
-2.02554
-0.399198
0.88144
2.35333
3.68951
4.55231
6.93809
14.0564
24.3953
33.4817
40.0452
44.3609
38.0056
11.6241
-8.90509
-9.8215
-3.13338
0.0494298
0.149202
0.192128
0.172897
0.103602
-0.00133931
-0.131423
-0.2777
-0.43946
-0.612034
-0.789014
-0.957879
-1.11101
-1.24365
-1.35781
-1.45415
-1.53076
-1.58096
-1.59753
-1.579
-1.52699
-1.44677
-1.34521
-1.23056
-1.10898
-0.985001
-0.861854
-0.746647
-0.64555
-0.564955
-0.507287
-0.479464
-0.489206
-0.545761
-0.650727
-0.78857
-0.928375
-1.03789
-1.08176
-1.02618
-0.836956
-0.477426
0.074544
0.81453
1.7039
2.65377
3.56495
4.37438
5.11425
5.85458
6.55267
7.01279
7.41332
9.49474
15.7624
23.5982
25.182
18.0886
6.09722
-2.46475
-5.30334
-4.05544
-1.68695
-0.073135
1.10489
2.31702
3.36139
4.32055
7.17714
14.4847
24.7877
34.4058
42.6913
48.7856
41.3648
11.6655
-9.95115
-11.1273
-4.5798
0.0471333
0.142983
0.186911
0.170337
0.104458
0.00265964
-0.125243
-0.270449
-0.43157
-0.603616
-0.780112
-0.94913
-1.1033
-1.23769
-1.35357
-1.45093
-1.52744
-1.57654
-1.59126
-1.57006
-1.51454
-1.42983
-1.32286
-1.20185
-1.07347
-0.943092
-0.815087
-0.697219
-0.596314
-0.519318
-0.469608
-0.455003
-0.484219
-0.566449
-0.702318
-0.875235
-1.05285
-1.20036
-1.27766
-1.2443
-1.06023
-0.685082
-0.0929451
0.713608
1.69347
2.75452
3.78887
4.72316
5.57908
6.42536
7.21237
7.73506
8.1611
10.0897
15.6021
22.1893
23.2099
16.5321
5.6579
-2.11692
-4.71405
-3.55287
-1.26385
0.356212
1.41255
2.33357
3.08456
4.12158
7.38432
14.8308
25.1951
35.7908
46.3496
54.308
45.4473
12.5415
-10.3183
-11.9983
-5.55774
0.044956
0.134524
0.178465
0.164139
0.101431
0.00256996
-0.123347
-0.267631
-0.428213
-0.599757
-0.775759
-0.944869
-1.10003
-1.23607
-1.3535
-1.45158
-1.52758
-1.57501
-1.5872
-1.56255
-1.5026
-1.41233
-1.29862
-1.16953
-1.03222
-0.892866
-0.757095
-0.633429
-0.529478
-0.452985
-0.408538
-0.404998
-0.452092
-0.559027
-0.725655
-0.934608
-1.15278
-1.34355
-1.46295
-1.46465
-1.30269
-0.93226
-0.323976
0.522333
1.56474
2.71047
3.84924
4.90624
5.89471
6.87498
7.78672
8.42015
8.94241
10.7722
15.5311
20.8677
21.2796
15.0526
5.32092
-1.70018
-4.07446
-3.01708
-0.827098
0.778358
1.70565
2.3685
2.92002
4.09192
7.71586
15.282
25.8899
37.9013
51.1291
60.79
50.1474
14.2783
-10.0071
-12.5368
-6.26213
0.0446366
0.122751
0.166023
0.153185
0.0933983
-0.00269229
-0.126611
-0.269861
-0.429681
-0.600427
-0.775589
-0.944456
-1.10026
-1.23768
-1.35641
-1.45501
-1.53034
-1.57605
-1.58572
-1.55774
-1.49352
-1.39775
-1.27715
-1.13957
-0.99247
-0.842685
-0.696931
-0.564498
-0.453851
-0.373633
-0.329796
-0.332429
-0.392221
-0.518417
-0.710373
-0.950502
-1.20571
-1.43819
-1.60116
-1.64373
-1.51452
-1.16426
-0.560953
0.29855
1.37178
2.56624
3.77435
4.92749
6.03645
7.14902
8.19226
8.96314
9.64101
11.4423
15.5123
19.6835
19.547
13.7693
5.10961
-1.222
-3.41953
-2.50365
-0.4598
1.09594
1.91886
2.41735
2.91915
4.34227
8.34451
16.0693
27.1208
40.8577
56.8587
67.8607
55.2094
16.6824
-9.23179
-12.7653
-6.57833
0.0474728
0.108099
0.150813
0.138582
0.0812862
-0.0123637
-0.134448
-0.276643
-0.435549
-0.605237
-0.779249
-0.947514
-1.1036
-1.24208
-1.36193
-1.4611
-1.53607
-1.58065
-1.58873
-1.55863
-1.49154
-1.39179
-1.26578
-1.12103
-0.965109
-0.805261
-0.649042
-0.5063
-0.386213
-0.298311
-0.249868
-0.252201
-0.316947
-0.453495
-0.660964
-0.922085
-1.2045
-1.4701
-1.6704
-1.75121
-1.65704
-1.33453
-0.749265
0.103889
1.18184
2.39312
3.6355
4.85139
6.05458
7.27806
8.43323
9.33617
10.1979
12.0317
15.5299
18.7077
18.1105
12.7631
5.06832
-0.657853
-2.74815
-2.02294
-0.17343
1.29789
2.06561
2.51356
3.11813
4.91102
9.35293
17.3212
28.9745
44.5548
63.1578
75.0544
60.3513
19.6043
-8.17827
-12.7377
-5.85062
0.0521691
0.0915318
0.134358
0.122022
0.0665936
-0.0251139
-0.145562
-0.286649
-0.44441
-0.612723
-0.785184
-0.952372
-1.10816
-1.24714
-1.36772
-1.46739
-1.54236
-1.58664
-1.59439
-1.5639
-1.49608
-1.39486
-1.26621
-1.11722
-0.955317
-0.787918
-0.623079
-0.470906
-0.341014
-0.243561
-0.186984
-0.183629
-0.246041
-0.383931
-0.596558
-0.867432
-1.1656
-1.4534
-1.6818
-1.79459
-1.73337
-1.44136
-0.881288
-0.0467476
1.01923
2.22695
3.48063
4.73429
6.00689
7.31534
8.55431
9.56953
10.614
12.5155
15.5717
17.9593
16.9972
12.033
5.15645
-0.0656293
-2.10716
-1.59282
0.0342953
1.40722
2.16643
2.66108
3.47532
5.71001
10.6324
18.9296
31.254
48.5879
69.4431
81.8462
65.2654
22.9273
-6.85515
-12.4901
-4.23804
0.0567241
0.0749049
0.118523
0.105749
0.0515884
-0.0386751
-0.157776
-0.297728
-0.454143
-0.620742
-0.79122
-0.95667
-1.11129
-1.24974
-1.37009
-1.46958
-1.5443
-1.58851
-1.5966
-1.56688
-1.50008
-1.39973
-1.27141
-1.12169
-0.957723
-0.786847
-0.617255
-0.458998
-0.321724
-0.215881
-0.150652
-0.139151
-0.194697
-0.327388
-0.536936
-0.808047
-1.11159
-1.41125
-1.65847
-1.79631
-1.76461
-1.50383
-0.973714
-0.166167
0.877139
2.06979
3.32311
4.60147
5.92823
7.30363
8.60579
9.71128
10.9169
12.8937
15.6287
17.4359
16.2115
11.5596
5.31631
0.477101
-1.55183
-1.24121
0.17482
1.4566
2.23007
2.8241
3.88393
6.55977
11.9609
20.6314
33.6086
52.4572
75.1378
87.7956
69.7257
26.2584
-5.44588
-12.0298
-2.2595
0.0598544
0.0599836
0.104841
0.0913907
0.0379026
-0.0515274
-0.169642
-0.308601
-0.463654
-0.628457
-0.796718
-0.959973
-1.11261
-1.24943
-1.36836
-1.46653
-1.54006
-1.58344
-1.5914
-1.56228
-1.4967
-1.39799
-1.27138
-1.12305
-0.959798
-0.788775
-0.618034
-0.457306
-0.316007
-0.204459
-0.132218
-0.112741
-0.159819
-0.283875
-0.485221
-0.74992
-1.0509
-1.35351
-1.61053
-1.76548
-1.75753
-1.52551
-1.02642
-0.250064
0.76437
1.93496
3.18026
4.47326
5.84036
7.26759
8.61819
9.79389
11.1238
13.1648
15.6889
17.1122
15.7231
11.2984
5.493
0.907645
-1.13905
-0.997462
0.245585
1.45326
2.24906
2.94606
4.22873
7.28031
13.1014
22.1373
35.6647
55.6925
79.7848
92.5918
73.5809
29.1879
-4.10933
-11.4594
-0.178844
0.0610607
0.047933
0.0941271
0.0797309
0.0262706
-0.063029
-0.180735
-0.319144
-0.473242
-0.636665
-0.803069
-0.964301
-1.11481
-1.24957
-1.36643
-1.46254
-1.53408
-1.57578
-1.58267
-1.55315
-1.48786
-1.39004
-1.26475
-1.11795
-0.956227
-0.786514
-0.616648
-0.455976
-0.313575
-0.199448
-0.123248
-0.0983599
-0.138695
-0.254796
-0.447453
-0.703856
-0.998661
-1.2987
-1.55825
-1.72195
-1.7291
-1.518
-1.04381
-0.294469
0.693225
1.84136
3.07428
4.37101
5.7599
7.21826
8.59902
9.8208
11.2325
13.3223
15.7359
16.9472
15.4718
11.1844
5.629
1.17814
-0.901733
-0.881949
0.238301
1.38945
2.19874
2.96524
4.39833
7.70217
13.825
23.1536
37.0848
57.9428
83.0678
95.9665
76.5311
31.4578
-3.02282
-10.9181
1.80403
0.0613746
0.0402987
0.0876202
0.0722827
0.0185476
-0.0710017
-0.188682
-0.32693
-0.48056
-0.643221
-0.808481
-0.968379
-1.11733
-1.25046
-1.36557
-1.45986
-1.52959
-1.56962
-1.57519
-1.54476
-1.47901
-1.38123
-1.25639
-1.11044
-0.949811
-0.781338
-0.612698
-0.452964
-0.310994
-0.196473
-0.119037
-0.0918374
-0.128732
-0.240253
-0.427465
-0.678204
-0.968187
-1.2651
-1.52435
-1.69154
-1.70639
-1.50727
-1.04844
-0.316637
0.652854
1.78449
3.00588
4.29938
5.69491
7.16678
8.56344
9.81194
11.2692
13.3941
15.7732
16.8957
15.3758
11.1357
5.67368
1.26324
-0.851291
-0.898835
0.155288
1.27603
2.0942
2.89668
4.40804
7.84332
14.1375
23.6609
37.85
59.1995
84.9237
97.7848
78.3502
33.0559
-2.2394
-10.4486
3.3002
)
;

boundaryField
{
    inletFace
    {
        type            zeroGradient;
    }
    inlet
    {
        type            zeroGradient;
    }
    inletWalls
    {
        type            zeroGradient;
    }
    outletInlet
    {
        type            cyclicAMI;
        value           nonuniform List<scalar> 
15
(
1.8492
3.28237
2.26526
3.13132
2.70632
4.09285
4.91068
5.60466
7.20872
8.46914
7.45199
8.38323
4.11139
2.8242
1.79006
)
;
    }
    fineSymmetryWall
    {
        type            symmetryPlane;
    }
    fineWalls
    {
        type            zeroGradient;
    }
    fineCyclicBoundary
    {
        type            fixedValue;
        value           uniform 0;
    }
    fineplug
    {
        type            cyclicAMI;
        value           nonuniform List<scalar> 
80
(
3.70298
3.54057
3.62598
-1.51102
0.902004
2.84596
3.34608
3.37874
3.13611
3.16153
3.92138
4.66179
1.66682
0.976962
1.29299
2.32908
3.62586
3.56311
3.41956
3.05704
2.82175
1.94149
2.38989
2.56411
2.57753
3.01001
4.04089
4.94362
4.75496
4.18583
3.51627
3.23364
4.92483
4.92678
4.72561
4.62596
5.13354
6.32117
5.94149
4.59512
4.63917
6.17157
7.09273
8.03564
7.63397
7.23937
6.75433
6.13772
6.76846
9.34513
9.36707
8.44084
8.24031
9.04604
8.9552
7.85561
6.01542
4.52419
9.31022
10.5183
9.28285
8.45408
7.1647
5.39409
5.18317
4.10041
2.76165
2.01238
5.9846
3.76533
3.21298
3.36189
3.26812
2.25101
0.638864
0.275193
0.703381
4.53223
1.5817
1.11836
)
;
    }
    faceFine
    {
        type            zeroGradient;
    }
}


// ************************************************************************* //
