/*--------------------------------*- C++ -*----------------------------------*\
| =========                 |                                                 |
| \\      /  F ield         | OpenFOAM: The Open Source CFD Toolbox           |
|  \\    /   O peration     | Version:  4.1                                   |
|   \\  /    A nd           | Web:      www.OpenFOAM.org                      |
|    \\/     M anipulation  |                                                 |
\*---------------------------------------------------------------------------*/
FoamFile
{
    version     2.0;
    format      ascii;
    class       volScalarField;
    location    "15";
    object      p;
}
// * * * * * * * * * * * * * * * * * * * * * * * * * * * * * * * * * * * * * //

dimensions      [0 2 -2 0 0 0 0];

internalField   nonuniform List<scalar> 
6785
(
593.623
515.498
468.736
415.54
368.944
324.001
282.085
242.339
204.714
169.113
134.853
101.715
73.954
45.4466
3.83516
-11.4553
-29.6962
-19.7639
-27.1083
-26.4648
-28.9804
-29.597
-30.0742
-29.5267
-28.0381
-25.5811
-22.1256
-16.7575
-11.7189
-10.0045
-8.25507
-13.8426
-5.77332
-11.5938
-9.09649
-11.6343
-12.2469
-14.1624
-15.8951
-18.03
-20.2067
-21.9263
-22.4758
-22.8304
-22.1727
-7.02315
-10.5061
-7.98875
-13.6475
-12.5938
-16.3602
-17.4263
-19.7319
-21.3239
-22.9671
-24.1202
-24.7116
-23.5394
-22.429
-20.0959
-3.11414
-4.18977
-0.593507
-2.7865
1.02641
0.507544
2.86919
4.03737
5.89307
7.67885
9.70981
11.6129
13.9706
15.4934
18.1304
21.668
22.3022
25.7143
24.756
28.2745
28.3391
30.5561
31.7144
33.2474
34.6417
36.0703
37.3789
38.9178
40.0355
41.6395
42.9296
43.8618
46.1382
45.3676
47.8097
47.5113
48.9917
49.2074
49.7738
50.07
50.5426
51.253
52.2229
52.9716
53.9193
53.0154
53.5579
54.9344
54.2814
56.034
55.6563
56.7295
56.7467
57.1557
57.2211
57.1546
56.791
56.1631
56.0941
55.773
61.344
59.3247
60.1322
58.1553
58.6672
56.9605
56.5595
54.7122
52.9087
50.1868
47.2882
44.5382
42.8909
42.3238
39.5798
26.6726
21.5638
20.324
16.3182
14.6075
11.122
9.08332
6.50528
5.05267
3.73468
3.07657
2.83859
2.86598
1.91964
-0.822512
-12.7059
-16.9343
-17.7712
-20.7242
-21.9446
-24.5278
-25.9878
-27.8303
-29.1202
-30.5706
-31.9529
-33.1084
-34.1098
-34.8475
-33.4203
-18.4052
-18.6029
-18.2459
-19.2557
-19.028
-19.8386
-20.081
-20.7194
-21.0918
-21.3938
-21.2304
-20.5615
-18.9059
-17.2188
-14.232
9.1124
10.6193
11.6058
12.0084
13.0262
13.4282
14.1994
14.8957
15.7867
16.8009
18.0683
19.413
21.0889
22.43
24.3084
22.2713
25.0276
25.2832
25.2258
25.4261
25.7359
26.4675
27.1484
27.9348
28.6465
29.3074
29.8095
30.2643
30.4917
30.6891
66.1305
65.0431
60.5353
53.2548
47.243
43.0767
38.7402
35.0862
32.2253
29.6144
27.3084
25.673
24.3227
23.4514
21.5705
40.5783
40.9116
41.0664
41.0728
41.139
41.3188
41.8345
41.6621
41.5848
41.4707
41.7227
41.2908
41.1495
41.3137
40.7174
40.5918
40.6046
40.7681
39.8709
40.181
40.3486
39.5337
39.4362
39.9643
40.097
39.3119
39.2676
39.8844
40.1626
39.2902
40.0302
40.2412
39.686
39.6837
40.2418
40.4795
39.9917
40.4217
40.6428
40.3892
40.3746
40.614
40.712
40.5425
40.4958
40.6073
40.5443
40.3645
40.4139
40.3226
40.2345
40.1829
40.2208
40.2508
40.2248
40.1731
40.2376
40.3353
40.3419
40.2985
40.4121
40.3894
40.4671
40.4004
40.6457
40.9637
41.4329
40.2992
39.0401
40.4789
41.3828
34.7312
31.5413
35.267
38.1676
15.7514
25.6252
31.8157
-11.2796
1.09931
7.44108
5.12919
9.24177
3.17226
4.86979
9.51581
9.74775
10.6496
11.3288
12.1868
13.0238
16.2266
19.3608
12.8018
14.7554
16.7015
19.0347
19.4227
20.4514
20.6054
22.4522
29.5278
22.3401
24.0445
23.7259
24.7753
26.758
27.7498
27.7491
27.9002
27.0581
33.4573
30.1678
30.9919
30.9162
30.6371
31.4984
33.1833
33.1169
29.7337
34.3596
35.2696
37.0087
37.3007
36.4205
35.6564
34.7643
36.4882
32.9765
36.8697
42.696
39.7414
40.3922
40.3931
38.2802
36.6304
34.9514
28.3695
36.9164
41.5096
35.2926
32.4945
28.3905
25.0813
21.8511
19.4993
17.0042
12.1541
9.09827
17.8128
12.8442
12.1707
10.4746
8.15161
1.7134
-0.273055
2.30411
-8.96479
6.00796
3.23337
2.07742
8.96005
3.02324
6.30831
5.2696
7.31207
10.3628
6.04023
8.59517
10.4875
7.58478
8.81041
8.07658
8.97808
10.8121
8.11166
9.11882
8.32129
9.15705
10.6597
7.78903
9.21907
10.299
8.12449
8.86301
8.12105
8.74364
9.97025
7.78778
8.5013
7.72099
8.365
9.43494
7.06366
8.15994
8.92274
7.12145
7.66711
7.00565
7.45652
8.33205
6.5853
7.09468
6.449
6.88671
7.61561
5.80892
6.56534
7.03268
5.68645
6.02955
5.52042
5.77844
6.26731
5.03557
5.32255
4.84804
5.06567
5.38277
4.20944
4.59196
4.69884
3.83361
3.94591
3.58068
3.63061
3.68004
2.92981
2.96272
2.62296
2.6133
2.51286
1.81176
1.84114
1.60293
0.974041
0.932098
0.683377
0.38102
0.317812
0.00108198
0.00174492
0.00284484
0.00358725
0.00446011
0.0052242
0.00601574
0.00676291
0.00749916
0.00819908
0.00886511
0.00948387
0.0100495
0.0105538
0.0109919
0.0113614
0.0116636
0.0119038
0.0120921
0.012243
0.012375
0.0125073
0.0126569
0.0128343
0.0130419
0.0132765
0.0135377
0.0138402
0.0142261
0.0147739
0.0155974
0.0168174
0.0184987
0.0205589
0.0227801
0.0249516
0.0268524
0.0282516
0.0290167
0.0290558
0.0283951
0.0271584
0.0255173
0.0236093
0.0214267
0.0187998
0.0155299
0.0114906
0.0065502
0.000450806
-0.00739954
-0.017853
-0.0306363
-0.0436552
-0.0671373
-0.129913
-0.0409426
-0.55216
-0.453757
-0.590651
-0.703336
-0.773561
-0.836107
-0.840302
-0.772248
-0.67191
-0.497922
-0.325984
-0.134485
0.0387576
0.193478
0.305152
0.402105
0.426125
0.477583
0.466902
0.421924
0.557528
0.398511
0.00307571
0.00485934
0.00789274
0.00998119
0.0123584
0.0144487
0.0165747
0.0185716
0.0205128
0.0223398
0.0240528
0.0256187
0.0270195
0.0282338
0.0292489
0.0300594
0.0306705
0.0310991
0.0313751
0.0315417
0.0316518
0.0317613
0.0319181
0.0321514
0.0324665
0.032853
0.0333086
0.0338739
0.0346677
0.0359116
0.0379257
0.0410504
0.045465
0.0509233
0.0567976
0.0625044
0.0674413
0.0709824
0.0727878
0.0726262
0.0706056
0.0671212
0.0627231
0.057869
0.0525231
0.0459593
0.0370116
0.0244439
0.00720024
-0.0151383
-0.042354
-0.0736847
-0.105931
-0.133649
-0.165792
-0.222438
-0.0644539
-0.73551
-0.644385
-0.943781
-1.21939
-1.41403
-1.57481
-1.60727
-1.49001
-1.30273
-0.968318
-0.630465
-0.26392
0.0749269
0.34945
0.575948
0.725011
0.822237
0.885344
0.926371
0.917378
1.00935
0.879237
0.00479778
0.00787862
0.013068
0.0166324
0.0207025
0.0242789
0.0279244
0.0313519
0.0346912
0.0378409
0.0408031
0.0435213
0.0459655
0.048099
0.0499004
0.0513602
0.0524863
0.0533067
0.0538713
0.0542524
0.0545388
0.054825
0.0551917
0.0556885
0.0563241
0.0570808
0.0579532
0.0590089
0.0604466
0.0626406
0.0661341
0.0715083
0.079073
0.0884133
0.0984677
0.108251
0.116736
0.12286
0.126037
0.125862
0.122505
0.116622
0.109138
0.100844
0.0917413
0.0807456
0.066132
0.0461028
0.0190501
-0.0159025
-0.0590228
-0.109957
-0.164845
-0.217841
-0.277804
-0.359091
-0.24805
-0.753008
-0.737676
-1.11288
-1.47438
-1.72888
-1.93846
-1.98012
-1.83493
-1.60239
-1.18565
-0.767078
-0.313934
0.104692
0.437777
0.717114
0.891605
1.01329
1.09166
1.12739
1.17237
1.1882
1.25207
0.00642865
0.0107683
0.0179966
0.0230019
0.0286844
0.0336877
0.0387747
0.0435587
0.0482137
0.0526028
0.056727
0.0605088
0.0639055
0.0668668
0.0693623
0.0713791
0.0729283
0.0740492
0.0748114
0.0753163
0.0756886
0.0760606
0.0765461
0.0772138
0.0780752
0.0791033
0.0802876
0.0817192
0.0836733
0.0866728
0.0914822
0.0989261
0.10945
0.122466
0.136474
0.150104
0.161916
0.170433
0.174834
0.174554
0.169832
0.161592
0.151149
0.139637
0.127076
0.111947
0.0918364
0.0642338
0.0269121
-0.0212954
-0.0806279
-0.15035
-0.225675
-0.301181
-0.37975
-0.464355
-0.526191
-0.829721
-0.920824
-1.36382
-1.83183
-2.15527
-2.42186
-2.47198
-2.28805
-1.99555
-1.47211
-0.949424
-0.383852
0.137772
0.55095
0.897949
1.11233
1.2596
1.3613
1.38658
1.47521
1.44545
1.64909
0.00790099
0.0135677
0.0228469
0.0293323
0.0366594
0.0431262
0.0496901
0.0558676
0.0618757
0.0675428
0.0728681
0.0777532
0.0821425
0.0859714
0.0892007
0.0918134
0.0938235
0.0952813
0.0962764
0.096939
0.0974304
0.0979221
0.0985615
0.0994376
0.100564
0.101902
0.103434
0.10527
0.107761
0.11158
0.117721
0.127271
0.140827
0.157626
0.175707
0.193315
0.208579
0.219599
0.225307
0.224962
0.218868
0.208212
0.194709
0.179832
0.163614
0.144099
0.118246
0.0829827
0.0356554
-0.0250814
-0.0995431
-0.186978
-0.282589
-0.382567
-0.484753
-0.597077
-0.879664
-0.83334
-1.12142
-1.63102
-2.22108
-2.62306
-2.95523
-3.01484
-2.78863
-2.43032
-1.78895
-1.15164
-0.462639
0.172143
0.671485
1.09375
1.34924
1.52932
1.65182
1.67494
1.80498
1.73043
2.09214
0.00926819
0.0162844
0.0275564
0.0355266
0.0444761
0.0523994
0.0604237
0.0679819
0.0753268
0.0822562
0.0887655
0.0947364
0.1001
0.104778
0.108721
0.111909
0.114358
0.116131
0.117335
0.118131
0.118717
0.119305
0.120076
0.121139
0.12251
0.124135
0.125985
0.128187
0.131161
0.135731
0.143128
0.15472
0.171276
0.191844
0.213985
0.235564
0.254265
0.267773
0.274769
0.274331
0.266824
0.253699
0.237078
0.218787
0.198862
0.174892
0.143229
0.1003
0.0431043
-0.0298275
-0.118872
-0.223288
-0.338642
-0.462833
-0.589192
-0.73536
-1.16657
-0.735083
-1.33384
-1.88889
-2.59948
-3.07674
-3.4735
-3.53817
-3.26919
-2.84595
-2.08875
-1.3418
-0.534055
0.208247
0.788722
1.28247
1.57516
1.78649
1.92736
1.94679
2.11739
1.99717
2.40787
0.0105241
0.0189376
0.032165
0.0416401
0.0522102
0.061602
0.0710918
0.08004
0.088729
0.0969295
0.104631
0.111696
0.118042
0.123576
0.128239
0.132008
0.134902
0.136991
0.138406
0.139335
0.140014
0.140698
0.141602
0.142858
0.144479
0.146396
0.148562
0.151115
0.154543
0.159819
0.168424
0.18203
0.201608
0.226006
0.252272
0.277897
0.300103
0.316158
0.324477
0.323945
0.314975
0.299276
0.279375
0.257464
0.233579
0.204854
0.167089
0.116331
0.0493591
-0.0353796
-0.138422
-0.259274
-0.394336
-0.543234
-0.697021
-0.877402
-1.31415
-0.631067
-1.59705
-2.16232
-2.99267
-3.54522
-4.00801
-4.07277
-3.75758
-3.26611
-2.38914
-1.53147
-0.603387
0.246529
0.908192
1.47331
1.80251
2.04454
2.20266
2.21704
2.42512
2.2626
2.7617
0.0116875
0.0215362
0.036666
0.0476582
0.0598348
0.0706979
0.0816475
0.091985
0.102015
0.111484
0.120375
0.128532
0.135856
0.142242
0.14762
0.151964
0.155292
0.157689
0.159302
0.160351
0.16111
0.161876
0.162904
0.164345
0.166212
0.168413
0.170879
0.173755
0.177586
0.183499
0.193236
0.208806
0.231413
0.259689
0.29013
0.319864
0.345625
0.364265
0.373925
0.373271
0.362751
0.344306
0.320884
0.295056
0.266879
0.233046
0.188883
0.130187
0.0536079
-0.0425323
-0.159087
-0.296031
-0.450895
-0.624797
-0.808451
-1.0225
-1.40301
-0.628414
-1.86809
-2.46366
-3.40778
-4.03793
-4.5701
-4.62947
-4.26354
-3.69892
-2.69588
-1.72427
-0.672165
0.287304
1.03128
1.66899
2.03406
2.30782
2.48124
2.49148
2.73339
2.53018
3.08186
0.0127641
0.024092
0.0410734
0.0535977
0.0673692
0.0797098
0.0921174
0.103848
0.115219
0.125961
0.136043
0.145294
0.153598
0.160837
0.166931
0.171846
0.175607
0.178305
0.180108
0.181267
0.182096
0.182935
0.184081
0.185705
0.187818
0.190301
0.193058
0.196229
0.200415
0.206893
0.217681
0.235165
0.260823
0.29305
0.327745
0.361679
0.391072
0.412362
0.42339
0.422575
0.41036
0.388896
0.361563
0.331362
0.298406
0.25898
0.208046
0.141301
0.0553109
-0.0518394
-0.181524
-0.334445
-0.5095
-0.709198
-0.925673
-1.17549
-1.50278
-0.84416
-2.12709
-2.80506
-3.84307
-4.55312
-5.15803
-5.20476
-4.78316
-4.14022
-3.00516
-1.91741
-0.738647
0.330987
1.15728
1.86784
2.26727
2.57357
2.75961
2.76681
3.03851
2.79889
3.35696
0.0137636
0.0266127
0.0453909
0.0594604
0.0748115
0.0886336
0.102494
0.115619
0.128331
0.140345
0.151619
0.161965
0.17125
0.17934
0.186146
0.191629
0.195816
0.198806
0.200788
0.202043
0.202926
0.203826
0.20508
0.206884
0.20924
0.212003
0.215037
0.218471
0.222954
0.22991
0.241654
0.260994
0.289728
0.325989
0.365023
0.40326
0.436369
0.460374
0.472785
0.471722
0.45757
0.432668
0.400872
0.365694
0.327358
0.281804
0.223781
0.149013
0.0539312
-0.0637948
-0.206282
-0.37521
-0.57104
-0.797646
-1.04944
-1.33754
-1.65198
-1.2999
-2.37504
-3.19986
-4.30159
-5.09513
-5.77704
-5.80179
-5.31868
-4.59111
-3.31721
-2.11082
-0.802491
0.377865
1.28647
2.07002
2.50218
2.84182
3.03749
3.04295
3.34045
3.06535
3.68149
0.0146926
0.0291059
0.0496266
0.0652541
0.0821692
0.0974771
0.112787
0.127307
0.141359
0.154649
0.167116
0.178558
0.188824
0.197766
0.205282
0.21133
0.215935
0.219209
0.221358
0.222694
0.223618
0.224565
0.225918
0.227897
0.230499
0.233539
0.236838
0.240502
0.245218
0.252558
0.265147
0.286276
0.31812
0.358516
0.401996
0.444658
0.481581
0.508373
0.522154
0.520672
0.504194
0.475249
0.438266
0.397371
0.352976
0.300785
0.235491
0.152881
0.0491205
-0.0787466
-0.233792
-0.418908
-0.636305
-0.891328
-1.18076
-1.51097
-1.86321
-1.90087
-2.54326
-3.64341
-4.78768
-5.6699
-6.43463
-6.42564
-5.87402
-5.05409
-3.63328
-2.30508
-0.863647
0.428251
1.41941
2.27615
2.73926
3.11333
3.31526
3.32077
3.63976
3.32874
3.98052
0.0155576
0.0315776
0.0537858
0.0709833
0.0894452
0.106242
0.122995
0.138913
0.154305
0.168871
0.182533
0.195073
0.20632
0.216113
0.224337
0.230945
0.235963
0.23951
0.241812
0.243213
0.244158
0.245136
0.246578
0.24873
0.251578
0.254894
0.258445
0.262305
0.267184
0.274798
0.288108
0.310948
0.345945
0.390593
0.438636
0.485862
0.526705
0.556339
0.571407
0.569193
0.549798
0.516011
0.472976
0.425554
0.374452
0.315271
0.242746
0.152664
0.0407336
-0.0968305
-0.264244
-0.465831
-0.705734
-0.990945
-1.32033
-1.69713
-2.11669
-2.43182
-2.59504
-4.13941
-5.30578
-6.28258
-7.13815
-7.08059
-6.45213
-5.53062
-3.95377
-2.5001
-0.921701
0.482573
1.55632
2.48642
2.97861
3.38826
3.59267
3.60057
3.93588
3.59584
4.23397
0.016364
0.0340331
0.0578745
0.0766534
0.0966442
0.114933
0.133124
0.15044
0.167171
0.183016
0.197874
0.211514
0.223744
0.234387
0.243317
0.250481
0.255903
0.259712
0.262152
0.2636
0.264548
0.26554
0.267059
0.26938
0.272476
0.27607
0.279863
0.28388
0.288847
0.296615
0.3105
0.334965
0.373165
0.422199
0.474943
0.526886
0.571749
0.60423
0.620371
0.616899
0.593768
0.554179
0.504168
0.449449
0.391155
0.324887
0.245413
0.148384
0.0288452
-0.117992
-0.297652
-0.516088
-0.779557
-1.09691
-1.46876
-1.89667
-2.39006
-2.79622
-2.65477
-4.72604
-5.86338
-6.93798
-7.896
-7.77166
-7.05638
-6.02235
-4.2791
-2.69608
-0.976337
0.541204
1.69801
2.70112
3.2202
3.66668
3.86949
3.88242
4.22912
3.85752
4.54538
0.0171166
0.036477
0.0618976
0.0822687
0.10377
0.123553
0.143175
0.161891
0.17996
0.197086
0.213141
0.227883
0.241097
0.252591
0.262225
0.269939
0.275757
0.279817
0.282379
0.283853
0.284781
0.285768
0.287352
0.289839
0.293188
0.297063
0.301085
0.305223
0.310196
0.317983
0.332278
0.358267
0.39973
0.453304
0.510902
0.567723
0.616672
0.651892
0.668672
0.663144
0.635251
0.588837
0.531003
0.468412
0.402727
0.329567
0.243641
0.140296
0.0137359
-0.141977
-0.333822
-0.569561
-0.857734
-1.20928
-1.6264
-2.11057
-2.68117
-3.11595
-2.85624
-5.36822
-6.47219
-7.63966
-8.71791
-8.50498
-7.6909
-6.53125
-4.61018
-2.89352
-1.02727
0.604454
1.84569
2.92061
3.46414
3.94889
4.14547
4.16664
4.51924
4.12078
4.79887
0.0178196
0.0389132
0.0658602
0.0878334
0.110825
0.132104
0.153151
0.173267
0.192674
0.211083
0.228338
0.244185
0.258384
0.270729
0.281063
0.289323
0.295529
0.299825
0.302491
0.303971
0.304856
0.305816
0.307451
0.310101
0.313709
0.317869
0.322113
0.326333
0.331224
0.33888
0.353396
0.380794
0.425595
0.483883
0.546501
0.608346
0.661352
0.698993
0.71567
0.707012
0.673219
0.619064
0.552827
0.482119
0.409171
0.329567
0.23783
0.128856
-0.00414512
-0.168382
-0.372413
-0.625967
-0.940033
-1.32785
-1.79335
-2.33974
-2.99264
-3.45417
-3.31446
-6.00668
-7.14427
-8.39052
-9.61497
-9.28768
-8.36053
-7.05948
-4.94794
-3.0925
-1.07407
0.672792
1.99992
3.14501
3.71232
4.23461
4.42066
4.45345
4.80612
4.38138
5.0641
0.0184765
0.0413449
0.0697664
0.0933513
0.117814
0.14059
0.163055
0.184571
0.205315
0.22501
0.243466
0.260421
0.275607
0.288803
0.299836
0.308635
0.31522
0.31974
0.322491
0.323951
0.324766
0.325676
0.327348
0.330159
0.334033
0.338486
0.342946
0.347209
0.351926
0.359284
0.373805
0.402481
0.450706
0.513903
0.581708
0.648661
0.705508
0.744922
0.760397
0.747326
0.706573
0.644114
0.569328
0.490627
0.410823
0.325395
0.228569
0.114665
-0.0242243
-0.196681
-0.412951
-0.684874
-1.02603
-1.45219
-1.96935
-2.58406
-3.32346
-3.83378
-4.03319
-6.62165
-7.89551
-9.19393
-10.5996
-10.128
-9.07096
-7.60943
-5.29291
-3.29294
-1.11629
0.746718
2.16109
3.37448
3.9666
4.52376
4.69461
4.7429
5.08992
4.63848
5.33637
0.0190903
0.0437752
0.0736203
0.0988257
0.12474
0.149012
0.172888
0.195806
0.217885
0.238867
0.258529
0.276595
0.292769
0.306816
0.318545
0.327879
0.334833
0.339561
0.342377
0.343792
0.344508
0.345342
0.347034
0.350005
0.354155
0.358911
0.363584
0.367854
0.372299
0.379175
0.393453
0.423259
0.475011
0.543324
0.616451
0.688446
0.748595
0.788716
0.801552
0.782754
0.734367
0.663633
0.580631
0.494352
0.408274
0.317733
0.216563
0.0984107
-0.0458533
-0.226276
-0.454876
-0.745733
-1.11516
-1.58164
-2.15374
-2.84237
-3.67104
-4.27191
-5.00496
-7.1923
-8.73947
-10.0533
-11.6849
-11.0353
-9.82883
-8.18414
-5.64576
-3.49478
-1.15348
0.826733
2.32969
3.60932
4.22704
4.8161
4.96726
5.03573
5.37047
4.90017
5.57415
0.0196635
0.0462067
0.0774253
0.10426
0.131604
0.157374
0.182652
0.206971
0.230386
0.252658
0.273527
0.292707
0.309873
0.324771
0.337194
0.347056
0.354369
0.359291
0.362149
0.36349
0.364077
0.364806
0.366501
0.36963
0.374069
0.379144
0.38403
0.388271
0.392342
0.398534
0.412286
0.44305
0.498449
0.572079
0.650566
0.727253
0.78971
0.829017
0.837572
0.812046
0.756087
0.677781
0.587252
0.493957
0.402266
0.307348
0.20257
0.080819
-0.0683513
-0.256523
-0.497562
-0.807898
-1.20671
-1.71538
-2.34549
-3.11254
-4.03222
-4.76889
-6.09794
-7.62774
-9.65938
-10.9732
-12.8849
-12.0197
-10.6417
-8.78724
-6.00734
-3.69801
-1.18521
0.913366
2.50619
3.8498
4.49373
5.1106
5.24191
5.33109
5.64778
5.15725
5.82921
0.0201981
0.0486415
0.0811848
0.109656
0.13841
0.165676
0.192349
0.218068
0.242817
0.266383
0.288463
0.308762
0.326922
0.342671
0.355786
0.36617
0.373832
0.378931
0.381807
0.383045
0.383467
0.38406
0.385739
0.389026
0.39377
0.399183
0.404285
0.408466
0.412059
0.417345
0.430246
0.461772
0.520944
0.600043
0.683709
0.764298
0.827537
0.864103
0.866851
0.834388
0.771838
0.687188
0.589964
0.49023
0.393592
0.295022
0.187346
0.0626072
-0.0910358
-0.28676
-0.540331
-0.870642
-1.29985
-1.85236
-2.54316
-3.39181
-4.40375
-5.29938
-7.03251
-7.89467
-10.6508
-11.9581
-14.2144
-13.0919
-11.5181
-9.42282
-6.37858
-3.9026
-1.21098
1.00716
2.69105
4.0962
4.76694
5.40684
5.52178
5.62721
5.92203
5.40875
6.0974
0.0206958
0.0510818
0.0849015
0.115016
0.14516
0.173921
0.201979
0.229099
0.255181
0.280043
0.303338
0.32476
0.343917
0.360519
0.374322
0.385223
0.393223
0.398482
0.401352
0.402452
0.402673
0.403094
0.404737
0.408183
0.413251
0.419025
0.424355
0.428448
0.431456
0.435591
0.44727
0.479329
0.542387
0.626962
0.715251
0.798397
0.860326
0.892052
0.888165
0.849713
0.782333
0.692776
0.589638
0.483969
0.383021
0.2815
0.171606
0.0444602
-0.113238
-0.316309
-0.582466
-0.933168
-1.39364
-1.9914
-2.74498
-3.67706
-4.78216
-5.83667
-7.6858
-8.14356
-11.7164
-13.0084
-15.6905
-14.2634
-12.4672
-10.0954
-6.76058
-4.10849
-1.23033
1.10869
2.88468
4.34881
5.04679
5.70474
5.807
5.92424
6.19313
5.66822
6.33441
0.0211578
0.0535293
0.0885779
0.120343
0.151854
0.182109
0.211544
0.240064
0.267479
0.29364
0.318154
0.340703
0.36086
0.378316
0.392806
0.404217
0.412544
0.417945
0.420783
0.421711
0.421688
0.421901
0.423483
0.427089
0.432505
0.438669
0.444243
0.448226
0.450545
0.453263
0.463289
0.495603
0.562586
0.652358
0.744206
0.827933
0.885967
0.911168
0.901134
0.858748
0.788662
0.695566
0.58712
0.475902
0.371244
0.267448
0.156
0.0270208
-0.134301
-0.344478
-0.623217
-0.994646
-1.4871
-2.1312
-2.94899
-3.96521
-5.16513
-6.37504
-8.20719
-8.55237
-12.7513
-14.1416
-17.3324
-15.5464
-13.4994
-10.8099
-7.15476
-4.31562
-1.24274
1.21853
3.08752
4.60792
5.33333
6.0041
6.0973
6.22285
6.46054
5.91747
6.59339
0.0215851
0.0559858
0.0922162
0.125638
0.158496
0.190241
0.221045
0.250962
0.279709
0.307173
0.33291
0.356593
0.377754
0.396065
0.411239
0.423155
0.431797
0.437322
0.4401
0.440817
0.440507
0.440468
0.441966
0.445734
0.451525
0.458115
0.463955
0.467816
0.469344
0.470353
0.478225
0.510428
0.581197
0.675456
0.76922
0.850823
0.902316
0.920613
0.906409
0.862756
0.792034
0.696518
0.583146
0.46664
0.35884
0.253442
0.141113
0.0108955
-0.153578
-0.37057
-0.661833
-1.05427
-1.57932
-2.27054
-3.15333
-4.2537
-5.55133
-6.91366
-8.69559
-9.33075
-13.7374
-15.4002
-19.1605
-16.9528
-14.6253
-11.5715
-7.56294
-4.52394
-1.24771
1.33727
3.29996
4.87381
5.62654
6.3047
6.39253
6.52329
6.72455
6.16939
6.84323
0.0219782
0.0584526
0.0958181
0.130902
0.165086
0.198318
0.230481
0.261795
0.291873
0.320644
0.34761
0.372431
0.394601
0.413768
0.429624
0.442038
0.450984
0.456614
0.459303
0.459768
0.459121
0.458786
0.460171
0.464105
0.470303
0.477361
0.4835
0.487234
0.487877
0.486856
0.491974
0.52354
0.597637
0.695213
0.788506
0.86464
0.907939
0.92083
0.905413
0.86317
0.793573
0.696452
0.578299
0.456649
0.346271
0.239968
0.127473
-0.00333231
-0.170427
-0.393905
-0.697635
-1.11139
-1.66959
-2.40849
-3.35663
-4.54099
-5.94002
-7.45318
-9.24061
-10.5605
-14.6189
-16.7977
-21.195
-18.4946
-15.8565
-12.3853
-7.98737
-4.73344
-1.24469
1.46549
3.52237
5.14674
5.92634
6.60631
6.69238
6.8244
6.98667
6.41796
7.08071
0.0223374
0.0609312
0.0993853
0.136137
0.171624
0.206339
0.239853
0.272562
0.303971
0.334052
0.362251
0.388218
0.411401
0.431426
0.447962
0.460868
0.470107
0.475822
0.478391
0.478562
0.477525
0.476842
0.478084
0.482188
0.48883
0.496406
0.502884
0.506501
0.506174
0.502764
0.504383
0.534502
0.611133
0.710342
0.799685
0.867271
0.902849
0.913357
0.899844
0.861313
0.794217
0.696011
0.572998
0.446246
0.333883
0.227435
0.115572
-0.0150959
-0.184231
-0.413883
-0.730126
-1.16565
-1.75766
-2.54477
-3.55852
-4.82712
-6.33191
-7.99891
-9.88829
-11.9876
-15.2089
-18.3178
-23.4682
-20.1843
-17.2049
-13.2566
-8.4306
-4.94414
-1.23314
1.6038
3.75513
5.42696
6.23259
6.90868
6.99648
7.12541
7.24802
6.66638
7.34739
0.0226626
0.063423
0.102919
0.141344
0.178112
0.214306
0.249159
0.283261
0.316
0.347396
0.376835
0.403955
0.428156
0.449041
0.466255
0.479646
0.489167
0.494948
0.497365
0.497194
0.49571
0.494623
0.495687
0.499967
0.507098
0.515249
0.522117
0.525642
0.524272
0.518052
0.515176
0.542701
0.620901
0.719012
0.800079
0.857993
0.888577
0.900206
0.891281
0.858275
0.794699
0.695662
0.567498
0.435611
0.321924
0.216199
0.105873
-0.0238549
-0.194451
-0.430103
-0.759186
-1.21729
-1.84403
-2.6801
-3.76002
-5.11387
-6.7296
-8.55725
-10.6108
-13.129
-15.6236
-19.9745
-26.0128
-22.0368
-18.6828
-14.1908
-8.89509
-5.15613
-1.21251
1.75278
3.99855
5.71464
6.54508
7.21156
7.30429
7.42653
7.50821
6.9305
7.5832
0.0229534
0.065929
0.10642
0.146522
0.184549
0.222217
0.2584
0.293892
0.327961
0.360675
0.391362
0.419641
0.444867
0.466614
0.484504
0.498375
0.508165
0.513993
0.516224
0.515663
0.513668
0.512115
0.512964
0.517426
0.525095
0.53389
0.541211
0.544683
0.542205
0.532627
0.523882
0.547628
0.626048
0.718493
0.7879
0.838044
0.867465
0.883273
0.880992
0.854879
0.795555
0.695721
0.561913
0.424802
0.310564
0.206572
0.0988114
-0.0291357
-0.200729
-0.442541
-0.785302
-1.26734
-1.93023
-2.81646
-3.96361
-5.40456
-7.1374
-9.13627
-11.3895
-14.0148
-16.1438
-21.656
-28.8624
-24.0703
-20.3032
-15.1932
-9.38252
-5.36955
-1.18224
1.91302
4.25294
6.00997
6.86352
7.51465
7.61514
7.72754
7.76639
7.19565
7.81213
0.0232094
0.0684504
0.109888
0.151673
0.190936
0.230072
0.267574
0.304453
0.339851
0.373889
0.40583
0.435278
0.461535
0.484146
0.502711
0.517054
0.527104
0.532958
0.53497
0.533964
0.531391
0.529303
0.529894
0.534547
0.542811
0.552326
0.560174
0.563646
0.559973
0.546204
0.529978
0.549279
0.624785
0.705874
0.763545
0.81003
0.841807
0.864059
0.869912
0.851717
0.797175
0.696386
0.556232
0.41377
0.299904
0.19883
0.0947685
-0.0306126
-0.203054
-0.451789
-0.809841
-1.31793
-2.01902
-2.95704
-4.17288
-5.70349
-7.5607
-9.74583
-12.2261
-14.8697
-17.1821
-23.3718
-32.1232
-26.3063
-22.0783
-16.2687
-9.89358
-5.58463
-1.14177
2.08508
4.51857
6.31303
7.18757
7.81762
7.92823
8.02795
8.02323
7.4579
8.07344
0.0234297
0.0709883
0.113326
0.156796
0.197272
0.237869
0.276679
0.314942
0.351669
0.387035
0.420239
0.450864
0.478159
0.501638
0.520875
0.535686
0.545984
0.551844
0.553601
0.552096
0.548869
0.546169
0.546456
0.55131
0.560233
0.570556
0.579013
0.582533
0.577444
0.558182
0.533469
0.547484
0.61384
0.67998
0.729591
0.776732
0.813403
0.843637
0.858687
0.849214
0.799846
0.697769
0.55034
0.402368
0.289985
0.193198
0.0940142
-0.0282443
-0.201987
-0.459329
-0.83528
-1.3724
-2.11424
-3.10585
-4.39191
-6.01509
-8.00482
-10.3933
-13.1216
-15.8561
-19.1234
-25.2771
-35.9686
-28.7685
-24.0185
-17.4202
-10.4283
-5.80151
-1.09055
2.2695
4.79566
6.6239
7.51685
8.12007
8.24268
8.32726
8.28046
7.73957
8.30165
0.0236131
0.0735437
0.116731
0.16189
0.203556
0.245607
0.285713
0.325357
0.363411
0.400112
0.434587
0.4664
0.49474
0.51909
0.538997
0.55427
0.564806
0.570653
0.572119
0.570054
0.566094
0.562698
0.562627
0.567693
0.577348
0.588575
0.597724
0.601274
0.594125
0.567902
0.535174
0.540055
0.589639
0.642506
0.6895
0.740299
0.783502
0.822721
0.847761
0.847692
0.803809
0.699928
0.544022
0.390353
0.280782
0.189823
0.0966122
-0.0224759
-0.198939
-0.467766
-0.865334
-1.43515
-2.22032
-3.26685
-4.62439
-6.34315
-8.4741
-11.0834
-14.0792
-17.1127
-22.0501
-27.2707
-40.4235
-31.4846
-26.1306
-18.649
-10.9864
-6.02008
-1.02799
2.46682
5.08441
6.94257
7.85087
8.42146
8.55751
8.62437
8.5386
8.00967
8.53654
0.0237584
0.0761176
0.120105
0.166956
0.209787
0.253283
0.294674
0.335694
0.375076
0.413116
0.448872
0.481884
0.511279
0.536502
0.557078
0.572807
0.583571
0.589386
0.590524
0.587837
0.583054
0.578869
0.578381
0.583671
0.594139
0.60637
0.616266
0.619561
0.608998
0.575528
0.535725
0.524508
0.552771
0.596731
0.645826
0.702244
0.752917
0.801773
0.837467
0.847438
0.809298
0.70289
0.536972
0.377389
0.272199
0.188727
0.102268
-0.0144963
-0.196418
-0.480964
-0.904835
-1.51109
-2.34133
-3.44322
-4.87305
-6.69031
-8.97136
-11.8192
-15.1076
-18.6593
-25.1567
-29.1533
-45.503
-34.4794
-28.418
-19.9554
-11.5671
-6.23972
-0.953415
2.67756
5.38494
7.26898
8.18912
8.72116
8.87166
8.91826
8.79881
8.28971
8.77496
0.0238641
0.0787109
0.123447
0.171993
0.215964
0.260896
0.30356
0.34595
0.38666
0.426045
0.463092
0.497315
0.527773
0.553873
0.575115
0.591296
0.602279
0.608044
0.608817
0.605442
0.599741
0.594662
0.593691
0.599219
0.610583
0.623911
0.634485
0.63654
0.621058
0.58195
0.53145
0.490364
0.503937
0.546761
0.600642
0.663273
0.722173
0.781123
0.828097
0.848757
0.816584
0.706674
0.528788
0.363039
0.264054
0.189722
0.110114
-0.00649808
-0.198185
-0.503988
-0.959173
-1.60459
-2.48011
-3.63675
-5.13921
-7.05768
-9.49755
-12.6015
-16.2086
-20.4416
-28.007
-31.1623
-51.208
-37.7213
-30.8811
-21.3391
-12.1695
-6.45896
-0.865888
2.90229
5.69734
7.60302
8.531
9.01833
9.18398
9.2079
9.06152
8.56466
8.99313
0.0239282
0.0813244
0.126757
0.176999
0.222085
0.268443
0.312365
0.356121
0.398157
0.438895
0.477245
0.512691
0.544222
0.571203
0.59311
0.609736
0.62093
0.626629
0.627
0.622867
0.616143
0.610055
0.608525
0.614304
0.626647
0.641119
0.651886
0.650747
0.630211
0.58608
0.514266
0.436047
0.450042
0.491244
0.554802
0.623913
0.691537
0.761043
0.819972
0.852012
0.826007
0.711303
0.518976
0.346781
0.256066
0.192271
0.118462
-0.00185937
-0.209271
-0.542653
-1.0332
-1.71841
-2.6377
-3.84759
-5.42264
-7.44467
-10.0516
-13.4289
-17.3822
-22.437
-30.8951
-33.8631
-57.2305
-41.2296
-33.5157
-22.7997
-12.7917
-6.67522
-0.764102
3.14167
6.02164
7.94452
8.87582
9.31196
9.4933
9.4922
9.32758
8.83317
9.25146
0.023949
0.0839592
0.130033
0.181973
0.228148
0.275921
0.321088
0.366202
0.409565
0.451661
0.491327
0.528011
0.560625
0.58849
0.611059
0.628125
0.639524
0.645141
0.645073
0.64011
0.632251
0.625025
0.622849
0.628885
0.642272
0.65776
0.667307
0.660849
0.637554
0.587751
0.475476
0.375296
0.395691
0.433455
0.509039
0.584385
0.661326
0.741828
0.81347
0.857663
0.838007
0.716828
0.506953
0.328013
0.247798
0.195296
0.124614
-0.00523443
-0.235731
-0.602447
-1.12992
-1.85304
-2.81319
-4.07426
-5.72139
-7.84876
-10.6299
-14.2967
-18.6254
-24.6372
-33.91
-37.6123
-63.7607
-45.0617
-36.3159
-24.3354
-13.4306
-6.88475
-0.646213
3.39657
6.35786
8.29326
9.2228
9.60079
9.79836
9.77038
9.59772
9.12009
9.47683
0.023924
0.086616
0.133274
0.186914
0.23415
0.283325
0.329723
0.376189
0.420877
0.464339
0.505333
0.54327
0.576979
0.605733
0.62896
0.646463
0.65806
0.663581
0.663039
0.65717
0.648053
0.639544
0.636619
0.642905
0.657342
0.673192
0.679129
0.667031
0.643889
0.576868
0.42135
0.313869
0.338933
0.374866
0.463561
0.545022
0.631879
0.723857
0.809069
0.866289
0.853157
0.723344
0.492057
0.306065
0.238562
0.197018
0.124745
-0.0225562
-0.283753
-0.686965
-1.24957
-2.00669
-3.00396
-4.31365
-6.03166
-8.26515
-11.2261
-15.1968
-19.9302
-27.0253
-37.1066
-42.5611
-70.77
-49.2303
-39.2668
-25.9399
-14.0806
-7.0828
-0.509755
3.66814
6.70606
8.64898
9.571
9.88333
10.0979
10.0416
9.87195
9.39448
9.70071
0.023851
0.0892957
0.13648
0.19182
0.240089
0.290653
0.338266
0.386076
0.432087
0.476923
0.51926
0.558467
0.593283
0.622928
0.646811
0.664744
0.676536
0.68195
0.6809
0.674047
0.663538
0.653582
0.649782
0.656282
0.671547
0.686152
0.686783
0.672639
0.64939
0.542807
0.366303
0.248374
0.28012
0.316082
0.418485
0.506263
0.603609
0.707583
0.807352
0.878621
0.8722
0.73101
0.47356
0.280182
0.227327
0.194906
0.113692
-0.0606065
-0.357945
-0.796629
-1.38966
-2.17569
-3.20583
-4.56089
-6.34743
-8.68616
-11.8299
-16.1157
-21.2822
-29.5759
-40.5013
-48.7442
-78.1326
-53.7167
-42.3374
-27.6003
-14.7343
-7.2639
-0.351584
3.95798
7.06639
9.01143
9.91935
10.1578
10.3905
10.305
10.1509
9.65808
9.96774
0.0237273
0.0919991
0.139649
0.196688
0.245962
0.2979
0.346711
0.395856
0.44319
0.489406
0.533103
0.573598
0.609534
0.640074
0.664607
0.682966
0.694949
0.70025
0.698659
0.690741
0.678693
0.6671
0.662264
0.668857
0.684162
0.695388
0.692451
0.683157
0.640414
0.501761
0.309804
0.178974
0.219895
0.257992
0.374293
0.468506
0.576953
0.693538
0.809017
0.895561
0.89609
0.740081
0.450657
0.249474
0.212809
0.185512
0.0846521
-0.125454
-0.459464
-0.928496
-1.54557
-2.35488
-3.41305
-4.80909
-6.65999
-9.10073
-12.4269
-17.0341
-22.6598
-32.2508
-44.0742
-56.1094
-85.72
-58.4928
-45.4844
-29.2985
-15.3831
-7.42214
-0.1679
4.26828
7.43919
9.38035
10.2665
10.4224
10.6748
10.5604
10.435
9.94818
10.1972
0.02355
0.094727
0.142779
0.201517
0.251765
0.305061
0.355053
0.405522
0.454177
0.501782
0.546855
0.588657
0.625729
0.657165
0.682344
0.701123
0.713298
0.71848
0.716319
0.707251
0.6935
0.680043
0.67396
0.680275
0.694044
0.701105
0.698931
0.69417
0.614899
0.463909
0.24859
0.107156
0.157176
0.200985
0.331201
0.432265
0.552408
0.682327
0.814896
0.918226
0.926048
0.750915
0.422377
0.213019
0.193802
0.163533
0.0298641
-0.219891
-0.585312
-1.07709
-1.71125
-2.5378
-3.61816
-5.049
-6.95756
-9.49398
-12.9979
-17.927
-24.0341
-34.9997
-47.774
-64.5421
-93.425
-63.5183
-48.6521
-31.0143
-16.0183
-7.55111
0.0456877
4.60195
7.82514
9.75562
10.611
10.6748
10.9495
10.8077
10.723
10.2166
10.4418
0.0233161
0.0974803
0.145868
0.206303
0.257494
0.312131
0.363284
0.415067
0.46504
0.514043
0.56051
0.603641
0.641862
0.674198
0.700016
0.71921
0.731577
0.73664
0.733884
0.723576
0.707931
0.692339
0.684685
0.689846
0.700574
0.706727
0.712163
0.689786
0.589844
0.425043
0.184013
0.0339408
0.0912313
0.146014
0.289559
0.398065
0.53051
0.67465
0.825966
0.947986
0.963626
0.763902
0.387353
0.170618
0.168728
0.120556
-0.056541
-0.341605
-0.729252
-1.23551
-1.87964
-2.71663
-3.81175
-5.26886
-7.22543
-9.84781
-13.5206
-18.7652
-25.3714
-37.7627
-51.527
-73.8658
-101.032
-68.7373
-51.78
-32.7265
-16.6311
-7.6437
0.293994
4.96267
8.22541
10.1372
10.9508
10.9128
11.213
11.0466
11.0155
10.4988
10.6985
0.0230222
0.10026
0.148915
0.211045
0.263146
0.319104
0.371399
0.424483
0.47577
0.526179
0.57406
0.618544
0.657931
0.691167
0.717615
0.737217
0.749781
0.75473
0.751354
0.739704
0.721944
0.703876
0.694075
0.696736
0.704639
0.714499
0.72605
0.674249
0.569329
0.383195
0.117865
-0.0399054
0.0207716
0.0936811
0.249701
0.366503
0.511849
0.6713
0.843371
0.986516
1.01075
0.779096
0.343845
0.124328
0.132703
0.0462938
-0.17475
-0.483724
-0.883444
-1.39608
-2.04274
-2.88219
-3.98266
-5.455
-7.44711
-10.1428
-13.9717
-19.5194
-26.6378
-40.4747
-55.2555
-83.9251
-108.385
-74.0776
-54.7947
-34.4137
-17.2091
-7.69175
0.582031
5.35482
8.64183
10.5256
11.2839
11.134
11.464
11.2774
11.3114
10.7719
10.9473
0.022665
0.103066
0.151916
0.215738
0.268716
0.325974
0.37939
0.433759
0.486357
0.538181
0.587498
0.63336
0.67393
0.708067
0.735133
0.755137
0.767903
0.772745
0.768724
0.755613
0.735467
0.714461
0.701568
0.70093
0.709717
0.728693
0.726537
0.662519
0.548462
0.339959
0.0509347
-0.112691
-0.0547258
0.0447422
0.212001
0.338216
0.497068
0.673165
0.868439
1.03586
1.06966
0.795223
0.291409
0.0782507
0.0737939
-0.0657946
-0.318066
-0.637153
-1.03961
-1.55072
-2.19175
-3.02419
-4.11877
-5.5935
-7.607
-10.3615
-14.3316
-20.1647
-27.8046
-43.0717
-58.897
-94.5467
-115.234
-79.4349
-57.619
-36.0514
-17.7348
-7.68661
0.914773
5.78341
9.07709
10.9214
11.6079
11.3362
11.7011
11.5004
11.6103
11.0386
11.2505
0.0222406
0.1059
0.154871
0.22038
0.274198
0.332735
0.387248
0.442888
0.49679
0.550037
0.600813
0.648081
0.689852
0.724889
0.75256
0.772958
0.785932
0.790676
0.785974
0.771253
0.748379
0.723769
0.706711
0.703798
0.717846
0.743747
0.719527
0.655336
0.52637
0.29649
-0.0160285
-0.181885
-0.133959
2.78336e-05
0.176936
0.313881
0.486859
0.681228
0.902695
1.09848
1.14225
0.808292
0.234849
0.0313886
-0.0250922
-0.212437
-0.475688
-0.792641
-1.18953
-1.69103
-2.31747
-3.13238
-4.20905
-5.67306
-7.69393
-10.493
-14.5886
-20.6858
-28.8537
-45.4968
-62.4055
-105.349
-120.898
-84.6714
-60.1707
-37.6115
-18.1896
-7.62008
1.29699
6.25382
9.53491
11.3262
11.9199
11.5169
11.9229
11.7161
11.9113
11.3381
11.5243
0.0217451
0.108763
0.157776
0.224966
0.27959
0.33938
0.394964
0.451856
0.507058
0.561737
0.613996
0.6627
0.705691
0.741626
0.769885
0.790665
0.803854
0.8085
0.803062
0.78653
0.760477
0.73142
0.709948
0.70851
0.732388
0.748706
0.71721
0.648409
0.504561
0.253002
-0.0819644
-0.244665
-0.214039
-0.0395615
0.145055
0.294216
0.481966
0.696565
0.947888
1.17723
1.22822
0.812494
0.186896
-0.0321599
-0.175783
-0.380371
-0.636668
-0.941579
-1.32522
-1.80884
-2.41138
-3.19832
-4.24599
-5.68795
-7.70425
-10.5352
-14.7411
-21.0794
-29.7794
-47.7072
-65.7478
-115.645
-125.188
-89.5938
-62.3814
-39.0564
-18.5592
-7.48428
1.73314
6.77152
10.0202
11.7426
12.217
11.6742
12.1282
11.9247
12.2124
11.6263
11.82
0.0211743
0.111655
0.160629
0.229493
0.284883
0.3459
0.40253
0.460654
0.517146
0.573266
0.627035
0.677208
0.721441
0.758269
0.787095
0.808239
0.82164
0.826171
0.8199
0.80128
0.771467
0.737286
0.71276
0.716587
0.749406
0.748414
0.719118
0.641254
0.483854
0.209702
-0.145877
-0.298736
-0.291278
-0.0731325
0.117077
0.279943
0.483169
0.720326
1.00599
1.27481
1.32142
0.806464
0.16093
-0.136264
-0.372743
-0.554679
-0.791713
-1.07606
-1.43946
-1.8971
-2.46723
-3.21746
-4.22771
-5.63948
-7.64235
-10.4949
-14.7968
-21.3527
-30.5868
-49.6751
-68.9123
-124.876
-128.435
-94.0817
-64.2209
-40.3357
-18.8321
-7.27147
2.22737
7.34177
10.5389
12.1746
12.4961
11.806
12.316
12.1265
12.514
11.9075
12.1815
0.0205239
0.114578
0.163426
0.233957
0.290074
0.352289
0.409935
0.469268
0.527042
0.58461
0.639917
0.691595
0.737092
0.774806
0.804171
0.825654
0.839244
0.843607
0.836336
0.815247
0.781095
0.742042
0.717616
0.730059
0.759891
0.752288
0.721692
0.635039
0.464385
0.167058
-0.206829
-0.342636
-0.36104
-0.100025
0.0938278
0.271785
0.491268
0.753712
1.07919
1.39193
1.40691
0.798818
0.13633
-0.338894
-0.597755
-0.719093
-0.934097
-1.18945
-1.52652
-1.95123
-2.48253
-3.19019
-4.15793
-5.53474
-7.51818
-10.384
-14.769
-21.5201
-31.2871
-51.3843
-71.8865
-132.692
-130.708
-98.0221
-65.6499
-41.4167
-18.9979
-6.97462
2.78359
7.96933
11.0983
12.6281
12.7541
11.9109
12.485
12.3219
12.8142
12.2449
12.4948
0.0197893
0.11753
0.166166
0.238353
0.295156
0.358538
0.417169
0.477684
0.536728
0.595752
0.652628
0.705851
0.752636
0.791226
0.821089
0.842864
0.856586
0.860658
0.852119
0.828105
0.789405
0.747118
0.726123
0.747935
0.765464
0.760067
0.724478
0.630277
0.446352
0.125677
-0.26391
-0.377052
-0.418883
-0.119756
0.0762644
0.270395
0.507036
0.797938
1.16961
1.52299
1.46475
0.806733
0.0593874
-0.62464
-0.841351
-0.869528
-1.05757
-1.2774
-1.58332
-1.97014
-2.45896
-3.12115
-4.04408
-5.38348
-7.34351
-10.2162
-14.6728
-21.5991
-31.8923
-52.8273
-74.6463
-138.76
-131.864
-101.189
-66.6508
-42.2736
-19.0483
-6.58781
3.40543
8.65823
11.7063
13.1116
12.9876
11.9874
12.6343
12.5114
13.1116
12.5618
12.871
0.0189655
0.120514
0.168843
0.242676
0.300123
0.364638
0.42422
0.485889
0.546187
0.606675
0.665151
0.719963
0.768062
0.807511
0.837816
0.859798
0.87353
0.877087
0.8669
0.839599
0.79698
0.754127
0.73873
0.764488
0.773529
0.768938
0.728231
0.627005
0.430103
0.0863148
-0.315934
-0.405655
-0.461176
-0.132191
0.0653428
0.276331
0.531156
0.854216
1.27834
1.65136
1.4891
0.852151
-0.180087
-0.880611
-1.08512
-0.996419
-1.15922
-1.33801
-1.61006
-1.95634
-2.4014
-3.01714
-3.89436
-5.19507
-7.12901
-10.0041
-14.5229
-21.6066
-32.4105
-54.0013
-77.1582
-142.927
-131.835
-103.461
-67.2322
-42.8811
-18.9782
-6.10617
4.09615
9.41163
12.3715
13.6367
13.1936
12.0347
12.7631
12.6951
13.4051
12.9303
13.237
0.0180477
0.123529
0.171456
0.246922
0.304967
0.37058
0.431077
0.493867
0.555403
0.617358
0.67747
0.733919
0.783357
0.823637
0.854293
0.876341
0.889861
0.89255
0.88028
0.849719
0.804808
0.76431
0.75587
0.777273
0.78502
0.778229
0.733271
0.625334
0.415983
0.0500046
-0.360861
-0.434851
-0.48448
-0.137632
0.0619881
0.289978
0.564183
0.923653
1.40244
1.75056
1.50365
0.915318
-0.595616
-1.07826
-1.31139
-1.09816
-1.23853
-1.37254
-1.60987
-1.91474
-2.31599
-2.88479
-3.71565
-4.97693
-6.88342
-9.75872
-14.3326
-21.5566
-32.8438
-54.9067
-79.3854
-145.232
-130.733
-104.819
-67.4193
-43.2197
-18.7849
-5.52612
4.85836
10.2318
13.1029
14.2187
13.3695
12.0516
12.8702
12.874
13.6938
13.3102
13.5865
0.0170308
0.126576
0.174
0.251084
0.309682
0.376354
0.437726
0.501602
0.564353
0.62778
0.689565
0.747701
0.798502
0.839562
0.870428
0.892306
0.905263
0.906613
0.891927
0.858734
0.813639
0.77732
0.775651
0.789851
0.797996
0.788323
0.739621
0.625489
0.404296
0.0181785
-0.395373
-0.474723
-0.487624
-0.136359
0.0668828
0.311537
0.606507
1.00689
1.5307
1.79986
1.54422
0.848713
-1.01535
-1.25956
-1.49327
-1.17989
-1.29667
-1.3847
-1.58754
-1.85076
-2.20807
-2.729
-3.51272
-4.73466
-6.61421
-9.49055
-14.1132
-21.4587
-33.1877
-55.5475
-81.2877
-145.777
-128.74
-105.261
-67.2398
-43.2774
-18.4684
-4.8461
5.69372
11.1204
13.9088
14.8762
13.5126
12.0372
12.9551
13.0476
13.9766
13.7003
14.0507
0.0159095
0.129655
0.176473
0.255156
0.314261
0.38195
0.444156
0.509076
0.573018
0.637918
0.701413
0.761292
0.813469
0.855221
0.886074
0.907419
0.919325
0.918826
0.901686
0.867063
0.823804
0.792315
0.794644
0.804228
0.811495
0.799394
0.747338
0.627707
0.395367
-0.00712089
-0.413172
-0.531945
-0.47218
-0.128701
0.0804086
0.340985
0.65833
1.10284
1.6414
1.81263
1.6663
0.529709
-1.35471
-1.46409
-1.61764
-1.24741
-1.33639
-1.37934
-1.54777
-1.76876
-2.08112
-2.55257
-3.28891
-4.47319
-6.32889
-9.20977
-13.8738
-21.3172
-33.4327
-55.9331
-82.8248
-144.681
-125.984
-104.8
-66.7188
-43.0515
-18.0312
-4.06717
6.60274
12.0777
14.7972
15.6331
13.6219
11.988
13.0163
13.2193
14.2545
14.1991
14.3125
0.0146784
0.132765
0.178869
0.259133
0.318696
0.387358
0.450351
0.51627
0.581373
0.647745
0.712989
0.774662
0.828208
0.870501
0.901004
0.921314
0.931583
0.928821
0.90959
0.875023
0.835151
0.808568
0.811783
0.819741
0.825464
0.811415
0.756546
0.632208
0.389543
-0.0233773
-0.40534
-0.598203
-0.441444
-0.114849
0.102621
0.378072
0.71957
1.20586
1.70684
1.81043
1.78919
0.097475
-1.63483
-1.7201
-1.69421
-1.30663
-1.36068
-1.36057
-1.49388
-1.67121
-1.93664
-2.35704
-3.04742
-4.19803
-6.03611
-8.92617
-13.6196
-21.1318
-33.5678
-56.0795
-83.9649
-142.132
-122.583
-103.499
-65.8882
-42.5537
-17.4775
-3.19305
7.58452
13.1038
15.7753
16.5146
13.6954
11.9018
13.0544
13.3862
14.5106
14.6961
14.682
0.0133323
0.135905
0.181185
0.263009
0.32298
0.392567
0.456299
0.523166
0.589394
0.657232
0.724261
0.78777
0.842637
0.885225
0.914901
0.933556
0.941603
0.936386
0.915797
0.88273
0.847206
0.825466
0.827987
0.835467
0.839893
0.824346
0.767355
0.639168
0.387118
-0.0285662
-0.367872
-0.650028
-0.399668
-0.0943923
0.133165
0.42237
0.789553
1.3031
1.71741
1.84909
1.72555
-0.274641
-1.86033
-2.02319
-1.74136
-1.36106
-1.37187
-1.33087
-1.42736
-1.55883
-1.77495
-2.14407
-2.79264
-3.91622
-5.74591
-8.64777
-13.3523
-20.8987
-33.5835
-56.0088
-84.6884
-138.388
-118.687
-101.482
-64.7918
-41.8092
-16.8121
-2.22989
8.6365
14.197
16.849
17.5531
13.7367
11.7606
13.066
13.557
14.7761
15.2049
14.6177
0.0118659
0.139075
0.183418
0.266776
0.327104
0.397566
0.461984
0.529743
0.597054
0.666344
0.735185
0.800547
0.856616
0.899129
0.927377
0.943711
0.949058
0.941505
0.920545
0.890148
0.85936
0.842226
0.84387
0.85107
0.854688
0.838177
0.779846
0.648701
0.38833
-0.022166
-0.311959
-0.661835
-0.350456
-0.0665885
0.171365
0.473267
0.865858
1.37422
1.69481
1.96781
1.4289
-0.582201
-2.01303
-2.33177
-1.77271
-1.41153
-1.37105
-1.29114
-1.34831
-1.43138
-1.59638
-1.91677
-2.53064
-3.63661
-5.4687
-8.37927
-13.0698
-20.6136
-33.4744
-55.7473
-84.9877
-133.736
-114.456
-98.8992
-63.4756
-40.8483
-16.0393
-1.18592
9.75404
15.3547
18.0229
18.7676
13.7402
11.5599
13.0523
13.7311
14.9354
16.1643
14.6587
0.0102741
0.142273
0.185562
0.270426
0.331061
0.402344
0.467392
0.53598
0.604323
0.675041
0.745701
0.812885
0.869933
0.911866
0.938015
0.951415
0.953803
0.944387
0.924142
0.897206
0.871099
0.858057
0.859331
0.866443
0.869743
0.852896
0.794082
0.660855
0.393622
-0.00429147
-0.26757
-0.621999
-0.296221
-0.0308637
0.216297
0.529932
0.942292
1.39867
1.66568
2.06606
1.09704
-0.873828
-2.09012
-2.59543
-1.79237
-1.45623
-1.35826
-1.2411
-1.25607
-1.28846
-1.40241
-1.68038
-2.26896
-3.36976
-5.21326
-8.1212
-12.7689
-20.2737
-33.2409
-55.3223
-84.8684
-128.447
-110.031
-95.8908
-61.9781
-39.7012
-15.1648
-0.0709696
10.9299
16.5719
19.3007
20.1987
13.7196
11.2178
13.014
13.9107
15.055
16.072
14.0105
0.00855209
0.145497
0.187614
0.273954
0.334843
0.40689
0.472509
0.541856
0.611168
0.68327
0.75572
0.824612
0.882283
0.923035
0.946431
0.956418
0.955917
0.945473
0.926968
0.90389
0.882146
0.872585
0.874122
0.881507
0.884978
0.868494
0.810118
0.675672
0.404552
0.0289825
-0.264727
-0.539369
-0.238522
0.0127319
0.266894
0.591053
1.00741
1.37836
1.6874
1.98471
0.84086
-1.16988
-2.11313
-2.78615
-1.79967
-1.49183
-1.33288
-1.17987
-1.14981
-1.13021
-1.19654
-1.44187
-2.0162
-3.12671
-4.98432
-7.87081
-12.4468
-19.8801
-32.8889
-54.7588
-84.3523
-122.773
-105.53
-92.5834
-60.3333
-38.3986
-14.1972
1.10423
12.1541
17.8434
20.6743
21.7678
13.6618
10.6852
12.9362
14.0471
15.2524
15.7563
16.1215
0.00669539
0.148745
0.18957
0.277351
0.338441
0.411194
0.477319
0.547345
0.61755
0.690964
0.76511
0.83548
0.893294
0.932253
0.952372
0.95875
0.955838
0.945344
0.929343
0.9102
0.892439
0.885837
0.888124
0.896182
0.900334
0.884966
0.827986
0.693194
0.424033
0.0864531
-0.294703
-0.437233
-0.178211
0.063207
0.322003
0.653876
1.04577
1.33706
1.77643
1.74241
0.630783
-1.46439
-2.11624
-2.9048
-1.79358
-1.51493
-1.29402
-1.10638
-1.02885
-0.957938
-0.984622
-1.20866
-1.782
-2.91669
-4.78154
-7.62407
-12.1036
-19.4376
-32.4276
-54.0771
-83.476
-116.944
-101.058
-89.0931
-58.5775
-36.9722
-13.1479
2.32902
13.4137
19.1612
22.0864
23.5244
13.4921
9.46944
12.8273
14.1622
15.2976
15.893
17.73
0.00470021
0.152012
0.191425
0.280608
0.341848
0.415243
0.481806
0.552423
0.623421
0.698029
0.773684
0.845167
0.902579
0.939186
0.95561
0.958492
0.954118
0.944622
0.931547
0.916163
0.902034
0.89791
0.901304
0.910406
0.915768
0.902308
0.847593
0.713159
0.454208
0.161123
-0.305776
-0.336654
-0.115125
0.118954
0.380353
0.712847
1.04666
1.30275
1.83981
1.51995
0.428479
-1.74598
-2.13181
-2.96187
-1.77507
-1.52234
-1.24083
-1.01952
-0.892983
-0.774933
-0.774207
-0.987574
-1.57678
-2.7442
-4.60041
-7.3781
-11.7429
-18.9542
-31.868
-53.292
-82.2872
-111.148
-96.7004
-85.5227
-56.7467
-35.4522
-12.0291
3.5935
14.6933
20.5115
23.406
24.712
12.8451
6.52547
12.6357
14.2887
15.1358
16.2863
20.8888
0.00256358
0.155295
0.193175
0.283718
0.345056
0.419028
0.485955
0.557059
0.628723
0.704341
0.781192
0.853288
0.909681
0.943475
0.956343
0.956493
0.951542
0.943685
0.933659
0.921766
0.911016
0.908887
0.913667
0.924142
0.931255
0.920516
0.868652
0.735137
0.493378
0.208003
-0.253618
-0.243408
-0.0488373
0.178181
0.440332
0.759205
1.02065
1.3216
1.7659
1.37868
0.231181
-2.0033
-2.18523
-2.96191
-1.74612
-1.51142
-1.17267
-0.918389
-0.742984
-0.587189
-0.57252
-0.785478
-1.41001
-2.60739
-4.43496
-7.13267
-11.3712
-18.4398
-31.22
-52.4126
-80.8399
-105.529
-92.5193
-81.9545
-54.8712
-33.8645
-10.8521
4.88823
15.9769
21.925
25.0797
25.145
11.2709
2.30164
12.6448
14.3737
15.0655
16.7665
23.165
0.00028368
0.158586
0.194816
0.286671
0.348056
0.422535
0.489747
0.56122
0.633385
0.709735
0.787338
0.859515
0.914475
0.945316
0.954543
0.9529
0.948649
0.942878
0.935751
0.92702
0.919439
0.918887
0.92523
0.937379
0.946807
0.93959
0.890866
0.760669
0.544142
0.206333
-0.154629
-0.154191
0.0201387
0.239274
0.499141
0.783508
0.99058
1.39445
1.601
1.27858
0.0530405
-2.22144
-2.30174
-2.91054
-1.70756
-1.48024
-1.08909
-0.802429
-0.581489
-0.403109
-0.38435
-0.610915
-1.2867
-2.49912
-4.28043
-6.89037
-10.9966
-17.9033
-30.4921
-51.4434
-79.1902
-100.185
-88.5575
-78.4495
-52.9746
-32.2308
-9.62773
6.20391
17.2453
23.3999
28.0625
25.4543
9.27638
-2.05555
12.9321
14.4554
15.4693
17.3559
26.3569
-0.00213973
0.16188
0.196343
0.289458
0.35084
0.425753
0.493164
0.564869
0.637315
0.714026
0.791854
0.86349
0.916315
0.943722
0.950783
0.94894
0.945669
0.942227
0.937769
0.93189
0.927198
0.928022
0.936016
0.950139
0.962455
0.959397
0.913757
0.792737
0.596185
0.202004
-0.0530168
-0.0669
0.0901963
0.300772
0.551942
0.78384
0.978958
1.4474
1.47679
1.18731
-0.0944046
-2.3782
-2.50651
-2.81394
-1.66018
-1.42735
-0.989915
-0.671799
-0.414214
-0.230922
-0.212537
-0.473946
-1.20442
-2.41039
-4.13473
-6.65564
-10.6273
-17.3522
-29.6906
-50.3849
-77.3905
-95.171
-84.8374
-75.0506
-51.0749
-30.5698
-8.36595
7.53062
18.4742
24.7816
31.6394
26.3472
7.60971
-5.403
13.2008
14.5191
16.6984
19.4312
32.2917
-0.00470486
0.165166
0.197753
0.292069
0.353399
0.428668
0.496185
0.567961
0.640417
0.717034
0.794457
0.864857
0.915243
0.939971
0.946554
0.945069
0.942888
0.941775
0.939747
0.936386
0.934142
0.936329
0.946043
0.962466
0.978202
0.979468
0.936884
0.830901
0.615893
0.245382
0.0364425
0.0186166
0.159534
0.360873
0.592641
0.774958
1.01426
1.41341
1.41935
1.10289
-0.204671
-2.43373
-2.78081
-2.67817
-1.60387
-1.35187
-0.875192
-0.528165
-0.250416
-0.0745988
-0.0619055
-0.382004
-1.15382
-2.33384
-3.9983
-6.43335
-10.2694
-16.7915
-28.8206
-49.2342
-75.4842
-90.5096
-81.3647
-71.7857
-49.1858
-28.8973
-7.07601
8.85814
19.6509
25.9171
34.1991
27.8844
5.97964
-7.65898
12.9377
14.4114
18.6226
23.1355
37.9679
-0.00740729
0.168431
0.199041
0.294491
0.355723
0.431267
0.498791
0.570455
0.642602
0.718659
0.795199
0.864349
0.911821
0.935715
0.94262
0.941612
0.940544
0.941396
0.941665
0.940545
0.940237
0.943831
0.95535
0.974421
0.993915
0.999157
0.961656
0.865255
0.614004
0.316711
0.11999
0.101167
0.226746
0.416621
0.617281
0.774206
1.08579
1.3423
1.39274
1.03334
-0.275208
-2.3444
-3.05501
-2.50863
-1.53595
-1.2537
-0.745299
-0.376184
-0.100493
0.0672811
0.0577816
-0.334445
-1.1228
-2.26548
-3.87307
-6.22746
-9.92706
-16.2248
-27.8874
-47.9857
-73.5016
-86.1931
-78.1322
-68.6695
-47.3155
-27.2257
-5.76605
10.1753
20.7647
26.8169
35.3136
29.7331
4.18408
-9.25877
11.5749
14.243
20.6841
27.7461
38.8434
-0.0102392
0.17166
0.200202
0.296713
0.357803
0.433537
0.500963
0.572323
0.643865
0.719063
0.794936
0.862234
0.907347
0.931618
0.938897
0.938544
0.938559
0.941118
0.943555
0.944379
0.945551
0.950532
0.96397
0.985995
1.00912
1.01854
0.989563
0.876031
0.63316
0.382755
0.201735
0.179463
0.290489
0.463898
0.630046
0.794507
1.13961
1.31263
1.37505
0.982444
-0.309421
-2.09732
-3.24872
-2.30705
-1.45307
-1.13315
-0.601567
-0.22505
0.0299977
0.195912
0.135498
-0.32119
-1.1014
-2.20432
-3.7611
-6.04023
-9.60228
-15.6556
-26.8976
-46.6324
-71.459
-82.1945
-75.1233
-65.7061
-45.4685
-25.5649
-4.44485
11.4684
21.7946
27.5308
35.5545
31.5405
4.61415
-9.19364
9.22654
14.2356
23.0737
32.5426
37.2676
-0.0131886
0.174832
0.201232
0.298721
0.359628
0.435467
0.502696
0.573583
0.644345
0.718692
0.794448
0.858515
0.903095
0.927778
0.935662
0.936033
0.936948
0.940949
0.945282
0.947764
0.950128
0.956408
0.971885
0.996901
1.02301
1.03826
1.01051
0.875932
0.672544
0.443394
0.280023
0.252721
0.34883
0.499569
0.645008
0.848672
1.14525
1.32566
1.36633
0.949851
-0.316366
-1.7258
-3.30534
-2.07793
-1.35095
-0.991296
-0.44771
-0.0873605
0.14475
0.304629
0.167529
-0.327399
-1.08424
-2.15103
-3.66376
-5.87223
-9.29623
-15.0883
-25.8601
-45.1679
-69.36
-78.4749
-72.3161
-62.893
-43.6465
-23.9237
-3.12201
12.725
22.7256
28.066
35.4753
32.9159
8.55254
-5.99294
8.87663
15.6475
26.0151
36.3794
37.4213
-0.0162378
0.177921
0.202126
0.300503
0.36119
0.437052
0.504008
0.57434
0.644353
0.718251
0.79314
0.854497
0.899267
0.924265
0.932968
0.934081
0.935751
0.940897
0.946767
0.950599
0.953927
0.961376
0.978906
1.00651
1.03563
1.05518
1.01447
0.890664
0.711195
0.503846
0.353112
0.320137
0.398977
0.524331
0.670324
0.919643
1.14627
1.35427
1.37137
0.934829
-0.305985
-1.30603
-3.19298
-1.83099
-1.22559
-0.830295
-0.292231
0.0276325
0.251571
0.379817
0.162316
-0.340361
-1.06995
-2.10666
-3.58121
-5.72278
-9.01
-14.5294
-24.7864
-43.5883
-67.198
-74.9937
-69.6861
-60.224
-41.8499
-22.3102
-1.81036
13.9267
23.5441
28.4164
35.3088
33.4811
13.9099
-0.336781
11.4179
18.5669
29.1091
38.4153
39.894
-0.0193617
0.180894
0.202878
0.302044
0.362484
0.438301
0.504953
0.574768
0.644272
0.718321
0.790734
0.851097
0.895789
0.921259
0.930881
0.932745
0.935014
0.940967
0.947939
0.952722
0.956768
0.965237
0.984642
1.01495
1.04842
1.06159
1.01764
0.913531
0.749277
0.562884
0.420639
0.380372
0.43874
0.544882
0.710381
0.971402
1.17711
1.38646
1.39117
0.938138
-0.281788
-0.941761
-2.91804
-1.5752
-1.07529
-0.654456
-0.149066
0.122331
0.350043
0.411917
0.136359
-0.353382
-1.05915
-2.07179
-3.51256
-5.59065
-8.74507
-13.9867
-23.6907
-41.8937
-64.9598
-71.7204
-67.2114
-57.6941
-40.082
-20.7367
-0.529428
15.0554
24.2573
28.63
35.0604
33.6117
18.9781
5.87474
15.1124
22.028
31.7695
38.5557
41.7642
-0.022525
0.183708
0.203487
0.303334
0.363513
0.43924
0.505617
0.575049
0.644327
0.718551
0.788266
0.848287
0.892753
0.918817
0.929383
0.931995
0.934699
0.941105
0.948714
0.954004
0.95842
0.967594
0.988964
1.0238
1.05757
1.06319
1.03007
0.936873
0.789099
0.618724
0.482124
0.431729
0.468674
0.570303
0.76609
0.999198
1.22667
1.42318
1.42395
0.962247
-0.232601
-0.738541
-2.52389
-1.3189
-0.901005
-0.472926
-0.0315588
0.208808
0.427201
0.404987
0.105156
-0.365094
-1.05292
-2.04621
-3.45615
-5.47454
-8.5032
-13.4693
-22.59
-40.0906
-62.6275
-68.633
-64.8667
-55.3009
-38.3499
-19.2155
0.705868
16.0965
24.8566
28.7437
34.7085
33.753
23.3645
11.8078
18.9892
25.4144
33.961
38.2238
40.3121
-0.0256785
0.186309
0.20395
0.304366
0.364288
0.43991
0.506103
0.575359
0.644752
0.718254
0.786416
0.845947
0.890261
0.916946
0.928462
0.931797
0.93477
0.941252
0.948962
0.954208
0.958551
0.968286
0.993281
1.0318
1.06138
1.07186
1.04542
0.962227
0.829116
0.670925
0.536437
0.473106
0.492489
0.603037
0.823014
1.0332
1.27955
1.46657
1.46766
1.01123
-0.120933
-0.740972
-2.06871
-1.06859
-0.707415
-0.301335
0.0587317
0.293932
0.468678
0.374869
0.077074
-0.376611
-1.05186
-2.0289
-3.41013
-5.3733
-8.286
-12.9865
-21.5051
-38.1931
-60.1896
-65.6894
-62.6199
-53.0383
-36.6627
-17.769
1.85137
16.9945
25.3191
28.8257
34.4808
34.0707
26.8535
16.9435
22.7211
28.4281
35.4862
38.3752
39.5627
-0.0287552
0.188634
0.204269
0.305143
0.364831
0.44037
0.506503
0.575793
0.645612
0.717667
0.785163
0.844082
0.888336
0.915633
0.928079
0.932085
0.935162
0.941351
0.9486
0.953202
0.95721
0.96884
0.9989
1.03592
1.06868
1.08478
1.06261
0.989544
0.868093
0.718747
0.582516
0.505333
0.515994
0.644223
0.865277
1.08199
1.33218
1.51641
1.52058
1.08983
0.119517
-0.862699
-1.61306
-0.825634
-0.50452
-0.156834
0.134641
0.369126
0.472698
0.338876
0.0536129
-0.389304
-1.05582
-2.01829
-3.37281
-5.28602
-8.09478
-12.5481
-20.4619
-36.2238
-57.6636
-62.814
-60.4584
-50.8972
-35.0211
-16.4052
2.90707
17.7942
25.7194
28.889
34.3059
34.3288
29.5021
21.3643
26.1939
30.9416
36.3891
38.5235
39.268
-0.0316659
0.190611
0.204452
0.305672
0.365174
0.440671
0.50686
0.576331
0.646503
0.717324
0.784348
0.842705
0.886956
0.914847
0.928175
0.932781
0.935798
0.941344
0.947591
0.951112
0.955693
0.972282
1.00313
1.04182
1.081
1.09929
1.08222
1.01751
0.905285
0.761036
0.620035
0.5313
0.543139
0.692413
0.899215
1.13576
1.38597
1.57153
1.58035
1.19497
0.501603
-0.929455
-1.18972
-0.587988
-0.308988
-0.0455843
0.208932
0.418976
0.451815
0.30717
0.0331755
-0.40388
-1.06384
-2.01277
-3.34293
-5.21216
-7.93046
-12.1627
-19.4913
-34.2146
-55.1076
-60.0068
-58.4361
-48.861
-33.4171
-15.1417
3.79441
18.3213
25.8247
28.7878
34.0981
34.6228
31.5858
25.3606
29.3452
32.9218
36.9077
38.1094
38.8061
-0.0342979
0.192162
0.204512
0.305976
0.36536
0.440874
0.507234
0.577042
0.647148
0.717368
0.783892
0.841802
0.886087
0.914547
0.92869
0.93381
0.936621
0.941229
0.946067
0.948702
0.956377
0.977712
1.00752
1.05369
1.09504
1.1158
1.10328
1.04525
0.939556
0.796953
0.649933
0.554517
0.573595
0.739174
0.938228
1.18864
1.44157
1.63096
1.64405
1.31121
0.910522
-0.796831
-0.798718
-0.35567
-0.139727
0.0430996
0.279524
0.437369
0.422995
0.281873
0.0140686
-0.42022
-1.07456
-2.01096
-3.31982
-5.15164
-7.79375
-11.8363
-18.6243
-32.2084
-52.552
-57.5212
-56.6065
-46.9915
-31.9589
-14.1386
4.33708
18.5376
25.8847
28.8598
33.9122
35.2133
33.8
29.2755
32.0769
34.3763
37.107
37.4599
38.1536
-0.0365192
0.193213
0.204467
0.306083
0.365423
0.440998
0.507594
0.577861
0.647669
0.717679
0.783741
0.841319
0.885679
0.914675
0.929553
0.935085
0.937553
0.941003
0.944315
0.947332
0.960545
0.981553
1.01763
1.06817
1.11059
1.13382
1.12479
1.0717
0.969708
0.826354
0.674305
0.578073
0.606885
0.777491
0.982069
1.24031
1.49864
1.69381
1.71031
1.4271
1.1658
-0.465905
-0.43692
-0.136942
-0.00586033
0.123897
0.333998
0.432383
0.397377
0.261262
-0.00453857
-0.437553
-1.08663
-2.01204
-3.30329
-5.10482
-7.68531
-11.5712
-17.8847
-30.265
-49.8639
-55.6788
-54.7675
-45.4273
-30.7766
-13.4061
4.72091
18.7171
26.1391
29.5514
34.9231
37.3172
36.8945
33.0829
34.2693
35.3845
37.0883
37.1012
37.4745
-0.0381869
0.193705
0.204342
0.306031
0.36541
0.441088
0.507972
0.578636
0.648293
0.718176
0.783878
0.841218
0.885686
0.915182
0.930709
0.936559
0.938583
0.940747
0.94285
0.948181
0.965763
0.986869
1.03217
1.08373
1.12749
1.15234
1.14578
1.0956
0.994935
0.849928
0.695442
0.603108
0.642422
0.810221
1.02607
1.29148
1.55691
1.75927
1.78239
1.56369
1.20124
-0.0454802
-0.10789
0.053552
0.0996922
0.199277
0.365027
0.418146
0.377923
0.243446
-0.0227009
-0.454851
-1.09911
-2.01565
-3.29345
-5.07214
-7.60556
-11.3671
-17.2851
-28.4728
-46.8177
-54.1196
-52.7829
-44.2225
-29.7782
-12.8223
4.96068
18.9165
26.9812
31.6276
37.7739
40.845
40.4217
36.4001
35.8756
36.0507
36.9925
36.8722
36.8561
-0.0391715
0.193607
0.204169
0.305859
0.365343
0.441139
0.508351
0.579249
0.648998
0.718776
0.784237
0.841433
0.886047
0.916004
0.932088
0.938145
0.939612
0.940461
0.942182
0.951443
0.968946
0.99755
1.04815
1.10038
1.14485
1.17046
1.16502
1.11579
1.01501
0.868937
0.715018
0.62919
0.678612
0.842422
1.06844
1.34226
1.61624
1.82594
1.8668
1.76875
1.14182
0.346319
0.178131
0.206667
0.18931
0.26121
0.376824
0.404823
0.363244
0.227432
-0.0400048
-0.47126
-1.11157
-2.02175
-3.29039
-5.05365
-7.55412
-11.2215
-16.8261
-26.9374
-43.5211
-51.9059
-50.7139
-43.1286
-28.8481
-12.2119
5.30323
19.3951
28.3036
34.3919
41.3257
44.6587
43.6494
38.9826
36.9659
36.4542
36.938
36.7177
36.4175
-0.0393729
0.19293
0.203972
0.305608
0.36526
0.441201
0.508767
0.579845
0.649782
0.719498
0.784812
0.841939
0.886719
0.917096
0.93366
0.939846
0.940681
0.94033
0.942778
0.95589
0.972424
1.01185
1.06472
1.11746
1.16169
1.18705
1.18129
1.13157
1.0303
0.884586
0.733386
0.654324
0.711768
0.874411
1.10915
1.39263
1.67637
1.89113
1.95862
1.99368
1.17438
0.675435
0.412295
0.326243
0.266725
0.304183
0.379376
0.395617
0.35153
0.212947
-0.0558632
-0.486283
-1.12391
-2.03028
-3.29387
-5.04869
-7.52925
-11.13
-16.4979
-25.7233
-40.4349
-48.9909
-48.3906
-41.5896
-27.8198
-11.4364
5.8806
20.1379
29.8662
37.2682
44.8276
48.1093
46.2594
40.8409
37.6767
36.6839
36.9283
36.6113
36.2023
-0.0387701
0.191736
0.203788
0.305322
0.365172
0.441255
0.509113
0.580419
0.650545
0.720265
0.785523
0.842661
0.887639
0.9184
0.935348
0.941521
0.94157
0.940233
0.944279
0.958908
0.979943
1.02727
1.08158
1.13398
1.17698
1.20095
1.19366
1.14276
1.04157
0.898129
0.751414
0.678689
0.741371
0.905383
1.14839
1.44267
1.73644
1.95176
2.0443
2.11081
1.36121
0.95129
0.594478
0.42093
0.328192
0.33084
0.380209
0.389668
0.34172
0.200061
-0.0698723
-0.49981
-1.13613
-2.04106
-3.30324
-5.0557
-7.52765
-11.0859
-16.2845
-24.8296
-37.8971
-46.0533
-45.882
-39.6059
-26.4897
-10.4023
6.71762
21.1222
31.5654
40.0245
47.9706
50.959
48.212
42.1097
38.1381
36.8152
36.9301
36.5611
36.102
-0.0374067
0.19014
0.203622
0.30502
0.3651
0.441361
0.509467
0.581047
0.651355
0.721133
0.786401
0.843594
0.888767
0.91987
0.937148
0.943253
0.94248
0.940521
0.946243
0.960424
0.990919
1.04276
1.09788
1.14882
1.18964
1.21134
1.20194
1.14987
1.04958
0.909472
0.767433
0.699812
0.766343
0.934041
1.18602
1.49231
1.79573
2.00992
2.13217
2.10792
1.60451
1.17238
0.730392
0.494528
0.37185
0.347884
0.381963
0.385601
0.333472
0.1891
-0.0817067
-0.511655
-1.14788
-2.05326
-3.31695
-5.0719
-7.5443
-11.0801
-16.1656
-24.217
-35.9943
-43.6099
-43.627
-37.6578
-25.0423
-9.19904
7.73707
22.2567
33.267
42.4904
50.5889
53.1459
49.5891
42.9522
38.4451
36.8915
36.9334
36.5702
36.1394
-0.0354627
0.188311
0.203513
0.304762
0.365057
0.441458
0.509774
0.581599
0.652087
0.721968
0.787315
0.84463
0.890031
0.92145
0.93894
0.944719
0.942912
0.940635
0.947303
0.963374
1.003
1.05768
1.11238
1.16077
1.19865
1.21759
1.20595
1.15314
1.0549
0.919793
0.783757
0.72088
0.789656
0.96074
1.22205
1.54128
1.85134
2.06426
2.21549
2.08694
1.80788
1.33713
0.827726
0.547568
0.400876
0.360215
0.384245
0.382545
0.326706
0.180201
-0.0914332
-0.521959
-1.15913
-2.06649
-3.3339
-5.0948
-7.57389
-11.1017
-16.1172
-23.8283
-34.6674
-41.8098
-41.891
-36.0774
-23.7632
-8.06635
8.75129
23.3682
34.7921
44.5059
52.588
54.6947
50.5071
43.504
38.6583
36.9393
36.9336
36.6203
36.4626
-0.0331741
0.186443
0.20343
0.304525
0.365045
0.441592
0.510137
0.582183
0.65286
0.722876
0.788334
0.845776
0.891369
0.923043
0.940705
0.946175
0.943545
0.941022
0.947276
0.968701
1.0144
1.07087
1.12406
1.16943
1.20431
1.22076
1.20741
1.1544
1.05829
0.927381
0.795722
0.736049
0.807924
0.984285
1.25537
1.58699
1.89976
2.10882
2.2519
2.133
1.9536
1.44965
0.892991
0.58236
0.419813
0.369653
0.386353
0.380256
0.321605
0.173601
-0.098763
-0.530066
-1.16853
-2.07833
-3.35003
-5.11784
-7.60616
-11.1354
-16.1142
-23.6122
-33.8271
-40.6339
-40.7345
-34.9758
-22.8037
-7.18205
9.57426
24.2692
35.9626
45.9489
53.9418
55.6884
51.1005
43.8813
38.8122
36.9904
36.9396
36.7113
36.7684
-0.0309019
0.184804
0.20341
0.304405
0.365074
0.441696
0.510397
0.582606
0.653445
0.723603
0.789206
0.846826
0.892657
0.924572
0.942192
0.946888
0.94314
0.940355
0.947664
0.975165
1.02419
1.08057
1.13139
1.17391
1.20633
1.22085
1.20617
1.15303
1.05889
0.932771
0.807878
0.753106
0.825473
1.0046
1.28523
1.62683
1.9339
2.13144
2.24171
2.21111
2.05047
1.51454
0.929857
0.603011
0.43189
0.376149
0.387792
0.378693
0.31822
0.16917
-0.103925
-0.536193
-1.17623
-2.08876
-3.36498
-5.13984
-7.63803
-11.1737
-16.1368
-23.5124
-33.3461
-39.9347
-40.0395
-34.3005
-22.1816
-6.58753
10.1422
24.8816
36.7079
46.8005
54.7082
56.2469
51.4653
44.1305
38.9346
37.0558
36.9439
36.8812
36.7527
-0.0290801
0.183465
0.203408
0.304316
0.365131
0.441843
0.510672
0.583013
0.653993
0.724286
0.79002
0.847762
0.893691
0.925621
0.943045
0.947338
0.943443
0.940746
0.949264
0.979107
1.02968
1.08613
1.13564
1.17635
1.2072
1.22076
1.20584
1.1531
1.05984
0.93476
0.810867
0.757967
0.834252
1.01925
1.30542
1.64942
1.94997
2.13844
2.23283
2.26109
2.10856
1.55329
0.94903
0.612538
0.437774
0.379465
0.388503
0.377861
0.316491
0.166935
-0.10651
-0.539233
-1.18
-2.09379
-3.37203
-5.14995
-7.65241
-11.1909
-16.1492
-23.4813
-33.1663
-39.6808
-39.7808
-34.0162
-21.8984
-6.31234
10.4031
25.1474
37.0036
47.1213
55.0131
56.4814
51.6792
44.2934
39.0373
37.1129
36.9823
37.1968
39.0041
)
;

boundaryField
{
    inletFace
    {
        type            zeroGradient;
    }
    inlet
    {
        type            zeroGradient;
    }
    inletWalls
    {
        type            zeroGradient;
    }
    outletInlet
    {
        type            cyclicAMI;
        value           nonuniform List<scalar> 
15
(
13.3772
16.3657
19.7731
23.0459
25.956
29.1036
31.5187
34.3022
37.2777
40.7193
40.887
41.8565
36.828
33.9466
31.1844
)
;
    }
    fineSymmetryWall
    {
        type            symmetryPlane;
    }
    fineWalls
    {
        type            zeroGradient;
    }
    fineCyclicBoundary
    {
        type            fixedValue;
        value           uniform 0;
    }
    fineplug
    {
        type            cyclicAMI;
        value           nonuniform List<scalar> 
80
(
13.4966
12.1755
14.5255
13.989
12.0273
15.2196
15.6209
16.1362
16.5244
17.0146
17.6173
19.6963
22.278
17.7393
18.8556
19.9677
21.8797
22.1014
22.6892
22.7772
23.8326
27.9025
24.4695
25.4434
25.2613
25.861
27.3234
28.5489
28.5485
28.6349
28.1536
31.198
31.0496
31.5205
31.4772
31.3178
31.8099
33.5901
33.9609
32.0277
34.7868
35.191
36.7067
37.9176
37.4147
36.978
36.4682
37.4533
37.3052
40.5189
42.8592
41.1709
41.5427
42.7336
42.1215
41.1787
40.2194
36.4583
44.1657
46.5432
42.9906
41.3917
39.0465
37.1555
38.4301
37.0863
35.6605
32.889
39.3394
37.4108
35.2158
34.8309
33.8618
32.5344
29.0104
28.1851
29.6578
35.1839
31.7743
30.1888
)
;
    }
    faceFine
    {
        type            zeroGradient;
    }
}


// ************************************************************************* //
