/*--------------------------------*- C++ -*----------------------------------*\
| =========                 |                                                 |
| \\      /  F ield         | OpenFOAM: The Open Source CFD Toolbox           |
|  \\    /   O peration     | Version:  4.1                                   |
|   \\  /    A nd           | Web:      www.OpenFOAM.org                      |
|    \\/     M anipulation  |                                                 |
\*---------------------------------------------------------------------------*/
FoamFile
{
    version     2.0;
    format      ascii;
    class       volScalarField;
    location    "24";
    object      p;
}
// * * * * * * * * * * * * * * * * * * * * * * * * * * * * * * * * * * * * * //

dimensions      [0 2 -2 0 0 0 0];

internalField   nonuniform List<scalar> 
6785
(
535.983
482.586
430.755
382.344
337.453
295.436
256.081
219.077
183.983
150.619
119.677
91.5383
62.5094
27.5906
-1.56146
69.5496
47.2885
41.5298
37.8196
32.3455
26.638
21.4851
17.0963
13.6123
11.1535
9.96221
10.4638
12.5603
14.4318
14.6919
-33.2322
-39.8755
-34.1087
-29.9618
-26.8713
-23.2761
-19.3899
-15.4526
-11.5483
-7.83254
-4.4871
-1.42012
1.65659
4.30935
5.54357
12.9025
10.4842
15.0766
15.4006
15.4541
15.6691
15.5799
15.2024
14.6207
13.8614
12.9046
11.7952
10.8847
10.7323
11.0428
29.3364
27.0029
28.5561
26.4577
25.0383
23.7943
22.3838
21.0014
19.7435
18.652
17.7506
17.0378
16.5599
16.527
16.7719
20.121
18.096
19.0677
17.8469
17.6418
17.6244
17.535
17.5667
17.7209
17.9631
18.2813
18.6432
18.9624
19.2189
19.3937
16.678
15.5184
16.5975
16.27
16.6512
17.041
17.3357
17.6822
18.0351
18.3566
18.6433
18.8947
19.0711
19.1511
19.1663
18.4025
17.8385
18.6781
18.4379
18.6237
18.7263
18.7405
18.7767
18.7932
18.7811
18.7509
18.7176
18.6798
18.6314
18.5816
18.8077
18.4719
18.9512
18.6493
18.6651
18.6134
18.518
18.4521
18.3799
18.3044
18.232
18.1676
18.1119
18.0598
18.0043
17.595
17.3745
17.6612
17.4321
17.4537
17.4229
17.3716
17.3446
17.3107
17.2759
17.2414
17.2052
17.1661
17.1195
17.0537
16.5254
16.3806
16.5683
16.4123
16.435
16.4034
16.3559
16.3212
16.275
16.2246
16.1715
16.1144
16.0538
15.9885
15.9018
15.5776
15.5189
15.6221
15.4514
15.4092
15.3264
15.2368
15.1534
15.0594
14.9633
14.8658
14.7672
14.6726
14.5868
14.4851
16.4398
16.3095
16.1537
15.7854
15.5302
15.2353
14.9269
14.6301
14.3399
14.0675
13.8148
13.5858
13.3863
13.2282
13.0829
13.8865
14.3426
14.7116
14.5494
14.1986
13.7702
13.3648
12.9903
12.6206
12.2494
11.8778
11.5076
11.1494
10.8223
10.5012
30.8905
30.4969
29.6758
27.1189
23.5948
20.0727
16.8277
13.9285
11.3081
9.07936
7.18456
5.61869
4.39443
3.4979
2.77096
32.0589
30.8988
31.393
30.2242
29.3547
27.4812
27.5521
25.693
24.3286
22.6294
22.83
20.2686
17.3396
18.5635
16.3561
14.6116
14.4481
15.8286
12.5687
10.6253
13.432
11.2263
9.40576
10.8021
13.652
10.8946
9.11036
11.2397
14.9109
12.0845
11.1951
15.7249
14.3993
12.9825
14.5663
18.3989
16.4667
15.7826
19.7738
18.9852
17.9677
18.9721
22.0033
21.0054
20.1323
20.9455
23.5008
22.6406
21.9951
23.9849
23.6847
23.2494
23.523
25.0709
24.8123
24.5665
24.9095
26.5517
26.5382
26.3787
28.0445
28.2243
28.0372
27.8613
28.8442
28.9345
28.693
28.8827
28.6235
29.1027
29.322
26.4907
25.5376
25.729
22.768
17.5078
19.6878
13.365
-3.648
2.03431
5.934
6.27798
6.98213
2.59842
4.89239
8.37025
9.3255
9.70564
9.73701
10.4393
12.34
14.0066
15.6671
10.1419
10.824
12.7331
14.2973
14.5511
14.8744
15.0393
15.5234
19.4601
15.9989
16.1933
16.0585
16.6947
17.985
18.7402
18.7742
18.3979
18.0147
22.8854
20.6625
20.4418
19.8321
19.4495
20.2662
21.1741
20.318
18.6313
21.5217
22.6537
23.1998
23.0281
22.0294
21.1286
20.267
19.4398
18.5153
24.3665
23.5673
21.49
20.6918
19.898
18.6015
16.6589
13.6711
11.5243
17.0106
18.6731
15.6944
13.5539
10.8085
7.46579
5.03387
3.3124
1.48897
1.05963
1.49627
4.38083
2.31438
1.90077
1.3492
-0.462033
-3.11598
-3.44724
-1.88445
-4.98121
2.36296
1.73705
1.17428
3.13745
3.55469
4.20225
4.67687
5.11378
5.42297
5.50067
5.638
5.65408
5.68536
5.7137
5.62099
5.58383
5.44926
5.44894
5.3062
5.05451
4.9415
4.74498
4.80188
4.54832
4.14202
4.31079
4.05742
3.65191
3.53033
3.34257
3.59899
3.15263
2.6603
2.6171
2.5334
2.92358
2.44346
1.78925
2.35988
2.10429
1.63321
1.61796
1.56683
2.17396
1.59336
0.985899
1.06655
1.14062
1.84671
1.2565
0.442735
1.31927
1.06704
0.527576
0.581943
0.611866
1.47501
0.790736
0.0700934
0.219265
0.377001
1.30835
0.626333
-0.334572
0.748112
0.467308
-0.153888
-0.0764119
-0.0161252
1.03869
0.25177
-0.579595
-0.421444
-0.235272
0.875732
0.0854396
-1.02863
0.226261
-0.163054
-0.898859
-0.890075
-0.706911
0.0120946
0.0401193
0.0661639
0.0960334
0.12544
0.144622
0.145175
0.134072
0.120366
0.146668
0.183143
0.162167
0.131298
0.119119
0.0917368
0.0682975
0.0193455
0.0102086
0.018699
-0.00141696
0.0435301
-0.0073209
0.0216188
0.0451775
0.0517615
0.0492755
0.0927907
0.0386081
0.149602
0.169733
0.163412
-0.210409
-0.455788
-0.192194
-0.112462
-0.0433659
-0.0219433
-0.0189427
-0.0184547
0.0508848
0.0701893
0.0831424
0.172735
0.146476
0.111316
0.192597
0.165377
0.0976319
0.106888
0.107039
0.0520674
0.0130377
0.00183798
0.0354916
-0.343389
-0.936211
0.115885
0.249973
0.0998089
0.0542775
0.0115512
-0.00410604
0.00772883
-0.0828936
-0.166687
-0.19385
-0.20216
-0.197604
-0.15033
-0.138743
-0.166961
-0.187296
-0.20446
-0.0816514
0.045447
0.0789391
0.0948146
0.0328862
0.00401381
0.0128655
0.057283
0.103091
0.158424
0.215571
0.257854
0.265405
0.244007
0.20937
0.198718
0.220443
0.158334
0.149138
0.153394
0.110077
0.0763702
0.0335191
0.0276476
0.0343644
0.0158434
0.105606
-0.0174289
-0.00506319
0.0654299
0.0813888
0.0573928
0.113686
0.0923467
0.218614
0.222206
0.217358
-0.303856
-0.65439
-0.284517
-0.152383
-0.032151
0.0132436
0.0238359
0.0160197
0.060763
0.077699
0.0997882
0.202218
0.179422
0.112146
0.227516
0.199103
0.130958
0.132279
0.13312
0.0747413
0.0370637
0.0115083
0.0655676
-0.496794
-0.798628
0.373085
0.545928
0.254479
0.127151
0.027246
0.00385093
-0.0130292
-0.140945
-0.232232
-0.289339
-0.304529
-0.285639
-0.220429
-0.20759
-0.243501
-0.248761
-0.281477
-0.0636825
0.148883
0.178666
0.116667
0.0658587
0.0295396
0.0123245
0.0628455
0.115193
0.178974
0.244673
0.295214
0.310076
0.297931
0.27652
0.251129
0.251536
0.179786
0.137941
0.139386
0.100594
0.0779797
0.0447886
0.0428559
0.0479451
0.0234817
0.104977
-0.0296707
-0.0270455
0.0439691
0.0585556
0.0544836
0.124111
0.137819
0.23553
0.247336
0.260639
-0.176161
-0.461567
-0.16349
-0.0778826
0.0224956
0.0531437
0.0537955
0.0418176
0.0712273
0.0852159
0.106881
0.194285
0.186512
0.11416
0.214
0.195622
0.150742
0.150175
0.147994
0.100489
0.0698002
0.0331228
0.0959902
-0.445278
-0.638715
0.374106
0.610063
0.403171
0.194018
0.0621206
0.012403
-0.0215049
-0.157732
-0.252538
-0.313703
-0.331136
-0.310222
-0.243397
-0.230905
-0.265859
-0.254122
-0.264563
-0.0222965
0.201069
0.221387
0.117684
0.0938416
0.0634231
0.0127806
0.0687455
0.124112
0.191265
0.258727
0.311112
0.330955
0.330766
0.323722
0.294245
0.28534
0.222789
0.152258
0.142454
0.10507
0.0862297
0.0579453
0.0569219
0.0593512
0.0217496
0.0949012
-0.0373649
-0.0388946
0.0330579
0.0539522
0.0666562
0.141059
0.173867
0.255745
0.272239
0.305415
-0.0293649
-0.223841
-0.00201293
0.0268656
0.0942543
0.101709
0.0885115
0.0740914
0.0874023
0.0962429
0.116376
0.194542
0.198887
0.128116
0.210597
0.201068
0.1693
0.169556
0.168643
0.126415
0.101924
0.0652926
0.124402
-0.369861
-0.569497
0.322398
0.675084
0.523402
0.25562
0.101624
0.0340551
-0.0177343
-0.157442
-0.256708
-0.316425
-0.335528
-0.316215
-0.255605
-0.245725
-0.276129
-0.260416
-0.232339
0.0168485
0.235203
0.253382
0.132784
0.125762
0.0848097
0.0129729
0.0749245
0.133474
0.20461
0.274703
0.330157
0.355403
0.364015
0.360559
0.326499
0.315281
0.263755
0.183244
0.158684
0.118665
0.0958666
0.0706541
0.0693666
0.0683389
0.0219883
0.0905298
-0.048963
-0.0492226
0.0310891
0.0620656
0.0851025
0.159817
0.200823
0.276832
0.292931
0.333225
0.0587546
-0.0776451
0.108505
0.107503
0.155254
0.146547
0.122373
0.105268
0.104294
0.10758
0.127155
0.196666
0.211271
0.138619
0.211912
0.209513
0.187316
0.187458
0.18527
0.151299
0.135255
0.105894
0.153665
-0.304749
-0.475656
0.306751
0.751778
0.617532
0.307274
0.138902
0.0601353
-0.00827349
-0.15359
-0.253572
-0.315405
-0.336219
-0.32182
-0.268686
-0.260442
-0.283293
-0.266279
-0.207383
0.0392367
0.251361
0.274838
0.153035
0.15045
0.134907
0.012881
0.08114
0.143835
0.220594
0.295643
0.356717
0.388345
0.403536
0.398739
0.357197
0.343643
0.301829
0.218511
0.178735
0.133892
0.105965
0.0834951
0.0813393
0.0762176
0.0254127
0.0875313
-0.0629932
-0.0602406
0.0302726
0.0711653
0.104688
0.178236
0.221477
0.298671
0.311254
0.345538
0.110291
0.00950484
0.180039
0.166293
0.205009
0.18615
0.154081
0.134389
0.123084
0.120058
0.139002
0.198799
0.221899
0.150189
0.21481
0.218416
0.203104
0.204506
0.20232
0.175667
0.168395
0.14789
0.181822
-0.245646
-0.345682
0.317414
0.817579
0.686952
0.345404
0.170978
0.0856869
0.00136167
-0.149432
-0.248237
-0.314902
-0.337002
-0.328014
-0.283143
-0.275274
-0.288709
-0.268102
-0.190762
0.0459527
0.25075
0.281727
0.174368
0.179125
0.158486
0.0130858
0.0881371
0.155859
0.239269
0.320465
0.387988
0.425625
0.446197
0.441228
0.391349
0.372691
0.336792
0.251959
0.198601
0.14809
0.11599
0.0961468
0.091914
0.0822348
0.0286106
0.0813439
-0.0761921
-0.0714245
0.0280819
0.0767812
0.123023
0.196112
0.239442
0.319623
0.329219
0.352404
0.154555
0.0837498
0.241506
0.218145
0.250454
0.223465
0.185387
0.162964
0.14405
0.13383
0.15021
0.199144
0.229732
0.160354
0.217397
0.226397
0.216953
0.22031
0.218567
0.199296
0.201268
0.189947
0.210373
-0.191845
-0.221553
0.337337
0.866077
0.73807
0.372828
0.198524
0.110001
0.0113763
-0.144275
-0.243207
-0.315299
-0.338723
-0.334186
-0.295882
-0.28955
-0.292082
-0.26566
-0.177276
0.0482424
0.244767
0.280293
0.194091
0.209491
0.190056
0.0139313
0.096562
0.170061
0.260638
0.348229
0.421908
0.464639
0.489899
0.48748
0.430836
0.404056
0.370313
0.285366
0.220792
0.164964
0.128572
0.10977
0.10192
0.0874212
0.031358
0.0721411
-0.086853
-0.0820503
0.0249317
0.079524
0.139253
0.213301
0.257186
0.338887
0.347864
0.361624
0.202417
0.160902
0.305446
0.271217
0.296135
0.261239
0.218029
0.192456
0.167049
0.149491
0.161203
0.200671
0.234851
0.169521
0.219175
0.23302
0.228818
0.234914
0.234424
0.222375
0.233487
0.231361
0.23985
-0.140488
-0.116329
0.361811
0.894593
0.772786
0.393591
0.21998
0.131339
0.0209369
-0.139164
-0.240257
-0.317713
-0.342725
-0.34133
-0.30795
-0.305462
-0.296037
-0.262233
-0.164293
0.0524224
0.240375
0.276491
0.21023
0.23391
0.247249
0.0152436
0.105926
0.18551
0.283248
0.376932
0.456172
0.503351
0.532805
0.534527
0.472662
0.435871
0.401853
0.31787
0.244863
0.183754
0.143245
0.123015
0.110778
0.0911267
0.0322646
0.0600798
-0.0962921
-0.0920728
0.020645
0.0800202
0.152455
0.22933
0.274391
0.356269
0.366178
0.373844
0.251934
0.237928
0.370835
0.326077
0.342465
0.299514
0.251324
0.222324
0.191062
0.166503
0.172097
0.204918
0.23685
0.176835
0.220041
0.238369
0.238846
0.248107
0.249745
0.244918
0.265098
0.27259
0.271593
-0.0873782
-0.022475
0.392482
0.904735
0.794398
0.410162
0.237307
0.150409
0.0297473
-0.134034
-0.238492
-0.321245
-0.348195
-0.349218
-0.320729
-0.323405
-0.30178
-0.258845
-0.151002
0.058907
0.237434
0.274335
0.222478
0.260692
0.281188
0.0169023
0.115979
0.201904
0.306833
0.406471
0.491083
0.54265
0.575935
0.582025
0.515889
0.468435
0.432807
0.350238
0.271288
0.204531
0.160374
0.136886
0.120171
0.0952945
0.0328961
0.0469871
-0.104845
-0.101077
0.0156303
0.0789932
0.162968
0.243747
0.291079
0.372371
0.383063
0.386682
0.299662
0.310832
0.435493
0.382381
0.390111
0.339114
0.285756
0.253168
0.216824
0.185099
0.183748
0.211089
0.23458
0.182363
0.219653
0.242063
0.246932
0.259626
0.26444
0.266747
0.295365
0.314043
0.30606
-0.0309573
0.0680803
0.426245
0.897463
0.803356
0.422263
0.250207
0.166868
0.0370408
-0.129584
-0.238298
-0.32656
-0.356654
-0.360262
-0.336455
-0.344177
-0.311518
-0.257568
-0.139584
0.0632323
0.228
0.26992
0.229367
0.289364
0.316787
0.0187297
0.126291
0.218686
0.330784
0.436294
0.526211
0.582252
0.618889
0.628714
0.558727
0.500987
0.462765
0.381098
0.298059
0.225835
0.178077
0.150997
0.129797
0.0995551
0.0331153
0.0333037
-0.112664
-0.109125
0.0100691
0.0765889
0.171228
0.256096
0.307139
0.38733
0.397059
0.398043
0.342979
0.377318
0.497461
0.438755
0.438263
0.379346
0.320613
0.284307
0.243116
0.204287
0.196004
0.218135
0.229465
0.18639
0.218326
0.244339
0.253421
0.269469
0.278482
0.287986
0.324646
0.356202
0.344488
0.0292301
0.156438
0.459486
0.879721
0.804476
0.430036
0.260802
0.181916
0.0437711
-0.124841
-0.23836
-0.332612
-0.367231
-0.374542
-0.354519
-0.365727
-0.323837
-0.25808
-0.130451
0.0636771
0.20779
0.260456
0.231075
0.316022
0.358915
0.0207415
0.13693
0.236024
0.355385
0.466813
0.562061
0.622679
0.662252
0.675127
0.602268
0.53492
0.492896
0.411161
0.325216
0.248293
0.197129
0.167078
0.140962
0.105032
0.0350261
0.0204965
-0.119079
-0.116019
0.00429701
0.0735798
0.178065
0.266575
0.322278
0.401162
0.408591
0.408468
0.38267
0.438979
0.557829
0.495611
0.487317
0.42072
0.356613
0.316547
0.270677
0.224626
0.20981
0.226392
0.225677
0.189597
0.215834
0.244744
0.258068
0.277169
0.291418
0.308434
0.353488
0.399316
0.387123
0.0915276
0.24303
0.488909
0.852218
0.802156
0.433561
0.268349
0.194311
0.0494067
-0.120604
-0.239776
-0.340594
-0.381456
-0.393787
-0.376238
-0.388798
-0.338905
-0.261585
-0.125432
0.0583052
0.177153
0.243976
0.230899
0.343971
0.38937
0.022842
0.147625
0.253496
0.380021
0.497211
0.597578
0.662703
0.70489
0.720365
0.645854
0.569917
0.522725
0.439957
0.351522
0.271479
0.217795
0.184463
0.152846
0.110764
0.0381021
0.00826821
-0.12459
-0.121567
-0.00199916
0.0700015
0.183645
0.27576
0.336064
0.413467
0.418923
0.418661
0.419519
0.496855
0.617033
0.552403
0.536408
0.462293
0.392907
0.349007
0.298219
0.245541
0.224541
0.235083
0.224406
0.191996
0.212195
0.243486
0.261233
0.283042
0.303263
0.328409
0.382813
0.443804
0.435072
0.155532
0.327031
0.515562
0.813017
0.800146
0.436584
0.274511
0.204324
0.0550295
-0.116156
-0.241859
-0.349758
-0.398586
-0.41714
-0.401571
-0.412553
-0.354283
-0.266067
-0.123485
0.0493126
0.143871
0.222167
0.230699
0.366379
0.446724
0.0250831
0.15847
0.271208
0.404775
0.527537
0.632788
0.702374
0.747194
0.765377
0.690683
0.607315
0.553896
0.469808
0.378378
0.296539
0.241266
0.204257
0.166657
0.117986
0.0428075
-0.0026465
-0.128797
-0.125292
-0.00832531
0.0662474
0.188243
0.284495
0.349063
0.42352
0.429097
0.429878
0.455701
0.553415
0.676866
0.609905
0.586229
0.504753
0.430236
0.382596
0.326821
0.267787
0.240588
0.244557
0.225223
0.193611
0.207366
0.240272
0.262463
0.286394
0.313245
0.347391
0.412106
0.488499
0.485834
0.218389
0.408792
0.542471
0.763783
0.797738
0.437293
0.278203
0.211485
0.0606133
-0.11246
-0.245378
-0.361219
-0.419584
-0.444826
-0.432744
-0.439015
-0.371321
-0.272234
-0.124613
0.0366786
0.109314
0.195823
0.230802
0.392684
0.481953
0.0273985
0.169233
0.288785
0.429087
0.557064
0.666824
0.740765
0.788383
0.809725
0.73609
0.646724
0.58653
0.500193
0.405269
0.322835
0.265914
0.225391
0.181752
0.126161
0.0484167
-0.0117335
-0.131394
-0.127341
-0.0144631
0.0621665
0.191668
0.29315
0.361729
0.431574
0.439198
0.441396
0.49136
0.609229
0.737284
0.667597
0.636191
0.547432
0.467791
0.416574
0.355438
0.290553
0.257176
0.254425
0.227707
0.194574
0.202141
0.235705
0.262133
0.287675
0.321503
0.365322
0.441492
0.532513
0.536372
0.279394
0.486383
0.573983
0.707161
0.791889
0.436259
0.280668
0.217356
0.0675629
-0.108782
-0.248643
-0.373623
-0.442571
-0.474612
-0.468643
-0.466911
-0.389456
-0.279435
-0.127233
0.0227994
0.0764877
0.167439
0.231526
0.422686
0.526878
0.0298838
0.180081
0.306443
0.453214
0.586115
0.700119
0.7784
0.82918
0.854485
0.78317
0.689318
0.622206
0.532572
0.433366
0.351515
0.292577
0.248705
0.199023
0.136239
0.0553795
-0.0181722
-0.131977
-0.128018
-0.0197969
0.0582725
0.194386
0.30133
0.374419
0.440831
0.450494
0.453642
0.527312
0.666077
0.79958
0.726573
0.687382
0.591391
0.506517
0.451888
0.38519
0.314585
0.274917
0.265138
0.231793
0.195071
0.196266
0.229351
0.259462
0.28599
0.326712
0.379957
0.469705
0.574555
0.579803
0.336256
0.559945
0.613369
0.644671
0.781973
0.433545
0.281165
0.221749
0.0750767
-0.105726
-0.251728
-0.387512
-0.467872
-0.507138
-0.509537
-0.498344
-0.410815
-0.289828
-0.132623
0.00685769
0.0435668
0.138039
0.233786
0.449243
0.597301
0.0325143
0.190873
0.323967
0.476846
0.614312
0.732236
0.814766
0.868956
0.898941
0.831139
0.734409
0.660327
0.566417
0.462076
0.381874
0.320437
0.27299
0.217393
0.147957
0.0633367
-0.0214835
-0.130741
-0.127713
-0.0244823
0.0544417
0.196332
0.308293
0.38635
0.452451
0.463775
0.466506
0.562715
0.723645
0.863165
0.786422
0.739304
0.635959
0.545575
0.486991
0.414797
0.338806
0.292934
0.276314
0.236844
0.195219
0.190029
0.2217
0.254935
0.282261
0.328919
0.391174
0.496526
0.615818
0.620966
0.392689
0.628905
0.662608
0.579574
0.769336
0.431976
0.282334
0.225943
0.0828427
-0.102094
-0.253189
-0.400809
-0.493184
-0.541121
-0.553828
-0.533843
-0.434226
-0.302492
-0.140235
-0.00951496
0.0128992
0.109009
0.238666
0.481273
0.65133
0.0354108
0.20181
0.341627
0.500317
0.642086
0.763721
0.850466
0.90833
0.943737
0.880865
0.782784
0.701731
0.60267
0.492944
0.414372
0.350217
0.298842
0.23741
0.162249
0.0731273
-0.0214124
-0.127688
-0.126385
-0.0284447
0.0511749
0.197374
0.31459
0.397012
0.464737
0.479356
0.482235
0.598216
0.783159
0.929041
0.848177
0.793112
0.682162
0.585963
0.522607
0.445281
0.363997
0.311918
0.288434
0.242813
0.1951
0.183111
0.21218
0.247655
0.275733
0.326801
0.398631
0.519694
0.653937
0.663554
0.452824
0.694039
0.723074
0.514438
0.75617
0.433602
0.285707
0.229132
0.0892065
-0.0980444
-0.253907
-0.413798
-0.518871
-0.577262
-0.602434
-0.575962
-0.461407
-0.318501
-0.15125
-0.0273534
-0.017391
0.0791857
0.245439
0.519248
0.711001
0.0385512
0.212755
0.359229
0.523357
0.669092
0.794154
0.88498
0.946574
0.98788
0.931287
0.833283
0.745313
0.640636
0.525793
0.447369
0.380659
0.325105
0.258087
0.178456
0.0849399
-0.0183756
-0.123093
-0.124213
-0.0322386
0.0483819
0.197137
0.320128
0.406259
0.476365
0.494583
0.499575
0.633197
0.844153
0.996263
0.911115
0.848041
0.729112
0.626842
0.557758
0.47544
0.389233
0.331139
0.300933
0.249243
0.194918
0.175961
0.201478
0.23836
0.26735
0.321802
0.403888
0.53997
0.688936
0.705911
0.517603
0.7546
0.794066
0.453658
0.751146
0.444185
0.293108
0.231635
0.0942088
-0.0924314
-0.253001
-0.424732
-0.543366
-0.613423
-0.653255
-0.622874
-0.491659
-0.336839
-0.165064
-0.0453129
-0.0450369
0.0495274
0.254279
0.560271
0.781314
0.0420467
0.22387
0.376984
0.546223
0.69566
0.823959
0.918797
0.984229
1.03187
0.982873
0.886325
0.791563
0.681179
0.561807
0.481538
0.412859
0.352548
0.279934
0.196478
0.0991401
-0.0123994
-0.117438
-0.121422
-0.0357179
0.0464069
0.196906
0.325176
0.415002
0.487683
0.508007
0.517756
0.669153
0.908133
1.06575
0.976353
0.905138
0.777975
0.669286
0.593908
0.506529
0.415448
0.351454
0.314059
0.256197
0.194719
0.168176
0.188921
0.226015
0.255824
0.313207
0.405776
0.556887
0.721389
0.744477
0.579919
0.80944
0.875534
0.402257
0.767982
0.460596
0.294888
0.230775
0.0972103
-0.0850842
-0.251456
-0.434492
-0.566892
-0.649976
-0.705597
-0.674703
-0.527839
-0.35896
-0.182844
-0.064624
-0.0708958
0.0189559
0.265888
0.608311
0.846495
0.0458602
0.234989
0.394675
0.568621
0.721422
0.852685
0.951379
1.02062
1.07479
1.03436
0.940744
0.839177
0.723261
0.59991
0.516681
0.446299
0.38053
0.302491
0.215124
0.113943
-0.00418258
-0.111071
-0.118222
-0.0387957
0.0451644
0.196822
0.330141
0.424671
0.498837
0.517861
0.535295
0.706098
0.974725
1.13648
1.04315
0.963468
0.827854
0.712443
0.630108
0.537339
0.441711
0.371993
0.327077
0.263286
0.194628
0.160247
0.175287
0.211498
0.242085
0.302385
0.405511
0.571712
0.753802
0.783676
0.638346
0.85928
0.964752
0.359314
0.799515
0.478249
0.290969
0.22497
0.0992763
-0.0754242
-0.248315
-0.441714
-0.587711
-0.685459
-0.756631
-0.728834
-0.570083
-0.3844
-0.204316
-0.084994
-0.0930241
-0.0121619
0.280379
0.65668
0.939823
0.0500886
0.246234
0.41245
0.590738
0.74663
0.880677
0.983159
1.05631
1.11728
1.08631
0.996964
0.888587
0.767769
0.640788
0.554342
0.481863
0.409977
0.32655
0.233855
0.127245
0.00531031
-0.104377
-0.114887
-0.040879
0.0455508
0.1976
0.335942
0.436067
0.510567
0.526318
0.553281
0.745747
1.0453
1.20973
1.11269
1.02429
0.879988
0.757577
0.667756
0.569218
0.468876
0.393259
0.340434
0.270572
0.194496
0.151671
0.159757
0.193622
0.224612
0.28771
0.401162
0.581713
0.784394
0.825157
0.69342
0.910705
1.06097
0.318617
0.819173
0.490651
0.288233
0.215279
0.0999065
-0.0655668
-0.244199
-0.446862
-0.60633
-0.721081
-0.80635
-0.784652
-0.620778
-0.415884
-0.229977
-0.109221
-0.11355
-0.0433159
0.298423
0.71413
1.02153
0.054684
0.257419
0.430078
0.612279
0.770924
0.907502
1.01363
1.0907
1.15863
1.13771
1.05363
0.938501
0.813427
0.683547
0.594048
0.518642
0.440297
0.351661
0.252351
0.137354
0.0152155
-0.0982725
-0.111958
-0.0419598
0.047944
0.199441
0.34245
0.448407
0.522295
0.534032
0.571792
0.788039
1.11908
1.28481
1.18413
1.08673
0.933312
0.803772
0.705786
0.60109
0.495625
0.414305
0.353641
0.277747
0.194472
0.14299
0.143221
0.173502
0.204546
0.270445
0.393633
0.587906
0.813286
0.868749
0.749607
0.970556
1.15955
0.274469
0.8213
0.499866
0.290746
0.206727
0.0996305
-0.0561979
-0.238216
-0.448052
-0.621408
-0.755045
-0.852948
-0.838757
-0.676962
-0.454101
-0.259372
-0.138873
-0.132932
-0.0699067
0.320243
0.780023
1.11774
0.0597337
0.268644
0.447673
0.6334
0.794533
0.933482
1.04321
1.12439
1.1995
1.18897
1.11094
0.989199
0.860217
0.728956
0.636618
0.556963
0.472003
0.377908
0.271013
0.145558
0.0250565
-0.0935725
-0.109044
-0.0418493
0.0526046
0.203273
0.350274
0.461534
0.534281
0.543062
0.592124
0.83442
1.1971
1.36326
1.25879
1.15218
0.98915
0.852348
0.745695
0.634403
0.522664
0.43602
0.367259
0.284925
0.194345
0.133586
0.124693
0.149789
0.180171
0.248456
0.380745
0.589261
0.838811
0.91229
0.802743
1.04153
1.25817
0.227047
0.811682
0.507015
0.298638
0.200716
0.0980381
-0.0478373
-0.231216
-0.446483
-0.633294
-0.787037
-0.896975
-0.889992
-0.734915
-0.500224
-0.29136
-0.173761
-0.150638
-0.088004
0.34745
0.849244
1.241
0.0651818
0.279717
0.465006
0.65383
0.817148
0.958226
1.07144
1.15682
1.23909
1.23929
1.16714
1.03937
0.906425
0.775601
0.680746
0.595561
0.504217
0.404592
0.289575
0.154522
0.0349379
-0.089701
-0.106242
-0.0410013
0.0586388
0.208801
0.359174
0.474612
0.545814
0.553392
0.613802
0.884466
1.27835
1.44416
1.33569
1.21948
1.04633
0.902189
0.786258
0.667717
0.549322
0.457811
0.380827
0.291868
0.194225
0.124023
0.105114
0.12374
0.152876
0.223165
0.364291
0.587947
0.862571
0.956573
0.854539
1.11402
1.35147
0.178334
0.795977
0.51484
0.312933
0.198091
0.0951646
-0.0398421
-0.222547
-0.442073
-0.641182
-0.81603
-0.9373
-0.936045
-0.78898
-0.553233
-0.324999
-0.209976
-0.166989
-0.0967719
0.380186
0.927944
1.35769
0.0711018
0.29072
0.482167
0.673707
0.838987
0.982042
1.09866
1.18845
1.27806
1.28969
1.2224
1.08958
0.952438
0.82373
0.726204
0.634442
0.536929
0.43153
0.30765
0.165882
0.0440046
-0.0859247
-0.103283
-0.0390302
0.0659128
0.216414
0.369744
0.487913
0.557209
0.565026
0.637558
0.939411
1.36388
1.52901
1.4163
1.29001
1.10628
0.954758
0.829028
0.70233
0.577458
0.480618
0.39482
0.298729
0.193777
0.113534
0.0833165
0.0938389
0.120759
0.192333
0.34217
0.581425
0.88199
1.00192
0.910825
1.17724
1.43932
0.133389
0.775347
0.522029
0.330926
0.19623
0.0907988
-0.0328749
-0.21254
-0.435177
-0.646608
-0.843419
-0.975605
-0.978484
-0.83708
-0.609035
-0.360374
-0.245485
-0.183775
-0.0955204
0.41991
1.01672
1.48663
0.0774233
0.301457
0.498931
0.692781
0.85977
1.00458
1.12442
1.21871
1.3157
1.33946
1.27577
1.13841
0.997344
0.872234
0.771351
0.672801
0.569132
0.457678
0.324415
0.178683
0.051098
-0.0823894
-0.0999163
-0.0358517
0.0742247
0.225738
0.381532
0.50074
0.56817
0.576852
0.663037
0.998704
1.45276
1.61686
1.49956
1.36258
1.16777
1.00881
0.872584
0.736894
0.606053
0.503768
0.408802
0.305369
0.19317
0.102773
0.0604142
0.0615758
0.0855343
0.158053
0.316459
0.57114
0.897147
1.04739
0.978276
1.23433
1.51892
0.0931929
0.749185
0.529245
0.351157
0.196633
0.0879577
-0.0268055
-0.199999
-0.425304
-0.65
-0.868869
-1.01275
-1.01904
-0.87989
-0.660036
-0.397948
-0.27939
-0.202575
-0.0868893
0.465196
1.11114
1.63081
0.0842003
0.311997
0.515379
0.711203
0.879723
1.02616
1.14907
1.24805
1.35253
1.3888
1.32784
1.18602
1.04243
0.921353
0.816011
0.710764
0.600791
0.482753
0.339938
0.190913
0.0565177
-0.0788335
-0.0957624
-0.0307583
0.0842637
0.237859
0.395209
0.513331
0.579486
0.5896
0.692266
1.0634
1.54628
1.70948
1.58703
1.43879
1.23234
1.06584
0.918551
0.772955
0.636249
0.528266
0.423297
0.311832
0.191913
0.0907445
0.0349962
0.0251765
0.0449933
0.117977
0.284607
0.554178
0.904141
1.08627
1.04465
1.29064
1.59174
0.0611122
0.717234
0.534236
0.370641
0.198943
0.0877041
-0.0217545
-0.185074
-0.413312
-0.652358
-0.892957
-1.04982
-1.06057
-0.921751
-0.704523
-0.437032
-0.312424
-0.22081
-0.0715905
0.516902
1.21513
1.77739
0.0913427
0.322138
0.53128
0.728736
0.898608
1.04647
1.17223
1.27591
1.38767
1.43638
1.37711
1.23097
1.08753
0.969474
0.859087
0.747329
0.631078
0.50613
0.354318
0.201258
0.0605449
-0.0752308
-0.091196
-0.0238528
0.0957597
0.252589
0.410713
0.525489
0.591307
0.603225
0.725954
1.13327
1.6441
1.80578
1.67747
1.51722
1.29864
1.12409
0.965016
0.809176
0.667054
0.553455
0.437854
0.317829
0.190039
0.0779563
0.0081053
-0.0137794
0.000994324
0.0743989
0.248996
0.532932
0.905338
1.11935
1.10605
1.34668
1.65582
0.0377251
0.679221
0.537389
0.3894
0.204627
0.090764
-0.0160622
-0.168171
-0.399077
-0.653393
-0.915044
-1.08543
-1.10246
-0.963642
-0.744413
-0.478297
-0.34423
-0.239109
-0.0524258
0.572953
1.32133
1.94879
0.098881
0.331944
0.546709
0.745538
0.916669
1.06583
1.19426
1.30271
1.4216
1.48284
1.42326
1.27354
1.13317
1.01646
0.900555
0.782389
0.659621
0.527414
0.367217
0.209537
0.0637568
-0.0711212
-0.0850032
-0.0144584
0.109311
0.270383
0.429139
0.538879
0.604595
0.619444
0.765835
1.21085
1.74834
1.90742
1.77257
1.5994
1.36818
1.18469
1.01331
0.84701
0.699505
0.579783
0.452631
0.323045
0.186551
0.0628528
-0.0221643
-0.0574733
-0.048995
0.0245748
0.206585
0.50456
0.899005
1.14622
1.16272
1.39424
1.71202
0.0266224
0.634125
0.538081
0.406385
0.211194
0.0973001
-0.00987722
-0.150583
-0.383813
-0.654532
-0.936603
-1.12016
-1.14548
-1.00747
-0.782874
-0.521442
-0.373561
-0.257481
-0.0282169
0.634978
1.43699
2.12033
0.106701
0.34122
0.561442
0.761388
0.933699
1.08401
1.21485
1.328
1.45349
1.52747
1.46481
1.31349
1.17802
1.06095
0.939303
0.815155
0.685535
0.545918
0.378258
0.216615
0.0672021
-0.0659603
-0.0762994
-0.00209275
0.125224
0.290403
0.44963
0.553667
0.618311
0.638783
0.81187
1.29656
1.85842
2.01317
1.8709
1.68376
1.43949
1.24565
1.06173
0.88452
0.732119
0.606291
0.466895
0.327089
0.181415
0.0458156
-0.0548678
-0.104314
-0.102854
-0.0288905
0.160049
0.471806
0.888194
1.16925
1.21233
1.42498
1.75817
0.026983
0.585128
0.54042
0.42245
0.220804
0.107505
-0.00233391
-0.130993
-0.368125
-0.657126
-0.958139
-1.15397
-1.18938
-1.05328
-0.822129
-0.564345
-0.400671
-0.271871
0.00144881
0.700799
1.55929
2.30508
0.114804
0.350051
0.575587
0.776486
0.949969
1.10134
1.23438
1.3522
1.48371
1.56939
1.50114
1.35167
1.22159
1.10254
0.975054
0.845203
0.708301
0.5611
0.38736
0.223646
0.0721737
-0.058992
-0.0643633
0.0143094
0.144719
0.313184
0.471988
0.570342
0.633087
0.662357
0.865917
1.39189
1.97567
2.12478
1.97404
1.772
1.51424
1.30861
1.11219
0.922991
0.76601
0.63368
0.480851
0.329684
0.173763
0.0253541
-0.0920294
-0.156642
-0.163249
-0.0888871
0.105873
0.431362
0.870317
1.18599
1.25184
1.43429
1.79554
0.0414913
0.534532
0.544952
0.437115
0.233996
0.121713
0.00961127
-0.110668
-0.353523
-0.66263
-0.980326
-1.18697
-1.23409
-1.10055
-0.862794
-0.601656
-0.421702
-0.277216
0.0392379
0.773726
1.68628
2.50964
0.123044
0.358241
0.588921
0.790629
0.965294
1.11759
1.25257
1.37492
1.51141
1.60473
1.53222
1.3871
1.26227
1.14011
1.00702
0.871786
0.727335
0.57266
0.395076
0.231729
0.0792429
-0.0495827
-0.0498083
0.0337079
0.166912
0.337741
0.494675
0.587467
0.648662
0.689879
0.928133
1.49592
2.09867
2.24073
2.0803
1.86242
1.59091
1.37202
1.16229
0.960805
0.799888
0.661139
0.494088
0.330858
0.164141
0.00252863
-0.132134
-0.212388
-0.227558
-0.152528
0.0472828
0.386377
0.847179
1.19661
1.27881
1.42688
1.82498
0.0674068
0.484502
0.550843
0.451022
0.252837
0.139833
0.0270759
-0.0914163
-0.340538
-0.67112
-1.00367
-1.21862
-1.27886
-1.14667
-0.904548
-0.633576
-0.434758
-0.274222
0.0865964
0.854302
1.81999
2.70825
0.131394
0.365898
0.601585
0.804064
0.979987
1.13314
1.26983
1.39662
1.53745
1.63312
1.56014
1.42055
1.29958
1.17326
1.03487
0.894349
0.742265
0.580617
0.40152
0.241097
0.0881837
-0.0368233
-0.0323523
0.0554226
0.191501
0.363701
0.517126
0.60489
0.666432
0.723146
1.00042
1.61008
2.22878
2.3626
2.19133
1.95673
1.67136
1.43757
1.21299
0.999268
0.834418
0.688364
0.506511
0.330418
0.151865
-0.0239211
-0.176886
-0.273657
-0.298136
-0.222961
-0.0189417
0.33384
0.815731
1.19662
1.28802
1.40633
1.84948
0.106429
0.437222
0.555447
0.462421
0.275391
0.159387
0.0493789
-0.0741368
-0.329701
-0.683253
-1.03031
-1.25049
-1.3233
-1.19097
-0.946936
-0.662938
-0.437655
-0.255902
0.148882
0.947798
1.96386
2.91938
0.139681
0.372838
0.61336
0.816588
0.993882
1.1478
1.2859
1.41685
1.5618
1.65528
1.58493
1.4525
1.33225
1.20125
1.05814
0.912269
0.753205
0.586052
0.407287
0.25127
0.0980706
-0.0208543
-0.0126812
0.0780857
0.216803
0.389174
0.537845
0.621522
0.686083
0.76251
1.0827
1.73357
2.36474
2.48862
2.30542
2.05305
1.75403
1.50317
1.26162
1.03646
0.868126
0.71364
0.517365
0.328598
0.137848
-0.0527297
-0.2245
-0.337942
-0.371645
-0.296542
-0.0884818
0.277783
0.779034
1.18706
1.28217
1.37561
1.87011
0.155192
0.394334
0.558393
0.472406
0.301324
0.18005
0.0736061
-0.0580236
-0.322234
-0.699332
-1.05906
-1.28434
-1.36762
-1.23768
-0.990292
-0.689806
-0.433779
-0.220181
0.226151
1.05304
2.11359
3.1387
0.147854
0.379217
0.624448
0.828512
1.00734
1.16198
1.3012
1.43592
1.58453
1.67447
1.60737
1.48243
1.35903
1.22365
1.07637
0.925172
0.760408
0.589901
0.412805
0.26137
0.108589
-0.00205953
0.00920428
0.101724
0.24253
0.413588
0.557219
0.638609
0.709092
0.81046
1.17711
1.86824
2.50815
2.62047
2.42432
2.15313
1.84084
1.57031
1.30967
1.07364
0.901852
0.735613
0.526324
0.325591
0.122024
-0.0846572
-0.276385
-0.40697
-0.449953
-0.375672
-0.164527
0.215078
0.733665
1.16529
1.26359
1.3312
1.8864
0.21483
0.359182
0.559567
0.480729
0.330015
0.205562
0.0972768
-0.0434711
-0.317303
-0.716391
-1.08627
-1.31821
-1.40976
-1.28925
-1.03028
-0.709934
-0.421221
-0.162582
0.320899
1.17314
2.27479
3.35588
0.15572
0.38487
0.634626
0.839593
1.02013
1.17542
1.31535
1.45325
1.60496
1.69126
1.62643
1.50756
1.37916
1.24031
1.08967
0.933645
0.765087
0.593502
0.41914
0.271544
0.120022
0.0179688
0.0325722
0.125769
0.267913
0.435791
0.574806
0.656019
0.735057
0.866961
1.28312
2.01321
2.6573
2.75611
2.54593
2.25503
1.92976
1.63632
1.35434
1.109
0.933896
0.753217
0.533434
0.322543
0.106369
-0.11742
-0.330039
-0.477646
-0.529029
-0.455993
-0.242917
0.148978
0.680457
1.13344
1.23717
1.27713
1.89838
0.279893
0.334428
0.560451
0.488269
0.361342
0.235956
0.117914
-0.0308029
-0.313267
-0.729429
-1.11263
-1.34992
-1.44689
-1.34115
-1.0684
-0.725933
-0.404139
-0.0865034
0.430668
1.30484
2.43851
3.57426
0.163241
0.390011
0.644166
0.850189
1.03259
1.18845
1.32861
1.46904
1.62396
1.70631
1.64076
1.52674
1.39342
1.25176
1.09851
0.93845
0.767752
0.596982
0.42653
0.282142
0.132269
0.0379413
0.0570744
0.150156
0.293317
0.456526
0.591877
0.675644
0.766351
0.933671
1.40203
2.17029
2.81385
2.89731
2.67182
2.36067
2.02281
1.70331
1.39698
1.14336
0.96328
0.766995
0.539619
0.320453
0.0918775
-0.150578
-0.385643
-0.550746
-0.609882
-0.539212
-0.326405
0.0741056
0.617227
1.08879
1.20577
1.2214
1.9068
0.351468
0.323296
0.563899
0.495606
0.392875
0.269209
0.13841
-0.0174345
-0.308193
-0.738182
-1.13722
-1.38061
-1.4819
-1.38647
-1.10284
-0.735489
-0.376124
0.00756114
0.560416
1.45111
2.60503
3.7824
0.170228
0.394499
0.652838
0.859968
1.04431
1.20074
1.34092
1.48262
1.6405
1.71784
1.65021
1.54026
1.40335
1.25941
1.10396
0.941014
0.769475
0.601148
0.435555
0.293503
0.144561
0.057663
0.0817733
0.174277
0.317827
0.475269
0.60825
0.697394
0.803166
1.01021
1.53201
2.33708
2.97562
3.04166
2.79979
2.46825
2.1172
1.76876
1.43613
1.17519
0.989081
0.779413
0.545803
0.320383
0.0807273
-0.181109
-0.439524
-0.621961
-0.68796
-0.619715
-0.408503
-0.00619868
0.550151
1.03592
1.17169
1.1725
1.91248
0.427536
0.326732
0.569599
0.505172
0.423222
0.301649
0.160368
0.000367649
-0.301077
-0.74689
-1.15909
-1.41021
-1.51569
-1.42568
-1.13642
-0.742232
-0.338651
0.112955
0.704524
1.60646
2.76421
3.97062
0.176686
0.398616
0.660942
0.869296
1.05593
1.21328
1.35272
1.49419
1.65321
1.72453
1.65547
1.54912
1.41019
1.26419
1.10679
0.941803
0.770754
0.605972
0.445607
0.305357
0.156947
0.0778299
0.106149
0.198118
0.341195
0.493093
0.625514
0.723421
0.848379
1.09963
1.67568
2.51455
3.14406
3.19072
2.93159
2.57946
2.21445
1.83249
1.47363
1.20657
1.01431
0.793922
0.553103
0.321866
0.0724304
-0.208978
-0.491178
-0.690426
-0.763318
-0.697809
-0.48939
-0.093258
0.479716
0.979305
1.13471
1.13678
1.91563
0.512129
0.348945
0.580199
0.521016
0.452665
0.33282
0.182593
0.0224717
-0.291152
-0.756569
-1.17775
-1.43579
-1.54434
-1.45416
-1.16357
-0.739947
-0.285729
0.230084
0.862279
1.77074
2.91287
4.14147
0.18245
0.402195
0.668303
0.878357
1.06801
1.22569
1.36312
1.50369
1.66118
1.72639
1.65742
1.55379
1.41505
1.26714
1.10786
0.94161
0.772629
0.611821
0.456481
0.316946
0.169344
0.0981153
0.129438
0.220606
0.362114
0.51011
0.643652
0.753382
0.902321
1.20173
1.83217
2.69974
3.31644
3.34189
3.06491
2.69187
2.31124
1.88991
1.50802
1.23717
1.0392
0.809446
0.561695
0.324667
0.0670941
-0.232946
-0.537736
-0.751659
-0.830781
-0.767841
-0.563093
-0.18042
0.409696
0.922357
1.09698
1.11441
1.91477
0.607696
0.393615
0.595376
0.5446
0.480821
0.361849
0.204626
0.048321
-0.2784
-0.7667
-1.19632
-1.4563
-1.56868
-1.47412
-1.18494
-0.733046
-0.223634
0.351682
1.02631
1.93522
3.05127
4.29586
0.187563
0.405657
0.675713
0.888309
1.08075
1.23785
1.37313
1.51167
1.66603
1.72443
1.65801
1.55523
1.41853
1.26847
1.10716
0.940536
0.775274
0.618733
0.467464
0.327579
0.181979
0.117979
0.151709
0.24211
0.381706
0.52769
0.664877
0.789557
0.968023
1.31905
2.00389
2.89415
3.49459
3.49711
3.20146
2.80708
2.40818
1.94364
1.54272
1.26765
1.06289
0.827084
0.571698
0.327565
0.0629848
-0.254536
-0.579804
-0.805135
-0.889726
-0.82973
-0.631688
-0.266762
0.338044
0.860562
1.0561
1.11295
1.90615
0.719519
0.466327
0.613566
0.574848
0.509148
0.392921
0.233132
0.0787042
-0.262921
-0.774432
-1.2152
-1.47242
-1.58482
-1.48696
-1.19663
-0.715563
-0.146661
0.482418
1.19846
2.10057
3.18319
4.43048
0.191891
0.409079
0.68322
0.898598
1.09264
1.24942
1.38254
1.51776
1.66746
1.72057
1.65845
1.55527
1.421
1.26875
1.10532
0.939893
0.779488
0.627233
0.478305
0.337601
0.194773
0.136706
0.172541
0.262345
0.400043
0.545828
0.689277
0.831817
1.04465
1.45013
2.18828
3.09491
3.67573
3.65393
3.33874
2.92274
2.50049
1.9936
1.57729
1.2975
1.08752
0.845972
0.58215
0.331049
0.0605571
-0.272913
-0.615698
-0.848058
-0.935999
-0.878316
-0.690459
-0.342936
0.265373
0.799846
1.00076
1.1084
1.8739
0.849024
0.571581
0.635308
0.610605
0.538892
0.430182
0.274621
0.112697
-0.245553
-0.779769
-1.23267
-1.48747
-1.59244
-1.49722
-1.20381
-0.694406
-0.0656895
0.614857
1.37119
2.26209
3.30418
4.52765
0.195568
0.412946
0.691001
0.908611
1.10383
1.26036
1.39097
1.52391
1.66647
1.71596
1.65891
1.5546
1.42207
1.26755
1.10271
0.940224
0.784667
0.636652
0.488921
0.347278
0.208303
0.155154
0.192465
0.282783
0.419043
0.566435
0.718852
0.88308
1.13486
1.59732
2.38698
3.30433
3.8619
3.81451
3.47832
3.04134
2.58661
2.04041
1.6118
1.32905
1.11655
0.865735
0.591725
0.334113
0.0587832
-0.289091
-0.645563
-0.880522
-0.969595
-0.91401
-0.73921
-0.40429
0.186559
0.745906
0.947072
1.07286
1.82989
1.00236
0.714525
0.666583
0.651779
0.575473
0.476255
0.328345
0.15075
-0.2288
-0.784419
-1.24675
-1.50262
-1.59296
-1.50003
-1.20108
-0.662787
0.0222697
0.750383
1.54713
2.42323
3.41604
4.58908
0.198572
0.417021
0.698213
0.917369
1.11369
1.2688
1.39762
1.5289
1.66354
1.7113
1.65935
1.55348
1.42163
1.26534
1.1006
0.942363
0.790974
0.646626
0.499539
0.356394
0.22228
0.173633
0.211113
0.303686
0.438903
0.589458
0.753023
0.942694
1.23734
1.75817
2.59621
3.51924
4.05007
3.97583
3.61752
3.1616
2.66265
2.08121
1.64252
1.3608
1.14646
0.884853
0.600544
0.337685
0.0587205
-0.301959
-0.667486
-0.9006
-0.989332
-0.93594
-0.77434
-0.443942
0.104969
0.696024
0.925547
0.9966
1.7797
1.18461
0.896104
0.712336
0.69396
0.620177
0.530454
0.386996
0.191097
-0.213625
-0.790688
-1.25797
-1.51837
-1.59328
-1.49758
-1.19081
-0.628257
0.103188
0.876335
1.71766
2.58293
3.51671
4.61564
0.201201
0.421417
0.704784
0.925228
1.12202
1.27552
1.40319
1.5321
1.65991
1.7065
1.65908
1.55166
1.41946
1.26208
1.09898
0.945555
0.798196
0.656714
0.509884
0.36512
0.236754
0.192657
0.229788
0.325558
0.46103
0.616808
0.794182
1.01319
1.35473
1.93455
2.8172
3.74138
4.24217
4.13982
3.75847
3.28468
2.73332
2.11883
1.66979
1.39127
1.17547
0.902811
0.607325
0.340484
0.0593333
-0.311656
-0.680741
-0.908048
-0.996814
-0.945689
-0.79452
-0.466816
0.0327694
0.638893
0.903412
0.903142
1.74966
1.40492
1.12102
0.780571
0.736172
0.672387
0.590323
0.446054
0.231908
-0.19854
-0.797371
-1.26614
-1.52823
-1.59113
-1.48531
-1.16783
-0.586367
0.180461
0.993846
1.88414
2.74905
3.61458
4.60386
0.203432
0.4257
0.710323
0.931767
1.12825
1.28171
1.40743
1.53325
1.65614
1.70072
1.65766
1.54914
1.41586
1.25833
1.09846
0.949907
0.806531
0.666559
0.519601
0.374366
0.251989
0.211762
0.24929
0.34774
0.485182
0.64805
0.841844
1.09331
1.48469
2.12291
3.04519
3.9662
4.4345
4.30328
3.89848
3.40603
2.79862
2.15405
1.69611
1.42094
1.20266
0.919703
0.613464
0.344394
0.061898
-0.315814
-0.682824
-0.902806
-0.991195
-0.942077
-0.795223
-0.474785
-0.0217084
0.581052
0.883587
0.829911
1.75867
1.67224
1.39629
0.88473
0.787836
0.733227
0.652315
0.503003
0.275014
-0.182659
-0.803347
-1.27537
-1.53068
-1.58707
-1.46846
-1.14154
-0.550638
0.239645
1.08963
2.03516
2.92234
3.71572
4.56675
0.20547
0.429774
0.715141
0.9372
1.13354
1.28734
1.41092
1.53381
1.65251
1.69349
1.65421
1.54533
1.41109
1.25474
1.0992
0.95505
0.815137
0.675643
0.528963
0.385011
0.268103
0.231224
0.270875
0.371794
0.512822
0.685097
0.89857
1.18574
1.62942
2.32491
3.28175
4.19548
4.62892
4.46792
4.03881
3.52295
2.85918
2.18857
1.72335
1.45064
1.22811
0.934773
0.618646
0.348813
0.0664436
-0.312452
-0.672775
-0.885696
-0.972788
-0.925389
-0.775696
-0.469017
-0.0541771
0.5298
0.869321
0.810809
1.80616
1.99159
1.72815
1.03509
0.870222
0.805664
0.71612
0.561043
0.320938
-0.166413
-0.806317
-1.28467
-1.52727
-1.57634
-1.44564
-1.11166
-0.520315
0.28188
1.16445
2.16995
3.11266
3.83627
4.51042
0.207155
0.432971
0.718826
0.941253
1.13815
1.2904
1.41295
1.53471
1.6488
1.68617
1.64892
1.54072
1.40606
1.25236
1.10166
0.960964
0.823534
0.684134
0.538304
0.39627
0.284474
0.251291
0.294022
0.397433
0.543281
0.727015
0.962938
1.28845
1.7856
2.53612
3.52244
4.42491
4.82186
4.63037
4.17622
3.62819
2.91205
2.22097
1.74959
1.47994
1.25192
0.947851
0.62387
0.354405
0.0759572
-0.298322
-0.650953
-0.858904
-0.945064
-0.897292
-0.741015
-0.451886
-0.0627712
0.491265
0.857737
0.841655
1.88779
2.36191
2.11802
1.22691
0.9967
0.896351
0.779761
0.622742
0.371679
-0.147877
-0.805371
-1.29162
-1.52626
-1.56482
-1.42388
-1.08879
-0.510211
0.291241
1.20513
2.27773
3.32096
3.98289
4.3998
0.20839
0.435421
0.721671
0.944639
1.14182
1.29126
1.41416
1.53642
1.64474
1.67922
1.64179
1.53526
1.40127
1.25132
1.1049
0.966976
0.831568
0.692535
0.547801
0.408021
0.30163
0.272784
0.319013
0.425612
0.57769
0.775438
1.03679
1.40341
1.95472
2.7578
3.76888
4.65659
5.01555
4.79269
4.31264
3.71886
2.95943
2.25128
1.77368
1.50763
1.27146
0.955294
0.627604
0.359677
0.0916688
-0.272692
-0.620069
-0.826065
-0.911712
-0.861408
-0.69935
-0.424085
-0.049145
0.470433
0.867918
0.910982
2.00355
2.79024
2.56873
1.45216
1.15985
1.01664
0.855538
0.692569
0.428006
-0.126496
-0.799799
-1.2924
-1.52826
-1.55529
-1.40468
-1.07494
-0.520917
0.266488
1.20822
2.36398
3.56623
4.16376
4.08753
0.209015
0.437054
0.723409
0.947201
1.14336
1.29067
1.41515
1.53757
1.63989
1.67271
1.63246
1.52885
1.39722
1.25191
1.10866
0.973291
0.839471
0.700933
0.557155
0.420129
0.319586
0.295385
0.345138
0.455393
0.615125
0.828935
1.11793
1.52744
2.13221
2.98449
4.01552
4.88546
5.20639
4.95195
4.44476
3.79246
3.0024
2.27949
1.7942
1.53156
1.28595
0.956865
0.630853
0.366616
0.113737
-0.238455
-0.584498
-0.790359
-0.875463
-0.820903
-0.653017
-0.383505
-0.0158403
0.471934
0.903915
1.00724
2.15885
3.2788
3.07943
1.73277
1.35232
1.16602
0.95146
0.76785
0.48362
-0.107528
-0.790774
-1.29189
-1.53399
-1.56054
-1.40375
-1.08398
-0.565256
0.195619
1.15742
2.43526
3.83371
4.41526
3.84285
0.209246
0.438266
0.724488
0.949097
1.143
1.2898
1.4163
1.5372
1.63411
1.66637
1.62118
1.52192
1.39371
1.25311
1.11252
0.979511
0.846925
0.709199
0.566525
0.432922
0.338681
0.319554
0.372937
0.487358
0.65685
0.888741
1.20749
1.66125
2.31857
3.2165
4.26285
5.11261
5.39619
5.11023
4.57255
3.8534
3.04329
2.30341
1.80916
1.54845
1.29428
0.954369
0.635333
0.379473
0.142419
-0.199153
-0.545856
-0.752667
-0.837654
-0.778035
-0.604639
-0.333851
0.0345297
0.493881
0.966236
1.12481
2.37221
3.83096
3.65028
2.10057
1.58341
1.3406
1.06974
0.846495
0.536439
-0.0933126
-0.779374
-1.29575
-1.54345
-1.58224
-1.42301
-1.11715
-0.641694
0.0759185
1.05207
2.49755
4.11995
4.82499
3.77669
0.209046
0.438828
0.724857
0.949748
1.14125
1.28895
1.41659
1.53494
1.62806
1.65976
1.60978
1.5152
1.3912
1.25464
1.11667
0.985437
0.853804
0.717056
0.57557
0.446216
0.358504
0.344696
0.401528
0.520556
0.701539
0.952839
1.30243
1.80043
2.50839
3.44774
4.50496
5.33246
5.5806
5.26347
4.69033
3.90863
3.08251
2.32096
1.81883
1.55827
1.29902
0.951516
0.640721
0.396847
0.174069
-0.159059
-0.506725
-0.714661
-0.80013
-0.734742
-0.555563
-0.278421
0.0981298
0.53231
1.04483
1.26459
2.6614
4.40386
4.21953
2.5681
1.88032
1.54402
1.1996
0.919155
0.582828
-0.0835489
-0.778654
-1.30825
-1.56656
-1.62649
-1.46905
-1.18029
-0.752206
-0.101726
0.896928
2.54115
4.45045
5.1153
3.35081
0.208396
0.438922
0.724766
0.948973
1.13906
1.28845
1.41593
1.53124
1.62177
1.65148
1.59899
1.50845
1.38926
1.25611
1.12068
0.990834
0.860003
0.724634
0.584582
0.459966
0.378989
0.370541
0.431001
0.555957
0.749958
1.02193
1.40325
1.94515
2.70135
3.67781
4.74206
5.54579
5.76042
5.4123
4.79585
3.96284
3.11819
2.33329
1.82395
1.56109
1.30081
0.948942
0.647165
0.416804
0.204003
-0.120243
-0.467032
-0.674674
-0.760524
-0.689425
-0.504598
-0.221001
0.161025
0.582008
1.13109
1.4491
3.0839
4.96521
4.76467
3.10858
2.24919
1.77981
1.33831
0.986672
0.623333
-0.0775555
-0.796301
-1.32654
-1.60751
-1.69152
-1.53958
-1.26843
-0.891861
-0.33321
0.702288
2.58179
4.84247
5.24664
2.65493
0.207156
0.438493
0.723851
0.946631
1.13675
1.28751
1.4144
1.52726
1.61477
1.64162
1.58957
1.50207
1.38748
1.25762
1.12465
0.99583
0.865328
0.731519
0.593649
0.473804
0.399566
0.395786
0.460081
0.592668
0.800327
1.09344
1.50655
2.09106
2.89182
3.90061
4.96834
5.74697
5.93067
5.55128
4.88077
4.01255
3.14864
2.34404
1.82425
1.55852
1.30437
0.955455
0.661633
0.437987
0.228194
-0.0856752
-0.426806
-0.631573
-0.717019
-0.641325
-0.450475
-0.162069
0.215565
0.637583
1.22687
1.73339
3.67552
5.54892
5.35877
3.70015
2.67867
2.03792
1.47628
1.05122
0.654633
-0.0845107
-0.829394
-1.35501
-1.67414
-1.78314
-1.64063
-1.37938
-1.05621
-0.601936
0.486753
2.64764
5.14044
5.35199
2.9801
0.205509
0.437768
0.721996
0.943523
1.13461
1.28553
1.41197
1.52355
1.607
1.63062
1.58119
1.49588
1.38537
1.25898
1.12829
0.999939
0.86967
0.737397
0.60258
0.48752
0.41964
0.420074
0.489029
0.630756
0.852556
1.16745
1.61244
2.23763
3.07894
4.11527
5.18322
5.93603
6.09222
5.68183
4.94161
4.05784
3.17693
2.35745
1.82376
1.55484
1.30943
0.969803
0.682352
0.456036
0.24558
-0.0530167
-0.381726
-0.581819
-0.666983
-0.58915
-0.392171
-0.100399
0.266487
0.696487
1.33046
2.13497
4.41947
6.17922
6.04479
4.37901
3.17793
2.31612
1.62067
1.12761
0.683371
-0.117437
-0.876077
-1.3991
-1.76338
-1.89507
-1.76483
-1.50162
-1.2352
-0.889863
0.284198
2.83142
5.26732
5.45405
4.50498
0.203611
0.436562
0.719004
0.940187
1.13199
1.28239
1.40899
1.51969
1.59877
1.61895
1.57346
1.49015
1.38298
1.26013
1.13155
1.00333
0.873208
0.742139
0.610632
0.500231
0.437941
0.442507
0.516951
0.668293
0.904535
1.24118
1.71748
2.38045
3.25769
4.31626
5.38115
6.10816
6.237
5.79975
4.9881
4.09763
3.20608
2.37544
1.8279
1.55553
1.31631
0.98776
0.702814
0.468067
0.257924
-0.0209057
-0.331552
-0.524639
-0.608899
-0.532502
-0.331953
-0.0395828
0.31505
0.749125
1.44638
2.59895
5.23839
6.86547
6.83052
5.16491
3.74707
2.62494
1.78333
1.22985
0.722771
-0.17118
-0.934339
-1.45721
-1.86675
-2.01773
-1.90258
-1.6222
-1.41005
-1.17111
0.127258
3.08613
5.26453
5.34987
7.0163
0.201669
0.43491
0.715423
0.937019
1.1284
1.27853
1.40598
1.51514
1.58991
1.60701
1.56551
1.4846
1.38013
1.26055
1.13402
1.00611
0.875794
0.745644
0.616941
0.511043
0.45343
0.462027
0.543056
0.704216
0.955572
1.31413
1.82124
2.51915
3.42771
4.50333
5.56239
6.26504
6.36666
5.90295
5.03415
4.13823
3.2381
2.3993
1.8429
1.56782
1.33105
1.00856
0.720454
0.477606
0.27015
0.0113975
-0.274655
-0.458238
-0.540429
-0.468853
-0.272363
0.00887565
0.346503
0.78139
1.54852
3.01814
6.03995
7.58685
7.65559
5.98363
4.35172
2.97098
1.97788
1.37134
0.782866
-0.218139
-0.988035
-1.50811
-1.96581
-2.13519
-2.03716
-1.72803
-1.56152
-1.40337
0.120361
3.19675
5.20168
4.81617
11.7326
0.199638
0.432661
0.711592
0.933639
1.12371
1.27434
1.40294
1.51
1.58075
1.59571
1.55716
1.47888
1.37697
1.26031
1.13589
1.00849
0.877336
0.747677
0.621057
0.519098
0.465197
0.477326
0.565181
0.735928
1.00247
1.38291
1.92004
2.65028
3.58573
4.67369
5.72474
6.4047
6.48105
5.98261
5.0766
4.17947
3.27934
2.43633
1.8722
1.58873
1.3455
1.02613
0.735699
0.491313
0.285833
0.0447517
-0.211879
-0.384041
-0.462566
-0.397728
-0.213988
0.0384778
0.344967
0.762896
1.54373
3.32297
6.85449
8.33183
8.51851
6.82133
4.97635
3.34952
2.21071
1.55603
0.868302
-0.218281
-0.998204
-1.52032
-2.03869
-2.24031
-2.155
-1.81092
-1.67264
-1.572
0.252179
3.12147
4.95785
4.2199
19.7082
0.197504
0.430058
0.707797
0.929666
1.11838
1.27008
1.3995
1.50426
1.57118
1.58479
1.54815
1.47248
1.37327
1.2593
1.13681
1.00975
0.877933
0.748007
0.622609
0.523487
0.472403
0.487525
0.581272
0.761094
1.04209
1.44432
2.01055
2.77102
3.73007
4.82657
5.86715
6.52468
6.57889
6.03702
5.11538
4.22739
3.33286
2.48312
1.90778
1.60664
1.3513
1.04289
0.756536
0.514446
0.30982
0.0858407
-0.140498
-0.299604
-0.373989
-0.317722
-0.153276
0.0591468
0.309836
0.660594
1.37179
3.55
7.65728
9.13276
9.43839
7.73717
5.63378
3.74702
2.4724
1.7717
0.987486
-0.139513
-0.928642
-1.47952
-2.07285
-2.3366
-2.25795
-1.87919
-1.73142
-1.62831
0.332927
2.97909
4.50656
4.10296
26.2733
0.195311
0.427369
0.703944
0.924933
1.11282
1.26587
1.39554
1.4981
1.56146
1.57399
1.53875
1.4658
1.3695
1.258
1.1367
1.00948
0.87762
0.746721
0.621766
0.524174
0.474801
0.491872
0.589477
0.776476
1.06969
1.49215
2.08521
2.87318
3.85297
4.95504
5.98263
6.61781
6.65769
6.08357
5.15884
4.27811
3.38475
2.53147
1.9449
1.61796
1.35371
1.06418
0.78489
0.547289
0.344683
0.138487
-0.0583504
-0.201925
-0.272424
-0.22494
-0.0829669
0.084021
0.249707
0.481025
1.11111
3.76635
8.43341
9.99985
10.3297
8.7044
6.25835
4.09696
2.72206
2.005
1.16653
0.0422553
-0.752853
-1.37483
-2.06399
-2.42679
-2.35851
-1.93281
-1.74223
-1.54517
0.238933
2.95865
4.07596
4.33038
26.4533
0.193158
0.424873
0.700091
0.919896
1.10749
1.26181
1.3913
1.49154
1.5516
1.56301
1.52894
1.45884
1.36558
1.25633
1.1355
1.00783
0.876146
0.744
0.618979
0.522016
0.473244
0.490951
0.590239
0.781425
1.08339
1.52257
2.13853
2.95002
3.94719
5.05278
6.06682
6.68349
6.70958
6.1255
5.19869
4.31066
3.41265
2.56555
1.97282
1.62746
1.36296
1.09094
0.820694
0.590187
0.392129
0.205394
0.0387374
-0.0863189
-0.151962
-0.11282
0.00374619
0.117349
0.173177
0.242909
0.81143
3.96681
9.16401
10.8908
11.1381
9.64706
6.77191
4.36087
2.94493
2.2586
1.43597
0.333769
-0.465452
-1.21523
-2.02666
-2.52465
-2.45874
-1.96441
-1.68146
-1.39591
0.10365
3.05743
3.82565
4.61553
22.3923
0.191142
0.422583
0.696155
0.914975
1.10268
1.25807
1.38713
1.485
1.5421
1.55241
1.5195
1.45236
1.3621
1.25482
1.13416
1.00605
0.874462
0.741499
0.616082
0.519589
0.470799
0.488219
0.587516
0.780181
1.0873
1.53809
2.17094
3.00074
4.01192
5.12101
6.12513
6.72523
6.73202
6.14446
5.23266
4.33233
3.42836
2.59199
2.00118
1.64671
1.38342
1.1228
0.863079
0.640388
0.450437
0.285841
0.149393
0.0446479
-0.0139909
0.015995
0.105139
0.159887
0.0904986
-0.0422096
0.503285
4.14623
9.88446
11.7882
11.8799
10.4914
7.16028
4.56145
3.18196
2.5476
1.77469
0.696397
-0.130489
-1.03433
-1.98624
-2.61701
-2.53374
-1.96155
-1.51319
-1.28791
0.201356
3.25417
3.61188
4.74384
19.9837
0.189377
0.420584
0.692319
0.910649
1.09874
1.25488
1.38333
1.47888
1.53341
1.54277
1.51108
1.44689
1.35948
1.25382
1.13331
1.00494
0.873409
0.740514
0.61494
0.519157
0.470736
0.488253
0.587541
0.781188
1.09226
1.55155
2.19614
3.03884
4.06037
5.17102
6.16491
6.74636
6.73119
6.13982
5.24792
4.34418
3.44088
2.62027
2.03531
1.67552
1.4125
1.16213
0.913049
0.698532
0.519265
0.37729
0.269009
0.183976
0.131929
0.151145
0.217969
0.22431
0.038797
-0.315846
0.222946
4.29012
10.5663
12.6933
12.5442
11.1171
7.47538
4.78166
3.45939
2.86085
2.11869
1.04995
0.165522
-0.853688
-1.92818
-2.68739
-2.59172
-1.90025
-1.2961
-1.17431
0.731704
3.68547
3.21743
4.1325
18.743
0.187875
0.418899
0.688766
0.907113
1.09576
1.25248
1.38021
1.47371
1.52613
1.53485
1.50447
1.44302
1.35804
1.25352
1.13308
1.0046
0.872966
0.740178
0.614903
0.520008
0.472554
0.490956
0.591098
0.786739
1.10254
1.56988
2.22406
3.07602
4.10364
5.21184
6.19076
6.74728
6.71201
6.12558
5.2546
4.35058
3.45204
2.64998
2.07353
1.71258
1.45136
1.20906
0.96933
0.761483
0.592806
0.472114
0.389054
0.320385
0.271486
0.27989
0.337082
0.318388
0.0358223
-0.544133
-0.049138
4.35841
11.1439
13.5063
13.1012
11.5025
7.76956
5.11601
3.80095
3.17456
2.41261
1.33945
0.395246
-0.669516
-1.83742
-2.7272
-2.65337
-1.81645
-1.13049
-0.785792
1.79914
4.48636
2.74495
2.56694
15.6407
0.186474
0.417641
0.685785
0.904513
1.09377
1.25098
1.378
1.46974
1.52048
1.5288
1.49963
1.44034
1.35697
1.25282
1.13219
1.00355
0.871395
0.737937
0.61315
0.519336
0.473403
0.493713
0.596141
0.795605
1.11792
1.59419
2.25743
3.11622
4.14469
5.24268
6.19806
6.72822
6.67984
6.10988
5.26232
4.36263
3.47149
2.68684
2.11997
1.75937
1.49957
1.26177
1.0276
0.824537
0.665985
0.564947
0.503844
0.446824
0.397316
0.398319
0.463273
0.445762
0.0743069
-0.739848
-0.349177
4.3349
11.5603
14.1105
13.562
11.7698
8.07157
5.52763
4.21103
3.48638
2.64675
1.56762
0.569679
-0.498081
-1.7457
-2.76057
-2.68745
-1.73422
-0.941029
0.180009
3.59777
5.64994
2.35647
0.920794
11.7915
0.185036
0.416888
0.683438
0.902755
1.09255
1.25022
1.37658
1.46689
1.51638
1.5245
1.49623
1.43822
1.35533
1.25064
1.1294
1.00034
0.867104
0.732386
0.608064
0.515794
0.472225
0.49574
0.602192
0.80753
1.13829
1.62463
2.29671
3.16029
4.18498
5.26595
6.19166
6.69469
6.63998
6.09156
5.27083
4.38218
3.50233
2.73299
2.17334
1.81135
1.54973
1.31172
1.07808
0.876921
0.727446
0.645723
0.605874
0.559034
0.50758
0.51039
0.603237
0.610885
0.157709
-0.876764
-0.606112
4.2668
11.7988
14.4518
13.9402
12.0144
8.39064
5.92764
4.64219
3.75537
2.78981
1.68745
0.634585
-0.408495
-1.69449
-2.79643
-2.67054
-1.64828
-0.481279
1.97316
6.40264
7.09283
2.1206
-0.18228
8.23017
0.183671
0.416979
0.681904
0.901878
1.09202
1.24995
1.37558
1.46461
1.51311
1.52104
1.49318
1.4354
1.35178
1.24569
1.12346
0.993724
0.859157
0.723241
0.599666
0.509697
0.469691
0.497945
0.610296
0.823514
1.16434
1.66151
2.342
3.20833
4.22564
5.28548
6.1798
6.65832
6.60211
6.07736
5.28483
4.41117
3.54436
2.78794
2.23197
1.86487
1.59606
1.352
1.11326
0.910533
0.768591
0.705507
0.687311
0.652489
0.600787
0.611053
0.737471
0.774355
0.253064
-0.940246
-0.760519
4.17654
11.8388
14.6386
14.1295
12.1447
8.66366
6.29193
4.94249
3.85114
2.78296
1.66989
0.571896
-0.4486
-1.71538
-2.78707
-2.60067
-1.41639
0.578569
4.93642
10.3035
8.77805
1.95241
-1.28733
4.71983
0.182815
0.41833
0.681214
0.901685
1.09182
1.24964
1.37433
1.46205
1.50958
1.51723
1.48925
1.43077
1.34545
1.23731
1.11375
0.983078
0.847119
0.710319
0.587904
0.500865
0.465293
0.499334
0.618813
0.841181
1.193
1.70133
2.38988
3.25787
4.26617
5.30376
6.16777
6.62501
6.57038
6.06912
5.30446
4.44827
3.5951
2.84894
2.2928
1.91591
1.63418
1.37858
1.1298
0.921759
0.784837
0.738026
0.741075
0.722109
0.678995
0.704852
0.865831
0.924887
0.346413
-0.939645
-0.788115
4.15075
11.7439
14.6802
14.1451
12.09
8.77429
6.53697
5.10214
3.85597
2.71054
1.57001
0.432986
-0.564874
-1.73636
-2.68182
-2.39837
-0.756828
2.73114
9.4626
15.153
10.6901
1.61244
-3.02378
1.0671
0.182493
0.420976
0.681018
0.901602
1.09123
1.24839
1.37172
1.45786
1.50424
1.51133
1.48274
1.42285
1.33514
1.22446
1.09913
0.967091
0.829625
0.692178
0.571173
0.487358
0.456702
0.49722
0.624809
0.857425
1.22112
1.74116
2.43806
3.30769
4.30705
5.32329
6.15974
6.59928
6.54784
6.06808
5.32925
4.49122
3.6519
2.91431
2.35544
1.96533
1.66615
1.39428
1.13117
0.913185
0.77652
0.740554
0.761362
0.761165
0.737348
0.792074
0.993174
1.07323
0.456468
-0.85467
-0.647536
4.25578
11.582
14.4949
13.9803
11.8644
8.71588
6.60151
5.12383
3.8012
2.60917
1.45171
0.33367
-0.622038
-1.66239
-2.44654
-1.86809
0.754728
6.4969
15.5816
20.6469
12.7525
1.11324
-4.92252
-2.53193
0.181431
0.423922
0.680032
0.900267
1.08899
1.24506
1.36671
1.45107
1.49614
1.50247
1.47297
1.41133
1.32099
1.20755
1.08012
0.946274
0.807133
0.669184
0.549723
0.469283
0.443755
0.491176
0.627564
0.871266
1.24764
1.78016
2.48624
3.3584
4.34978
5.3464
6.1581
6.58231
6.53414
6.07284
5.35623
4.53504
3.70894
2.97904
2.41634
2.01158
1.69238
1.40041
1.11937
0.887035
0.74469
0.712023
0.743827
0.761843
0.764148
0.857344
1.09527
1.17765
0.52417
-0.74463
-0.373526
4.45307
11.3391
14.0504
13.5527
11.5058
8.57137
6.53976
5.04754
3.69978
2.50999
1.374
0.32938
-0.529113
-1.39695
-1.89571
-0.658064
3.56152
12.0019
22.914
26.4128
14.8859
0.62566
-6.52882
-5.76889
0.177955
0.425963
0.677388
0.896874
1.08456
1.2393
1.35917
1.44175
1.48556
1.49113
1.46073
1.39739
1.30464
1.1888
1.05943
0.923757
0.783124
0.645096
0.527481
0.450578
0.430306
0.484771
0.630232
0.885278
1.27436
1.81917
2.5341
3.40818
4.39076
5.36714
6.15427
6.56376
6.51868
6.07464
5.37877
4.57461
3.76291
3.04189
2.47647
2.05696
1.71674
1.40248
1.10076
0.851018
0.697947
0.661515
0.697101
0.731332
0.766335
0.906059
1.17597
1.24476
0.570064
-0.575356
0.0458978
4.74327
11.0076
13.4025
13.0082
11.1469
8.45733
6.48691
4.97602
3.62343
2.44764
1.3618
0.431779
-0.262383
-0.862956
-0.852296
1.42377
7.69134
18.8417
30.8571
32.1001
17.0459
0.264535
-7.70647
-8.32669
0.172576
0.425675
0.673236
0.891594
1.0784
1.23192
1.35025
1.43142
1.47444
1.47974
1.44894
1.38463
1.29051
1.17352
1.04331
0.906624
0.765262
0.627911
0.512594
0.439239
0.423698
0.484222
0.637455
0.902256
1.3021
1.85686
2.57776
3.45029
4.41998
5.37216
6.13212
6.52613
6.48518
6.06047
5.38771
4.60443
3.81172
3.10366
2.53864
2.10591
1.74474
1.40725
1.0838
0.81511
0.647297
0.600175
0.632201
0.680683
0.756222
0.95277
1.25609
1.31092
0.650803
-0.297203
0.584128
5.01853
10.4882
12.665
12.4444
10.8156
8.396
6.48461
4.95164
3.5966
2.42803
1.40081
0.615542
0.146154
-0.0755622
0.639507
4.21209
12.7258
26.3457
38.7784
37.4247
19.2143
0.158566
-8.44215
-9.86902
0.168003
0.420699
0.667278
0.884319
1.07065
1.22333
1.34067
1.4211
1.46406
1.46982
1.43943
1.37522
1.28131
1.1651
1.03595
0.899922
0.759363
0.624008
0.511817
0.44209
0.430561
0.495578
0.654334
0.926012
1.33304
1.89335
2.61499
3.47992
4.43038
5.35272
6.08193
6.45971
6.42439
6.02193
5.37641
4.61934
3.85177
3.16276
2.60364
2.16253
1.78423
1.42657
1.08393
0.796676
0.610383
0.544006
0.561775
0.616394
0.729653
0.980343
1.31065
1.35571
0.753017
0.0623786
1.19023
5.2902
9.96145
11.9521
11.9042
10.5112
8.35405
6.50638
4.9609
3.61044
2.45251
1.48513
0.848934
0.635921
0.867549
2.38249
7.34525
18.0716
33.7961
46.128
42.2046
21.3856
0.464036
-8.71765
-10.3865
0.165997
0.411635
0.660046
0.875939
1.06217
1.21448
1.33144
1.41187
1.45554
1.4625
1.4333
1.37018
1.27779
1.16397
1.03758
0.903887
0.765732
0.633689
0.525475
0.459647
0.451599
0.519728
0.681734
0.957138
1.36747
1.92882
2.6462
3.49837
4.42488
5.31408
6.01118
6.37252
6.34311
5.96332
5.34617
4.61727
3.87715
3.21034
2.66204
2.21948
1.83255
1.46432
1.11157
0.812574
0.609834
0.520042
0.514198
0.562175
0.697409
0.980916
1.31476
1.34115
0.81843
0.411274
1.7654
5.52471
9.49198
11.3119
11.4129
10.2396
8.32155
6.5404
4.99172
3.6478
2.50114
1.59065
1.09459
1.14086
1.84246
4.14765
10.4311
23.1534
40.581
52.5207
46.3474
23.5336
1.27667
-8.56659
-10.0157
0.165215
0.400666
0.652107
0.867111
1.05337
1.2055
1.32242
1.4033
1.44814
1.45674
1.42922
1.36781
1.27772
1.16714
1.04446
0.914193
0.779605
0.651857
0.54832
0.486796
0.482292
0.553047
0.71718
0.994427
1.40546
1.96484
2.67492
3.51168
4.41276
5.2689
5.93487
6.27989
6.25429
5.89357
5.301
4.59666
3.88038
3.23326
2.6963
2.25689
1.86991
1.5027
1.15313
0.85563
0.64765
0.542071
0.515413
0.552963
0.697687
0.992767
1.30756
1.30459
0.862702
0.720667
2.25854
5.70787
9.11367
10.7956
11.0074
10.0162
8.29626
6.57701
5.03049
3.69066
2.55196
1.68907
1.31281
1.59413
2.72559
5.72386
13.1308
27.5151
46.2749
57.75
49.8366
25.624
2.3882
-7.98968
-8.761
0.164927
0.390377
0.644757
0.859023
1.04525
1.19712
1.31397
1.39525
1.44114
1.45126
1.42537
1.36574
1.27804
1.1707
1.05166
0.924906
0.794092
0.670824
0.572075
0.514949
0.514077
0.587573
0.75376
1.03247
1.44366
2.00064
2.70359
3.52636
4.40515
5.23293
5.87237
6.20275
6.17847
5.83094
5.2556
4.56808
3.86729
3.23207
2.70109
2.26289
1.87716
1.51497
1.17462
0.886533
0.682596
0.571487
0.533693
0.566334
0.718717
1.01766
1.30744
1.27513
0.903483
0.976981
2.64462
5.83823
8.83295
10.4164
10.7075
9.8554
8.28572
6.61846
5.07746
3.73734
2.59986
1.7682
1.48044
1.94909
3.42886
6.96857
15.2293
30.8903
50.6791
61.7669
52.7015
27.588
3.56993
-7.09757
-6.72819
0.165242
0.382836
0.639474
0.853132
1.03927
1.19077
1.30738
1.38876
1.43521
1.44624
1.42144
1.36309
1.27715
1.17215
1.05571
0.931523
0.80363
0.683926
0.589027
0.535399
0.537622
0.61365
0.781845
1.06208
1.47374
2.02923
2.72721
3.54001
4.40293
5.21062
5.83128
6.15136
6.12764
5.78885
5.22489
4.54783
3.85585
3.22628
2.69657
2.2567
1.8703
1.51117
1.17803
0.898128
0.699009
0.586002
0.542315
0.573319
0.731977
1.0323
1.30131
1.24742
0.92924
1.15627
2.90654
5.91755
8.64374
10.1672
10.5146
9.75857
8.29168
6.66316
5.12806
3.78538
2.6453
1.82969
1.59673
2.19535
3.9228
7.83043
16.6504
33.1987
53.779
64.6193
54.9599
29.289
4.7345
-6.02896
-4.04113
0.166061
0.378526
0.636696
0.849977
1.03612
1.18736
1.30381
1.38516
1.43181
1.44321
1.41893
1.36122
1.27615
1.1723
1.05709
0.934159
0.807845
0.690191
0.597503
0.545755
0.549784
0.627405
0.796879
1.07813
1.49016
2.04482
2.73985
3.54674
4.40035
5.19629
5.80608
6.12044
6.09723
5.76387
5.20703
4.5364
3.84981
3.22367
2.69482
2.25427
1.86807
1.51142
1.18329
0.908886
0.713077
0.599093
0.551794
0.581521
0.743222
1.04292
1.29763
1.23009
0.945162
1.26569
3.06686
5.97641
8.55748
10.0522
10.4335
9.73177
8.32384
6.719
5.18793
3.84171
2.69716
1.88561
1.67703
2.34677
4.21603
8.32174
17.435
34.5359
55.7177
66.4141
56.5933
30.6514
5.73411
-4.9498
-1.14816
0.166813
0.37696
0.635996
0.849137
1.03539
1.18655
1.30298
1.38435
1.43106
1.44257
1.41847
1.36098
1.27617
1.17266
1.05781
0.935283
0.809585
0.692766
0.60096
0.549873
0.554628
0.632909
0.802882
1.08451
1.49657
2.05066
2.74413
3.54812
4.39737
5.18786
5.79256
6.10422
6.08097
5.74996
5.19639
4.52873
3.84479
3.22063
2.69287
2.25304
1.86826
1.51402
1.18941
0.91853
0.724974
0.610867
0.561694
0.590091
0.752101
1.05046
1.29784
1.22344
0.953272
1.31808
3.14874
6.02249
8.54599
10.0264
10.4176
9.73676
8.35455
6.76113
5.23221
3.88369
2.73563
1.92192
1.71741
2.4121
4.33716
8.51734
17.7476
35.133
56.6534
67.2409
57.5162
31.5795
6.43198
-4.11291
0.997559
)
;

boundaryField
{
    inletFace
    {
        type            zeroGradient;
    }
    inlet
    {
        type            zeroGradient;
    }
    inletWalls
    {
        type            zeroGradient;
    }
    outletInlet
    {
        type            cyclicAMI;
        value           nonuniform List<scalar> 
15
(
4.23957
7.17918
8.79457
10.9337
12.4573
14.5123
16.3867
17.7672
19.386
20.8933
19.4276
19.5061
15.2479
13.7073
13.7081
)
;
    }
    fineSymmetryWall
    {
        type            symmetryPlane;
    }
    fineWalls
    {
        type            zeroGradient;
    }
    fineCyclicBoundary
    {
        type            fixedValue;
        value           uniform 0;
    }
    fineplug
    {
        type            cyclicAMI;
        value           nonuniform List<scalar> 
80
(
4.5784
4.77496
5.17733
2.69986
3.9832
6.17821
6.82788
7.0451
7.06303
7.46434
8.67853
9.88714
9.03973
7.67873
8.06849
9.15944
10.5779
10.7229
10.9077
11.0018
11.2785
11.9362
12.2212
12.3323
12.2553
12.6188
13.6269
14.5999
14.6193
14.4043
14.1853
14.7686
16.6534
16.5273
16.1789
15.9603
16.4269
17.6944
17.5796
16.6158
17.0574
18.9143
19.6405
20.3708
19.8001
19.2854
18.793
18.3203
19.1827
21.8421
22.0696
20.8826
20.4265
20.9792
20.7416
19.6315
17.9243
16.6975
21.5722
22.2927
20.5905
19.3674
17.7986
15.8884
15.5947
14.6111
13.5691
13.3238
18.0637
15.4564
14.3929
14.1566
13.8414
12.8065
11.346
11.2687
12.1617
16.1079
14.5888
14.2312
)
;
    }
    faceFine
    {
        type            zeroGradient;
    }
}


// ************************************************************************* //
