/*--------------------------------*- C++ -*----------------------------------*\
| =========                 |                                                 |
| \\      /  F ield         | OpenFOAM: The Open Source CFD Toolbox           |
|  \\    /   O peration     | Version:  4.1                                   |
|   \\  /    A nd           | Web:      www.OpenFOAM.org                      |
|    \\/     M anipulation  |                                                 |
\*---------------------------------------------------------------------------*/
FoamFile
{
    version     2.0;
    format      ascii;
    class       volScalarField;
    location    "4";
    object      p;
}
// * * * * * * * * * * * * * * * * * * * * * * * * * * * * * * * * * * * * * //

dimensions      [0 2 -2 0 0 0 0];

internalField   nonuniform List<scalar> 
6785
(
561.811
483.269
436.395
383.101
336.489
291.639
249.908
210.469
173.245
138.072
104.218
71.2602
42.8869
13.6561
-26.6904
-51.697
-69.2347
-59.2858
-66.258
-65.6027
-67.9512
-68.5625
-69.0294
-68.5789
-67.2891
-64.9554
-61.8673
-57.6635
-52.093
-47.9622
-26.1424
-28.9814
-19.3807
-23.0093
-18.4458
-18.6319
-16.9007
-16.2214
-15.2849
-14.5725
-13.8978
-13.4402
-12.8408
-12.2099
-9.50488
14.4106
13.1542
16.7825
12.853
15.3796
13.4692
14.1667
13.6814
13.876
13.9474
14.136
14.1077
13.8577
13.5126
14.1178
9.51024
6.49593
8.37065
4.95735
6.87051
4.80877
5.53535
4.64835
4.54826
3.71172
2.53471
1.04011
-0.0488754
-1.30857
-3.96593
-25.965
-30.6263
-30.3023
-34.4879
-34.7701
-38.4188
-39.7286
-42.7939
-44.781
-46.9793
-48.2663
-48.9842
-49.6677
-50.8397
-51.5265
-55.4476
-58.7016
-57.5376
-60.5414
-59.7964
-62.3126
-62.4188
-64.0706
-64.62
-65.1492
-64.8997
-64.4247
-63.7648
-63.2998
-61.1986
-43.5752
-43.5259
-41.051
-41.89
-39.4391
-39.6771
-38.0498
-37.5377
-36.5101
-35.7107
-34.7504
-33.8508
-32.4859
-31.0279
-28.2509
-18.157
-16.9027
-14.8358
-14.8059
-12.5245
-12.0972
-10.3549
-9.36443
-7.9915
-6.77572
-5.48431
-4.279
-3.01154
-2.00463
-0.847401
-4.57609
-3.76959
-2.66771
-2.74599
-1.39008
-1.3733
-0.333217
-0.00350292
0.710317
1.17334
1.71432
2.14132
2.56041
2.85612
3.07088
1.4827
1.70471
2.2432
2.00007
2.77724
2.50285
3.12359
3.0523
3.42664
3.4997
3.72973
3.82909
3.99506
4.05504
4.18142
3.27343
3.35014
3.70892
3.43591
4.02573
3.72419
4.22676
4.0853
4.39751
4.41626
4.63275
4.70464
4.92785
4.97298
5.26818
9.96646
9.85637
10.0541
9.50967
9.83998
9.36717
9.55868
9.29813
9.37767
9.28352
9.36587
9.34318
9.52496
9.50583
9.86855
14.1968
14.7166
13.6963
12.5436
12.522
12.2279
12.4016
12.2616
12.2937
12.2209
12.2823
12.3075
12.5931
12.7192
13.305
41.9493
39.6972
34.7035
32.2359
31.9355
30.2351
28.296
26.6419
25.1989
24.0935
23.3134
22.7895
22.4678
22.3181
22.0026
-0.64909
-0.650124
-0.443128
-0.688964
-0.681584
-0.638459
-0.737904
-0.83757
-0.861336
-0.880265
-0.946931
-1.12366
-1.06821
-1.17901
-1.35162
-1.40383
-1.32357
-1.41506
-1.67502
-1.51641
-1.63656
-1.84551
-1.9037
-1.74174
-1.85961
-2.07811
-2.12827
-1.97849
-2.02098
-2.32751
-2.10031
-2.17498
-2.39735
-2.43153
-2.24
-2.26504
-2.55194
-2.29002
-2.33357
-2.53425
-2.53959
-2.29776
-2.33153
-2.52065
-2.50105
-2.26109
-2.23655
-2.48102
-2.14649
-2.15395
-2.32182
-2.26519
-1.96317
-1.97397
-2.12776
-2.05011
-1.73267
-1.76533
-1.98459
-1.64382
-1.53557
-1.72699
-1.70001
-1.59786
-1.15871
-1.2775
-1.39049
-0.663252
-0.720023
-0.791323
-0.805593
-0.679295
-1.20168
-1.08638
-0.0144881
-5.13356
-4.32878
-0.257257
-17.7878
-14.3247
-11.1526
-11.5797
-10.419
-21.4004
-10.2899
-7.5204
-6.80015
-6.11754
-5.56341
-4.84907
-3.31665
-2.80985
-10.8231
-3.30855
-2.2972
-0.157472
1.56188
2.46674
3.61356
5.14059
5.44717
-1.85121
6.86234
8.66776
10.3487
12.1499
14.3441
15.9524
17.2767
19.3004
19.1577
12.0806
20.8488
22.7412
24.5219
26.138
27.9505
29.8854
31.9507
30.9647
22.8859
32.0265
34.4883
36.2679
37.3799
38.2442
38.9153
41.2026
39.6092
32.7814
40.356
40.1914
41.8314
42.9779
42.2752
41.7018
40.8896
36.2967
39.4458
39.9431
36.5615
34.2939
30.8316
29.4997
26.9882
23.6327
20.9054
15.6672
13.8771
15.7131
10.514
8.39318
5.55394
2.13318
-3.79353
-5.77561
-4.94468
-15.346
-3.47369
-7.75062
-11.7851
-5.23713
-13.9155
-10.9241
-14.3375
-11.7112
-8.09444
-16.7806
-12.5475
-9.3045
-16.3507
-13.8718
-16.3637
-14.1323
-9.849
-16.7643
-14.0956
-16.2019
-13.8239
-9.72662
-16.7486
-12.7817
-9.68837
-14.5386
-12.2743
-13.4045
-11.5799
-8.29229
-12.3378
-10.2587
-11.0619
-9.40535
-6.82408
-10.1987
-7.82234
-6.04999
-8.08501
-6.71976
-6.93918
-5.88559
-4.36127
-5.72471
-4.66323
-4.78153
-3.92866
-3.03515
-3.90841
-2.95256
-2.5008
-2.9158
-2.45114
-2.57643
-2.18084
-2.00694
-2.49292
-2.39921
-2.51602
-2.5876
-2.61064
-2.87024
-2.8447
-2.74281
-2.77716
-2.6854
-2.55411
-2.35232
-2.24628
-2.08766
-2.16244
-1.96323
-1.77167
-1.64302
-1.31473
-1.57208
-1.5465
-0.724191
-1.4191
-1.07491
-0.870695
-0.634209
1.43376e-05
3.14484e-05
5.47944e-05
7.60376e-05
0.00010137
0.000127462
0.000156564
0.000187566
0.000221409
0.000257822
0.000297315
0.000339961
0.00038615
0.000436125
0.000490269
0.000548933
0.000612547
0.00068155
0.00075644
0.000837747
0.000926053
0.00102199
0.00112623
0.00123952
0.00136266
0.0014965
0.00164198
0.0018001
0.00197194
0.00215867
0.00236152
0.00258186
0.0028211
0.00308079
0.00336257
0.00366818
0.00399947
0.0043584
0.00474702
0.00516747
0.00562194
0.00611269
0.00664191
0.00721174
0.00782409
0.0084805
0.0091819
0.00992829
0.0107183
0.0115484
0.0124125
0.0133005
0.014197
0.0150804
0.0159207
0.0166786
0.0173045
0.017738
0.0179114
0.0177484
0.017176
0.0161148
0.0145047
0.0122498
0.00931567
0.00550861
0.000874527
-0.00484867
-0.0111162
-0.01807
-0.0220735
-0.0280174
-0.0227026
-0.0862114
-0.162422
-0.324421
-0.252783
-0.847321
-0.851344
4.2269e-05
9.34563e-05
0.000162461
0.000226362
0.000301397
0.000378974
0.000464994
0.000556676
0.000656509
0.000763892
0.00088022
0.00100579
0.00114171
0.00128872
0.00144794
0.00162042
0.00180739
0.00201016
0.00223017
0.00246898
0.00272829
0.00300993
0.00331588
0.00364829
0.00400949
0.00440197
0.00482844
0.0052918
0.00579519
0.00634196
0.00693574
0.00758038
0.00828004
0.00903914
0.00986239
0.0107548
0.0117217
0.0127687
0.0139016
0.0151266
0.0164499
0.017878
0.019417
0.0210732
0.0228518
0.0247574
0.0267926
0.0289576
0.0312485
0.0336559
0.0361626
0.0387408
0.0413485
0.0439258
0.0463908
0.0486362
0.050528
0.0519043
0.0525857
0.0523752
0.0510884
0.048532
0.0445675
0.0389615
0.0316249
0.0220112
0.0101122
-0.00496416
-0.0223503
-0.0428903
-0.0580621
-0.0798438
-0.0715456
-0.183186
-0.345201
-0.5808
-0.583951
-0.958781
-1.25356
6.6578e-05
0.000151162
0.000267741
0.000374881
0.000500797
0.000630777
0.000774901
0.000928434
0.00109561
0.00127539
0.00147014
0.00168035
0.00190787
0.00215395
0.00242046
0.00270914
0.0030221
0.00336149
0.00372976
0.00412949
0.00456354
0.00503498
0.00554713
0.00610359
0.00670826
0.00736532
0.00807932
0.00885512
0.00969798
0.0106135
0.0116079
0.0126874
0.0138592
0.0151307
0.0165096
0.0180046
0.0196245
0.0213787
0.023277
0.0253298
0.0275477
0.0299413
0.0325212
0.0352978
0.03828
0.0414755
0.0448888
0.04852
0.0523629
0.0564016
0.0606072
0.0649327
0.0693074
0.07363
0.077762
0.0815211
0.0846795
0.0869611
0.0880584
0.0876314
0.0853592
0.080902
0.0740104
0.0642709
0.0515128
0.0347929
0.0140776
-0.0121336
-0.0424735
-0.0783168
-0.105797
-0.144078
-0.127439
-0.25976
-0.44819
-0.716508
-0.74508
-1.04826
-1.36548
9.03612e-05
0.000208494
0.000371953
0.00052246
0.0006989
0.000881088
0.00108288
0.00129783
0.00153176
0.00178331
0.00205574
0.00234976
0.00266796
0.0030121
0.00338478
0.00378845
0.00422604
0.00470058
0.00521548
0.00577435
0.00638119
0.00704028
0.00775627
0.0085342
0.00937949
0.010298
0.0112961
0.0123805
0.0135587
0.0148384
0.0162282
0.0177371
0.0193748
0.0211517
0.0230789
0.0251681
0.0274317
0.029883
0.0325356
0.0354039
0.0385027
0.041847
0.0454516
0.0493308
0.0534973
0.0579618
0.0627306
0.0678043
0.073174
0.0788183
0.0846969
0.090745
0.0968644
0.102915
0.108703
0.113977
0.118418
0.121642
0.123221
0.122679
0.119569
0.113418
0.103875
0.0903639
0.0726294
0.0493339
0.0203417
-0.0165252
-0.0597731
-0.111393
-0.153446
-0.211495
-0.190134
-0.358586
-0.583126
-0.902397
-0.943603
-1.287
-1.59524
0.000112414
0.000264106
0.000474621
0.000668785
0.000895977
0.00113062
0.00139028
0.00166686
0.00196774
0.00229125
0.00264154
0.00301957
0.00342865
0.00387104
0.00435011
0.00486899
0.00543146
0.0060414
0.00670321
0.00742153
0.00820149
0.00904859
0.00996882
0.0109686
0.012055
0.0132355
0.0145183
0.015912
0.0174262
0.0190708
0.0208569
0.0227961
0.0249008
0.0271844
0.0296611
0.0323459
0.035255
0.0384052
0.0418141
0.0455002
0.0494826
0.0537805
0.0584129
0.0633984
0.0687534
0.0744916
0.0806215
0.0871439
0.094048
0.101306
0.108868
0.116651
0.124529
0.132323
0.139786
0.146593
0.152337
0.156521
0.158594
0.157942
0.153983
0.146106
0.133852
0.116475
0.0936243
0.0635524
0.0259819
-0.0219915
-0.0789485
-0.147482
-0.20653
-0.287671
-0.264772
-0.476929
-0.740823
-1.10985
-1.17131
-1.50909
-1.87514
0.000133583
0.00031903
0.000576193
0.000814177
0.00109202
0.00137913
0.00169654
0.00203463
0.00240228
0.00279754
0.00322544
0.00368719
0.00418681
0.00472709
0.00531213
0.00594577
0.00663261
0.00737742
0.00818552
0.00906263
0.010015
0.0110493
0.0121729
0.0133937
0.0147201
0.0161614
0.0177276
0.0194292
0.0212778
0.0232857
0.0254663
0.0278337
0.0304032
0.033191
0.0362145
0.0394921
0.0430433
0.0468888
0.0510501
0.0555498
0.0604111
0.0656575
0.0713124
0.0773983
0.0839356
0.0909411
0.0984255
0.10639
0.114822
0.123689
0.13293
0.142444
0.152081
0.161622
0.170769
0.179125
0.186195
0.191372
0.193981
0.193269
0.188523
0.178994
0.164117
0.142982
0.115138
0.0784176
0.0323451
-0.0267833
-0.0979174
-0.184253
-0.262967
-0.370543
-0.352306
-0.610214
-0.90848
-1.32042
-1.3977
-1.71803
-2.05084
0.000153706
0.000373146
0.000676657
0.000958635
0.0012871
0.00162675
0.00200188
0.00240148
0.00283582
0.00330277
0.00380816
0.0043535
0.00494351
0.00558151
0.00627232
0.00702049
0.00783146
0.00871085
0.00966495
0.0107005
0.0118249
0.013046
0.0143726
0.0158138
0.0173798
0.0190814
0.0209303
0.0229392
0.0251215
0.0274919
0.0300661
0.0328609
0.0358941
0.039185
0.0427541
0.0466231
0.0508151
0.0553544
0.0602665
0.0655781
0.0713164
0.0775095
0.0841848
0.0913692
0.0990869
0.107358
0.116195
0.125601
0.135561
0.146038
0.15696
0.168211
0.179615
0.190917
0.201765
0.211694
0.220117
0.226322
0.229503
0.228772
0.223279
0.212135
0.194669
0.169811
0.136999
0.0936418
0.0390113
-0.031474
-0.117414
-0.222603
-0.32389
-0.461003
-0.454034
-0.761515
-1.09376
-1.54683
-1.63363
-1.94322
-2.27505
0.000173054
0.000426778
0.000776193
0.00110229
0.00148125
0.00187345
0.0023062
0.0027672
0.00326809
0.00380654
0.00438922
0.00501791
0.00569802
0.00643343
0.00722966
0.008092
0.00902667
0.0100402
0.0111398
0.0123333
0.0136291
0.0150364
0.0165652
0.0182261
0.0200308
0.0219917
0.0241224
0.0264374
0.0289523
0.0316839
0.0346502
0.0378707
0.0413659
0.0451581
0.0492708
0.053729
0.0585593
0.0637898
0.0694499
0.0755702
0.0821823
0.0893184
0.0970105
0.10529
0.114184
0.123716
0.133903
0.144746
0.156232
0.168317
0.180921
0.193913
0.207092
0.220165
0.232732
0.244258
0.254068
0.261339
0.265141
0.264442
0.258257
0.245558
0.225568
0.19706
0.159365
0.109454
0.0462976
-0.0356558
-0.136959
-0.262015
-0.388947
-0.558614
-0.570807
-0.931605
-1.29994
-1.79332
-1.88527
-2.1732
-2.45598
0.000191676
0.000480006
0.000874877
0.00124521
0.00167453
0.00211928
0.00260952
0.00313184
0.00369911
0.0043089
0.00496864
0.00568044
0.00645039
0.00728289
0.00818422
0.00916034
0.0102183
0.0113655
0.0126101
0.013961
0.0154277
0.0170206
0.0187509
0.0206307
0.0226733
0.0248927
0.0273042
0.0299242
0.0327705
0.035862
0.0392192
0.0428639
0.0468196
0.0511113
0.0557656
0.060811
0.0662774
0.0721967
0.0786021
0.0855284
0.0930113
0.101087
0.109793
0.119163
0.12923
0.140021
0.151554
0.163834
0.176843
0.190537
0.204826
0.219564
0.234527
0.249388
0.263695
0.276847
0.288081
0.296463
0.300936
0.300324
0.293503
0.279306
0.25685
0.22476
0.182256
0.125873
0.0542237
-0.0393105
-0.156542
-0.302516
-0.458328
-0.663478
-0.703824
-1.12056
-1.52748
-2.06006
-2.15203
-2.40642
-2.57502
0.000209696
0.000532972
0.000972815
0.00138747
0.00186697
0.00236423
0.00291181
0.00349532
0.00412877
0.00480968
0.00554623
0.00634085
0.00720031
0.00812956
0.00913558
0.0102251
0.0114059
0.0126862
0.0140753
0.015583
0.0172198
0.0189975
0.0209286
0.0230266
0.0253061
0.0277829
0.0304741
0.033398
0.0365744
0.0400244
0.0437709
0.0478381
0.0522524
0.0570416
0.0622354
0.0678655
0.0739656
0.0805709
0.0877186
0.0954477
0.103798
0.112811
0.122526
0.132984
0.14422
0.156266
0.169142
0.182854
0.197386
0.212689
0.228665
0.245156
0.261913
0.278577
0.294649
0.30946
0.322159
0.331702
0.336902
0.336439
0.329045
0.313414
0.288558
0.252965
0.205747
0.143002
0.062938
-0.0422405
-0.175916
-0.343855
-0.531893
-0.775454
-0.854124
-1.329
-1.7783
-2.34951
-2.43592
-2.64646
-2.73727
0.000227187
0.000585756
0.00107008
0.00152912
0.00205861
0.00260832
0.00321306
0.0038576
0.00455701
0.0053088
0.00612188
0.00699902
0.00794764
0.00897325
0.0100835
0.0112859
0.0125891
0.014002
0.015535
0.0171987
0.0190051
0.0209669
0.0230978
0.025413
0.0279285
0.0306617
0.0336314
0.0368579
0.040363
0.04417
0.0483041
0.0527922
0.0576631
0.0629477
0.0686787
0.0748912
0.0816221
0.0889106
0.0967977
0.105326
0.114541
0.124486
0.135207
0.146749
0.15915
0.172447
0.186663
0.201806
0.217859
0.234771
0.252438
0.270688
0.289252
0.307739
0.325602
0.342107
0.356316
0.367075
0.373064
0.372816
0.364916
0.347917
0.320731
0.281719
0.22989
0.160913
0.0725421
-0.0443037
-0.194889
-0.385842
-0.609536
-0.894488
-1.02283
-1.55753
-2.05477
-2.66473
-2.74043
-2.89288
-2.85035
0.000244228
0.000638436
0.00116676
0.00167021
0.00224947
0.00285154
0.00351324
0.00421862
0.00498375
0.00580617
0.00669545
0.00765476
0.00869216
0.00981372
0.0110278
0.0123426
0.0137675
0.0153125
0.0169887
0.0188078
0.0207829
0.0229279
0.0252579
0.0277892
0.0305396
0.033528
0.036775
0.0403028
0.044135
0.0482974
0.0528174
0.0577243
0.0630498
0.0688276
0.0750934
0.0818856
0.0892446
0.0972132
0.105836
0.115161
0.125236
0.13611
0.147833
0.160454
0.174017
0.188561
0.204113
0.220683
0.238257
0.256779
0.276141
0.296158
0.316542
0.336872
0.356555
0.374793
0.390563
0.402596
0.409443
0.409481
0.401146
0.382851
0.353407
0.311065
0.254742
0.179687
0.0831621
-0.0453157
-0.213204
-0.428208
-0.691022
-1.02047
-1.211
-1.8066
-2.3594
-3.009
-3.06902
-3.15424
-2.87718
0.000260878
0.000691067
0.0012629
0.0018108
0.00243957
0.0030939
0.00381233
0.00457835
0.00540892
0.00630166
0.00726681
0.00830792
0.00943368
0.0106507
0.0119681
0.0133947
0.0149408
0.0166172
0.0184359
0.0204097
0.0225527
0.02488
0.0274081
0.0301546
0.0331387
0.0363811
0.039904
0.0437315
0.0478894
0.0524054
0.0573094
0.0626332
0.0684111
0.0746796
0.0814777
0.0888468
0.0968308
0.105476
0.114832
0.124949
0.13588
0.147679
0.1604
0.174096
0.188816
0.204603
0.221488
0.239484
0.258576
0.278709
0.299769
0.321562
0.343782
0.365976
0.387511
0.407525
0.424908
0.438282
0.446058
0.446459
0.437766
0.418249
0.386623
0.341044
0.280352
0.1994
0.0949183
-0.0450902
-0.230582
-0.470662
-0.776047
-1.15328
-1.41977
-2.07659
-2.69504
-3.3862
-3.42658
-3.44057
-2.97554
0.000277195
0.000743692
0.00135857
0.00195092
0.00262893
0.00333538
0.00411029
0.00493672
0.00583242
0.00679517
0.00783582
0.00895832
0.010172
0.011484
0.0129042
0.0144421
0.0161087
0.0179158
0.0198763
0.0220039
0.0243139
0.0268226
0.0295477
0.0325082
0.0357249
0.0392199
0.0430173
0.0471431
0.0516249
0.0564927
0.0617787
0.0675172
0.0737452
0.0805019
0.0878295
0.0957726
0.104379
0.113698
0.123782
0.134688
0.146471
0.15919
0.172904
0.187671
0.203543
0.220569
0.238783
0.258202
0.278812
0.300557
0.323321
0.346898
0.370968
0.395052
0.418472
0.440307
0.459363
0.474147
0.48293
0.483777
0.474806
0.454143
0.420411
0.371694
0.306771
0.220128
0.107936
-0.043422
-0.246711
-0.512864
-0.86419
-1.29281
-1.65042
-2.36794
-3.06515
-3.80056
-3.81549
-3.75368
-2.98583
0.000293226
0.000796346
0.00145381
0.00209059
0.00281757
0.00357599
0.0044071
0.00529368
0.00625419
0.00728659
0.00840234
0.0096058
0.0109069
0.0123134
0.0138358
0.0154843
0.0172708
0.0192079
0.0213093
0.0235899
0.0260661
0.0287551
0.0316761
0.0348495
0.0382973
0.0420436
0.0461141
0.0505364
0.0553403
0.0605581
0.066224
0.0723749
0.0790505
0.0862928
0.094147
0.102661
0.111886
0.121874
0.132684
0.144374
0.157005
0.17064
0.185343
0.201175
0.218196
0.236456
0.255995
0.276834
0.29896
0.322319
0.34679
0.372163
0.3981
0.424098
0.44944
0.473145
0.493935
0.510203
0.520079
0.521459
0.512294
0.490566
0.454806
0.403049
0.334042
0.241942
0.12234
-0.0400941
-0.261241
-0.554428
-0.954895
-1.43902
-1.90467
-2.68137
-3.47401
-4.25668
-4.23879
-4.09735
-3.17248
0.00030901
0.000849053
0.00154865
0.00222984
0.00300549
0.00381569
0.00470272
0.00564916
0.00667412
0.00777581
0.00896622
0.0102502
0.0116382
0.0131386
0.0147626
0.0165211
0.0184268
0.020493
0.0227346
0.0251673
0.0278085
0.0306769
0.0337926
0.0371775
0.0408553
0.0448514
0.0491932
0.0539103
0.0590346
0.0646001
0.0706438
0.0772048
0.0843254
0.0920505
0.100428
0.10951
0.11935
0.130005
0.141535
0.154005
0.16748
0.182026
0.197712
0.214605
0.232769
0.252259
0.27312
0.295375
0.319016
0.34399
0.370174
0.397352
0.425173
0.453112
0.480415
0.506043
0.528633
0.546465
0.557522
0.55953
0.55026
0.527546
0.489837
0.435141
0.362204
0.264908
0.138256
-0.0348757
-0.27379
-0.594906
-1.04744
-1.59198
-2.18453
-3.01765
-3.92696
-4.75975
-4.69929
-4.4725
-3.4411
0.000324584
0.000901831
0.00164314
0.00236868
0.0031927
0.00405449
0.0049971
0.0060031
0.00709213
0.0082627
0.00952733
0.0108913
0.0123657
0.0139594
0.0156844
0.0175521
0.0195762
0.0217708
0.0241516
0.0267355
0.0295407
0.0325873
0.0358965
0.0394918
0.043398
0.0476423
0.0522538
0.0572639
0.0627065
0.0686177
0.0750368
0.0820053
0.0895682
0.0977732
0.106671
0.116317
0.126768
0.138086
0.150333
0.163579
0.177892
0.193344
0.210009
0.227958
0.247259
0.267974
0.290152
0.31382
0.338976
0.365565
0.393468
0.422461
0.452186
0.482094
0.511397
0.539002
0.563464
0.582945
0.595279
0.598012
0.588732
0.565115
0.525533
0.467997
0.391293
0.289089
0.155803
-0.0275252
-0.283949
-0.633788
-1.14096
-1.75191
-2.49135
-3.37586
-4.42957
-5.31559
-5.1992
-4.87496
-3.76296
0.000339976
0.000954692
0.0017373
0.00250712
0.00337918
0.00429234
0.0052902
0.00635543
0.00750814
0.00874716
0.0100855
0.0115289
0.0130891
0.0147756
0.0166008
0.0185771
0.0207188
0.0230409
0.02556
0.028294
0.0312622
0.0344857
0.0379872
0.0417913
0.0459245
0.0504154
0.0552948
0.0605961
0.0663548
0.0726096
0.0794015
0.086775
0.0947773
0.103459
0.112875
0.123081
0.13414
0.146115
0.159075
0.173092
0.188238
0.204592
0.22223
0.241229
0.261663
0.283598
0.307088
0.332166
0.358834
0.387041
0.416667
0.447487
0.479133
0.51104
0.542387
0.572026
0.598433
0.619655
0.633367
0.636931
0.627736
0.603301
0.56192
0.501641
0.421334
0.314537
0.1751
-0.0177908
-0.291294
-0.670505
-1.23442
-1.91905
-2.82329
-3.75296
-4.98721
-5.93065
-5.74282
-5.3098
-4.17955
0.000355212
0.00100764
0.00183115
0.00264517
0.00356494
0.00452922
0.00558198
0.00670607
0.00792203
0.00922905
0.0106406
0.012163
0.0138083
0.0155868
0.0175116
0.0195957
0.0218542
0.0243029
0.0269593
0.0298423
0.0329723
0.0363716
0.040064
0.0440755
0.0484341
0.0531699
0.0583154
0.0639057
0.0699785
0.0765744
0.0837368
0.0915124
0.0999512
0.109107
0.119036
0.129799
0.141461
0.15409
0.167759
0.182541
0.198516
0.215766
0.234371
0.254415
0.275975
0.299124
0.323923
0.350408
0.378585
0.408411
0.439765
0.472424
0.506011
0.539947
0.573381
0.605116
0.633547
0.656604
0.671803
0.676308
0.667302
0.642131
0.599021
0.53609
0.45235
0.341297
0.196257
-0.00541173
-0.295383
-0.704431
-1.32676
-2.09344
-3.17419
-4.14944
-5.60794
-6.61217
-6.33326
-5.78024
-4.61383
0.000370312
0.00106069
0.00192471
0.00278282
0.00374997
0.00476511
0.00587238
0.00705496
0.00833372
0.00970825
0.0111925
0.0127932
0.0145231
0.0163929
0.0184165
0.0206076
0.0229819
0.0255563
0.028349
0.0313799
0.0346706
0.0382443
0.0421263
0.0463437
0.0509259
0.0559048
0.0613145
0.0671918
0.0735764
0.0805109
0.0880411
0.096216
0.105088
0.114714
0.125153
0.136469
0.148731
0.162009
0.176381
0.191924
0.208723
0.226862
0.246429
0.267511
0.290192
0.314551
0.340652
0.368539
0.398225
0.42967
0.462759
0.497267
0.532815
0.568811
0.604379
0.638273
0.668811
0.693804
0.710603
0.716167
0.707455
0.681632
0.636858
0.571359
0.484352
0.369403
0.219377
0.00987953
-0.295712
-0.734833
-1.41687
-2.27474
-3.53763
-4.57608
-6.30599
-7.36885
-6.97402
-6.28081
-5.07617
0.000385294
0.00111384
0.00201798
0.00292008
0.00393425
0.00499996
0.00616135
0.00740202
0.0087431
0.0101846
0.011741
0.0134194
0.0152332
0.0171937
0.0193153
0.0216125
0.0241018
0.0268008
0.0297287
0.0329065
0.0363565
0.0401033
0.0441733
0.048595
0.0533992
0.0586193
0.0642911
0.0704532
0.0771473
0.0844179
0.0923131
0.100884
0.110187
0.120279
0.131225
0.14309
0.155947
0.16987
0.184939
0.201238
0.218855
0.237878
0.258401
0.280515
0.304311
0.329872
0.357271
0.386557
0.417749
0.450814
0.485641
0.52201
0.559539
0.597628
0.635376
0.671496
0.704227
0.731263
0.749784
0.756531
0.748222
0.721832
0.675451
0.607456
0.517344
0.398874
0.244549
0.0283475
-0.29169
-0.760799
-1.50362
-2.46234
-3.91199
-5.05061
-7.09599
-8.2116
-7.66929
-6.83026
-5.57298
0.000400171
0.00116707
0.00211098
0.00305694
0.00411776
0.00523374
0.00644883
0.00774717
0.00915007
0.0106581
0.012286
0.0140415
0.0159384
0.0179888
0.0202076
0.02261
0.0252133
0.028036
0.031098
0.0344213
0.0380294
0.0419479
0.0462044
0.0508287
0.0558532
0.0613126
0.0672444
0.073689
0.08069
0.0882941
0.0965514
0.105516
0.115245
0.125801
0.137249
0.149659
0.163106
0.177669
0.193431
0.210481
0.228909
0.24881
0.270282
0.293422
0.318327
0.345085
0.373775
0.404455
0.43715
0.471835
0.508406
0.546647
0.586178
0.626392
0.66637
0.704783
0.739798
0.768989
0.78936
0.797421
0.789632
0.762755
0.714818
0.644385
0.551318
0.429717
0.271849
0.0502437
-0.282711
-0.781302
-1.58573
-2.65538
-4.29836
-5.589
-7.98673
-9.15326
-8.42421
-7.41627
-6.15596
0.000414954
0.0012204
0.00220371
0.00319337
0.00430048
0.00546641
0.00673477
0.00809031
0.00955452
0.0111284
0.0128272
0.0146591
0.0166386
0.018778
0.0210931
0.0235999
0.0263162
0.0292614
0.0324564
0.035924
0.0396888
0.0437775
0.0482189
0.0530442
0.058287
0.0639836
0.0701733
0.0768982
0.0842036
0.0921383
0.100755
0.110109
0.120262
0.131277
0.143223
0.156174
0.170207
0.185405
0.201855
0.219649
0.238882
0.259656
0.28207
0.306229
0.332235
0.360183
0.390159
0.422228
0.456424
0.492729
0.531048
0.571172
0.612725
0.655097
0.697355
0.738132
0.775526
0.80699
0.829346
0.83886
0.831711
0.804429
0.754973
0.682143
0.586258
0.461918
0.301327
0.0758074
-0.2682
-0.795272
-1.66184
-2.85275
-4.69707
-6.19872
-8.98659
-10.2087
-9.24346
-8.05183
-6.78393
0.000429651
0.00127382
0.00229617
0.00332938
0.00448238
0.00569791
0.00701909
0.00843138
0.00995634
0.0115956
0.0133646
0.0152723
0.0173334
0.0195611
0.0219717
0.0245818
0.0274101
0.0304767
0.0338035
0.0374141
0.0413342
0.0455915
0.0502162
0.0552406
0.0606998
0.0666317
0.073077
0.0800795
0.0876867
0.0959493
0.104922
0.114663
0.125235
0.136706
0.149146
0.162633
0.177247
0.193074
0.210207
0.228739
0.248772
0.270411
0.293761
0.318932
0.346032
0.375164
0.406419
0.439872
0.475564
0.513489
0.553559
0.595577
0.639172
0.683736
0.728324
0.771539
0.81141
0.845271
0.869756
0.88087
0.874487
0.846879
0.79593
0.720722
0.622133
0.495447
0.333013
0.105258
-0.247567
-0.801567
-1.73047
-3.05296
-5.10757
-6.88641
-10.1047
-11.3951
-10.1317
-8.73721
-7.39578
0.000444268
0.00132732
0.00238835
0.00346493
0.00466344
0.00592821
0.00730174
0.00877027
0.0103554
0.0120594
0.013898
0.0158807
0.0180227
0.0203378
0.0228429
0.0255554
0.0284946
0.0316815
0.0351388
0.038891
0.0429649
0.0473894
0.0521956
0.0574173
0.0630909
0.0692558
0.0759543
0.0832321
0.0911383
0.0997258
0.109051
0.119175
0.130164
0.142086
0.155016
0.169034
0.184224
0.200676
0.218484
0.23775
0.258576
0.281072
0.305351
0.331527
0.359714
0.390021
0.422549
0.45738
0.494566
0.534108
0.575934
0.619855
0.665513
0.712302
0.759272
0.804999
0.847449
0.883839
0.910604
0.923474
0.917989
0.890132
0.837701
0.760107
0.658901
0.53025
0.366905
0.138791
-0.220206
-0.799055
-1.79012
-3.25417
-5.52862
-7.6599
-11.3513
-12.7324
-11.0942
-9.45121
-8.06925
0.000458809
0.00138089
0.00248025
0.00360001
0.00484362
0.00615725
0.00758263
0.00910689
0.0107517
0.0125197
0.0144272
0.0164841
0.0187062
0.0211079
0.0237066
0.0265204
0.0295694
0.0328754
0.0364618
0.0403543
0.0445806
0.0491705
0.0541565
0.0595736
0.0654595
0.0718552
0.0788046
0.0863549
0.0945573
0.103467
0.113142
0.123645
0.135046
0.147415
0.160831
0.175375
0.191136
0.208207
0.226686
0.246677
0.26829
0.291637
0.316838
0.344011
0.373277
0.404752
0.438545
0.474748
0.513421
0.55458
0.598164
0.643999
0.691737
0.740785
0.79019
0.838506
0.883642
0.922695
0.951901
0.966694
0.962247
0.934215
0.880297
0.800279
0.696505
0.566248
0.402968
0.176569
-0.185495
-0.786552
-1.83926
-3.45407
-5.95835
-8.52874
-12.738
-14.2449
-12.1372
-10.2209
-8.80242
0.000473275
0.00143453
0.00257186
0.0037346
0.00502288
0.00638497
0.0078617
0.00944115
0.0111449
0.0129764
0.0149521
0.0170824
0.0193838
0.021871
0.0245624
0.0274764
0.0306341
0.0340579
0.0377722
0.0418035
0.0461805
0.0509342
0.0560982
0.0617086
0.0678048
0.074429
0.0816266
0.0894469
0.0979426
0.10717
0.117192
0.128071
0.13988
0.152692
0.166589
0.181655
0.197981
0.215665
0.234808
0.255519
0.277911
0.302102
0.328216
0.356378
0.386715
0.419351
0.454402
0.491969
0.532126
0.574899
0.620243
0.667999
0.717837
0.769176
0.821068
0.872052
0.919983
0.961843
0.99366
1.01055
1.00729
0.979158
0.923729
0.841211
0.734877
0.603336
0.441123
0.218714
-0.142807
-0.762496
-1.87583
-3.64978
-6.39443
-9.50546
-14.2785
-15.9621
-13.2661
-11.0474
-9.52192
0.000487666
0.00148823
0.00266317
0.00386866
0.00520119
0.00661132
0.00813886
0.00977296
0.0115351
0.0134293
0.0154724
0.0176754
0.0200551
0.0226271
0.02541
0.0284232
0.0316884
0.0352287
0.0390695
0.0432381
0.0477642
0.05268
0.05802
0.0638218
0.070126
0.0769763
0.0844197
0.092507
0.101293
0.110836
0.1212
0.132452
0.144664
0.157915
0.172288
0.18787
0.204756
0.223047
0.242848
0.264272
0.287436
0.312464
0.339484
0.368626
0.400026
0.433813
0.470114
0.509038
0.550672
0.595056
0.642161
0.691846
0.743803
0.797465
0.851897
0.905628
0.956466
1.00128
1.03589
1.05507
1.05315
1.02499
0.968006
0.882874
0.77393
0.641378
0.481247
0.265291
-0.0915499
-0.725115
-1.89723
-3.83748
-6.83436
-10.6065
-15.9877
-17.92
-14.4873
-11.8865
-10.2652
0.00050198
0.00154198
0.00275415
0.00400216
0.0053785
0.00683624
0.00841405
0.0101022
0.011922
0.0138783
0.015988
0.0182629
0.02072
0.0233757
0.0262491
0.0293604
0.0327318
0.0363874
0.0403532
0.0446576
0.0493312
0.0544072
0.0599213
0.0659124
0.0724224
0.0794962
0.0871827
0.0955342
0.104607
0.114463
0.125165
0.136785
0.149398
0.163083
0.177926
0.19402
0.21146
0.230352
0.250805
0.272934
0.296863
0.322719
0.350636
0.380751
0.413204
0.448135
0.485676
0.52595
0.569054
0.615045
0.663911
0.715532
0.769623
0.82564
0.882663
0.939222
0.993085
1.04101
1.0786
1.10028
1.09987
1.07175
1.01314
0.925231
0.813563
0.680208
0.523159
0.316297
-0.0311649
-0.672816
-1.90085
-4.01248
-7.2757
-11.8515
-17.8776
-20.1607
-15.8088
-12.8005
-11.0655
0.000516213
0.00159577
0.0028448
0.00413509
0.00555477
0.00705966
0.00868718
0.0104288
0.0123056
0.0143232
0.0164988
0.0188446
0.0213783
0.0241167
0.0270796
0.0302877
0.0337641
0.0375336
0.041623
0.0460616
0.0508809
0.0561152
0.0618015
0.0679797
0.074693
0.081988
0.0899148
0.0985276
0.107885
0.118048
0.129086
0.141071
0.154078
0.168193
0.183502
0.200101
0.21809
0.237577
0.258674
0.281503
0.306188
0.332865
0.361671
0.392749
0.426246
0.46231
0.501083
0.542698
0.587265
0.634858
0.685483
0.739046
0.795286
0.853688
0.913355
0.972822
1.02983
1.08103
1.12181
1.14619
1.14747
1.11947
1.05914
0.968243
0.853663
0.719627
0.566621
0.371649
0.0388624
-0.604143
-1.88419
-4.16978
-7.71597
-13.2591
-19.9548
-22.7307
-17.2379
-13.7343
-11.8451
0.000530362
0.00164959
0.0029351
0.00426739
0.00572995
0.00728151
0.00895816
0.0107526
0.0126858
0.0147639
0.0170045
0.0194204
0.0220297
0.0248497
0.027901
0.0312048
0.0347849
0.0386668
0.0428783
0.0474494
0.0524128
0.0578036
0.0636599
0.070023
0.0769373
0.0844507
0.0926151
0.101486
0.111124
0.121593
0.132962
0.145306
0.158705
0.173244
0.189014
0.206113
0.224645
0.244719
0.266454
0.289974
0.315409
0.342898
0.372583
0.404615
0.439147
0.476335
0.51633
0.559276
0.605298
0.654487
0.70687
0.762378
0.820781
0.881596
0.943957
1.00641
1.06669
1.12134
1.16551
1.19284
1.19601
1.16818
1.10603
1.01187
0.894098
0.759396
0.611323
0.431166
0.118984
-0.517683
-1.8446
-4.30381
-8.15197
-14.8403
-22.2268
-25.6827
-18.7832
-14.723
-12.7113
0.00054442
0.00170344
0.00302501
0.00439904
0.00590399
0.00750172
0.0092269
0.0110735
0.0130623
0.0152002
0.017505
0.0199901
0.0226739
0.0255746
0.028713
0.0321113
0.0357938
0.0397867
0.0441187
0.0488208
0.0539263
0.0594716
0.0654959
0.0720416
0.0791543
0.0868836
0.0952826
0.104409
0.114324
0.125094
0.13679
0.14949
0.163276
0.178234
0.19446
0.212053
0.231121
0.251777
0.274143
0.298346
0.324522
0.352814
0.38337
0.416347
0.451904
0.490204
0.53141
0.575678
0.623147
0.673924
0.728061
0.785517
0.846094
0.90935
0.974453
1.03998
1.10364
1.16192
1.20972
1.24024
1.24551
1.21795
1.15382
1.05606
0.934725
0.799242
0.656877
0.494563
0.209555
-0.412173
-1.77862
-4.40601
-8.57833
-16.5922
-24.7186
-29.0812
-20.4529
-15.7615
-13.4903
0.000558379
0.00175729
0.00311453
0.00453
0.00607684
0.00772023
0.00949332
0.0113914
0.0134351
0.015632
0.0180001
0.0205534
0.0233109
0.026291
0.0295155
0.0330069
0.0367904
0.0408929
0.0453439
0.050175
0.0554209
0.0611187
0.0673088
0.0740347
0.0813434
0.0892857
0.0979164
0.107294
0.117483
0.128551
0.140571
0.153622
0.167789
0.183162
0.199837
0.217919
0.237517
0.258748
0.281737
0.306616
0.333525
0.362611
0.394028
0.427939
0.46451
0.503913
0.54632
0.591899
0.640803
0.693161
0.749047
0.808451
0.871213
0.936933
1.00483
1.07351
1.14068
1.20276
1.25443
1.28842
1.29603
1.26881
1.20254
1.10077
0.975386
0.838854
0.702813
0.56143
0.310791
-0.286693
-1.68263
-4.4661
-8.9863
-18.4968
-27.494
-33.0119
-22.2548
-16.7789
-14.2471
0.000572231
0.00181115
0.00320362
0.00466022
0.00624843
0.00793696
0.00975732
0.0117063
0.0138041
0.0160591
0.0184896
0.0211102
0.0239402
0.0269988
0.0303081
0.0338914
0.0377744
0.041985
0.0465533
0.0515118
0.0568961
0.0627444
0.069098
0.0760017
0.0835038
0.0916564
0.100516
0.110142
0.120601
0.131962
0.144302
0.1577
0.172244
0.188026
0.205146
0.223709
0.24383
0.265629
0.289234
0.314781
0.342414
0.372285
0.404554
0.439388
0.476963
0.517457
0.561053
0.607931
0.65826
0.712189
0.769818
0.831169
0.896122
0.964328
1.03506
1.10697
1.17779
1.24386
1.29965
1.33741
1.34762
1.32083
1.25221
1.14595
1.01591
0.877881
0.74857
0.631225
0.422719
-0.140647
-1.55354
-4.47589
-9.3658
-20.5337
-30.662
-37.5913
-24.2001
-17.841
-15.0746
0.000585967
0.001865
0.00329225
0.00478967
0.00641872
0.00815182
0.0100188
0.0120179
0.014169
0.0164814
0.0189734
0.0216602
0.0245617
0.0276976
0.0310904
0.0347643
0.0387455
0.0430626
0.0477465
0.0528306
0.0583514
0.064348
0.0708629
0.077942
0.0856347
0.0939946
0.103079
0.112951
0.123676
0.135328
0.147982
0.161722
0.176638
0.192824
0.210382
0.229422
0.25006
0.272419
0.296632
0.322838
0.351186
0.381833
0.414943
0.450691
0.489258
0.530831
0.575604
0.623768
0.675511
0.731
0.790363
0.853657
0.920808
0.991519
1.06512
1.14034
1.21494
1.2852
1.34539
1.38723
1.40033
1.37406
1.30287
1.19158
1.05613
0.915932
0.793486
0.703252
0.545112
0.0260771
-1.38885
-4.42792
-9.7075
-22.7054
-34.3501
-42.9676
-26.2989
-18.9307
-15.7818
0.000599575
0.00191882
0.00338041
0.0049183
0.00658763
0.00836474
0.0102777
0.0123261
0.0145298
0.0168986
0.0194512
0.0222033
0.0251752
0.0283871
0.0318623
0.0356253
0.0397033
0.0441252
0.0489231
0.054131
0.0597862
0.065929
0.0726028
0.0798547
0.0877354
0.0962997
0.105607
0.11572
0.126708
0.138645
0.15161
0.165688
0.18097
0.197554
0.215545
0.235055
0.256202
0.279115
0.303928
0.330785
0.359839
0.391252
0.425193
0.461843
0.50139
0.54403
0.589967
0.639405
0.692548
0.749585
0.810672
0.875903
0.945253
1.01848
1.095
1.1736
1.2521
1.32676
1.39163
1.43791
1.45422
1.42859
1.35457
1.2376
1.09586
0.952582
0.8368
0.776642
0.677367
0.212746
-1.18743
-4.31035
-9.9938
-25.013
-38.6293
-49.2637
-28.5551
-19.9284
-16.4129
0.000613044
0.00197262
0.00346805
0.00504606
0.00675511
0.00857564
0.0105338
0.0126309
0.0148863
0.0173107
0.0199229
0.0227392
0.0257804
0.0290672
0.0326234
0.0364742
0.0406474
0.0451726
0.0500826
0.0554124
0.0612
0.0674868
0.0743171
0.0817392
0.0898051
0.0985707
0.108097
0.118448
0.129695
0.141914
0.155185
0.169595
0.185239
0.202216
0.220634
0.240606
0.262257
0.285715
0.31112
0.338619
0.36837
0.400538
0.435299
0.47284
0.513355
0.55705
0.604136
0.654834
0.709363
0.767934
0.830734
0.897895
0.969442
1.04521
1.12467
1.20672
1.28925
1.36851
1.43837
1.48947
1.50935
1.4845
1.40737
1.28399
1.13491
0.987366
0.877638
0.850305
0.818269
0.417038
-0.951473
-4.11581
-10.1968
-27.408
-43.4366
-56.5174
-30.9735
-20.9519
-17.0951
0.000626362
0.00202637
0.00355514
0.00517291
0.00692109
0.00878443
0.0107871
0.0129321
0.0152384
0.0177174
0.0203882
0.0232678
0.0263771
0.0297376
0.0333735
0.0373106
0.0415774
0.0462043
0.0512247
0.0566744
0.0625924
0.0690208
0.0760052
0.0835949
0.091843
0.100807
0.110549
0.121135
0.132637
0.145133
0.158705
0.173443
0.189443
0.206807
0.225645
0.246074
0.26822
0.292216
0.318204
0.346337
0.376775
0.409688
0.445259
0.483678
0.525149
0.569884
0.618107
0.67005
0.725949
0.78604
0.850538
0.919617
0.993357
1.07166
1.1541
1.23967
1.32635
1.41043
1.4856
1.54194
1.56579
1.54187
1.46134
1.33074
1.17312
1.01979
0.915005
0.92282
0.965492
0.633738
-0.688808
-3.85229
-10.3027
-29.7583
-48.571
-64.558
-33.5282
-21.8571
-17.5532
0.000639513
0.00208006
0.00364164
0.00529879
0.00708549
0.00899102
0.0110375
0.0132296
0.0155858
0.0181186
0.0208471
0.0237887
0.026965
0.0303979
0.0341122
0.0381342
0.0424931
0.04722
0.0523488
0.0579165
0.0639626
0.0705305
0.0776665
0.0854211
0.0938485
0.103007
0.112961
0.123778
0.135532
0.1483
0.16217
0.177231
0.193581
0.211326
0.230578
0.251457
0.27409
0.298616
0.32518
0.353936
0.385051
0.4187
0.455068
0.494354
0.536767
0.582529
0.631873
0.685045
0.742299
0.803892
0.870072
0.941056
1.01698
1.09783
1.18327
1.27242
1.36337
1.45248
1.5333
1.59533
1.62361
1.60083
1.51656
1.37784
1.2103
1.04933
0.947748
0.992184
1.11468
0.852704
-0.416457
-3.54946
-10.3804
-31.7808
-53.6903
-72.9846
-36.1837
-22.689
-18.0701
0.000652484
0.00213369
0.00372753
0.00542365
0.00724825
0.00919532
0.0112849
0.0135233
0.0159286
0.0185142
0.0212992
0.0243019
0.0275439
0.031048
0.0348392
0.0389447
0.043394
0.0482191
0.0534547
0.0591382
0.0653104
0.0720153
0.0793003
0.087217
0.0958208
0.105172
0.115334
0.126378
0.138378
0.151416
0.165577
0.180955
0.197651
0.215771
0.23543
0.256752
0.279866
0.304913
0.332043
0.361415
0.393197
0.427569
0.464723
0.504863
0.548205
0.594979
0.645428
0.699813
0.758403
0.821481
0.889326
0.962198
1.0403
1.12368
1.21214
1.30492
1.40027
1.49463
1.58145
1.64967
1.68291
1.66148
1.57314
1.42531
1.24633
1.07541
0.974485
1.05533
1.25794
1.05626
-0.163929
-3.25823
-10.5374
-33.1743
-58.4819
-81.175
-38.8694
-23.4023
-18.3509
0.000665258
0.00218723
0.00381277
0.00554743
0.0074093
0.00939724
0.0115291
0.0138129
0.0162665
0.0189039
0.0217444
0.024807
0.0281136
0.0316875
0.0355543
0.0397417
0.0442799
0.0492014
0.0545417
0.0603391
0.0666351
0.0734746
0.0809061
0.088982
0.0977591
0.107298
0.117666
0.128933
0.141176
0.154478
0.168926
0.184617
0.201652
0.220141
0.240201
0.261957
0.285544
0.311105
0.338793
0.368769
0.401207
0.436293
0.474221
0.515202
0.559458
0.607229
0.658768
0.714347
0.774256
0.838798
0.908286
0.983027
1.06328
1.1492
1.24069
1.33715
1.43699
1.53682
1.63003
1.70497
1.74375
1.72396
1.63119
1.47319
1.28109
1.09741
0.993483
1.10735
1.3818
1.21699
0.0250556
-3.05715
-10.8544
-33.7108
-63.0292
-88.5816
-41.5382
-23.8476
-18.4308
0.000677819
0.00224067
0.0038973
0.00567008
0.00756855
0.00959668
0.01177
0.0140985
0.0165994
0.0192875
0.0221826
0.0253039
0.0286739
0.0323162
0.0362572
0.0405249
0.0451503
0.0501665
0.0556096
0.0615188
0.0679363
0.0749079
0.0824831
0.0907155
0.0996627
0.109387
0.119956
0.131443
0.143924
0.157485
0.172216
0.188213
0.205582
0.224433
0.244887
0.267072
0.291124
0.31719
0.345425
0.375996
0.409081
0.444867
0.483557
0.525366
0.570523
0.619275
0.671886
0.728641
0.789847
0.855832
0.926942
1.00353
1.08592
1.17436
1.26888
1.36905
1.47349
1.57901
1.67899
1.76125
1.80623
1.78841
1.69087
1.52155
1.3145
1.1146
1.00262
1.14049
1.46526
1.29822
0.0961657
-3.04196
-11.4155
-33.3835
-67.6467
-94.6065
-44.1086
-24.1344
-18.544
0.000690149
0.002294
0.00398109
0.00579154
0.00772592
0.00979354
0.0120076
0.0143798
0.016927
0.019665
0.0226135
0.0257923
0.0292244
0.0329339
0.0369475
0.0412941
0.0460049
0.0511139
0.0566579
0.0626766
0.0692133
0.0763146
0.0840309
0.0924167
0.101531
0.111437
0.122204
0.133906
0.146621
0.160437
0.175444
0.191743
0.209439
0.228647
0.249488
0.272093
0.296602
0.323164
0.351938
0.383095
0.416814
0.45329
0.492729
0.535352
0.581394
0.63111
0.684776
0.742688
0.805171
0.872576
0.945281
1.02369
1.10819
1.19913
1.29667
1.40058
1.50972
1.62113
1.72829
1.81851
1.87045
1.85501
1.75234
1.57049
1.3465
1.12615
0.999836
1.14288
1.47971
1.25991
-0.00328307
-3.29691
-12.2819
-32.439
-72.4018
-99.1339
-46.6025
-24.2143
-18.337
0.000702228
0.00234721
0.0040641
0.00591175
0.00788135
0.00998772
0.0122417
0.0146567
0.0172493
0.0200361
0.0230369
0.026272
0.0297649
0.0335402
0.037625
0.0420488
0.0468434
0.0520433
0.0576861
0.0638123
0.0704659
0.0776942
0.0855488
0.0940851
0.103363
0.113448
0.124409
0.136321
0.149266
0.163332
0.178611
0.195206
0.213223
0.23278
0.254001
0.27702
0.301977
0.329027
0.35833
0.390061
0.424404
0.461558
0.501733
0.545155
0.592067
0.642732
0.697433
0.756482
0.820218
0.889017
0.963292
1.04349
1.13007
1.22348
1.32403
1.43169
1.5456
1.66311
1.77787
1.87675
1.93651
1.92394
1.8158
1.6201
1.37693
1.1313
0.983761
1.09645
1.39365
1.07166
-0.30117
-3.84498
-13.4104
-31.1113
-77.3546
-102.47
-48.9367
-23.9569
-17.8593
0.000714037
0.00240026
0.00414628
0.00603064
0.00803473
0.0101791
0.0124721
0.0149291
0.0175662
0.0204007
0.0234526
0.0267429
0.0302953
0.0341349
0.0382895
0.0427888
0.0476653
0.0529543
0.0586939
0.0649253
0.0716933
0.0790462
0.0870362
0.0957199
0.105158
0.115418
0.126569
0.138688
0.151858
0.166169
0.181715
0.198599
0.216932
0.236832
0.258426
0.281849
0.307247
0.334775
0.364597
0.396893
0.431849
0.469667
0.510564
0.554772
0.602538
0.654133
0.709851
0.770015
0.834981
0.905149
0.980961
1.06291
1.15154
1.24738
1.35092
1.46233
1.58107
1.70487
1.82766
1.93596
2.00451
1.9954
1.88144
1.67045
1.40532
1.1307
0.953956
0.978532
1.18398
0.729465
-0.771661
-4.59534
-14.5956
-29.6183
-82.2075
-104.542
-51.0506
-23.5124
-17.3797
0.000725555
0.00245316
0.00422758
0.00614814
0.00818598
0.0103676
0.0126988
0.0151969
0.0178773
0.0207585
0.0238604
0.0272047
0.0308152
0.0347178
0.0389405
0.0435137
0.0484705
0.0538466
0.0596809
0.0660152
0.0728952
0.0803699
0.0884925
0.0973206
0.106916
0.117346
0.128683
0.141005
0.154396
0.168947
0.184754
0.201922
0.220564
0.2408
0.26276
0.28658
0.312409
0.340406
0.370738
0.403587
0.439144
0.477615
0.519221
0.564198
0.612802
0.66531
0.722025
0.783282
0.849453
0.920959
0.998277
1.08195
1.17258
1.27082
1.37729
1.49244
1.61605
1.74631
1.87757
1.99613
2.07456
2.0696
1.94942
1.72125
1.43083
1.1292
0.911963
0.772008
0.849606
0.268891
-1.3171
-5.32986
-15.4605
-27.9918
-86.4614
-105.143
-52.9084
-22.6087
-16.5
0.00073676
0.00250587
0.00430796
0.00626419
0.00833502
0.0105531
0.0129216
0.0154598
0.0181827
0.0211094
0.0242602
0.0276571
0.0313245
0.0352885
0.0395778
0.0442232
0.0492584
0.0547197
0.0606465
0.0670815
0.074071
0.0816648
0.0899171
0.0988864
0.108636
0.119233
0.130752
0.143273
0.156879
0.171665
0.187727
0.205174
0.224119
0.244684
0.267001
0.29121
0.317462
0.345919
0.37675
0.410141
0.446287
0.485397
0.527698
0.57343
0.622856
0.676258
0.733949
0.796275
0.863624
0.936439
1.01523
1.10058
1.19317
1.29375
1.40312
1.52196
1.65046
1.78734
1.92749
2.05722
2.14679
2.14673
2.01971
1.77114
1.45228
1.13008
0.828549
0.434768
0.418539
-0.229566
-1.79042
-5.77602
-15.5962
-26.111
-89.9524
-104.058
-54.4202
-21.4127
-15.4641
0.000747629
0.00255838
0.00438735
0.00637871
0.00848175
0.0107355
0.0131404
0.0157177
0.018482
0.0214532
0.0246516
0.0281
0.0318229
0.0358469
0.0402012
0.0449171
0.0500288
0.0555733
0.0615905
0.0681238
0.0752202
0.0829305
0.0913095
0.100417
0.110316
0.121077
0.132774
0.145489
0.159306
0.174321
0.190634
0.208353
0.227593
0.24848
0.271148
0.295738
0.322404
0.35131
0.38263
0.416552
0.453275
0.493012
0.535993
0.582464
0.632693
0.686971
0.745617
0.808988
0.877488
0.95158
1.0318
1.11879
1.21328
1.31615
1.42835
1.55083
1.6842
1.82782
1.97731
2.11918
2.22128
2.22683
2.09162
1.81684
1.46813
1.13819
0.649234
-0.0438888
-0.0976844
-0.672654
-2.06297
-5.75394
-14.7896
-23.8106
-92.3289
-101.124
-55.5699
-19.9018
-14.3086
0.000758138
0.00261067
0.00446572
0.00649164
0.00862608
0.0109147
0.0133551
0.0159706
0.0187752
0.0217897
0.0250347
0.0285331
0.0323101
0.0363926
0.0408103
0.045595
0.0507814
0.0564069
0.0625123
0.0691416
0.0763424
0.0841663
0.092669
0.101911
0.111957
0.122878
0.134749
0.147652
0.161676
0.176916
0.193473
0.211457
0.230987
0.252189
0.275198
0.300161
0.327232
0.356578
0.388377
0.422818
0.460105
0.500455
0.544102
0.591296
0.642312
0.697444
0.757023
0.821415
0.891037
0.966372
1.04799
1.13656
1.2329
1.33798
1.45293
1.57899
1.71719
1.86763
2.02688
2.18196
2.29801
2.30953
2.16279
1.85308
1.48035
1.14337
0.354392
-0.586363
-0.649821
-0.994212
-2.08016
-5.26043
-13.1303
-21.0325
-92.7892
-96.461
-56.3565
-18.1004
-12.7516
0.000768262
0.00266271
0.00454299
0.00660288
0.0087679
0.0110906
0.0135655
0.0162182
0.0190621
0.0221188
0.025409
0.0289562
0.0327858
0.0369254
0.0414048
0.0462565
0.0515157
0.0572203
0.0634117
0.0701345
0.0774371
0.0853717
0.0939951
0.103368
0.113557
0.124634
0.136675
0.149763
0.163988
0.179447
0.196242
0.214486
0.234298
0.255808
0.279152
0.304478
0.331945
0.361721
0.393987
0.428935
0.466774
0.507723
0.552021
0.599922
0.651705
0.707673
0.768162
0.833548
0.904262
0.980805
1.06377
1.15388
1.25201
1.35923
1.47684
1.60636
1.74932
1.90663
2.07603
2.2454
2.37668
2.39335
2.22892
1.88333
1.51601
1.0809
-0.0109536
-1.08378
-1.1773
-1.15405
-1.8631
-4.40438
-10.8861
-17.8596
-90.3598
-90.3779
-56.7937
-16.1422
-11.2884
0.000777974
0.00271448
0.00461912
0.00671237
0.00890713
0.0112629
0.0137715
0.0164604
0.0193425
0.0224403
0.0257744
0.0293691
0.03325
0.037445
0.0419846
0.0469015
0.0522314
0.058013
0.0642881
0.071102
0.0785037
0.0865463
0.0952872
0.104788
0.115117
0.126345
0.138551
0.15182
0.166241
0.181913
0.198941
0.217438
0.237526
0.259335
0.283006
0.308687
0.33654
0.366735
0.399458
0.434902
0.47328
0.514814
0.559747
0.608338
0.660871
0.717653
0.779029
0.845383
0.917158
0.994871
1.07914
1.17073
1.27058
1.37985
1.50002
1.63288
1.78048
1.94465
2.12456
2.3092
2.45628
2.47486
2.2866
1.91729
1.56352
0.942715
-0.402837
-1.45795
-1.65557
-1.15364
-1.46082
-3.3052
-8.32699
-14.4736
-84.8117
-83.2369
-56.7732
-14.3235
-11.5072
0.000787247
0.00276596
0.00469404
0.00682002
0.00904365
0.0114317
0.013973
0.016697
0.0196162
0.0227539
0.0261308
0.0297716
0.0337023
0.0379512
0.0425491
0.0475294
0.0529282
0.0587847
0.0651412
0.0720437
0.0795418
0.0876894
0.0965446
0.10617
0.116635
0.128011
0.140378
0.153821
0.168434
0.184314
0.201568
0.220312
0.240669
0.26277
0.286758
0.312786
0.341015
0.37162
0.404787
0.440716
0.479618
0.521723
0.567276
0.61654
0.669803
0.727379
0.789617
0.856912
0.929715
1.00856
1.09409
1.1871
1.28859
1.39982
1.52242
1.65848
1.81057
1.98154
2.17217
2.37266
2.53433
2.54933
2.33935
1.97123
1.57792
0.782252
-0.806106
-1.66805
-2.02934
-1.02444
-0.916468
-2.04771
-5.65702
-11.0624
-77.0315
-76.5229
-56.5724
-11.6418
-13.335
0.000796053
0.00281711
0.00476769
0.00692575
0.00917737
0.0115968
0.0141698
0.0169279
0.0198831
0.0230595
0.0264779
0.0301634
0.0341424
0.0384437
0.0430983
0.0481402
0.0536058
0.059535
0.0659706
0.0729591
0.0805509
0.0888005
0.0977669
0.107514
0.11811
0.129629
0.142153
0.155767
0.170565
0.186648
0.204123
0.223107
0.243724
0.26611
0.290408
0.316773
0.345369
0.376372
0.409973
0.446373
0.485787
0.528448
0.574605
0.624524
0.678498
0.736846
0.799922
0.868128
0.941927
1.02186
1.10861
1.20298
1.30603
1.41911
1.54401
1.68308
1.83946
2.01708
2.21838
2.4342
2.60652
2.61273
2.39054
2.03527
1.56233
0.610704
-1.20657
-1.75481
-2.23201
-0.794353
-0.254482
-0.694614
-3.05201
-7.80747
-67.2536
-71.7537
-56.5984
-13.6097
-18.8753
0.00080436
0.00286791
0.00484001
0.00702946
0.00930817
0.0117581
0.0143617
0.0171529
0.020143
0.0233568
0.0268154
0.0305444
0.0345702
0.0389222
0.0436318
0.0487333
0.0542639
0.0602635
0.0667758
0.0738478
0.0815306
0.0898792
0.0989534
0.108818
0.119542
0.131201
0.143877
0.157657
0.172635
0.188914
0.206603
0.22582
0.246692
0.269355
0.293954
0.320646
0.349598
0.38099
0.415013
0.451871
0.491784
0.534986
0.581729
0.632286
0.686951
0.746049
0.809938
0.879027
0.953786
1.03477
1.12268
1.21834
1.32287
1.4377
1.56474
1.70663
1.86705
2.05102
2.2623
2.4909
2.66803
2.66459
2.44303
2.08427
1.54554
0.421581
-1.58184
-1.82382
-2.23904
-0.476987
0.50848
0.686173
-0.689761
-4.99373
-55.544
-66.2897
-54.7466
-15.2279
-16.4107
0.00081214
0.00291832
0.00491093
0.00713106
0.00943595
0.0119154
0.0145487
0.0173719
0.0203958
0.0236458
0.0271433
0.0309142
0.0349854
0.0393864
0.0441493
0.0493086
0.0549019
0.0609699
0.0675565
0.0747094
0.0824803
0.0909249
0.100104
0.110082
0.12093
0.132725
0.145548
0.159488
0.174642
0.191111
0.209008
0.228452
0.24957
0.272502
0.297393
0.324404
0.353702
0.385471
0.419903
0.457207
0.497604
0.541332
0.588647
0.639822
0.695159
0.754983
0.819659
0.889601
0.965286
1.04728
1.13629
1.23318
1.3391
1.45555
1.58457
1.72906
1.8932
2.08297
2.30229
2.53891
2.71506
2.70351
2.48601
2.12093
1.52718
0.219225
-1.89759
-1.98299
-2.07331
-0.080669
1.34405
2.01853
1.28329
-2.88774
-43.4341
-57.0657
-48.895
-15.3559
-11.9697
0.000819358
0.00296832
0.00498039
0.00723046
0.00956058
0.0120686
0.0147306
0.0175846
0.0206411
0.0239262
0.0274613
0.0312727
0.0353877
0.0398362
0.0446505
0.0498657
0.0555198
0.0616538
0.0683123
0.0755435
0.0833995
0.091937
0.101217
0.111305
0.122274
0.134199
0.147165
0.161261
0.176584
0.193239
0.211337
0.231
0.252358
0.275549
0.300724
0.328044
0.357678
0.389813
0.424643
0.462379
0.503246
0.547485
0.595353
0.647129
0.703115
0.763643
0.829081
0.899845
0.976419
1.05938
1.14944
1.24749
1.3547
1.47265
1.60347
1.7503
1.91777
2.11222
2.33563
2.57365
2.74318
2.72294
2.51501
2.15331
1.49876
0.0149461
-2.09488
-2.26346
-1.7848
0.382098
2.20796
3.23786
2.78354
-1.54265
-32.873
-46.0836
-40.559
-14.1881
-7.74005
0.000825982
0.00301786
0.0050483
0.00732757
0.00968197
0.0122175
0.0149072
0.017791
0.020879
0.0241978
0.0277691
0.0316197
0.0357769
0.0402712
0.0451352
0.0504043
0.056117
0.0623148
0.0690427
0.0763495
0.0842879
0.0929151
0.102293
0.112488
0.123572
0.135625
0.148729
0.162975
0.178462
0.195296
0.213589
0.233464
0.255053
0.278496
0.303946
0.331564
0.361524
0.394013
0.429228
0.467384
0.508706
0.553439
0.601844
0.654201
0.710817
0.772025
0.838196
0.909752
0.987178
1.07106
1.16211
1.26125
1.36966
1.48897
1.62141
1.7703
1.94052
2.13745
2.35847
2.59132
2.75208
2.72343
2.53418
2.17613
1.45804
-0.18251
-2.10297
-2.57748
-1.42435
0.897058
3.04576
4.30497
3.79899
-0.773199
-24.4938
-35.8806
-32.2308
-12.398
-4.84613
0.000831976
0.00306691
0.00511459
0.00742227
0.00979997
0.0123622
0.0150784
0.0179909
0.0211091
0.0244605
0.0280667
0.0319549
0.0361528
0.0406912
0.045603
0.0509241
0.0566933
0.0629526
0.0697474
0.0771271
0.0851449
0.0938586
0.103331
0.113629
0.124825
0.137
0.150237
0.164628
0.180274
0.19728
0.215761
0.235842
0.257654
0.281341
0.307056
0.334963
0.365238
0.398069
0.433658
0.472218
0.513981
0.559193
0.608116
0.661035
0.718259
0.780123
0.847001
0.919316
0.997558
1.08231
1.1743
1.27445
1.38396
1.50449
1.63835
1.78898
1.96108
2.15687
2.36997
2.59964
2.73983
2.71427
2.54191
2.18574
1.40418
-0.373838
-1.91372
-2.77427
-1.02192
1.44882
3.80355
5.21561
4.389
-0.356336
-18.332
-27.7144
-25.4869
-11.207
-1.46006
0.000837305
0.00311543
0.00517919
0.00751447
0.00991449
0.0125023
0.0152441
0.0181841
0.0213313
0.0247139
0.0283537
0.0322781
0.0365151
0.0410959
0.0460537
0.0514248
0.0572484
0.0635668
0.070426
0.0778758
0.0859701
0.0947671
0.10433
0.114727
0.126031
0.138323
0.151689
0.166221
0.182019
0.199191
0.217854
0.238132
0.26016
0.284082
0.310053
0.338239
0.368818
0.40198
0.437928
0.47688
0.519069
0.564742
0.614166
0.667628
0.725437
0.787933
0.85549
0.928532
1.00755
1.09313
1.186
1.28708
1.39759
1.5192
1.65428
1.80627
1.97887
2.16937
2.37336
2.60048
2.71453
2.69949
2.53708
2.1816
1.33719
-0.565021
-1.61196
-2.75659
-0.593069
2.01614
4.44161
5.98615
4.62954
-0.101017
-13.8227
-21.386
-20.1933
-9.37201
2.15859
0.000841932
0.00316337
0.00524203
0.00760405
0.0100254
0.0126377
0.015404
0.0183704
0.0215455
0.0249581
0.0286299
0.032589
0.0368636
0.0414851
0.0464871
0.0519061
0.0577818
0.064157
0.0710781
0.0785952
0.0867629
0.0956399
0.10529
0.115782
0.12719
0.139596
0.153084
0.167751
0.183696
0.201028
0.219865
0.240334
0.262569
0.286717
0.312935
0.34139
0.372261
0.405742
0.442037
0.481366
0.523964
0.570083
0.619989
0.673973
0.732347
0.795449
0.863657
0.937394
1.01715
1.10351
1.19719
1.29913
1.41054
1.53309
1.66916
1.82204
1.99337
2.17616
2.37603
2.58706
2.68867
2.67908
2.52159
2.16485
1.26238
-0.752369
-1.32044
-2.53794
-0.152695
2.56748
4.92399
6.58095
4.51133
0.0145383
-10.3182
-16.1279
-15.5383
-7.22256
1.40462
0.000845819
0.00321069
0.005303
0.00769091
0.0101325
0.0127684
0.0155581
0.0185497
0.0217514
0.0251926
0.0288952
0.0328876
0.037198
0.0418584
0.0469027
0.0523677
0.0582934
0.0647229
0.0717032
0.0792849
0.087523
0.0964767
0.10621
0.116794
0.128302
0.140815
0.154422
0.169218
0.185304
0.20279
0.221794
0.242446
0.26488
0.289246
0.3157
0.344413
0.375566
0.409353
0.445981
0.485673
0.528666
0.575212
0.625583
0.680069
0.738983
0.802667
0.871496
0.945895
1.02635
1.11344
1.20788
1.31059
1.42279
1.54614
1.68297
1.83614
2.00429
2.17921
2.38095
2.56361
2.66469
2.65453
2.49864
2.13868
1.19092
-0.914721
-1.12958
-2.19274
0.278813
3.06016
5.18446
6.9453
4.13774
0.0256326
-7.56841
-11.7275
-11.3798
-5.26167
-2.40283
0.000848927
0.00325732
0.00536204
0.00777492
0.0102358
0.0128941
0.0157061
0.0187218
0.0219489
0.0254174
0.0291494
0.0331734
0.0375182
0.0422158
0.0473004
0.0528092
0.0587826
0.0652642
0.0723011
0.0799445
0.0882497
0.0972768
0.107091
0.117761
0.129364
0.141982
0.155702
0.170621
0.186842
0.204475
0.22364
0.244466
0.267092
0.291665
0.318347
0.347307
0.37873
0.41281
0.449759
0.489799
0.53317
0.580127
0.630942
0.685909
0.745341
0.80958
0.879003
0.954029
1.03514
1.12291
1.21805
1.32147
1.43435
1.55834
1.69568
1.84839
2.01184
2.1805
2.38282
2.54157
2.64172
2.62859
2.47156
2.1076
1.13558
-1.01932
-1.06526
-1.78958
0.681954
3.45455
5.19509
7.08377
3.73254
-0.000863869
-5.45725
-8.20788
-8.18054
-3.89948
-2.28141
0.000851217
0.00330323
0.00541905
0.00785596
0.0103351
0.0130147
0.0158479
0.0188865
0.0221378
0.0256323
0.0293922
0.0334463
0.0378238
0.0425567
0.0476798
0.0532304
0.0592493
0.0657803
0.0728712
0.0805734
0.0889428
0.0980398
0.10793
0.118683
0.130377
0.143094
0.156922
0.171959
0.188309
0.206082
0.225401
0.246394
0.269202
0.293975
0.320873
0.35007
0.38175
0.416112
0.453367
0.49374
0.537473
0.584823
0.636064
0.691489
0.751416
0.816185
0.886171
0.961791
1.04352
1.13193
1.2277
1.33174
1.4452
1.56968
1.70723
1.85865
2.01698
2.18282
2.37676
2.52435
2.61991
2.60346
2.44347
2.07631
1.10724
-1.02322
-1.07194
-1.37951
1.04558
3.74519
5.08155
6.93976
3.41686
-0.00703471
-3.89207
-5.59193
-6.20913
-3.86771
-1.60285
0.000852652
0.00334833
0.00547394
0.00793392
0.0104302
0.0131301
0.0159834
0.0190437
0.0223179
0.025837
0.0296234
0.0337062
0.0381145
0.0428811
0.0480406
0.053631
0.059693
0.0662711
0.0734132
0.0811713
0.0896017
0.0987651
0.108728
0.11956
0.131341
0.144151
0.158083
0.173232
0.189704
0.207611
0.227075
0.248228
0.27121
0.296172
0.323277
0.3527
0.384626
0.419255
0.456802
0.497493
0.541571
0.589296
0.640942
0.696806
0.757204
0.822476
0.892995
0.969174
1.05148
1.14047
1.23682
1.3414
1.45534
1.58015
1.71756
1.86688
2.02059
2.18754
2.36592
2.51058
2.60008
2.58051
2.41702
2.04854
1.10982
-0.907847
-1.07751
-0.980488
1.36581
3.94803
4.98038
6.54014
3.18422
0.034806
-2.78263
-3.84247
-5.134
-4.13016
-2.26028
0.000853194
0.00339257
0.00552661
0.00800865
0.010521
0.0132401
0.0161123
0.0191931
0.022489
0.0260314
0.0298428
0.0339526
0.0383903
0.0431886
0.0483827
0.0540106
0.0601135
0.0667361
0.0739268
0.0817378
0.0902258
0.0994523
0.109483
0.120391
0.132253
0.145153
0.159182
0.174438
0.191026
0.20906
0.228663
0.249967
0.273113
0.298255
0.325557
0.355194
0.387354
0.422238
0.460062
0.501055
0.545462
0.593542
0.645575
0.701854
0.762698
0.828446
0.899469
0.976173
1.05902
1.14855
1.24541
1.35045
1.46476
1.58972
1.7266
1.87316
2.02312
2.19244
2.35602
2.49885
2.58279
2.56051
2.39405
2.02641
1.13881
-0.68954
-1.02097
-0.593919
1.6445
4.07668
4.95256
6.0679
3.01745
0.121896
-2.02975
-2.80557
-4.64756
-3.84769
-2.62959
0.000852808
0.00343586
0.00557696
0.00808002
0.0106074
0.0133446
0.0162346
0.0193347
0.0226509
0.0262152
0.0300502
0.0341855
0.0386508
0.0434791
0.0487057
0.0543689
0.0605104
0.067175
0.0744114
0.0822723
0.0908148
0.100101
0.110197
0.121175
0.133115
0.146099
0.16022
0.175576
0.192274
0.210428
0.230162
0.251608
0.274911
0.300223
0.327711
0.35755
0.389931
0.425057
0.463144
0.504423
0.549141
0.597559
0.649956
0.706629
0.767894
0.834091
0.905586
0.98278
1.06612
1.15614
1.25346
1.35889
1.47345
1.59837
1.73433
1.87789
2.02533
2.19407
2.34921
2.48876
2.56818
2.54389
2.37559
2.01085
1.18533
-0.412114
-0.895618
-0.221824
1.88584
4.1419
5.00956
5.64749
2.91337
0.249638
-1.5176
-2.21896
-4.47673
-3.59641
-2.81594
0.000851461
0.00347813
0.0056249
0.0081479
0.0106892
0.0134433
0.01635
0.0194681
0.0228034
0.0263883
0.0302454
0.0344046
0.0388957
0.0437521
0.0490092
0.0547057
0.0608834
0.0675874
0.0748668
0.0827746
0.0913682
0.10071
0.110867
0.121912
0.133924
0.146988
0.161195
0.176646
0.193447
0.211714
0.231571
0.253152
0.276601
0.302074
0.329736
0.359767
0.392357
0.42771
0.466044
0.507593
0.552604
0.60134
0.654082
0.711125
0.772787
0.839405
0.911341
0.988989
1.07279
1.16324
1.26096
1.3667
1.4814
1.60608
1.74079
1.88168
2.0284
2.19217
2.3448
2.48034
2.55626
2.53078
2.36206
2.00185
1.2406
-0.118446
-0.718165
0.132699
2.09353
4.14286
5.10797
5.31376
2.86718
0.408574
-1.15658
-1.88116
-4.3987
-3.71351
-2.9472
0.000849127
0.00351927
0.00567031
0.00821213
0.0107664
0.0135362
0.0164584
0.0195933
0.0229464
0.0265504
0.0304281
0.0346096
0.0391249
0.0440075
0.0492931
0.0550206
0.0612321
0.0679729
0.0752924
0.083244
0.0918855
0.101279
0.111493
0.122601
0.13468
0.147818
0.162107
0.177646
0.194544
0.212916
0.232888
0.254595
0.278183
0.303806
0.331632
0.361842
0.394627
0.430193
0.468761
0.510563
0.555849
0.604883
0.657947
0.715337
0.77737
0.84438
0.916726
0.994794
1.07901
1.16986
1.26791
1.37388
1.4886
1.61285
1.7461
1.88487
2.03261
2.18953
2.34179
2.47366
2.54697
2.52117
2.35345
1.99877
1.29736
0.166267
-0.492682
0.466884
2.27245
4.0892
5.19781
5.04409
2.86536
0.587364
-0.886293
-1.68009
-4.27853
-3.87768
-3.01721
0.000845789
0.00355917
0.00571308
0.00827257
0.0108386
0.013623
0.0165596
0.0197101
0.0230797
0.0267014
0.0305982
0.0348004
0.0393381
0.044245
0.049557
0.0553134
0.0615561
0.0683312
0.075688
0.0836803
0.0923662
0.101808
0.112075
0.12324
0.135383
0.14859
0.162954
0.178576
0.195564
0.214034
0.234114
0.255938
0.279653
0.305416
0.333396
0.363772
0.39674
0.432505
0.471289
0.513327
0.55887
0.608183
0.661547
0.719261
0.781638
0.849012
0.921736
1.00019
1.08478
1.17597
1.2743
1.38042
1.49504
1.61869
1.7504
1.88753
2.03656
2.18822
2.33983
2.46871
2.54025
2.51496
2.34957
2.00101
1.35151
0.422896
-0.248996
0.77921
2.42705
3.99697
5.24213
4.82212
2.89219
0.774616
-0.66671
-1.54886
-4.10039
-4.01126
-3.04901
0.000841441
0.00359771
0.0057531
0.00832906
0.0109058
0.0137036
0.0166534
0.0198182
0.023203
0.0268411
0.0307554
0.0349767
0.039535
0.0444643
0.0498007
0.0555836
0.0618553
0.0686618
0.076053
0.0840829
0.0928097
0.102297
0.112613
0.123831
0.136032
0.149303
0.163737
0.179434
0.196505
0.215066
0.235245
0.257178
0.281012
0.306904
0.335025
0.365556
0.398692
0.434642
0.473627
0.515883
0.561664
0.611234
0.664877
0.722889
0.785584
0.853292
0.926362
1.00516
1.09009
1.18158
1.28012
1.38631
1.50072
1.62367
1.75399
1.88995
2.03899
2.18843
2.33888
2.46548
2.53603
2.51202
2.35011
2.00797
1.40099
0.642485
-0.0082032
1.06853
2.56119
3.88387
5.22446
4.63767
2.93637
0.960462
-0.475358
-1.45387
-3.87361
-4.0844
-3.03399
0.000836089
0.00363475
0.00579025
0.00838144
0.0109678
0.0137779
0.0167397
0.0199176
0.0233162
0.0269692
0.0308996
0.0351382
0.0397153
0.0446651
0.0500238
0.0558309
0.0621291
0.0689645
0.0763872
0.0844513
0.0932157
0.102744
0.113104
0.124372
0.136626
0.149955
0.164453
0.18022
0.197367
0.216011
0.236281
0.258313
0.282256
0.308267
0.336518
0.367191
0.400482
0.4366
0.47577
0.518227
0.564226
0.614033
0.66793
0.726216
0.789202
0.857215
0.930598
1.00971
1.09493
1.18667
1.28538
1.39155
1.50567
1.62789
1.75714
1.89255
2.04025
2.18967
2.33891
2.46392
2.53421
2.51217
2.3547
2.01895
1.44438
0.826143
0.23286
1.33475
2.67704
3.76771
5.14776
4.48724
2.99091
1.13812
-0.301835
-1.3787
-3.62122
-4.07043
-2.98459
0.000829756
0.00367016
0.00582442
0.00842956
0.0110245
0.0138456
0.0168183
0.0200079
0.023419
0.0270855
0.0310304
0.0352847
0.0398789
0.0448473
0.0502261
0.0560552
0.0623772
0.0692387
0.0766899
0.0847852
0.0935835
0.103149
0.11355
0.124861
0.137164
0.150546
0.165102
0.180932
0.198148
0.216868
0.23722
0.259343
0.283384
0.309503
0.337872
0.368674
0.402105
0.438378
0.477714
0.520355
0.566551
0.616573
0.670702
0.729235
0.792484
0.860771
0.934434
1.01382
1.0993
1.19124
1.29006
1.39615
1.50991
1.63146
1.76
1.89553
2.04143
2.19157
2.33989
2.46399
2.53466
2.51518
2.36295
2.03351
1.48172
0.974595
0.458836
1.58089
2.77407
3.66226
5.02376
4.37221
3.05231
1.30419
-0.142058
-1.313
-3.40029
-3.99831
-2.91008
0.000822478
0.00370377
0.00585549
0.00847324
0.0110757
0.0139066
0.016889
0.0200891
0.0235114
0.0271898
0.0311477
0.0354161
0.0400255
0.0450104
0.0504072
0.0562559
0.0625994
0.0694842
0.0769609
0.085084
0.0939126
0.103511
0.113948
0.1253
0.137646
0.151075
0.165682
0.181569
0.198847
0.217635
0.238061
0.260265
0.284394
0.31061
0.339084
0.370002
0.40356
0.43997
0.479457
0.522261
0.568635
0.618849
0.673185
0.73194
0.795422
0.863952
0.937862
1.01749
1.10318
1.19529
1.29416
1.40012
1.51349
1.63445
1.76254
1.89852
2.04311
2.19393
2.34173
2.46553
2.5372
2.52077
2.3744
2.05124
1.51324
1.0901
0.664146
1.80966
2.84959
3.57908
4.86601
4.29342
3.11875
1.45776
0.00458802
-1.24277
-3.2327
-3.89399
-2.82273
0.000814291
0.00373539
0.00588332
0.00851231
0.0111213
0.0139608
0.0169516
0.020161
0.023593
0.027282
0.0312513
0.035532
0.0401548
0.0451542
0.0505669
0.0564329
0.0627952
0.0697006
0.0771996
0.0853472
0.0942027
0.10383
0.114299
0.125686
0.13807
0.151541
0.166194
0.182131
0.199463
0.218311
0.238802
0.261077
0.285284
0.311586
0.340153
0.371173
0.404842
0.441374
0.480993
0.523941
0.570473
0.620856
0.675374
0.734322
0.798008
0.866749
0.940871
1.0207
1.10657
1.1988
1.29768
1.40348
1.51648
1.63697
1.76479
1.90115
2.04536
2.19672
2.34439
2.46847
2.54164
2.52865
2.38857
2.07163
1.53891
1.17794
0.854823
2.02384
2.90064
3.52723
4.69377
4.25209
3.18946
1.59945
0.136532
-1.16135
-3.09258
-3.77131
-2.70774
0.000805294
0.00376478
0.00590778
0.0085466
0.0111611
0.0140079
0.017006
0.0202233
0.0236638
0.0273619
0.031341
0.0356323
0.0402666
0.0452786
0.0507049
0.0565858
0.0629643
0.0698874
0.0774058
0.0855746
0.0944531
0.104106
0.114603
0.126019
0.138437
0.151944
0.166636
0.182616
0.199995
0.218894
0.239442
0.261778
0.286053
0.312428
0.341076
0.372183
0.405949
0.442585
0.482319
0.525392
0.572058
0.622586
0.67726
0.736374
0.800234
0.869153
0.943452
1.02345
1.10946
1.20177
1.30063
1.40626
1.51895
1.63911
1.76676
1.9033
2.04787
2.19972
2.34766
2.47252
2.54765
2.53837
2.40485
2.09413
1.55891
1.24164
1.0293
2.22568
2.9281
3.51405
4.53498
4.24585
3.26383
1.72995
0.250993
-1.07239
-2.96312
-3.63933
-2.58619
0.000795573
0.0037915
0.00592864
0.00857582
0.0111947
0.0140477
0.017052
0.0202759
0.0237234
0.0274291
0.0314164
0.0357166
0.0403606
0.0453831
0.0508209
0.0567142
0.0631063
0.0700443
0.0775789
0.0857654
0.0946633
0.104337
0.114857
0.126299
0.138744
0.152281
0.167006
0.183022
0.200441
0.219383
0.239979
0.262366
0.286698
0.313134
0.34185
0.373031
0.406877
0.443601
0.483431
0.526607
0.573385
0.624035
0.678839
0.73809
0.802092
0.871156
0.945597
1.02573
1.11184
1.2042
1.30303
1.40851
1.52096
1.64092
1.76858
1.90524
2.05054
2.203
2.35154
2.47758
2.55498
2.54952
2.42263
2.11838
1.57414
1.28404
1.19437
2.41585
2.94118
3.5403
4.42611
4.26996
3.34153
1.84989
0.347177
-0.983688
-2.84253
-3.50891
-2.45329
0.000785556
0.0038151
0.00594582
0.00859984
0.0112223
0.0140802
0.0170894
0.0203186
0.0237718
0.0274836
0.0314776
0.0357849
0.0404367
0.0454677
0.0509147
0.0568181
0.0632212
0.0701711
0.0777189
0.0859196
0.0948331
0.104524
0.115063
0.126525
0.138992
0.152554
0.167305
0.183351
0.200801
0.219778
0.240411
0.262841
0.287217
0.313703
0.342473
0.373713
0.407624
0.444418
0.484324
0.527583
0.574451
0.625197
0.680103
0.739461
0.803574
0.872749
0.947294
1.02751
1.11369
1.20607
1.30486
1.41024
1.52255
1.64243
1.77018
1.90696
2.05302
2.20616
2.35558
2.48313
2.56303
2.56138
2.44095
2.1431
1.58533
1.30657
1.35401
2.59034
2.95337
3.5891
4.38846
4.31549
3.42011
1.95675
0.425932
-0.905484
-2.73388
-3.38728
-2.32442
0.00077568
0.00383455
0.00595887
0.00861812
0.0112432
0.0141048
0.0171177
0.0203509
0.0238084
0.0275248
0.0315238
0.0358365
0.0404942
0.0455315
0.0509855
0.0568964
0.0633078
0.0702668
0.0778243
0.0860358
0.0949611
0.104665
0.115218
0.126695
0.139179
0.152759
0.167531
0.183598
0.201072
0.220075
0.240737
0.263197
0.287608
0.314131
0.342942
0.374226
0.408185
0.445032
0.484995
0.528316
0.575251
0.626068
0.68105
0.740488
0.804682
0.873936
0.948556
1.02884
1.11506
1.20745
1.30621
1.41151
1.52374
1.64359
1.77155
1.90861
2.05544
2.20939
2.35989
2.48911
2.5715
2.57333
2.45887
2.16783
1.60069
1.3177
1.49977
2.74495
2.97478
3.63751
4.41188
4.37307
3.49761
2.04867
0.488895
-0.844451
-2.63978
-3.28044
-2.21284
0.000767364
0.00384905
0.00596793
0.00863072
0.0112576
0.0141217
0.0171371
0.020373
0.0238334
0.0275529
0.0315552
0.0358716
0.0405333
0.0455749
0.0510336
0.0569497
0.0633666
0.0703317
0.0778959
0.0861146
0.0950478
0.10476
0.115322
0.12681
0.139306
0.152898
0.167683
0.183765
0.201255
0.220276
0.240957
0.263438
0.287871
0.31442
0.343257
0.374571
0.408562
0.445444
0.485445
0.528807
0.575785
0.626649
0.68168
0.741168
0.805412
0.874712
0.94937
1.02967
1.11589
1.20826
1.30698
1.41226
1.52451
1.64444
1.77256
1.90985
2.05723
2.21192
2.36349
2.49432
2.57906
2.58395
2.47463
2.18853
1.62577
1.32915
1.64367
2.88272
3.00229
3.67026
4.45634
4.42833
3.56274
2.11327
0.530778
-0.806411
-2.56721
-3.19039
-2.12885
0.000762007
0.00385681
0.00597231
0.00863682
0.0112646
0.0141299
0.0171465
0.0203838
0.0238456
0.0275667
0.0315706
0.0358888
0.0405524
0.0455961
0.0510571
0.0569757
0.0633954
0.0703634
0.0779309
0.0861532
0.0950903
0.104807
0.115374
0.126866
0.139367
0.152966
0.167757
0.183846
0.201345
0.220374
0.241064
0.263556
0.288
0.314561
0.343411
0.37474
0.408747
0.445646
0.485665
0.529047
0.576047
0.626935
0.68199
0.741503
0.805773
0.875099
0.949779
1.0301
1.11633
1.2087
1.30739
1.41264
1.52486
1.64481
1.77313
1.9108
2.05869
2.21408
2.36665
2.49885
2.58525
2.59204
2.48549
2.20156
1.65228
1.35339
1.75382
2.97489
3.02819
3.69506
4.49489
4.47125
3.60986
2.15681
0.552485
-0.791638
-2.5226
-3.13572
-1.95043
)
;

boundaryField
{
    inletFace
    {
        type            zeroGradient;
    }
    inlet
    {
        type            zeroGradient;
    }
    inletWalls
    {
        type            zeroGradient;
    }
    outletInlet
    {
        type            cyclicAMI;
        value           nonuniform List<scalar> 
15
(
3.55165
6.29154
8.44848
11.9167
15.3436
20.1029
24.9597
28.5062
33.9311
35.0137
36.6149
33.528
26.8339
20.7141
15.7475
)
;
    }
    fineSymmetryWall
    {
        type            symmetryPlane;
    }
    fineWalls
    {
        type            zeroGradient;
    }
    fineCyclicBoundary
    {
        type            fixedValue;
        value           uniform 0;
    }
    fineplug
    {
        type            cyclicAMI;
        value           nonuniform List<scalar> 
80
(
3.05687
2.81281
3.47607
4.11735
3.54982
5.22273
5.67946
6.06951
6.38616
6.79434
7.69121
8.02325
8.74914
7.73827
8.31619
9.53891
10.6595
11.1765
11.8319
12.7044
12.8796
12.8408
13.913
14.9446
15.9051
16.9343
18.2996
19.4414
20.1981
21.3545
21.273
19.1431
22.7132
23.7945
24.8121
25.7355
26.7712
28.2892
29.6754
29.112
25.0942
29.7187
31.3618
32.8514
33.4869
33.9808
34.3642
35.6713
35.5917
31.2844
36.0184
35.9244
36.8615
38.0024
37.8438
37.5161
37.052
34.4275
35.0892
36.64
34.7077
33.4119
31.4334
30.6723
30.2948
28.3774
26.8189
23.8256
26.1215
25.2788
23.0214
21.8095
20.1872
18.2325
15.1673
14.6776
15.1524
18.338
15.993
13.549
)
;
    }
    faceFine
    {
        type            zeroGradient;
    }
}


// ************************************************************************* //
