/*--------------------------------*- C++ -*----------------------------------*\
| =========                 |                                                 |
| \\      /  F ield         | OpenFOAM: The Open Source CFD Toolbox           |
|  \\    /   O peration     | Version:  4.1                                   |
|   \\  /    A nd           | Web:      www.OpenFOAM.org                      |
|    \\/     M anipulation  |                                                 |
\*---------------------------------------------------------------------------*/
FoamFile
{
    version     2.0;
    format      ascii;
    class       volScalarField;
    location    "19";
    object      p;
}
// * * * * * * * * * * * * * * * * * * * * * * * * * * * * * * * * * * * * * //

dimensions      [0 2 -2 0 0 0 0];

internalField   nonuniform List<scalar> 
6785
(
602.844
524.968
478.374
425.49
379.221
334.68
293.187
253.884
216.66
181.314
147.162
113.816
84.6962
54.66
13.6816
-1.86902
-19.1068
-8.99959
-15.79
-14.9432
-17.2229
-17.7788
-18.3029
-17.9451
-16.707
-14.2794
-11.0946
-6.56303
-0.173832
3.057
26.0165
21.9297
31.0295
26.5394
30.4816
29.5084
30.551
30.4309
30.5691
30.5258
30.7504
31.1716
31.4742
31.6313
31.6922
34.8294
30.5325
32.4994
26.4689
26.7943
22.6787
21.1467
18.3144
16.2872
14.1706
12.6716
11.7498
10.5687
8.61267
7.31714
-4.99301
-9.0532
-7.87571
-12.056
-11.0795
-14.2418
-14.6365
-16.6868
-17.9016
-19.4312
-20.5288
-21.202
-21.7329
-22.3646
-21.0782
-7.41518
-8.86978
-6.33771
-8.47651
-5.96783
-7.35263
-6.03729
-6.30186
-5.77851
-5.54527
-4.97974
-4.17714
-2.56256
-1.00398
1.86619
17.0483
17.6042
20.3272
19.6961
22.6254
22.7038
24.8272
25.89
27.5457
29.0468
30.7176
32.298
34.1048
35.4205
37.4386
35.3769
36.4216
38.4787
38.1859
40.4483
40.6072
42.1601
42.9427
44.0503
45.0241
46.0626
47.0139
48.1122
48.882
49.9969
50.2824
51.3754
52.9007
52.6919
54.3811
54.4069
55.5402
56.0318
56.8272
57.5707
58.3607
59.1098
59.9821
60.5794
61.5842
62.9333
64.2146
65.335
65.6113
67.1084
67.4666
68.5605
68.801
69.0286
68.6885
68.1394
67.8493
68.0031
68.4738
68.8255
74.8516
74.2472
74.6134
73.6147
73.6728
72.4378
71.7448
70.2442
68.8373
67.1985
65.7754
64.6718
63.8548
63.8178
62.5544
60.6703
57.1369
55.5491
52.7831
51.5806
49.4506
48.273
46.6242
45.1935
43.3049
41.2492
39.2135
38.1217
37.6377
34.661
35.5024
30.5021
27.3283
23.8432
21.0962
17.7826
15.0691
12.1485
9.37891
6.82595
4.98312
4.10279
3.88041
3.21617
2.10534
3.56621
3.04068
2.82386
1.63258
0.229439
-1.47232
-2.78053
-4.11415
-5.11042
-5.71523
-5.78407
-5.63567
-5.34414
-5.381
-5.04348
43.2517
42.9022
42.66
38.6067
31.7898
25.488
20.3027
15.2713
11.0822
8.34764
5.92282
4.09592
2.97653
2.1162
1.90243
37.9351
38.3053
38.5886
38.5749
38.7004
39.1901
39.8749
39.7088
39.6195
39.5906
40.067
39.5558
39.5332
39.6939
39.0246
38.8165
38.9427
39.0085
37.8862
38.2813
38.2331
37.2085
36.9791
37.4766
37.4019
36.3141
36.1155
36.6239
36.8699
35.5183
36.1946
36.4961
35.473
35.3066
35.8548
36.2768
35.1631
35.6954
36.1495
35.387
35.2408
35.7122
35.9911
35.3638
35.2436
35.6616
35.6515
34.9425
35.4703
35.4415
34.9885
34.9162
35.3098
35.6038
35.3343
35.2645
35.4835
36.2256
36.0732
36.0367
36.9641
36.919
36.7993
36.7146
37.1712
37.2134
38.0808
37.5853
36.1989
37.2614
38.8059
32.3501
28.6996
31.7714
36.7088
11.9974
21.1495
29.6892
-16.526
-5.6498
-0.730039
-3.33473
0.553268
-4.15406
-6.4123
-0.41362
-0.691399
0.146392
0.256025
1.18677
3.59638
7.065
7.98108
1.81289
3.81808
7.48715
11.2502
11.9041
13.8565
15.0979
16.7536
21.9277
19.2263
22.5075
23.6546
26.2177
29.9072
32.3528
33.7782
35.7816
34.613
42.8861
41.4596
43.7361
44.751
45.7223
47.7414
50.8715
52.6137
48.6935
55.2289
57.024
59.4177
60.1645
59.472
58.599
57.6037
59.3163
54.027
62.3075
63.3765
58.8286
58.2832
57.0469
53.6758
51.0775
48.6308
39.9252
47.2491
51.8769
44.9004
41.6111
36.7791
30.8215
25.5013
22.5988
18.6078
12.9195
13.0484
12.8809
7.86348
7.43122
6.18898
4.46547
-1.42961
-3.29392
-0.605467
-8.30609
1.03902
-0.381921
0.251734
6.066
-0.309768
3.15365
1.67268
4.26272
7.45894
2.37271
5.55145
7.50921
4.2277
5.79893
4.9124
6.15448
7.92975
5.21356
6.39928
5.62438
6.58194
7.82897
5.40562
6.72418
7.48712
5.85603
6.48862
5.99458
6.4757
7.19902
5.82895
6.30709
5.87493
6.23805
6.72331
5.49818
6.0401
6.29159
5.44196
5.66484
5.36991
5.51332
5.74383
5.02946
5.17981
4.91722
5.00764
5.12011
4.48823
4.66291
4.66356
4.20298
4.23636
4.04241
4.03834
4.03233
3.64988
3.65391
3.48848
3.4699
3.42737
3.09922
3.12658
3.03204
2.75016
2.70593
2.49333
2.47371
2.45957
2.13092
2.03061
1.99674
1.81939
1.77056
1.55504
1.43207
1.4144
1.02025
0.829764
0.682985
0.379363
0.218206
0.00192788
0.00313039
0.00462443
0.00570102
0.00675352
0.00771704
0.00861918
0.00952279
0.0104084
0.0113315
0.0122783
0.0132718
0.014294
0.015345
0.0164282
0.0175997
0.0189707
0.0206949
0.0228814
0.0255087
0.0284896
0.0317639
0.0351902
0.0386271
0.0418853
0.0447013
0.0467951
0.047935
0.0481409
0.0479026
0.048252
0.0504473
0.0552559
0.0622347
0.0694791
0.0741608
0.0737767
0.0672577
0.0552655
0.0395273
0.0217798
0.00302529
-0.0165188
-0.0364875
-0.0558773
-0.0788375
-0.12713
-0.185529
0.0102289
-0.88318
-0.742366
-0.800636
-0.941613
-1.0652
-1.19662
-1.28918
-1.33445
-1.31196
-1.16383
-0.936273
-0.651425
-0.355755
-0.108565
0.101546
0.263344
0.380898
0.458497
0.493096
0.504362
0.474581
0.433103
0.365864
0.269295
0.251637
0.0340806
0.150351
0.0548051
0.0923321
0.197486
0.0051429
0.00803629
0.0119945
0.0148415
0.017477
0.0199164
0.0221145
0.0243271
0.0264603
0.0286963
0.0309851
0.0333991
0.0358832
0.0384371
0.0410669
0.0439287
0.0473368
0.0517233
0.0573857
0.0642343
0.0719992
0.0805066
0.0893611
0.0981961
0.106543
0.113751
0.11907
0.121579
0.120316
0.114483
0.103807
0.0889131
0.0714403
0.0537933
0.0383325
0.0264375
0.0182857
0.0129547
0.00879779
0.00386281
-0.0037296
-0.0155217
-0.03268
-0.0562633
-0.0891208
-0.137201
-0.196134
-0.209066
0.131593
-1.32852
-1.13946
-1.24546
-1.46884
-1.66228
-1.86871
-2.00803
-2.05576
-1.97445
-1.73666
-1.39641
-0.972334
-0.532002
-0.127859
0.233595
0.524775
0.74667
0.897179
0.971481
0.991627
0.938898
0.846623
0.719759
0.530736
0.466329
0.106065
0.327381
0.142054
0.250103
0.896963
0.0080704
0.0132292
0.0200987
0.0250508
0.0296748
0.0339451
0.0378206
0.0417126
0.0454754
0.0494097
0.0534353
0.0576725
0.0620295
0.0665034
0.0711035
0.0760918
0.0820014
0.0895696
0.0993048
0.111058
0.124382
0.138985
0.1542
0.169407
0.183803
0.196294
0.205657
0.210525
0.209739
0.202773
0.190228
0.173976
0.156662
0.140748
0.127294
0.115347
0.102901
0.0879654
0.0691793
0.045664
0.0165684
-0.0192303
-0.0631469
-0.116497
-0.182447
-0.271514
-0.383046
-0.441565
-0.044798
-1.49408
-1.29898
-1.40594
-1.67272
-1.90417
-2.15097
-2.31569
-2.36803
-2.2633
-1.98667
-1.59553
-1.10632
-0.598223
-0.121639
0.310785
0.663206
0.935204
1.12141
1.21591
1.24287
1.1805
1.06791
0.909974
0.683112
0.574231
0.201916
0.430268
0.261024
0.438844
1.19985
0.0107172
0.0179785
0.027528
0.0344826
0.0409209
0.0468863
0.0522778
0.0576944
0.0629224
0.0683882
0.0739787
0.0798631
0.0859113
0.0921146
0.0984796
0.105369
0.113533
0.124015
0.137532
0.153861
0.172368
0.19265
0.213775
0.234893
0.254892
0.272248
0.285234
0.291891
0.290524
0.280309
0.26194
0.237745
0.211001
0.184839
0.161019
0.139375
0.118736
0.0974778
0.0737594
0.0454771
0.0102515
-0.0344502
-0.091201
-0.162415
-0.25321
-0.376476
-0.51706
-0.595899
-0.398719
-1.80742
-1.62172
-1.68614
-2.01475
-2.3031
-2.60777
-2.8123
-2.87793
-2.74913
-2.41337
-1.93846
-1.34257
-0.72272
-0.13796
0.394818
0.830611
1.16834
1.40054
1.51998
1.55631
1.48157
1.34643
1.14967
0.879528
0.727161
0.313039
0.542396
0.389914
0.622769
1.44173
0.0131042
0.0226617
0.0349167
0.0439704
0.0522924
0.0600323
0.0670112
0.0740257
0.0807903
0.0878605
0.0950909
0.1027
0.110517
0.118524
0.126717
0.135559
0.146022
0.159481
0.176873
0.197887
0.221708
0.247819
0.275022
0.302243
0.328036
0.350403
0.367028
0.375297
0.373056
0.359524
0.336098
0.306246
0.274266
0.243751
0.216226
0.190793
0.16547
0.137925
0.105827
0.0667639
0.0180585
-0.043268
-0.120436
-0.216583
-0.338011
-0.499962
-0.681165
-0.827624
-0.948456
-2.05221
-1.98431
-1.98063
-2.37366
-2.72529
-3.0927
-3.34101
-3.42076
-3.2632
-2.86428
-2.30051
-1.59195
-0.854787
-0.153611
0.487545
1.01378
1.42306
1.70525
1.85195
1.89806
1.80974
1.64927
1.41038
1.09387
0.898016
0.439705
0.655004
0.536399
0.818314
1.57752
0.0152563
0.0271555
0.0419954
0.053155
0.0633093
0.072804
0.0813319
0.0899121
0.0981757
0.106814
0.115647
0.124945
0.134493
0.144256
0.154215
0.164924
0.177585
0.193925
0.215116
0.240737
0.269785
0.301633
0.334815
0.36804
0.399507
0.426681
0.446561
0.455802
0.451825
0.434029
0.40463
0.368143
0.329546
0.29258
0.258676
0.226892
0.195344
0.161614
0.122941
0.0761418
0.0175699
-0.0567823
-0.151159
-0.269775
-0.420397
-0.618936
-0.837804
-1.07115
-1.57066
-2.13902
-2.35208
-2.2565
-2.70424
-3.11888
-3.54725
-3.83818
-3.93156
-3.74438
-3.28513
-2.63628
-1.82043
-0.972716
-0.160963
0.582674
1.19433
1.67114
2.00034
2.17272
2.22819
2.12688
1.94286
1.66283
1.30478
1.0649
0.58268
0.814373
0.706903
1.01788
1.72548
0.0171922
0.0315619
0.048906
0.0622207
0.0741997
0.085472
0.0955543
0.105713
0.115483
0.1257
0.136149
0.147149
0.158442
0.169968
0.18168
0.194218
0.209025
0.228211
0.2532
0.283439
0.31773
0.355343
0.394532
0.433784
0.470875
0.502633
0.525252
0.534665
0.528076
0.505439
0.470145
0.42786
0.384074
0.342459
0.304178
0.268002
0.231754
0.192549
0.147043
0.0914028
0.0212773
-0.0681136
-0.181879
-0.325232
-0.507112
-0.743151
-1.00395
-1.33479
-2.13912
-2.07216
-2.75696
-2.54489
-3.0367
-3.51797
-4.0089
-4.34494
-4.45329
-4.23541
-3.71458
-2.97762
-2.0513
-1.09052
-0.166187
0.680736
1.37803
1.92217
2.29805
2.49601
2.56124
2.44728
2.24108
1.91954
1.52316
1.23921
0.742358
1.01952
0.89846
1.22348
1.85704
0.0189275
0.0358707
0.0556009
0.0711013
0.0848684
0.0979197
0.109537
0.121263
0.132525
0.144308
0.156361
0.169056
0.182086
0.195357
0.20878
0.223074
0.239935
0.261895
0.290651
0.325483
0.364996
0.408354
0.453516
0.498713
0.541192
0.577009
0.601491
0.609984
0.599833
0.571938
0.531003
0.483557
0.435103
0.388949
0.346042
0.305098
0.263915
0.219317
0.167424
0.103655
0.0227856
-0.0809118
-0.213542
-0.381441
-0.594603
-0.867351
-1.17052
-1.58453
-2.53776
-1.9591
-3.20586
-2.85249
-3.37307
-3.92619
-4.48154
-4.86637
-4.9913
-4.74067
-4.15635
-3.32743
-2.28656
-1.20944
-0.169197
0.783179
1.56753
2.1798
2.60275
2.82663
2.90212
2.77572
2.54811
2.18437
1.7516
1.42381
0.916937
1.24515
1.10559
1.43433
2.08571
0.0204768
0.0401199
0.0621191
0.0798453
0.0953678
0.110207
0.123346
0.136637
0.149382
0.162727
0.176381
0.190774
0.205545
0.220554
0.235654
0.251632
0.270454
0.295119
0.327628
0.367049
0.411789
0.460896
0.511989
0.562971
0.610402
0.649443
0.674612
0.680992
0.666564
0.633552
0.587885
0.536478
0.484429
0.4346
0.387839
0.342881
0.297442
0.247934
0.189856
0.117855
0.0258672
-0.0927297
-0.24499
-0.438316
-0.683481
-0.992951
-1.33959
-1.81633
-2.78368
-1.96278
-3.68484
-3.18216
-3.70777
-4.33985
-4.96018
-5.39693
-5.53974
-5.25379
-4.60435
-3.68016
-2.5217
-1.32631
-0.168119
0.890589
1.76226
2.44252
2.91215
3.16189
3.24792
3.10939
2.86134
2.45504
1.98794
1.61624
1.10547
1.47319
1.32529
1.65113
2.35721
0.0218514
0.0443205
0.0684586
0.0884472
0.105682
0.122313
0.136953
0.151799
0.166011
0.180907
0.196157
0.212247
0.228758
0.245493
0.262227
0.279803
0.30047
0.327761
0.364004
0.408007
0.457973
0.512802
0.569697
0.626094
0.677688
0.71872
0.743141
0.746294
0.727365
0.690023
0.640946
0.586811
0.531967
0.478871
0.42846
0.379633
0.33011
0.275904
0.211885
0.13189
0.0289605
-0.104468
-0.276417
-0.495314
-0.772457
-1.11821
-1.50816
-2.02906
-2.95867
-2.23057
-4.14341
-3.53925
-4.03986
-4.76187
-5.44795
-5.93955
-6.10166
-5.77731
-5.06061
-4.03722
-2.75745
-1.4413
-0.162753
1.00332
1.96256
2.71058
3.22639
3.50188
3.59876
3.44847
3.181
2.73186
2.23219
1.81634
1.30673
1.68162
1.55523
1.86952
2.50869
0.0230612
0.048493
0.0746353
0.0969254
0.115827
0.134252
0.150371
0.166762
0.182427
0.198864
0.215703
0.233492
0.251747
0.270199
0.288523
0.307602
0.329986
0.359815
0.399782
0.448366
0.503555
0.564032
0.626442
0.68757
0.74212
0.783562
0.805747
0.804992
0.782112
0.74189
0.691006
0.635374
0.578486
0.522582
0.468895
0.416593
0.363393
0.304849
0.23514
0.147249
0.0333122
-0.11516
-0.307099
-0.551812
-0.860816
-1.24243
-1.67506
-2.22763
-3.12309
-2.80924
-4.50512
-3.92307
-4.36704
-5.19444
-5.94857
-6.49755
-6.68041
-6.31416
-5.52754
-4.40054
-2.99483
-1.55468
-0.152909
1.1219
2.16917
2.98474
3.54624
3.8474
3.95546
3.79385
3.50794
3.0156
2.48462
2.02477
1.51824
1.887
1.79666
2.08999
2.69728
0.0241138
0.0526507
0.080656
0.105286
0.125804
0.146023
0.163595
0.181519
0.198617
0.216582
0.235003
0.254491
0.274496
0.294659
0.314525
0.334998
0.358951
0.391221
0.434907
0.488066
0.548444
0.614373
0.681729
0.746472
0.802338
0.842391
0.861128
0.856575
0.831131
0.789896
0.738799
0.682702
0.624304
0.565861
0.509109
0.453576
0.396987
0.33439
0.259235
0.16361
0.0387247
-0.124828
-0.336815
-0.607224
-0.947497
-1.36413
-1.83795
-2.41625
-3.30468
-3.58643
-4.63513
-4.32302
-4.68662
-5.63771
-6.46595
-7.07387
-7.27783
-6.86574
-6.0061
-4.77071
-3.23423
-1.6662
-0.138001
1.24694
2.38255
3.26542
3.87191
4.1986
4.31812
4.14568
3.8423
3.30642
2.74493
2.24149
1.73757
2.11664
2.0471
2.31459
2.91588
0.0250155
0.0568084
0.0865304
0.113542
0.135618
0.157632
0.176627
0.196069
0.214579
0.234059
0.254053
0.275244
0.297008
0.318877
0.340236
0.361981
0.387336
0.421941
0.469346
0.52706
0.592516
0.663473
0.734801
0.801574
0.85677
0.893715
0.908525
0.901293
0.875309
0.835027
0.785117
0.729362
0.66983
0.609057
0.549459
0.490995
0.431377
0.365074
0.284745
0.181532
0.0457115
-0.132996
-0.365056
-0.660875
-1.03153
-1.48203
-1.99528
-2.59912
-3.49675
-4.30056
-4.47094
-4.73964
-4.99981
-6.08938
-7.00263
-7.67248
-7.89688
-7.43396
-6.49763
-5.14828
-3.47604
-1.77583
-0.117505
1.37934
2.6034
3.55292
4.20352
4.55551
4.68677
4.50405
4.18417
3.60441
3.01273
2.46563
1.96154
2.35785
2.3009
2.54232
3.13779
0.0257703
0.0609786
0.092266
0.121699
0.145275
0.169081
0.189467
0.210409
0.230308
0.251284
0.272843
0.295741
0.319276
0.342851
0.36565
0.388533
0.4151
0.451925
0.503046
0.565245
0.635505
0.710704
0.784554
0.851338
0.903745
0.936429
0.947943
0.940021
0.915762
0.878207
0.830588
0.775744
0.715298
0.652311
0.590035
0.52892
0.466628
0.39697
0.311742
0.20109
0.05436
-0.139525
-0.391543
-0.712231
-1.11208
-1.59499
-2.14588
-2.77758
-3.67644
-4.72734
-4.24026
-5.19421
-5.31632
-6.54907
-7.56248
-8.29745
-8.54016
-8.02117
-7.00386
-5.53403
-3.72041
-1.88336
-0.0908827
1.52001
2.8329
3.84795
4.54124
4.91827
5.06147
4.8691
4.53368
3.90967
3.28761
2.69607
2.18841
2.59969
2.55608
2.77343
3.33416
0.026381
0.0651737
0.0978701
0.129767
0.154778
0.180372
0.202114
0.224536
0.245798
0.268252
0.291365
0.315975
0.341298
0.366585
0.390772
0.414643
0.442206
0.48112
0.535937
0.602436
0.676934
0.755131
0.82959
0.894059
0.941871
0.970258
0.980224
0.974038
0.953623
0.920233
0.875708
0.822146
0.760887
0.695747
0.630957
0.567504
0.502943
0.430314
0.340469
0.222498
0.0648434
-0.144248
-0.416038
-0.760906
-1.18862
-1.70245
-2.28952
-2.95238
-3.84448
-4.94258
-4.27228
-5.64054
-5.65207
-7.01752
-8.15453
-8.95887
-9.2121
-8.62911
-7.52652
-5.92886
-3.96745
-1.98848
-0.0575
1.66969
3.0719
4.1516
4.88551
5.28681
5.4422
5.24088
4.89089
4.22221
3.56906
2.93171
2.41764
2.84241
2.81272
3.00736
3.54146
0.0268483
0.0694057
0.103349
0.137755
0.164131
0.191508
0.214567
0.238448
0.261043
0.284954
0.309609
0.335937
0.363072
0.390081
0.415605
0.440298
0.468611
0.509458
0.56789
0.63828
0.716035
0.79553
0.868276
0.928112
0.970507
0.995905
1.00676
1.00468
0.989855
0.961698
0.920811
0.868746
0.806672
0.739392
0.672239
0.606784
0.540389
0.465191
0.370983
0.245751
0.0770911
-0.147248
-0.438562
-0.806852
-1.26115
-1.80456
-2.42682
-3.12466
-4.01559
-5.12065
-4.78161
-5.91479
-6.01052
-7.49105
-8.78246
-9.66912
-9.92338
-9.26138
-8.06732
-6.33375
-4.21742
-2.09089
-0.016702
1.82916
3.32105
4.46462
5.23704
5.66131
5.82892
5.61939
5.25581
4.54199
3.8565
3.17155
2.64882
3.08434
3.07037
3.24203
3.75999
0.0271717
0.0736866
0.108709
0.145669
0.173339
0.20249
0.226826
0.25214
0.276036
0.301379
0.327564
0.355619
0.384594
0.413347
0.440156
0.465489
0.494264
0.536835
0.598659
0.67217
0.751777
0.830449
0.898888
0.952465
0.99012
1.01484
1.02909
1.03309
1.02519
1.00302
0.966111
0.915638
0.852665
0.783214
0.713852
0.64677
0.579016
0.501649
0.403271
0.27072
0.0908646
-0.148817
-0.459409
-0.850417
-1.33024
-1.90222
-2.55904
-3.29512
-4.19878
-5.3218
-5.53035
-5.80975
-6.39281
-7.96784
-9.44257
-10.4351
-10.6848
-9.92515
-8.62865
-6.74975
-4.4706
-2.19033
0.0321831
1.99925
3.58105
4.78743
5.59635
6.04209
6.22136
6.00453
5.62841
4.86895
4.14933
3.41478
2.88159
3.32433
3.32861
3.47824
3.97266
0.0273484
0.0780284
0.113954
0.153518
0.182403
0.21332
0.23889
0.265609
0.290771
0.317518
0.345218
0.375011
0.405862
0.43639
0.464438
0.490204
0.519094
0.563074
0.627796
0.703246
0.782941
0.858224
0.920015
0.967208
1.00217
1.0288
1.04859
1.06016
1.06014
1.04445
1.01173
0.962849
0.898815
0.827122
0.755703
0.687407
0.618793
0.539616
0.437131
0.297025
0.105633
-0.149565
-0.479243
-0.892377
-1.39692
-1.99685
-2.68786
-3.46436
-4.39406
-5.5287
-6.06928
-5.50343
-6.8484
-8.46437
-10.1304
-11.2604
-11.5037
-10.6284
-9.2143
-7.17793
-4.72732
-2.28652
0.0898645
2.18084
3.85266
5.12051
5.96365
6.42931
6.61944
6.39617
6.00863
5.20297
4.4469
3.66077
3.11554
3.56155
3.58683
3.71525
4.2046
0.0273742
0.0824437
0.119089
0.161308
0.191328
0.223999
0.250756
0.27885
0.30524
0.333361
0.362558
0.394101
0.426873
0.459221
0.488465
0.514428
0.542987
0.587839
0.6546
0.730506
0.808097
0.877179
0.931237
0.973663
1.00858
1.03939
1.06629
1.08651
1.09503
1.08618
1.05772
1.01037
0.945028
0.870981
0.797661
0.728605
0.659629
0.578897
0.472155
0.324015
0.120559
-0.15043
-0.499048
-0.93381
-1.46253
-2.09011
-2.81517
-3.6333
-4.59797
-5.73511
-6.36013
-5.45833
-7.34734
-9.01305
-10.842
-12.1471
-12.386
-11.3781
-9.82939
-7.61969
-4.98793
-2.37916
0.157082
2.37486
4.13666
5.46434
6.33899
6.82324
7.02346
6.79413
6.39642
5.54391
4.74851
3.90891
3.35014
3.79536
3.84413
3.95059
4.44104
0.0272425
0.0869457
0.124118
0.169046
0.200116
0.234528
0.262423
0.291859
0.319435
0.348894
0.379569
0.412876
0.447626
0.481854
0.512254
0.53812
0.565722
0.610564
0.678242
0.75286
0.825536
0.886289
0.933543
0.973882
1.01117
1.04781
1.08293
1.11253
1.13009
1.12831
1.10414
1.05816
0.991187
0.914624
0.83957
0.770239
0.70135
0.619123
0.507664
0.350706
0.134467
-0.152634
-0.520004
-0.975883
-1.52834
-2.18355
-2.94278
-3.80346
-4.80953
-5.96007
-6.65491
-6.03164
-7.68983
-9.63095
-11.5741
-13.0952
-13.3358
-12.1801
-10.4802
-8.07728
-5.25285
-2.46799
0.234601
2.58228
4.43384
5.81936
6.72238
7.22391
7.43327
7.19809
6.79169
5.89161
5.05344
4.15861
3.58485
4.02528
4.09972
4.18598
4.65262
0.0269449
0.0915487
0.129043
0.176739
0.208768
0.244908
0.273889
0.30463
0.333347
0.364106
0.396236
0.431323
0.468117
0.504304
0.53581
0.561182
0.586885
0.630506
0.697954
0.768872
0.833676
0.885954
0.929004
0.969931
1.01136
1.05491
1.09895
1.13848
1.1655
1.17096
1.15102
1.10621
1.03716
0.957876
0.881268
0.812171
0.743694
0.659713
0.542665
0.375772
0.145911
-0.157513
-0.54324
-1.01959
-1.59537
-2.27831
-3.07214
-3.97639
-5.02854
-6.21191
-7.02221
-6.94371
-7.65182
-10.3382
-12.3298
-14.1059
-14.3553
-13.039
-11.1727
-8.55405
-5.52269
-2.55276
0.323218
2.80413
4.74502
6.18604
7.11374
7.63111
7.84868
7.60785
7.19431
6.24589
5.36091
4.40934
3.819
4.25092
4.35261
4.4187
4.90482
0.0264704
0.0962682
0.133866
0.184393
0.217287
0.255137
0.285152
0.317157
0.346968
0.378982
0.412541
0.449425
0.488342
0.526581
0.559108
0.583367
0.605816
0.647023
0.71286
0.776686
0.832065
0.878048
0.919932
0.963435
1.01009
1.0612
1.11465
1.16457
1.20143
1.21427
1.19845
1.15449
1.08282
1.00057
0.922617
0.854253
0.786278
0.699821
0.575805
0.397584
0.153365
-0.166239
-0.569573
-1.06554
-1.66416
-2.37494
-3.20405
-4.15331
-5.25524
-6.48785
-7.42421
-7.64089
-7.43075
-11.2176
-13.1334
-15.1829
-15.4463
-13.9581
-11.9121
-9.0538
-5.79843
-2.6332
0.423755
3.0415
5.07107
6.56479
7.51294
8.04456
8.26984
8.0235
7.60423
6.60655
5.67013
4.6607
4.05194
4.47197
4.60168
4.65074
5.12005
0.0258052
0.101121
0.13859
0.192015
0.225673
0.265217
0.296208
0.329437
0.360288
0.393507
0.428464
0.467161
0.50829
0.548676
0.582026
0.60416
0.621837
0.659712
0.721403
0.774863
0.822024
0.865088
0.908208
0.955478
1.00796
1.067
1.13024
1.191
1.23809
1.25841
1.24655
1.20304
1.12806
1.04256
0.963526
0.896332
0.828555
0.738253
0.605365
0.414402
0.155542
-0.179524
-0.599306
-1.11382
-1.73467
-2.47336
-3.33863
-4.33491
-5.49078
-6.78428
-7.84058
-8.12072
-7.48252
-12.2528
-14.0272
-16.331
-16.6111
-14.9388
-12.7024
-9.58028
-6.0817
-2.70909
0.537063
3.29555
5.41289
6.95602
7.91977
8.46387
8.69653
8.44496
8.02143
6.97337
5.98022
4.91243
4.28296
4.68822
4.84611
4.88153
5.35113
0.0249325
0.106127
0.143215
0.199611
0.233928
0.275146
0.307055
0.341461
0.373298
0.407665
0.443982
0.484507
0.527937
0.570525
0.604209
0.622801
0.634755
0.667829
0.721524
0.763691
0.806148
0.849269
0.895078
0.946707
1.00528
1.07251
1.14592
1.218
1.27575
1.30365
1.2955
1.25191
1.17282
1.08377
1.00397
0.93823
0.86972
0.77338
0.629398
0.424738
0.151751
-0.197417
-0.63212
-1.16392
-1.80623
-2.57281
-3.47527
-4.52123
-5.73669
-7.10224
-8.28367
-8.67109
-8.18396
-13.3283
-15.0476
-17.5553
-17.854
-15.9817
-13.5472
-10.1368
-6.37467
-2.78022
0.664024
3.56749
5.77142
7.36013
8.33391
8.88855
9.12819
8.87185
8.44573
7.34611
6.29023
5.16445
4.51126
4.89952
5.08475
5.1071
5.58665
0.023832
0.111307
0.147741
0.207186
0.242053
0.284922
0.31769
0.353224
0.385986
0.421439
0.45907
0.501425
0.547222
0.59191
0.624904
0.638682
0.644582
0.669421
0.712063
0.745237
0.787002
0.832048
0.881277
0.937481
1.00228
1.07792
1.16192
1.24588
1.31477
1.35032
1.34557
1.30122
1.21704
1.12419
1.04402
0.979691
0.908521
0.80313
0.646103
0.427799
0.142128
-0.219236
-0.66705
-1.21468
-1.87756
-2.67194
-3.61278
-4.71167
-5.99386
-7.44326
-8.76131
-9.3791
-9.55251
-14.3437
-16.1963
-18.8621
-19.1812
-17.0877
-14.4484
-10.726
-6.67928
-2.84655
0.805551
3.8586
6.14765
7.77748
8.75497
9.31802
9.56422
9.30376
8.87702
7.72446
6.59915
5.417
4.73599
5.10588
5.31662
5.33072
5.78778
0.022479
0.116685
0.152167
0.214747
0.250047
0.294544
0.328109
0.36472
0.398342
0.434808
0.473691
0.517856
0.565999
0.612275
0.643114
0.651798
0.650109
0.661859
0.69441
0.722519
0.766451
0.814249
0.867188
0.928015
0.999139
1.08346
1.17853
1.27502
1.35562
1.39888
1.39711
1.35115
1.26075
1.16388
1.08386
1.02019
0.943028
0.825288
0.654398
0.423797
0.12767
-0.243605
-0.702513
-1.26436
-1.9468
-2.76894
-3.74962
-4.90522
-6.26218
-7.80793
-9.27726
-10.2358
-11.3597
-15.1519
-17.4592
-20.2598
-20.5999
-18.2593
-15.4068
-11.3501
-6.99717
-2.90853
0.962586
4.17027
6.54261
8.20839
9.18242
9.7516
10.0039
9.74052
9.31581
8.10806
6.90581
5.67099
4.95612
5.30745
5.54066
5.55111
6.01563
0.0208443
0.122288
0.156493
0.2223
0.257911
0.30401
0.338308
0.37594
0.410353
0.447748
0.487799
0.533695
0.583901
0.630596
0.658232
0.662451
0.649859
0.643636
0.670608
0.697734
0.745365
0.79629
0.853042
0.918484
0.99607
1.08939
1.19613
1.30593
1.39888
1.44987
1.45058
1.4019
1.30393
1.20304
1.12373
1.05847
0.970644
0.838192
0.654392
0.413977
0.110123
-0.268553
-0.736383
-1.31073
-2.01172
-2.86175
-3.8841
-5.10072
-6.54081
-8.19547
-9.83152
-11.1837
-13.2344
-15.6698
-18.8289
-21.756
-22.1157
-19.5003
-16.423
-12.0103
-7.32965
-2.96689
1.1361
4.50394
6.95741
8.65318
9.61564
10.1885
10.4465
10.1819
9.7628
8.4966
7.20889
5.92844
5.17059
5.50473
5.75559
5.76326
6.24581
0.0188926
0.128148
0.160716
0.229849
0.265643
0.313315
0.348284
0.386878
0.422005
0.460225
0.50132
0.548722
0.60015
0.645802
0.670171
0.667712
0.636172
0.614244
0.643718
0.672019
0.724282
0.7783
0.838982
0.909098
0.993343
1.09607
1.21518
1.33922
1.44528
1.504
1.50653
1.45363
1.34651
1.24213
1.16363
1.09206
0.988762
0.841517
0.647482
0.400424
0.0918084
-0.291637
-0.766143
-1.35129
-2.06999
-2.94838
-4.01472
-5.29701
-6.8284
-8.60364
-10.4202
-12.1604
-14.8112
-16.009
-20.3395
-23.366
-23.7318
-20.8146
-17.4979
-12.7073
-7.67764
-3.02248
1.32711
4.86115
7.39321
9.1121
10.0539
10.6277
10.8911
10.6274
10.2182
8.88965
7.50676
6.18636
5.37848
5.69661
5.96038
5.97093
6.42372
0.0165822
0.1343
0.164834
0.2374
0.273243
0.322456
0.35803
0.397523
0.433276
0.47219
0.514128
0.562458
0.613559
0.657484
0.678711
0.665033
0.608439
0.582257
0.614022
0.645659
0.703333
0.760485
0.825231
0.900119
0.991291
1.10392
1.23626
1.37564
1.4957
1.56208
1.56554
1.50629
1.38833
1.28198
1.2023
1.11731
0.995992
0.836612
0.636064
0.385785
0.0754355
-0.310132
-0.789127
-1.38357
-2.1195
-3.0272
-4.14025
-5.49294
-7.12306
-9.02901
-11.0373
-13.1312
-15.9971
-16.4483
-22.0975
-25.1211
-25.4475
-22.2044
-18.6327
-13.4411
-8.04204
-3.07607
1.53677
5.24358
7.85122
9.58538
10.4962
11.0683
11.3366
11.0765
10.6823
9.28665
7.79759
6.43493
5.57925
5.87969
6.15397
6.16791
6.64379
0.0138632
0.140786
0.168844
0.244956
0.280709
0.331427
0.367541
0.407859
0.444135
0.483568
0.525968
0.574019
0.623168
0.666245
0.684964
0.649046
0.575738
0.55091
0.583032
0.619791
0.68264
0.743046
0.812062
0.891883
0.990312
1.11345
1.26004
1.41611
1.55123
1.6251
1.62811
1.55924
1.42955
1.32333
1.23614
1.13085
0.99313
0.826169
0.623112
0.373005
0.0638808
-0.321292
-0.802841
-1.40549
-2.15869
-3.0971
-4.25975
-5.68725
-7.42235
-9.4671
-11.6761
-14.0921
-17.0148
-17.2253
-24.0571
-27.0607
-27.263
-23.6692
-19.8277
-14.2114
-8.42376
-3.1275
1.76652
5.65309
8.33275
10.0732
10.9416
11.5089
11.7819
11.5286
11.1551
9.68684
8.07956
6.66687
5.77286
6.04914
6.33445
6.35722
6.80957
0.0106761
0.147652
0.172743
0.252521
0.288038
0.34022
0.376806
0.417866
0.454532
0.49422
0.536317
0.582362
0.62915
0.672315
0.68473
0.622411
0.544282
0.517724
0.550356
0.594012
0.662317
0.726318
0.799802
0.884762
0.990858
1.12523
1.28733
1.4617
1.61312
1.69408
1.69419
1.61114
1.47117
1.36494
1.25953
1.1317
0.983051
0.813552
0.611807
0.365077
0.0599161
-0.322669
-0.805304
-1.41562
-2.18665
-3.15745
-4.37245
-5.87847
-7.72334
-9.91281
-12.3292
-15.0439
-18.0052
-18.5617
-26.0365
-29.2349
-29.185
-25.2066
-21.0813
-15.0164
-8.82305
-3.17486
2.01805
6.0918
8.8392
10.5756
11.3888
11.9483
12.2258
11.9829
11.637
10.0892
8.35087
6.87843
5.95911
6.2044
6.50069
6.53599
6.98068
0.00694972
0.154955
0.176526
0.260097
0.295227
0.348824
0.385807
0.427503
0.464385
0.503871
0.544377
0.587327
0.634061
0.678593
0.669376
0.596408
0.511978
0.483935
0.516953
0.568944
0.642671
0.710597
0.788794
0.87917
0.993435
1.13994
1.31906
1.51371
1.68284
1.76988
1.76248
1.66049
1.51477
1.40154
1.26771
1.12226
0.969701
0.802232
0.605241
0.364762
0.0658918
-0.312445
-0.795315
-1.41334
-2.20308
-3.20794
-4.47757
-6.06487
-8.02267
-10.3606
-12.9878
-15.9809
-19.0299
-20.4659
-27.9551
-31.6974
-31.2291
-26.8163
-22.3906
-15.8526
-9.23876
-3.21586
2.29323
6.56225
9.37211
11.0927
11.8363
12.3848
12.6668
12.4388
12.1282
10.4926
8.60956
7.06735
6.1374
6.34801
6.6528
6.69612
7.14928
0.00259902
0.162757
0.180191
0.267684
0.302269
0.35722
0.394513
0.43671
0.47354
0.512027
0.549574
0.590311
0.64051
0.678548
0.648261
0.571777
0.477906
0.450202
0.482272
0.544768
0.623936
0.69625
0.77941
0.87555
0.9986
1.15833
1.3563
1.57364
1.76198
1.85255
1.82977
1.70723
1.5596
1.4244
1.26024
1.10734
0.95705
0.795428
0.60614
0.37428
0.0834311
-0.289665
-0.772533
-1.39871
-2.20814
-3.24837
-4.5742
-6.24443
-8.31667
-10.8045
-13.6427
-16.898
-20.1406
-22.8851
-29.6854
-34.473
-33.4186
-28.5033
-23.7533
-16.7153
-9.66822
-3.24924
2.5944
7.06753
9.93323
11.6244
12.2827
12.8168
13.1035
12.8954
12.6289
10.8953
8.85332
7.23208
6.3077
6.47587
6.78965
6.84293
7.25632
-0.0024787
0.171133
0.183732
0.275278
0.309152
0.365378
0.402875
0.445383
0.481713
0.518102
0.552497
0.594163
0.649066
0.666779
0.630918
0.545648
0.443301
0.417227
0.44703
0.522042
0.606404
0.683635
0.772029
0.874373
1.00695
1.18123
1.40026
1.64314
1.85199
1.94019
1.89151
1.75347
1.59868
1.42646
1.24189
1.09207
0.948537
0.795842
0.616579
0.395043
0.113225
-0.25429
-0.737366
-1.37227
-2.2021
-3.27846
-4.66118
-6.41484
-8.60141
-11.2387
-14.2847
-17.7922
-21.3516
-25.5628
-31.0431
-37.5447
-35.7768
-30.2778
-25.1707
-17.5995
-10.1072
-3.27404
2.92469
7.61151
10.5247
12.1705
12.7259
13.2424
13.5341
13.3519
13.1396
11.2954
9.07913
7.37103
6.47083
6.5853
6.90993
6.97379
7.39033
-0.00840805
0.180167
0.187144
0.282867
0.315856
0.37325
0.410808
0.453341
0.488482
0.522036
0.555274
0.602097
0.651769
0.654093
0.615195
0.518339
0.408754
0.385543
0.41194
0.501148
0.590396
0.673123
0.767034
0.876113
1.01911
1.2095
1.45224
1.72403
1.9535
2.02744
1.94478
1.79996
1.61934
1.40794
1.22006
1.0806
0.946864
0.805399
0.637733
0.427471
0.155018
-0.207034
-0.690671
-1.33466
-2.18513
-3.29765
-4.73711
-6.57359
-8.87284
-11.6573
-14.9065
-18.664
-22.632
-28.0518
-32.0106
-40.9415
-38.3232
-32.1508
-26.6485
-18.5016
-10.5505
-3.28874
3.28809
8.19904
11.149
12.7308
13.164
13.6595
13.9571
13.807
13.6601
11.6901
9.28297
7.48271
6.62784
6.68066
7.01588
7.08057
7.53159
-0.0153415
0.18996
0.190422
0.290433
0.322344
0.380757
0.418181
0.460293
0.493515
0.524841
0.560219
0.613364
0.646641
0.646111
0.598889
0.490935
0.374469
0.355719
0.377783
0.482516
0.576242
0.665066
0.764795
0.881229
1.03566
1.24402
1.51359
1.81802
2.06488
2.10559
1.9915
1.83934
1.61105
1.37705
1.20117
1.07572
0.953808
0.825029
0.669752
0.471033
0.207826
-0.149017
-0.633383
-1.28638
-2.15708
-3.30509
-4.80036
-6.71804
-9.12699
-12.0555
-15.5033
-19.5159
-23.9379
-30.0304
-32.9677
-44.8702
-41.0797
-34.1276
-28.1943
-19.4214
-10.9926
-3.29089
3.68934
8.83628
11.8097
13.305
13.5946
14.0658
14.3703
14.2598
14.1905
12.0756
9.45934
7.56528
6.78048
6.76853
7.11114
7.16935
7.59972
-0.0234672
0.200623
0.193553
0.297938
0.328556
0.387783
0.424783
0.465909
0.497089
0.528488
0.569461
0.620499
0.642979
0.639808
0.582718
0.463779
0.34086
0.328136
0.345825
0.466517
0.564307
0.659795
0.765642
0.890123
1.05715
1.2856
1.58561
1.9262
2.18002
2.16668
2.0358
1.85513
1.57448
1.34482
1.18896
1.07902
0.970033
0.854596
0.711841
0.524515
0.27033
-0.0813536
-0.566181
-1.22754
-2.11746
-3.29972
-4.84929
-6.84565
-9.36035
-12.4296
-16.0735
-20.3525
-25.2532
-31.652
-34.3728
-49.4294
-44.0806
-36.2053
-29.8121
-20.3602
-11.4289
-3.27718
4.13394
9.53083
12.511
13.8925
14.015
14.4588
14.7719
14.7089
14.73
12.4465
9.60058
7.6154
6.93019
6.85429
7.1998
7.2338
7.72257
-0.0330181
0.212278
0.196517
0.305323
0.334397
0.394152
0.430338
0.470067
0.500269
0.534556
0.581991
0.622351
0.643654
0.633749
0.5675
0.437036
0.308515
0.302469
0.317468
0.45341
0.554978
0.657597
0.769854
0.903109
1.084
1.33495
1.6695
2.04776
2.28704
2.20999
2.07351
1.83134
1.52212
1.319
1.18483
1.09083
0.995094
0.893067
0.762607
0.586468
0.341313
-0.00481855
-0.489298
-1.15782
-2.06549
-3.28043
-4.88238
-6.95409
-9.57035
-12.7782
-16.6177
-21.1796
-26.5796
-33.1678
-36.7117
-54.3663
-47.3494
-38.3677
-31.4989
-21.3187
-11.8557
-3.24352
4.62816
10.2917
13.2587
14.4932
14.4225
14.8359
15.1595
15.1527
15.277
12.7954
9.69585
7.62764
7.07656
6.94055
7.28624
7.28173
7.79921
-0.0442817
0.225055
0.199278
0.312495
0.339726
0.399628
0.434613
0.473199
0.504539
0.544117
0.592172
0.625924
0.645899
0.628589
0.553391
0.411138
0.278215
0.277557
0.294221
0.443446
0.548667
0.658712
0.777632
0.920379
1.11647
1.39261
1.766
2.17764
2.37211
2.24378
2.08637
1.7662
1.47071
1.30198
1.18863
1.11037
1.02774
0.938931
0.820541
0.65565
0.419987
0.0803281
-0.40249
-1.07657
-2.00029
-3.24627
-4.89834
-7.04159
-9.75588
-13.1014
-17.1384
-22.0013
-27.9127
-34.6891
-40.134
-59.5223
-50.9105
-40.5946
-33.2423
-22.2942
-12.2693
-3.18525
5.17888
11.1294
14.06
15.1068
14.8138
15.1943
15.5311
15.5896
15.8281
13.1116
9.7294
7.59473
7.21937
7.02516
7.37333
7.31557
7.90216
-0.0576074
0.239074
0.201776
0.319312
0.344346
0.403955
0.437642
0.476216
0.5108
0.556288
0.598947
0.632946
0.648683
0.624844
0.540438
0.386725
0.250979
0.250929
0.27752
0.436763
0.545814
0.663324
0.789092
0.941979
1.15464
1.45888
1.87462
2.30385
2.42814
2.27549
2.05559
1.67362
1.42966
1.29258
1.19935
1.13615
1.06645
0.990718
0.884468
0.731338
0.506135
0.174342
-0.305129
-0.982959
-1.9211
-3.19666
-4.89624
-7.10732
-9.91762
-13.401
-17.6385
-22.8184
-29.2427
-36.2958
-44.6794
-64.7204
-54.7475
-42.8607
-35.0225
-23.2809
-12.6647
-3.09649
5.7937
12.0551
14.9241
15.7332
15.1856
15.5307
15.8845
16.017
16.3767
13.3807
9.67611
7.50691
7.35841
7.10582
7.46287
7.32609
8.06422
-0.0734043
0.254425
0.203918
0.325581
0.348026
0.406993
0.439887
0.480107
0.519446
0.567262
0.606914
0.641238
0.652449
0.622563
0.528825
0.364634
0.228462
0.219013
0.268492
0.433486
0.54683
0.671562
0.804252
0.967796
1.19839
1.53383
1.99199
2.40873
2.46057
2.28599
1.95829
1.57713
1.40361
1.28891
1.21545
1.16666
1.10992
1.0474
0.953794
0.813412
0.600074
0.277882
-0.196367
-0.876209
-1.82758
-3.13146
-4.87566
-7.15194
-10.0577
-13.6794
-18.1203
-23.6282
-30.5569
-38.0582
-50.3288
-69.6167
-58.7974
-45.1411
-36.8139
-24.2701
-13.0355
-2.96945
6.48104
13.0814
15.8626
16.3729
15.5343
15.842
16.2175
16.4318
16.9092
13.5749
9.49143
7.34966
7.4932
7.18071
7.5558
7.30938
8.18935
-0.092118
0.271125
0.20557
0.331054
0.350566
0.408877
0.442071
0.485384
0.529905
0.576059
0.617262
0.649994
0.657491
0.621741
0.5188
0.346029
0.213599
0.181236
0.267333
0.433842
0.552076
0.683481
0.823017
0.997548
1.24737
1.61686
2.10904
2.4779
2.49012
2.25041
1.83484
1.48474
1.38594
1.28886
1.23566
1.20079
1.15736
1.10857
1.02856
0.902298
0.702527
0.391848
-0.075325
-0.755874
-1.72003
-3.05091
-4.83713
-7.17775
-10.1789
-13.9388
-18.5851
-24.425
-31.8421
-40.0205
-56.8361
-73.8441
-62.963
-47.415
-38.5892
-25.2513
-13.3742
-2.79409
7.25061
14.2222
16.8897
17.0265
15.8562
16.1248
16.5287
16.8288
17.4044
13.688
9.07343
7.1013
7.62327
7.24891
7.6525
7.26381
8.37011
-0.114165
0.28906
0.206557
0.335466
0.351917
0.41004
0.444801
0.492117
0.539793
0.585481
0.628486
0.659459
0.663799
0.622466
0.51061
0.332333
0.209931
0.144443
0.273661
0.438108
0.561812
0.699058
0.845168
1.03078
1.30109
1.70588
2.21008
2.51294
2.53109
2.11273
1.74686
1.40425
1.37526
1.29123
1.25906
1.238
1.20864
1.17446
1.10932
0.998798
0.814455
0.517222
0.0586809
-0.62217
-1.59937
-2.9557
-4.78268
-7.18808
-10.2839
-14.1809
-19.033
-25.2014
-33.0868
-42.1773
-63.667
-76.9364
-67.0372
-49.6529
-40.3207
-26.2136
-13.6732
-2.55785
8.11398
15.4927
18.0219
17.6953
16.1474
16.3753
16.8173
17.1974
17.7285
13.7035
8.35132
6.71648
7.74917
7.3123
7.75493
7.19062
8.62396
-0.1398
0.307895
0.206696
0.338617
0.352262
0.411042
0.448398
0.500069
0.548246
0.596363
0.639967
0.669786
0.671342
0.62481
0.50447
0.324625
0.217726
0.119162
0.286871
0.446775
0.576131
0.718181
0.870357
1.0669
1.35874
1.79536
2.27723
2.53428
2.56812
1.89448
1.67634
1.33748
1.368
1.29557
1.28553
1.27844
1.26424
1.24578
1.19699
1.10394
0.936922
0.654904
0.205825
-0.476257
-1.46698
-2.84742
-4.71595
-7.18619
-10.3743
-14.4065
-19.4632
-25.9502
-34.2821
-44.4504
-69.9758
-78.8603
-70.8976
-51.819
-41.9748
-27.1429
-13.9258
-2.2478
9.08406
16.9093
19.2782
18.381
16.4038
16.5899
17.089
17.6136
17.8789
13.5632
7.44667
6.18069
7.86825
7.37175
7.86079
7.10677
8.83207
-0.168879
0.326971
0.205842
0.340454
0.351963
0.412282
0.452815
0.50788
0.556939
0.607793
0.651838
0.680948
0.680156
0.628802
0.500675
0.323443
0.230598
0.113711
0.305916
0.460403
0.594978
0.740642
0.898111
1.10517
1.41895
1.87448
2.30324
2.56836
2.51965
1.70382
1.58801
1.28862
1.3628
1.30264
1.31539
1.32278
1.32501
1.3235
1.29263
1.21882
1.07096
0.805484
0.365348
-0.320215
-1.32449
-2.72924
-4.64119
-7.1742
-10.451
-14.6158
-19.8742
-26.6655
-35.42
-46.713
-74.985
-79.692
-74.2471
-53.877
-43.5229
-28.0248
-14.1236
-1.85003
10.1753
18.4889
20.6792
19.0856
16.6211
16.7638
17.3444
18.2359
17.9779
13.2356
6.42839
5.51221
7.97229
7.42649
7.96782
7.01766
9.1797
-0.200548
0.345223
0.203957
0.341097
0.351411
0.413978
0.458004
0.514743
0.566448
0.619321
0.664183
0.692916
0.690281
0.634451
0.499782
0.329264
0.234663
0.131573
0.329909
0.479483
0.618155
0.766143
0.927849
1.14479
1.47879
1.9283
2.30485
2.64107
2.34461
1.57024
1.47283
1.25197
1.35855
1.31343
1.34947
1.37206
1.39203
1.40875
1.39738
1.34454
1.21743
0.968865
0.53516
-0.156555
-1.17427
-2.60595
-4.5617
-7.15276
-10.5141
-14.8086
-20.2647
-27.343
-36.493
-48.8328
-78.336
-79.9842
-77.016
-55.7671
-44.9213
-28.8367
-14.2572
-1.34873
11.4041
20.249
22.2469
19.8117
16.7944
16.8926
17.5546
18.8781
18.1426
12.7783
5.31221
4.72857
8.04576
7.47932
8.07465
6.93377
9.48971
-0.232909
0.361177
0.201145
0.340764
0.350853
0.416072
0.463305
0.521534
0.57627
0.631002
0.676983
0.705713
0.70174
0.641824
0.503116
0.344504
0.219882
0.169003
0.358111
0.504224
0.645372
0.794297
0.958921
1.18478
1.53217
1.9444
2.3032
2.69446
2.14949
1.4676
1.3435
1.22481
1.35637
1.32935
1.38886
1.4275
1.46648
1.50265
1.51232
1.48206
1.37676
1.14369
0.711897
0.0122528
-1.02038
-2.48254
-4.47866
-7.12143
-10.5632
-14.9845
-20.6333
-27.98
-37.4927
-50.7224
-80.2882
-80.1572
-79.0911
-57.4551
-46.1458
-29.568
-14.3129
-0.729045
12.7888
22.2077
24.0055
20.5616
16.9181
16.9727
17.7031
19.3138
18.2889
12.2088
4.17547
3.90668
8.07163
7.53628
8.18045
6.8634
9.90271
-0.262903
0.373092
0.197638
0.33967
0.350413
0.418532
0.468025
0.528702
0.586113
0.64289
0.690226
0.719368
0.714532
0.651039
0.512701
0.372401
0.197817
0.217062
0.390421
0.534446
0.67626
0.82464
0.990651
1.22368
1.56958
1.92912
2.33822
2.63332
2.01739
1.38441
1.2135
1.20758
1.35726
1.35189
1.43479
1.49037
1.54949
1.60625
1.63841
1.63203
1.54847
1.3268
0.891764
0.183293
-0.868583
-2.36204
-4.39127
-7.07932
-10.5977
-15.1429
-20.9791
-28.5745
-38.4106
-52.3338
-81.0514
-80.1398
-80.4358
-58.9391
-47.1821
-30.2125
-14.2747
0.0211095
14.3484
24.3837
25.9806
21.3366
16.9856
16.9989
17.8039
19.4906
18.3746
11.5806
3.0376
3.138
8.04336
7.60566
8.28454
6.7942
10.3427
-0.286657
0.379278
0.193725
0.337938
0.350061
0.421092
0.472447
0.536002
0.595966
0.654976
0.70393
0.733897
0.728579
0.662158
0.529759
0.405992
0.196256
0.26832
0.427185
0.569659
0.710389
0.85665
1.02235
1.25866
1.58067
1.90291
2.41031
2.48166
1.93123
1.32846
1.09384
1.20271
1.36335
1.38273
1.4885
1.56187
1.64206
1.72044
1.77633
1.79453
1.73044
1.51331
1.07148
0.3519
-0.724386
-2.24436
-4.29769
-7.02549
-10.6171
-15.2834
-21.3015
-29.1252
-39.2392
-53.6534
-80.9973
-79.9814
-81.0139
-60.1538
-47.9977
-30.747
-14.1333
0.914681
16.1019
26.796
28.1984
22.1365
16.9894
16.9651
17.8733
19.4487
18.4027
10.927
1.86724
2.40636
7.96658
7.69352
8.38762
6.77532
10.8233
-0.300392
0.378537
0.189704
0.335625
0.34978
0.423319
0.476913
0.543251
0.60586
0.66726
0.718125
0.749297
0.74374
0.675445
0.553721
0.423145
0.230402
0.320667
0.468764
0.60919
0.747276
0.889783
1.05324
1.28467
1.56301
1.89104
2.44501
2.35691
1.86041
1.30717
0.992475
1.21301
1.3766
1.42348
1.55119
1.64307
1.74503
1.84586
1.92635
1.96847
1.91824
1.69807
1.24784
0.511599
-0.590222
-2.12698
-4.19615
-6.95917
-10.6209
-15.4058
-21.6001
-29.6313
-39.9726
-54.6786
-80.3291
-79.6744
-80.8418
-61.0371
-48.5588
-31.1431
-13.8776
1.96453
18.0662
29.4629
30.6843
22.9578
16.9203
16.8633
17.9069
19.2376
18.3342
10.2189
0.616238
1.66885
7.85421
7.7997
8.48091
6.74184
11.042
-0.301646
0.370577
0.185843
0.332739
0.349482
0.425161
0.481368
0.550412
0.615792
0.679761
0.732846
0.765552
0.759947
0.692334
0.585295
0.417631
0.289093
0.37467
0.515189
0.652366
0.786392
0.923506
1.08211
1.29544
1.5325
1.92928
2.38168
2.28955
1.79833
1.32189
0.916686
1.24028
1.39939
1.47555
1.62388
1.73483
1.85894
1.98276
2.08798
2.15084
2.10552
1.87718
1.41596
0.656758
-0.46437
-2.00672
-4.08539
-6.87978
-10.6085
-15.5098
-21.8747
-30.092
-40.6075
-55.4104
-79.1476
-79.0684
-80.0025
-61.5515
-48.8418
-31.3716
-13.4935
3.18068
20.2548
32.3998
33.4605
23.7927
16.7669
16.6854
17.8839
18.8908
18.1493
9.40102
-0.797517
0.864181
7.72088
7.91551
8.54484
6.79053
11.7804
-0.290215
0.356202
0.182368
0.329315
0.349008
0.426761
0.485702
0.557487
0.625762
0.692507
0.748117
0.782547
0.777131
0.714544
0.617461
0.416927
0.353347
0.431233
0.565723
0.698502
0.827174
0.957287
1.10659
1.28677
1.5066
2.00101
2.28437
2.25002
1.74996
1.36776
0.874688
1.28498
1.43386
1.54004
1.70736
1.83768
1.98399
2.13087
2.25944
2.33605
2.28605
2.04763
1.56917
0.786012
-0.342477
-1.88113
-3.96471
-6.7869
-10.5796
-15.5953
-22.1252
-30.5073
-41.1434
-55.8579
-77.5668
-78.1102
-78.622
-61.6854
-48.8332
-31.4052
-12.9669
4.56915
22.677
35.618
36.5454
24.6289
16.5117
16.418
17.789
18.4381
17.8653
8.40167
-2.4905
-0.100806
7.58648
8.06726
8.57829
6.92994
8.96199
-0.268263
0.337099
0.179403
0.325365
0.348335
0.428148
0.489881
0.564472
0.635781
0.705527
0.76393
0.800007
0.795375
0.741389
0.631388
0.447649
0.415532
0.490846
0.61941
0.746914
0.869064
0.990467
1.12329
1.26422
1.50525
2.03879
2.23425
2.21899
1.71866
1.43224
0.872177
1.3466
1.48197
1.61763
1.80213
1.95183
2.11993
2.28912
2.43687
2.5166
2.45598
2.20488
1.70234
0.903019
-0.220151
-1.74892
-3.83387
-6.6802
-10.5336
-15.6619
-22.3515
-30.8779
-41.582
-56.0368
-75.7041
-76.8252
-76.8515
-61.4568
-48.5347
-31.2234
-12.2854
6.13155
25.336
39.122
39.9477
25.4451
16.128
16.0472
17.6227
17.9124
17.5334
7.13935
-4.57742
-1.30661
7.47083
8.22534
8.60294
7.00292
7.61111
-0.239653
0.315219
0.177021
0.320879
0.347515
0.429285
0.493897
0.571366
0.64587
0.718853
0.780198
0.817629
0.815917
0.768967
0.631444
0.499952
0.477257
0.552813
0.675285
0.796906
0.911524
1.0219
1.12973
1.24583
1.5506
2.01247
2.23114
2.19736
1.70589
1.49671
0.914336
1.4227
1.54535
1.70855
1.90836
2.07701
2.26594
2.45507
2.61377
2.686
2.61311
2.34273
1.81571
1.01391
-0.094579
-1.60977
-3.69283
-6.55932
-10.4701
-15.7094
-22.554
-31.2052
-41.9261
-55.9674
-73.6676
-75.2808
-74.8339
-60.9028
-47.9625
-30.8141
-11.4401
7.864
28.227
42.9092
43.6684
26.2157
15.5797
15.5403
17.4024
17.3468
17.2387
5.53578
-7.12566
-2.74716
7.38607
8.51434
8.63689
6.57409
6.65124
-0.208549
0.292649
0.175002
0.315955
0.346554
0.430152
0.497745
0.578172
0.65605
0.732462
0.796589
0.835051
0.838562
0.784155
0.645219
0.554071
0.540615
0.616122
0.732526
0.847796
0.953942
1.0497
1.12725
1.24417
1.62567
1.98249
2.24823
2.19163
1.71434
1.53372
1.00135
1.51123
1.62483
1.81253
2.0258
2.21248
2.42032
2.62413
2.78219
2.84124
2.75377
2.45718
1.91497
1.12397
0.0353079
-1.46386
-3.54165
-6.42384
-10.3884
-15.7378
-22.7331
-31.492
-42.1779
-55.6734
-71.5445
-73.5531
-72.6821
-60.0678
-47.1414
-30.1735
-10.4275
9.75565
31.3356
46.9621
47.6812
26.8896
14.807
14.8682
17.135
16.7575
17.0968
3.53745
-10.1194
-4.31836
7.32769
8.94173
8.74642
6.40195
10.0736
-0.178699
0.271512
0.173217
0.310721
0.345419
0.430745
0.50142
0.584898
0.666326
0.746205
0.81258
0.852276
0.857353
0.787583
0.67861
0.606551
0.605008
0.679774
0.790372
0.898931
0.995439
1.07222
1.12452
1.26802
1.68346
1.99438
2.27371
2.20593
1.75249
1.51761
1.1271
1.60938
1.72069
1.92885
2.15376
2.35688
2.58004
2.78927
2.9362
2.98139
2.87258
2.55033
2.00768
1.23604
0.169428
-1.31165
-3.38035
-6.27337
-10.2883
-15.747
-22.8899
-31.7415
-42.3387
-55.1802
-69.3976
-71.7066
-70.4737
-58.9949
-46.0995
-29.3074
-9.25123
11.7858
34.6361
51.2542
51.9396
27.4325
13.6804
13.9567
16.8461
16.135
17.293
1.16894
-13.43
-5.83762
7.27189
9.19662
9.24364
6.87566
13.7195
-0.152777
0.252724
0.171556
0.305245
0.344082
0.43106
0.504917
0.591549
0.67664
0.759705
0.827894
0.868924
0.864582
0.797858
0.716069
0.659991
0.669026
0.743054
0.848092
0.949582
1.0347
1.09019
1.1349
1.32461
1.70895
2.03789
2.30836
2.24268
1.83695
1.45242
1.28096
1.71536
1.83227
2.05638
2.291
2.50795
2.73993
2.94273
3.07427
3.10371
2.96701
2.62963
2.09948
1.35082
0.307145
-1.15362
-3.20895
-6.10765
-10.1694
-15.7372
-23.0258
-31.957
-42.4082
-54.5157
-67.2673
-69.7873
-68.2541
-57.7217
-44.8655
-28.231
-7.92337
13.9271
38.097
55.7314
56.3317
27.7921
11.8866
12.7166
16.5097
15.4842
18.0724
-1.39016
-16.7366
-7.18671
7.18585
9.09196
10.4746
8.20525
19.0353
-0.131831
0.236244
0.169874
0.299561
0.342514
0.431086
0.508228
0.598087
0.686738
0.772399
0.842124
0.880429
0.867756
0.818073
0.753187
0.714215
0.731748
0.805313
0.904939
0.99877
1.07039
1.10763
1.16418
1.40291
1.73776
2.09351
2.35407
2.30282
1.98106
1.3865
1.44923
1.82917
1.9581
2.19361
2.43563
2.66204
2.89273
3.07985
3.19677
3.20385
3.04093
2.70335
2.19287
1.46783
0.447668
-0.990181
-3.02758
-5.92673
-10.0319
-15.7091
-23.1426
-32.1414
-42.3865
-53.7102
-65.1782
-67.8246
-66.045
-56.2793
-43.4664
-26.9662
-6.46261
16.1433
41.6709
60.3024
60.5509
27.9298
8.75366
10.9366
16.1284
14.9799
19.4362
-3.8604
-19.412
-8.32478
6.96135
8.78745
11.986
9.55802
26.5454
-0.115569
0.221818
0.168016
0.29367
0.340683
0.430807
0.51132
0.604358
0.696094
0.783606
0.852796
0.885406
0.877143
0.840301
0.79141
0.767636
0.792773
0.865866
0.960037
1.04521
1.10247
1.13085
1.21126
1.47787
1.79097
2.15421
2.40983
2.38281
2.16863
1.3878
1.62356
1.95194
2.09616
2.33861
2.58487
2.81346
3.0314
3.20079
3.30172
3.28071
3.10281
2.77684
2.28809
1.58613
0.590256
-0.821811
-2.83669
-5.73107
-9.87617
-15.6631
-23.2421
-32.2958
-42.2749
-52.7963
-63.145
-65.838
-63.8546
-54.694
-41.9266
-25.5377
-4.89097
18.3994
45.3266
64.8801
64.4125
27.5848
3.12793
8.47364
15.9874
15.0777
21.0659
-6.06116
-20.7571
-9.21294
6.56877
8.46538
13.345
11.719
34.3627
-0.103247
0.209068
0.165906
0.287541
0.338552
0.430195
0.514104
0.610014
0.704185
0.792312
0.858169
0.890341
0.889725
0.863547
0.830222
0.819525
0.851581
0.923931
1.01228
1.08769
1.13296
1.16509
1.27342
1.5397
1.86003
2.22017
2.4735
2.47505
2.34098
1.49036
1.80033
2.08506
2.24392
2.4889
2.73447
2.955
3.15293
3.30688
3.38576
3.33946
3.16075
2.85197
2.38432
1.70477
0.73424
-0.649179
-2.63718
-5.52165
-9.70305
-15.6001
-23.326
-32.4201
-42.0779
-51.8074
-61.1774
-63.8419
-61.6857
-52.9889
-40.2681
-23.9714
-3.23189
20.6621
49.0041
69.1073
66.4232
25.3221
-7.64841
4.02679
16.5123
16.941
23.896
-7.7307
-20.6951
-9.73788
6.06788
8.18012
14.5097
15.1331
38.1322
-0.0940106
0.197459
0.163497
0.281114
0.336079
0.429209
0.516416
0.614909
0.710741
0.797523
0.861684
0.897291
0.903208
0.888072
0.868525
0.869572
0.907471
0.978563
1.06038
1.12581
1.16486
1.21028
1.34519
1.60059
1.93374
2.29157
2.54384
2.57382
2.42293
1.67811
1.97625
2.22861
2.39838
2.64105
2.87835
3.0807
3.25888
3.39667
3.44909
3.38868
3.21929
2.92847
2.48047
1.82293
0.878896
-0.473353
-2.43055
-5.30001
-9.51354
-15.5206
-23.3952
-32.5124
-41.8036
-50.7759
-59.2828
-61.8501
-59.5409
-51.1866
-38.5124
-22.2936
-1.49799
22.9275
52.685
74.5045
66.4628
20.955
-19.6598
-2.04773
17.422
22.076
30.79
-8.30477
-19.8871
-9.64923
5.47575
8.02946
15.6951
19.2768
36.3446
-0.0868983
0.186424
0.160767
0.274318
0.333222
0.427859
0.51844
0.619064
0.715018
0.800866
0.866296
0.905206
0.917914
0.913201
0.905882
0.917142
0.959622
1.02867
1.10328
1.16037
1.20002
1.26193
1.4172
1.66868
2.00848
2.36739
2.62291
2.69048
2.4116
1.90204
2.14956
2.38058
2.55601
2.7902
3.00965
3.18915
3.35104
3.46777
3.49749
3.43559
3.2795
3.0053
2.57556
1.93986
1.02326
-0.295915
-2.21891
-5.06824
-9.30888
-15.4249
-23.4491
-32.5698
-41.4638
-49.731
-57.4678
-59.8774
-57.4258
-49.3109
-36.6817
-20.5248
0.304752
25.0768
55.9519
81.9088
66.1193
16.0617
-28.9098
-8.17635
19.0094
31.1244
41.2439
-7.76458
-18.814
-9.25756
4.71367
8.35134
17.2627
23.9258
33.4677
-0.0809573
0.175301
0.157693
0.267108
0.330032
0.426561
0.520307
0.621865
0.718262
0.804927
0.871639
0.914104
0.933643
0.938362
0.94175
0.961447
1.00713
1.07318
1.14062
1.19284
1.23838
1.31582
1.48328
1.74072
2.08413
2.44579
2.71168
2.82502
2.38987
2.11824
2.32029
2.53718
2.71232
2.93007
3.12377
3.28276
3.42837
3.52146
3.53888
3.48354
3.34072
3.08131
2.66876
2.05477
1.16598
-0.118993
-2.00498
-4.82895
-9.09043
-15.3126
-23.486
-32.5895
-41.073
-48.6968
-55.7383
-57.9394
-55.3491
-47.3865
-34.7952
-18.6755
2.17123
27.0685
58.1519
84.1153
66.1963
10.5386
-36.3657
-14.1899
20.9163
41.6618
52.6678
-5.44546
-17.5356
-9.17796
4.04698
9.37068
19.6151
28.1836
32.8638
-0.0751805
0.163389
0.154274
0.259581
0.326951
0.425688
0.521342
0.624553
0.72242
0.80965
0.877899
0.924183
0.949996
0.963047
0.975386
1.00168
1.04909
1.11142
1.1729
1.22417
1.27823
1.36951
1.54502
1.81235
2.16015
2.52399
2.80315
2.92066
2.44541
2.31373
2.48863
2.69367
2.86168
3.05448
3.22069
3.36335
3.48956
3.5635
3.57903
3.53292
3.40174
3.15552
2.75936
2.16665
1.30532
0.0547948
-1.79203
-4.58523
-8.85958
-15.1827
-23.5024
-32.5689
-40.6465
-47.6919
-54.0991
-56.0514
-53.3207
-45.4363
-32.8671
-16.7515
4.07606
28.8917
59.7649
81.5281
66.052
2.47839
-41.0504
-20.1172
22.3466
51.0483
62.5877
0.123174
-15.1037
-9.01886
4.01259
11.3632
22.5212
30.5739
37.3634
-0.0685281
0.149994
0.150583
0.252269
0.324825
0.424699
0.523041
0.628697
0.727412
0.815335
0.885343
0.93515
0.966527
0.986602
1.00604
1.03709
1.08488
1.1434
1.20105
1.25432
1.31733
1.42146
1.60513
1.88225
2.23529
2.60074
2.89267
2.93853
2.57642
2.49389
2.65372
2.84464
2.99767
3.16028
3.30314
3.43039
3.53671
3.6005
3.62015
3.58276
3.46143
3.22716
2.84658
2.27418
1.43916
0.222449
-1.58382
-4.34069
-8.61773
-15.0331
-23.4934
-32.507
-40.1992
-46.7295
-52.5536
-54.2265
-51.35
-43.4792
-30.9067
-14.7621
5.96331
30.4491
61.1465
77.4235
64.7223
-5.01848
-41.7155
-26.1456
22.9935
58.1677
69.7444
8.69515
-10.1838
-6.90044
5.6896
14.5486
25.4856
30.6505
36.9057
-0.0599059
0.134656
0.146938
0.246134
0.323476
0.424553
0.527141
0.634077
0.733535
0.822182
0.893758
0.946679
0.982731
1.00836
1.03304
1.06711
1.11434
1.16975
1.22584
1.2826
1.35411
1.47033
1.66385
1.95016
2.30775
2.67627
2.97068
2.92622
2.72208
2.66403
2.81213
2.98417
3.11511
3.2484
3.37286
3.48373
3.57498
3.63668
3.66208
3.63184
3.51888
3.29555
2.92947
2.37584
1.5652
0.380728
-1.3845
-4.09946
-8.36644
-14.8605
-23.4532
-32.4038
-39.745
-45.8189
-51.1041
-52.476
-49.4433
-41.5298
-28.9223
-12.724
7.79067
31.6769
61.5384
72.8006
62.1778
-6.92575
-40.7497
-31.4634
23.0168
62.9022
73.6574
18.2131
-3.1229
-1.94313
9.24381
18.3226
27.9652
30.7848
34.8473
-0.0482623
0.11745
0.144137
0.242
0.322481
0.427521
0.533046
0.640766
0.740837
0.829979
0.902895
0.958382
0.998052
1.0277
1.05589
1.09157
1.13791
1.19143
1.24766
1.30843
1.388
1.51565
1.7204
2.01524
2.37515
2.74607
3.00753
2.95463
2.85093
2.82368
2.95863
3.1066
3.21218
3.32156
3.43011
3.52595
3.60948
3.67328
3.70373
3.6791
3.57334
3.35994
3.00691
2.46994
1.68107
0.526301
-1.19855
-3.86633
-8.10759
-14.6609
-23.3755
-32.2607
-39.2956
-44.9662
-49.7523
-50.8118
-47.6054
-39.5999
-26.9241
-10.662
9.5309
32.5454
60.4183
67.9342
58.7165
-5.17597
-39.7948
-35.2736
22.3247
66.089
74.0812
26.9978
4.48651
4.62308
13.6869
21.9619
29.6826
31.2378
33.698
-0.0326903
0.0993498
0.143209
0.239098
0.324309
0.433178
0.540385
0.648717
0.74906
0.838503
0.912441
0.969804
1.01197
1.04418
1.07439
1.11079
1.15647
1.20931
1.26665
1.3316
1.41925
1.5579
1.77404
2.07573
2.43574
2.79924
3.00966
3.01986
2.96654
2.96947
3.08791
3.20832
3.29058
3.38172
3.47586
3.5614
3.643
3.70981
3.74398
3.72369
3.6242
3.41952
3.07771
2.55483
1.7845
0.655939
-1.0306
-3.64681
-7.84391
-14.4293
-23.2536
-32.0797
-38.8614
-44.1771
-48.4991
-49.2437
-45.8407
-37.7015
-24.9268
-8.60597
11.1676
33.0616
57.9962
62.8624
54.591
-1.62392
-39.6175
-37.2431
21.1839
68.1731
72.6424
34.3615
11.7548
11.5021
18.2107
25.0663
30.656
31.7032
33.2084
-0.0126867
0.0822699
0.144479
0.23674
0.330284
0.440482
0.54907
0.657596
0.757953
0.847471
0.921998
0.980482
1.02404
1.05757
1.08876
1.12549
1.17104
1.2241
1.28297
1.35216
1.44806
1.59742
1.82377
2.12995
2.48746
2.82354
3.01795
3.0857
3.07341
3.09698
3.19588
3.2891
3.35323
3.43016
3.51291
3.59367
3.67608
3.74523
3.78186
3.76499
3.67079
3.47338
3.14065
2.62902
1.87353
0.766727
-0.885198
-3.44717
-7.57975
-14.1606
-23.0801
-31.8629
-38.45
-43.4562
-47.3451
-47.7794
-44.1546
-35.8474
-22.9493
-6.58363
12.7014
33.2594
54.6753
57.4787
49.9696
2.52456
-39.4474
-36.425
20.2203
69.2212
70.8232
40.2095
18.6491
18.1724
22.4053
27.4848
31.1566
31.6258
32.6307
0.0115551
0.0681504
0.146627
0.237377
0.338598
0.449071
0.558743
0.667075
0.767219
0.85651
0.931145
0.989999
1.03401
1.06795
1.09952
1.13657
1.18247
1.23622
1.29681
1.37031
1.47435
1.63389
1.86823
2.17655
2.52408
2.83112
3.04325
3.14346
3.16872
3.20294
3.28118
3.35145
3.40274
3.46886
3.54463
3.62444
3.7081
3.77855
3.8167
3.80244
3.71243
3.52061
3.19467
2.69127
1.94659
0.856321
-0.76642
-3.27428
-7.32216
-13.8508
-22.8459
-31.6132
-38.0651
-42.8106
-46.2912
-46.4223
-42.5562
-34.0545
-21.0138
-4.61647
14.1495
33.2074
50.8249
51.9119
45.0934
6.52447
-38.0226
-31.679
19.7853
69.7242
69.2661
44.8267
25.1867
24.4109
26.0697
29.2584
31.3039
30.6018
31.9
0.038928
0.0579142
0.149321
0.242169
0.348142
0.458713
0.568987
0.676831
0.776489
0.865211
0.939462
0.998044
1.04186
1.07571
1.10748
1.14506
1.19164
1.24619
1.30846
1.38629
1.498
1.6664
1.90652
2.21321
2.54396
2.84266
3.07046
3.19548
3.24787
3.2859
3.34539
3.39882
3.44152
3.5006
3.5734
3.65383
3.73817
3.80901
3.84797
3.83551
3.74845
3.56045
3.23897
2.74072
2.00269
0.923204
-0.677355
-3.13498
-7.08179
-13.4996
-22.5354
-31.3367
-37.6998
-42.2545
-45.3399
-45.1743
-41.0539
-32.34
-19.1434
-2.71943
15.5393
33.0237
46.801
46.4926
40.33
10.2158
-33.7574
-23.6849
19.8451
70.087
68.152
48.4591
31.1324
30.0042
29.0705
30.4576
31.3416
29.95
31.3801
0.0673648
0.050426
0.155226
0.249375
0.358622
0.46899
0.579413
0.68647
0.785336
0.873147
0.9466
1.00449
1.04777
1.08136
1.11327
1.1514
1.1987
1.25412
1.31821
1.40029
1.51895
1.69466
1.93843
2.23852
2.55867
2.85877
3.09481
3.24009
3.30898
3.34693
3.3921
3.43451
3.4722
3.52788
3.60009
3.68125
3.76553
3.8361
3.87526
3.86375
3.77831
3.59234
3.27304
2.77698
2.04146
0.966852
-0.619626
-3.03495
-6.87274
-13.1167
-22.1227
-31.037
-37.3326
-41.7957
-44.4891
-44.0402
-39.6639
-30.7267
-17.3611
-0.900956
16.9049
32.8534
42.9457
41.5921
36.1545
13.8314
-25.8966
-15.3534
20.1816
70.19
67.4627
51.1692
36.368
34.726
31.3717
31.2145
31.2779
29.462
30.935
0.0940737
0.043405
0.165614
0.257734
0.36977
0.479441
0.589595
0.695539
0.793318
0.879934
0.952334
1.00938
1.05217
1.08565
1.11791
1.15672
1.20463
1.26072
1.32634
1.41235
1.53714
1.71894
1.96341
2.25824
2.57528
2.87443
3.11641
3.27453
3.35263
3.38932
3.42544
3.46153
3.49728
3.55215
3.62459
3.70598
3.78961
3.85944
3.89822
3.88673
3.8016
3.61598
3.29677
2.80014
2.06328
0.987862
-0.59299
-2.97712
-6.70954
-12.7273
-21.5812
-30.6866
-36.9771
-41.4082
-43.7881
-43.033
-38.3931
-29.2343
-15.6925
0.827824
18.2736
32.8256
39.5597
37.5232
33.02
17.5308
-15.3095
-7.43563
21.99
69.6112
66.9892
53.2033
40.8264
38.4281
33.0154
31.651
31.2209
29.0561
30.6132
0.116597
0.037616
0.178425
0.266828
0.381111
0.489584
0.599045
0.703582
0.800058
0.885346
0.956658
1.01296
1.05536
1.08875
1.12118
1.16042
1.20889
1.26596
1.33315
1.42284
1.55317
1.7389
1.98417
2.27825
2.59188
2.88875
3.13384
3.29825
3.38117
3.41748
3.44918
3.48251
3.51853
3.5738
3.64642
3.72752
3.81011
3.87884
3.91668
3.90433
3.81836
3.63166
3.31071
2.81111
2.06951
0.988118
-0.59529
-2.96097
-6.60253
-12.3699
-20.9151
-30.1564
-36.6668
-41.0497
-43.2335
-42.1771
-37.2764
-27.8809
-14.1486
2.46918
19.674
33.0408
36.9149
34.472
31.2164
21.1959
-4.198
1.34572
26.4958
69.188
66.9639
55.0966
44.4889
41.1191
34.1321
31.8739
31.2053
28.765
30.3888
0.132477
0.0369632
0.191543
0.276382
0.392075
0.498888
0.607248
0.710163
0.805223
0.889188
0.959565
1.01544
1.05793
1.0917
1.12461
1.16429
1.21307
1.27033
1.33875
1.43176
1.56678
1.75555
2.00442
2.29788
2.60745
2.90139
3.14605
3.31248
3.39812
3.43576
3.46642
3.49935
3.53672
3.59263
3.66509
3.7455
3.82679
3.89408
3.93044
3.91648
3.82868
3.63967
3.31546
2.81091
2.06179
0.970147
-0.622916
-2.9826
-6.55454
-12.0843
-20.2071
-29.3216
-36.1512
-40.6502
-42.7549
-41.4878
-36.3408
-26.716
-12.7648
4.01299
21.1141
33.5442
35.228
32.3738
30.7059
24.4313
5.15196
9.94123
32.5941
69.8295
67.6637
56.9908
47.3251
42.9511
34.8955
32.009
31.2085
28.5935
30.0473
0.139691
0.04335
0.20402
0.285911
0.40206
0.506856
0.613845
0.715121
0.808877
0.891749
0.961475
1.01717
1.05979
1.09367
1.1266
1.16649
1.21601
1.27367
1.34365
1.43966
1.57763
1.77126
2.02409
2.31634
2.62187
2.91149
3.15325
3.31946
3.40729
3.44767
3.47933
3.51309
3.552
3.60835
3.68036
3.75989
3.83977
3.90543
3.93997
3.92394
3.83375
3.64177
3.31349
2.8029
2.04464
0.939983
-0.66811
-3.03293
-6.55909
-11.8929
-19.5884
-28.3603
-35.3174
-40.0234
-42.2251
-40.9214
-35.5757
-25.7372
-11.5705
5.41895
22.5582
34.3446
34.6434
30.9637
31.0779
26.8268
11.8079
16.6754
38.2622
70.8953
68.7125
58.6809
49.365
44.1475
35.4428
32.0998
31.2052
28.6189
29.7334
0.138269
0.055032
0.215424
0.294689
0.410357
0.512941
0.618464
0.718218
0.810821
0.892808
0.962166
1.01811
1.06152
1.09633
1.12992
1.17005
1.21936
1.27643
1.34724
1.44543
1.58638
1.78656
2.04249
2.33321
2.63411
2.91846
3.15639
3.32172
3.41187
3.45566
3.48916
3.52406
3.56421
3.62069
3.69207
3.7706
3.84898
3.91286
3.94535
3.92695
3.83398
3.63853
3.30555
2.78816
2.0198
0.900626
-0.725483
-3.10292
-6.6037
-11.7914
-19.1276
-27.512
-34.4104
-39.2053
-41.4925
-40.2562
-34.9065
-24.9123
-10.539
6.69092
23.9605
35.3628
35.0313
30.0838
31.7425
28.2793
16.0151
21.2876
42.6326
71.8434
69.7452
60.0244
50.6973
44.9123
35.8517
32.1756
31.2116
28.7555
30.2589
0.130605
0.0692397
0.224973
0.302095
0.416702
0.51722
0.621427
0.719987
0.811808
0.8933
0.962564
1.01878
1.06263
1.09767
1.13117
1.17147
1.22116
1.27874
1.35048
1.4496
1.59426
1.80005
2.05857
2.34768
2.64388
2.92302
3.15717
3.32168
3.41407
3.46109
3.49642
3.5323
3.57328
3.62972
3.70047
3.77808
3.85513
3.91741
3.94806
3.92756
3.83217
3.63374
3.2968
2.77375
1.99697
0.865509
-0.77672
-3.16863
-6.66014
-11.756
-18.8427
-26.9257
-33.7276
-38.5345
-40.8236
-39.561
-34.1902
-24.1767
-9.69855
7.7451
25.2407
36.4774
35.912
29.7109
32.2397
28.9641
18.4368
24.1654
45.6517
72.6329
70.6661
61.0579
51.4872
45.4049
36.1419
32.2604
31.2316
29.0859
31.0662
0.12038
0.0831164
0.231976
0.307085
0.420468
0.519395
0.622648
0.720386
0.811643
0.892734
0.961884
1.01842
1.06319
1.09969
1.13454
1.17493
1.22331
1.27977
1.35115
1.45136
1.60134
1.81202
2.07163
2.35805
2.64994
2.92508
3.15666
3.32089
3.41514
3.46458
3.50125
3.53775
3.57916
3.63545
3.70564
3.78244
3.85836
3.9193
3.94842
3.92616
3.82869
3.6277
3.28736
2.75951
1.97573
0.834267
-0.820996
-3.22556
-6.71572
-11.7603
-18.6968
-26.5851
-33.302
-38.0804
-40.3384
-39.037
-33.6011
-23.4917
-8.85129
8.85057
26.5418
37.3645
36.4044
29.6887
32.508
29.1608
19.703
25.7408
47.4516
73.2553
71.3749
61.7328
51.814
45.7122
36.3583
32.3582
31.2752
29.6502
31.6473
0.109876
0.093687
0.235533
0.310019
0.422586
0.520551
0.62319
0.720498
0.811586
0.892662
0.961895
1.01848
1.06316
1.09939
1.1341
1.17484
1.22357
1.28036
1.35236
1.45374
1.60582
1.81852
2.07895
2.36422
2.65371
2.9264
3.15638
3.32036
3.41557
3.46628
3.50366
3.54046
3.58208
3.63829
3.70818
3.78457
3.85992
3.92017
3.94852
3.92541
3.827
3.62491
3.28322
2.75361
1.96751
0.823065
-0.83556
-3.24244
-6.7293
-11.7535
-18.6371
-26.4639
-33.1684
-37.9468
-40.1923
-38.8632
-33.3546
-23.1432
-8.35627
9.55599
27.3379
37.8132
36.5739
30.0465
32.6752
29.1368
20.1968
26.4072
48.3486
73.755
71.8503
62.1485
51.9934
45.8353
36.5257
32.4276
31.3799
30.3661
35.6883
)
;

boundaryField
{
    inletFace
    {
        type            zeroGradient;
    }
    inlet
    {
        type            zeroGradient;
    }
    inletWalls
    {
        type            zeroGradient;
    }
    outletInlet
    {
        type            cyclicAMI;
        value           nonuniform List<scalar> 
15
(
-0.530993
1.23059
4.32332
9.77913
15.5883
22.8195
30.5032
35.8156
42.447
43.4602
41.3242
40.263
29.618
21.9852
19.0064
)
;
    }
    fineSymmetryWall
    {
        type            symmetryPlane;
    }
    fineWalls
    {
        type            zeroGradient;
    }
    fineCyclicBoundary
    {
        type            fixedValue;
        value           uniform 0;
    }
    fineplug
    {
        type            cyclicAMI;
        value           nonuniform List<scalar> 
80
(
0.39817
-1.09022
1.13149
-0.593291
-2.84882
0.640071
0.511889
0.990617
1.05326
1.58511
3.08492
5.31282
5.03882
2.31158
3.45742
5.55406
8.18407
8.5577
9.67337
10.3827
11.3288
12.1601
13.5246
15.3996
16.055
17.5196
19.9744
22.065
22.8796
24.0244
23.3566
22.5804
28.4407
29.7415
30.3215
30.8765
32.0302
35.0155
36.6094
34.3693
31.7364
39.1295
41.2163
43.0811
42.6854
42.1865
41.6178
42.5964
41.7959
40.6609
47.1385
44.5397
44.228
45.322
44.2959
42.8111
41.413
36.4385
39.4963
46.1898
42.2031
40.3235
37.5624
34.158
32.8551
31.1965
28.9159
25.6655
30.4578
25.7128
22.8805
22.6335
21.9236
20.9388
17.6199
16.6539
18.1902
22.0049
19.1299
18.3179
)
;
    }
    faceFine
    {
        type            zeroGradient;
    }
}


// ************************************************************************* //
