/*--------------------------------*- C++ -*----------------------------------*\
| =========                 |                                                 |
| \\      /  F ield         | OpenFOAM: The Open Source CFD Toolbox           |
|  \\    /   O peration     | Version:  4.1                                   |
|   \\  /    A nd           | Web:      www.OpenFOAM.org                      |
|    \\/     M anipulation  |                                                 |
\*---------------------------------------------------------------------------*/
FoamFile
{
    version     2.0;
    format      ascii;
    class       volScalarField;
    location    "2";
    object      p;
}
// * * * * * * * * * * * * * * * * * * * * * * * * * * * * * * * * * * * * * //

dimensions      [0 2 -2 0 0 0 0];

internalField   nonuniform List<scalar> 
6785
(
523.041
444.31
397.23
343.668
296.804
251.632
209.566
169.752
132.165
96.6562
62.4416
29.4038
2.2029
-25.7464
-66.7562
-93.2986
-111.792
-102.13
-109.746
-109.487
-112.334
-113.36
-114.217
-114.092
-113.031
-110.957
-108.103
-103.865
-99.3095
-97.1579
-88.2376
-93.1531
-84.674
-89.9314
-86.9528
-88.9279
-89.0009
-90.2998
-91.3862
-92.8706
-94.4396
-95.987
-96.7095
-96.3581
-94.2919
-69.1768
-72.0381
-68.6921
-73.6371
-71.5596
-74.4033
-74.3906
-75.5962
-75.9955
-76.4613
-76.5543
-76.4459
-75.4208
-73.9683
-71.063
-60.806
-62.1074
-58.4176
-60.6026
-56.7455
-57.1935
-54.774
-53.5563
-51.6473
-49.8519
-47.8712
-45.9771
-43.9548
-42.5353
-40.7384
-43.8159
-44.0313
-40.8031
-42.2852
-39.2397
-39.5422
-37.8224
-37.0721
-35.965
-35.0105
-34.0242
-33.179
-32.245
-31.6675
-30.8208
-31.2195
-31.0614
-28.6482
-29.9531
-27.8386
-28.1473
-27.1192
-26.6665
-26.0156
-25.4137
-24.7653
-24.1981
-23.4966
-23.0766
-22.2491
-21.0287
-20.8532
-19.0599
-20.0743
-18.4595
-18.6734
-17.9252
-17.5527
-17.0615
-16.5891
-16.0828
-15.6415
-15.0848
-14.7715
-14.1111
-13.049
-13.156
-11.9182
-12.7589
-11.5129
-11.8429
-11.2953
-11.1268
-10.8262
-10.5595
-10.2611
-10.0122
-9.67976
-9.51054
-9.12779
-9.01682
-9.34563
-8.53663
-9.2027
-8.26861
-8.67327
-8.23399
-8.21885
-8.02186
-7.89243
-7.71897
-7.59287
-7.40309
-7.3194
-7.12417
-7.0003
-7.37855
-6.80197
-7.33162
-6.67325
-7.01008
-6.66231
-6.70125
-6.54984
-6.49157
-6.37587
-6.31872
-6.20122
-6.16917
-6.06527
-7.3441
-7.52419
-6.94601
-7.34884
-6.80776
-6.96924
-6.67584
-6.65348
-6.48657
-6.40762
-6.26612
-6.19396
-6.04676
-6.0023
-5.85112
-3.8499
-3.94968
-3.43483
-3.87233
-3.51163
-3.65538
-3.51715
-3.54789
-3.49018
-3.50108
-3.46972
-3.4891
-3.46734
-3.49659
-3.50057
-4.57078
-5.19131
-5.61376
-6.49913
-6.61046
-7.08744
-7.28799
-7.54802
-7.68406
-7.75304
-7.70788
-7.63163
-7.38864
-7.27739
-6.87904
-1.62138
-3.41315
-2.48228
-2.36541
-1.81197
-1.40451
-0.605957
0.265771
1.35666
2.41436
3.42368
4.2694
4.76614
5.20933
4.73993
2.98188
2.98178
2.9796
2.98068
2.98029
2.98209
2.97601
2.97375
2.97226
2.97489
2.96019
2.95467
2.95521
2.9295
2.91256
2.90497
2.90273
2.85148
2.83953
2.83421
2.76631
2.72467
2.70955
2.70548
2.59671
2.53562
2.52029
2.52156
2.33355
2.31848
2.30954
2.09629
1.98403
1.96861
1.96839
1.63231
1.62042
1.60752
1.24136
1.05686
1.02978
1.03345
0.538982
0.302293
0.287359
0.309968
-0.445622
-0.444213
-0.448382
-1.26468
-1.65899
-1.70158
-1.64203
-2.75481
-3.27813
-3.30623
-3.12596
-4.89783
-4.89313
-4.81625
-6.64849
-7.51722
-7.56781
-7.31379
-10.1119
-10.0454
-10.0862
-12.9169
-14.1076
-14.1227
-14.0647
-17.9217
-19.4458
-19.1803
-17.8968
-26.1703
-24.1561
-21.5939
-36.3392
-30.4602
-26.6299
-27.3248
-27.5297
-39.1618
-26.6381
-25.4948
-25.2528
-25.4412
-25.6652
-25.9771
-26.1227
-27.4735
-36.446
-27.8837
-28.2059
-27.6927
-27.6409
-27.6042
-27.7102
-27.5323
-28.8164
-39.4121
-29.3198
-29.019
-28.1543
-27.6987
-27.1183
-26.9122
-26.7498
-26.2935
-27.3817
-38.3874
-27.9261
-27.1188
-25.9325
-25.1188
-24.375
-23.7821
-22.8308
-23.9085
-35.5192
-24.2115
-22.8436
-21.2626
-19.981
-18.9595
-18.0555
-16.3511
-17.3705
-29.6521
-17.3216
-15.3169
-13.0634
-11.0717
-9.61389
-8.24099
-6.12732
-7.21486
-18.723
-6.19286
-4.08279
-2.14586
-0.595829
1.72727
3.02201
3.24272
4.32112
1.99356
-7.92569
-2.57644
-4.0788
-4.94608
-5.4945
-7.19051
-10.732
-10.8732
-9.63793
-12.8082
-7.5753
-12.4625
-17.6923
-8.97165
-22.865
-17.6911
-23.6399
-19.0583
-15.2991
-24.8105
-19.3081
-15.9298
-21.9125
-18.6509
-20.0071
-17.4723
-14.0177
-17.5446
-15.0045
-15.4311
-13.3753
-11.1933
-13.1683
-10.9057
-9.75587
-10.5215
-9.41348
-9.4861
-8.56726
-8.06359
-8.7815
-8.56276
-8.74729
-8.87642
-8.92531
-9.4349
-9.54017
-9.40043
-9.51205
-9.85039
-9.46216
-9.3123
-9.28715
-8.23672
-9.17881
-8.73526
-8.23102
-8.29606
-6.11201
-7.23141
-8.1116
-4.68537
-6.70636
-6.84889
-5.70104
-6.36353
-2.09819
-4.91411
-5.47759
-4.44088
-5.34055
-0.581638
-2.61752
-5.08237
1.02851
-1.94079
-3.56706
-2.64858
-3.97758
2.07973
-0.847836
-2.4597
-1.84822
-3.35376
2.05727
0.0995703
-3.39244
3.02359
0.340164
-1.35973
-1.14201
-2.36497
2.6343e-06
6.58965e-06
1.18128e-05
1.69819e-05
2.31518e-05
2.97427e-05
3.71649e-05
4.5238e-05
5.41555e-05
6.38997e-05
7.45989e-05
8.63106e-05
9.91546e-05
0.000113233
0.000128681
0.000145636
0.000164259
0.000184724
0.000207227
0.000231983
0.000259229
0.000289227
0.000322268
0.000358669
0.000398783
0.000442997
0.000491737
0.000545472
0.000604718
0.000670043
0.000742069
0.000821484
0.000909038
0.00100556
0.00111195
0.0012292
0.00135839
0.00150071
0.00165746
0.00183004
0.00201997
0.00222893
0.0024587
0.00271121
0.00298852
0.00329284
0.00362647
0.00399183
0.0043914
0.00482763
0.00530293
0.00581945
0.00637893
0.0069824
0.00762977
0.00831924
0.00904641
0.00980315
0.0105759
0.0113435
0.0120742
0.0127217
0.0132216
0.013482
0.0133915
0.0127783
0.0115043
0.00924407
0.00600194
0.0011677
-0.0047371
-0.0124092
-0.020528
-0.0297151
-0.0342915
-0.0525525
-0.0493026
-0.329164
-0.626887
7.78159e-06
1.96876e-05
3.5359e-05
5.097e-05
6.94375e-05
8.91891e-05
0.000111354
0.000135465
0.000162062
0.000191119
0.000223006
0.000257905
0.000296169
0.000338106
0.000384115
0.00043461
0.000490067
0.000551007
0.000618008
0.00069171
0.000772819
0.000862114
0.000960452
0.00106878
0.00118814
0.00131969
0.00146467
0.00162449
0.00180067
0.00199488
0.00220898
0.00244498
0.00270511
0.00299181
0.00330773
0.0036558
0.00403921
0.00446144
0.0049263
0.0054379
0.00600075
0.00661969
0.00729996
0.00804719
0.00886741
0.00976701
0.0107527
0.0118315
0.0130106
0.0142971
0.0156978
0.0172191
0.018866
0.0206413
0.022545
0.0245718
0.0267093
0.0289345
0.031209
0.0334731
0.0356371
0.0375703
0.0390916
0.0399419
0.0398068
0.0382003
0.0347295
0.0284612
0.0193876
0.00572671
-0.0111494
-0.0333061
-0.0574694
-0.0854412
-0.101812
-0.148597
-0.128817
-0.469736
0.0579018
1.23839e-05
3.20009e-05
5.84292e-05
8.45987e-05
0.000115537
0.000148591
0.000185667
0.000225983
0.000270443
0.000319007
0.000372294
0.000430609
0.000494542
0.000564608
0.000641475
0.000725832
0.000818479
0.000920282
0.00103221
0.00115533
0.00129083
0.00144
0.00160428
0.00178525
0.00198465
0.0022044
0.00244661
0.0027136
0.00300792
0.00333238
0.00369007
0.00408435
0.00451896
0.00499795
0.00552578
0.00610734
0.00674796
0.00745347
0.00823022
0.00908511
0.0100256
0.01106
0.0121968
0.0134456
0.0148165
0.01632
0.0179676
0.0197709
0.0217419
0.0238926
0.0262345
0.0287781
0.0315318
0.0345006
0.0376841
0.0410739
0.044649
0.048371
0.0521754
0.055962
0.0595804
0.062811
0.0653487
0.066758
0.0665071
0.0637781
0.0579005
0.0473043
0.0319513
0.00884985
-0.0197357
-0.0572364
-0.0985022
-0.146399
-0.175615
-0.24676
-0.179236
-0.476414
-0.504772
1.69134e-05
4.42933e-05
8.14237e-05
0.0001182
0.000161593
0.000207951
0.000259902
0.000316385
0.000378651
0.000446658
0.000521265
0.000602905
0.000692403
0.000790482
0.000898077
0.00101615
0.00114583
0.00128832
0.00144498
0.0016173
0.00180694
0.00201572
0.00224563
0.00249891
0.00277797
0.00308551
0.00342447
0.0037981
0.00420998
0.00466402
0.00516454
0.00571626
0.00632438
0.00699459
0.00773312
0.00854679
0.00944306
0.0104301
0.0115167
0.0127126
0.0140283
0.015475
0.0170652
0.0188118
0.020729
0.0228317
0.0251357
0.0276573
0.0304133
0.0334203
0.0366946
0.0402508
0.0441007
0.0482513
0.0527023
0.057442
0.0624417
0.067648
0.0729719
0.0782742
0.0833463
0.0878831
0.0914606
0.0934723
0.0931757
0.0894302
0.0812886
0.0665557
0.0451381
0.012834
-0.0272896
-0.0800742
-0.138858
-0.207388
-0.251897
-0.35208
-0.254476
-0.666493
-0.953553
2.11972e-05
5.63199e-05
0.000104207
0.000151659
0.000207557
0.00026727
0.000334136
0.000406825
0.000486929
0.000574408
0.000670362
0.000775354
0.000890441
0.00101656
0.00115491
0.00130673
0.00147346
0.00165667
0.00185809
0.00207965
0.00232347
0.0025919
0.0028875
0.00321312
0.0035719
0.00396729
0.00440307
0.00488342
0.00541292
0.00599663
0.00664008
0.00734934
0.00813109
0.00899264
0.009942
0.0109879
0.01214
0.0134087
0.0148054
0.0163426
0.0180336
0.0198931
0.0219367
0.0241815
0.0266454
0.0293477
0.0323086
0.0355491
0.0390907
0.0429549
0.0471626
0.0517326
0.0566801
0.0620146
0.0677357
0.0738288
0.0802577
0.0869545
0.0938062
0.100635
0.107176
0.113038
0.11768
0.120325
0.120017
0.115294
0.104922
0.0860732
0.0585754
0.0169892
-0.0348539
-0.103288
-0.180369
-0.270466
-0.333277
-0.462508
-0.358756
-0.710559
-0.937891
2.53647e-05
6.82753e-05
0.000126885
0.000185059
0.000253466
0.000326553
0.000408329
0.000497219
0.000595141
0.000702069
0.000819337
0.000947642
0.00108827
0.00124238
0.00141142
0.00159693
0.00180064
0.00202449
0.00227058
0.00254128
0.00283917
0.00316711
0.00352826
0.00392608
0.00436441
0.00484744
0.00537983
0.00596665
0.00661352
0.00732659
0.00811263
0.00897905
0.00993399
0.0109864
0.012146
0.0134236
0.0148308
0.0163804
0.0180864
0.0199637
0.022029
0.0242999
0.0267957
0.029537
0.0325458
0.0358456
0.0394611
0.0434179
0.0477424
0.0524608
0.0575985
0.0631788
0.0692203
0.0757348
0.0827225
0.090166
0.0980221
0.106209
0.114591
0.122954
0.130976
0.138185
0.143923
0.147248
0.146994
0.141378
0.128873
0.106022
0.0725444
0.0217361
-0.0418638
-0.126178
-0.222249
-0.334815
-0.419094
-0.578454
-0.488364
-0.842951
-1.77867
2.93964e-05
8.01422e-05
0.000149452
0.00021839
0.000299317
0.0003858
0.000482488
0.00058758
0.000703311
0.000829674
0.000968234
0.00111983
0.00128597
0.00146803
0.00166772
0.00188686
0.0021275
0.00239192
0.00268262
0.00300238
0.00335426
0.00374163
0.00416822
0.00463813
0.00515588
0.00572643
0.00635527
0.00704839
0.00781243
0.00865465
0.00958303
0.0106063
0.0117342
0.0129771
0.0143467
0.0158555
0.0175173
0.0193473
0.0213618
0.0235787
0.0260175
0.028699
0.031646
0.0348828
0.0384354
0.0423315
0.0466002
0.0512718
0.0563775
0.0619483
0.0680143
0.0746031
0.081737
0.0894303
0.0976838
0.106478
0.115763
0.125444
0.135364
0.145272
0.154794
0.163378
0.170252
0.174311
0.174179
0.167756
0.153216
0.126465
0.0870878
0.0270787
-0.048366
-0.148868
-0.264694
-0.400725
-0.509557
-0.700106
-0.643472
-1.03418
-1.35274
3.33344e-05
9.19807e-05
0.000171943
0.000251681
0.000345121
0.000445011
0.000556599
0.000677881
0.000811395
0.000957163
0.00111698
0.00129181
0.00148341
0.00169335
0.00192363
0.00217632
0.00245382
0.00275871
0.00309392
0.00346262
0.00386836
0.00431503
0.00480691
0.00534873
0.00594571
0.00660357
0.00732862
0.00812779
0.00900871
0.00997975
0.0110501
0.0122299
0.0135302
0.0149632
0.0165421
0.0182815
0.0201972
0.0223068
0.0246291
0.0271846
0.0299957
0.0330866
0.0364834
0.0402142
0.0443089
0.0487994
0.0537193
0.0591036
0.0649881
0.0714088
0.0784005
0.0859951
0.0942189
0.103089
0.112606
0.12275
0.133465
0.144645
0.156109
0.167576
0.178619
0.188609
0.196664
0.20152
0.201593
0.194469
0.178015
0.147498
0.102335
0.0331818
-0.0541646
-0.171149
-0.307495
-0.468054
-0.604173
-0.824497
-0.786719
-1.10273
-1.49631
3.71883e-05
0.000103807
0.000194373
0.000284941
0.000390884
0.000504184
0.000630655
0.00076811
0.000919376
0.00108451
0.00126553
0.00146355
0.00168055
0.00191832
0.0021791
0.00246526
0.0027795
0.00312478
0.00350437
0.0039219
0.00438135
0.00488716
0.00544416
0.00605771
0.00673371
0.00747864
0.00829965
0.00920458
0.0102021
0.0113016
0.0125135
0.0138494
0.0153217
0.0169441
0.0187317
0.0207011
0.0228701
0.0252584
0.0278874
0.0307805
0.0339629
0.037462
0.0413072
0.0455304
0.0501655
0.0552486
0.0608177
0.0669124
0.0735735
0.0808416
0.0887565
0.0973544
0.106666
0.11671
0.127491
0.138985
0.151132
0.163814
0.176833
0.189875
0.202463
0.213896
0.223184
0.228909
0.229279
0.221573
0.20334
0.169204
0.118388
0.0401558
-0.0591456
-0.192926
-0.350578
-0.536832
-0.702952
-0.955334
-0.941115
-1.25527
-2.50533
4.09777e-05
0.000115645
0.000216761
0.000318181
0.000436608
0.000563316
0.000704645
0.000858246
0.00102722
0.00121168
0.00141385
0.001635
0.00187732
0.00214282
0.00243402
0.00275354
0.00310443
0.00348995
0.00391379
0.00437999
0.004893
0.00545776
0.00607968
0.00676473
0.00751951
0.00835125
0.00926791
0.0102783
0.0113919
0.0126195
0.0139726
0.015464
0.0171077
0.018919
0.0209147
0.0231132
0.0255345
0.0282007
0.0311355
0.0343649
0.0379173
0.041823
0.0461151
0.050829
0.0560026
0.0616761
0.0678921
0.0746949
0.0821298
0.0902426
0.0990778
0.108676
0.119073
0.13029
0.142332
0.155177
0.168758
0.182949
0.197533
0.212167
0.226327
0.239243
0.249823
0.256496
0.257269
0.249113
0.229255
0.191674
0.135359
0.0481367
-0.0631533
-0.214044
-0.393792
-0.606953
-0.805765
-1.09718
-1.11585
-1.50376
-2.26981
4.47143e-05
0.00012751
0.000239118
0.00035141
0.000482297
0.000622403
0.000778558
0.000948272
0.00113491
0.00133864
0.00156189
0.00180609
0.00207365
0.00236679
0.0026883
0.00304108
0.00342847
0.00385411
0.00432205
0.00483674
0.00540312
0.00602663
0.00671324
0.00746955
0.00830282
0.00922106
0.010233
0.0113484
0.0125779
0.0139331
0.0154268
0.0170732
0.0188877
0.0208871
0.0230901
0.0255169
0.0281897
0.0311326
0.034372
0.0379365
0.0418574
0.0461683
0.0509055
0.0561082
0.0618182
0.06808
0.0749404
0.0824485
0.0906546
0.0996092
0.109362
0.119958
0.131437
0.143825
0.157128
0.171323
0.186341
0.202047
0.218209
0.234454
0.250218
0.264662
0.276596
0.284305
0.285595
0.277138
0.255828
0.214993
0.153358
0.0572572
-0.0660361
-0.234352
-0.436991
-0.678289
-0.912444
-1.24603
-1.28712
-1.62498
-2.18149
4.84103e-05
0.000139414
0.000261457
0.000384635
0.00052795
0.000681439
0.000852381
0.00103817
0.00124242
0.00146535
0.00170961
0.00197676
0.00226947
0.00259015
0.00294185
0.00332775
0.00375151
0.0042171
0.00472896
0.00529197
0.00591151
0.00659353
0.00734457
0.00817186
0.00908333
0.0100877
0.0111946
0.0124147
0.0137595
0.0152418
0.0168756
0.0186763
0.0206609
0.0228477
0.0252571
0.0279113
0.0308344
0.0340529
0.0375957
0.041494
0.0457818
0.0504961
0.0556766
0.061366
0.0676102
0.0744577
0.08196
0.0901706
0.0991448
0.108938
0.119605
0.131196
0.143755
0.157311
0.171873
0.18742
0.203879
0.221107
0.238859
0.256737
0.274136
0.290157
0.303515
0.312356
0.314291
0.305694
0.283122
0.239248
0.172498
0.0676574
-0.0676284
-0.253679
-0.480003
-0.750699
-1.02294
-1.40161
-1.45657
-1.8301
-2.72494
5.20752e-05
0.000151365
0.000283786
0.00041786
0.000573568
0.000740417
0.000926101
0.00112791
0.0013497
0.00159176
0.00185695
0.00214698
0.00246471
0.00281281
0.00319457
0.00361345
0.00407342
0.0045788
0.00513439
0.00574549
0.00641796
0.00715824
0.00797344
0.0088714
0.00986071
0.0109509
0.0121523
0.0134766
0.0149362
0.016545
0.0183183
0.0202727
0.0224266
0.0248
0.0274149
0.0302954
0.0334678
0.0369607
0.0408053
0.0450358
0.049689
0.0548049
0.0604266
0.0666005
0.0733764
0.0808071
0.0889484
0.0978585
0.107598
0.118226
0.129804
0.142387
0.156022
0.170744
0.186565
0.203464
0.221367
0.240126
0.259481
0.279015
0.298086
0.315736
0.330593
0.34067
0.343384
0.334824
0.311199
0.264527
0.192894
0.0794811
-0.0677565
-0.27184
-0.522638
-0.824055
-1.1374
-1.56076
-1.63339
-2.03906
-2.74802
5.57174e-05
0.00016337
0.000306114
0.000451088
0.000619149
0.00079933
0.000999703
0.00121748
0.00145674
0.00171786
0.00200387
0.00231666
0.00265932
0.00303471
0.00344638
0.00389808
0.00439409
0.00493905
0.00553816
0.00619713
0.00692228
0.00772054
0.0085996
0.00956788
0.0106347
0.0118102
0.0131058
0.0145337
0.0161075
0.0178423
0.0197543
0.0218617
0.0241841
0.0267432
0.0295626
0.0326684
0.0360887
0.0398546
0.0439998
0.0485608
0.0535775
0.0590929
0.0651537
0.0718098
0.0791148
0.0871258
0.0959031
0.10551
0.11601
0.127471
0.139956
0.153527
0.168236
0.184122
0.201201
0.219452
0.238803
0.2591
0.280075
0.301289
0.322069
0.341404
0.357839
0.369262
0.372905
0.364572
0.340122
0.290915
0.21466
0.0928773
-0.0662363
-0.288635
-0.564685
-0.898251
-1.25569
-1.72524
-1.82532
-2.2621
-2.99039
5.93436e-05
0.000175431
0.000328444
0.00048432
0.000664689
0.000858167
0.00107317
0.00130686
0.00156351
0.00184359
0.00215032
0.00248577
0.00285321
0.00325575
0.00369718
0.00418153
0.00471338
0.00529772
0.00594013
0.00664672
0.00742426
0.00828021
0.00922278
0.010261
0.0114049
0.0126654
0.0140545
0.0155855
0.0172731
0.0191331
0.0211832
0.0234427
0.0259327
0.0286765
0.0316994
0.0350292
0.0386962
0.0427337
0.0471777
0.0520675
0.0574457
0.0633587
0.0698562
0.0769919
0.0848233
0.0934117
0.102822
0.113121
0.12438
0.136669
0.150058
0.164613
0.180393
0.19744
0.215775
0.23538
0.256183
0.278028
0.300637
0.323557
0.346086
0.367165
0.385263
0.39815
0.402877
0.394977
0.369948
0.318497
0.237913
0.107999
-0.0628734
-0.303844
-0.60591
-0.973116
-1.37778
-1.90185
-2.01897
-2.5438
-3.21985
6.29599e-05
0.000187551
0.000350781
0.000517556
0.000710184
0.000916919
0.00114649
0.00139601
0.00166997
0.00196891
0.00229626
0.00265423
0.00304633
0.00347586
0.00394688
0.00446369
0.00503118
0.00565468
0.00634013
0.00709407
0.00792372
0.00883703
0.00984276
0.0109506
0.0121711
0.013516
0.0149982
0.0166318
0.0184324
0.020417
0.0226043
0.0250151
0.0276718
0.0305992
0.0338244
0.0373769
0.0412893
0.0455968
0.0503379
0.0555546
0.0612924
0.0676005
0.0745323
0.0821449
0.0904998
0.0996624
0.109702
0.12069
0.132703
0.145817
0.160106
0.175642
0.192489
0.210695
0.230284
0.251244
0.273503
0.296904
0.321164
0.345817
0.370136
0.393022
0.412872
0.427347
0.433326
0.426077
0.400736
0.347357
0.262769
0.125006
-0.0574624
-0.317229
-0.646046
-1.04841
-1.50407
-2.08481
-2.2076
-2.81232
-3.37317
6.65709e-05
0.000199731
0.000373127
0.000550794
0.000755629
0.000975575
0.00121964
0.00148492
0.00177609
0.00209379
0.00244163
0.002822
0.00323859
0.00369495
0.00419538
0.00474445
0.00534736
0.00600978
0.00673802
0.00753902
0.00842045
0.00939076
0.0104593
0.0116362
0.0129329
0.0143618
0.0159365
0.017672
0.0195849
0.0216933
0.0240172
0.0265783
0.0294007
0.0325106
0.0359368
0.0397108
0.0438669
0.0484428
0.0534792
0.0590208
0.0651159
0.0718169
0.0791802
0.0872669
0.0961422
0.105876
0.116541
0.128215
0.140978
0.154912
0.170097
0.18661
0.20452
0.223882
0.244725
0.26704
0.290759
0.315726
0.341654
0.368067
0.39422
0.418975
0.44067
0.456865
0.464272
0.457907
0.432541
0.377577
0.289345
0.144059
-0.0497878
-0.328531
-0.684798
-1.12392
-1.63472
-2.27296
-2.41077
-3.08399
-3.7558
7.01807e-05
0.000211971
0.000395483
0.000584031
0.000801015
0.00103412
0.00129261
0.00157356
0.00188184
0.00221818
0.00258639
0.002989
0.00342993
0.00391294
0.00444259
0.00502371
0.00566181
0.00636289
0.00713363
0.00798138
0.00891426
0.00994121
0.0110721
0.0123177
0.0136901
0.0152024
0.016869
0.0187058
0.0207303
0.0229617
0.0254211
0.0281316
0.0311186
0.0344098
0.0380358
0.0420297
0.0464281
0.0512705
0.0566004
0.0624648
0.0689149
0.0760062
0.0837984
0.0923562
0.101749
0.112049
0.123337
0.135692
0.149201
0.163951
0.180027
0.197513
0.216483
0.236998
0.259093
0.282764
0.307947
0.334489
0.362102
0.390304
0.418334
0.445027
0.468664
0.486714
0.495736
0.490501
0.465414
0.409239
0.317758
0.165324
-0.0396232
-0.33747
-0.721835
-1.19934
-1.76988
-2.47331
-2.63379
-3.42289
-4.08233
7.37925e-05
0.000224269
0.00041785
0.000617263
0.000846337
0.00109254
0.00136537
0.0016619
0.00198718
0.00234205
0.00273048
0.00315518
0.00362029
0.00412976
0.00468841
0.00530136
0.00597439
0.00671386
0.00752681
0.00842098
0.00940494
0.0104881
0.0116809
0.0129948
0.0144424
0.0160374
0.0177953
0.0197327
0.021868
0.0242216
0.0268156
0.0296745
0.0328249
0.0362962
0.0401205
0.0443329
0.0489718
0.054079
0.0597003
0.0658853
0.0726879
0.0801668
0.088385
0.0974106
0.107317
0.118181
0.130086
0.143119
0.15737
0.172931
0.189894
0.208348
0.228374
0.250038
0.273383
0.298411
0.325062
0.353188
0.382504
0.412524
0.442477
0.471175
0.496854
0.516902
0.527732
0.523887
0.499405
0.44242
0.348124
0.188973
-0.0267315
-0.343748
-0.756795
-1.27431
-1.90994
-2.68489
-2.87775
-3.78376
-4.36873
7.74088e-05
0.000236625
0.000440227
0.000650485
0.000891586
0.00115083
0.0014379
0.00174992
0.00209208
0.00246534
0.00287385
0.00332048
0.00380958
0.00434531
0.00493276
0.00557728
0.006285
0.00706257
0.0079174
0.00885765
0.00989232
0.0110313
0.0122856
0.0136672
0.0151894
0.0168666
0.0187151
0.0207523
0.0229977
0.0254725
0.0282002
0.0312063
0.0345189
0.038169
0.0421902
0.0466194
0.0514971
0.0568671
0.0627777
0.0692809
0.0764336
0.0842972
0.0929383
0.102428
0.112845
0.124269
0.136788
0.150494
0.165481
0.181849
0.199693
0.219111
0.240188
0.262999
0.287592
0.313976
0.3421
0.37182
0.402855
0.434722
0.466644
0.497418
0.525241
0.547433
0.560274
0.558092
0.53456
0.477195
0.380557
0.215177
-0.0108652
-0.347047
-0.789281
-1.34842
-2.05502
-2.90865
-3.14989
-4.1921
-4.75942
8.10315e-05
0.000249034
0.000462611
0.000683691
0.000936751
0.00120897
0.00151019
0.00183759
0.00219651
0.00258802
0.00301645
0.00348484
0.00399773
0.00455952
0.00517552
0.00585138
0.0065935
0.00740886
0.00830524
0.00929121
0.0103762
0.0115706
0.0128859
0.0143346
0.0159308
0.0176896
0.019628
0.0217642
0.0241188
0.026714
0.0295742
0.0327264
0.0362001
0.0400275
0.044244
0.0488884
0.0540029
0.0596338
0.0658313
0.0726503
0.0801503
0.0883959
0.0974567
0.107408
0.11833
0.13031
0.143439
0.157813
0.173533
0.190701
0.209423
0.229799
0.251923
0.275877
0.301715
0.329456
0.359055
0.390378
0.423149
0.456893
0.490831
0.523751
0.553823
0.578311
0.593372
0.593139
0.57092
0.513637
0.415171
0.244111
0.008234
-0.347022
-0.818852
-1.42118
-2.20526
-3.14587
-3.4567
-4.64191
-5.15444
8.46621e-05
0.000261496
0.000485
0.000716874
0.000981822
0.00126693
0.00158221
0.00192488
0.00230042
0.00271005
0.00315823
0.0036482
0.00418468
0.00477231
0.00541662
0.00612355
0.00689977
0.00775261
0.0086902
0.00972149
0.0108563
0.0121057
0.0134814
0.0149968
0.0166664
0.0185061
0.0205336
0.0227681
0.0252309
0.0279454
0.0309371
0.0342342
0.0378676
0.0418709
0.0462812
0.051139
0.0564885
0.062378
0.0688602
0.0759924
0.0838369
0.0924612
0.101938
0.112347
0.123772
0.136303
0.150037
0.165074
0.181521
0.199486
0.219079
0.240408
0.263575
0.288667
0.315748
0.344845
0.375923
0.408856
0.443382
0.479031
0.515031
0.550169
0.582598
0.609536
0.627034
0.629046
0.608524
0.551813
0.452075
0.275952
0.0308326
-0.343288
-0.844998
-1.49202
-2.36041
-3.39852
-3.80477
-5.14027
-5.57424
8.83016e-05
0.000274006
0.000507391
0.000750028
0.00102679
0.00132472
0.00165395
0.00201177
0.00240379
0.00283137
0.00329913
0.00381048
0.00437035
0.00498358
0.00565596
0.00639367
0.00720369
0.00809367
0.0090721
0.0101483
0.0113326
0.0126364
0.0140721
0.0156535
0.0173959
0.0193158
0.0214316
0.0237635
0.0263336
0.0291664
0.0322885
0.0357292
0.0395208
0.0436985
0.0483009
0.0533702
0.0589526
0.0650986
0.071863
0.0793058
0.0874918
0.0964917
0.106382
0.117244
0.129167
0.142245
0.156579
0.172275
0.189443
0.208199
0.228658
0.250935
0.275138
0.301364
0.329685
0.360137
0.392697
0.42725
0.463546
0.501128
0.539237
0.576665
0.611559
0.641104
0.661263
0.665827
0.647404
0.591786
0.491373
0.310874
0.0572005
-0.335416
-0.86712
-1.56022
-2.52019
-3.66808
-4.1836
-5.69546
-6.05231
9.19505e-05
0.000286562
0.00052978
0.000783142
0.00107164
0.0013823
0.00172536
0.00209821
0.00250657
0.00295194
0.00343911
0.00397164
0.00455468
0.00519327
0.00589344
0.00666164
0.00750514
0.00843192
0.0094508
0.0105715
0.0118048
0.0131625
0.0146576
0.0163045
0.0181189
0.0201182
0.0223216
0.02475
0.0274265
0.0303764
0.0336277
0.0372108
0.0411592
0.0455096
0.0503023
0.0555813
0.0613945
0.0677946
0.0748387
0.0825892
0.0911138
0.100486
0.110785
0.122097
0.134514
0.148135
0.163064
0.179412
0.197297
0.216837
0.238156
0.261375
0.28661
0.313965
0.343523
0.375329
0.409372
0.445552
0.483634
0.523178
0.563441
0.603231
0.640697
0.67301
0.696058
0.703493
0.68759
0.633615
0.533168
0.349051
0.0876047
-0.322955
-0.884527
-1.62491
-2.68439
-3.95285
-4.59047
-6.31456
-6.55551
9.5609e-05
0.000299161
0.000552161
0.00081621
0.00111636
0.00143966
0.00179644
0.00218418
0.00260873
0.00307173
0.0035781
0.00413161
0.00473758
0.00540128
0.00612896
0.00692735
0.00780401
0.00876721
0.00982615
0.0109909
0.0122727
0.0136838
0.0152377
0.0169494
0.0188352
0.0209132
0.0232033
0.0257272
0.028509
0.0315751
0.0349542
0.0386783
0.042782
0.0473036
0.0522848
0.0577713
0.0638132
0.0704649
0.0777861
0.0858414
0.0947013
0.104442
0.115147
0.126904
0.139811
0.153969
0.169488
0.186484
0.205079
0.225399
0.247571
0.271726
0.297986
0.326465
0.357255
0.390414
0.425942
0.463756
0.503638
0.545171
0.587634
0.629856
0.670004
0.705246
0.731415
0.742049
0.729102
0.677351
0.577553
0.39065
0.122308
-0.305449
-0.896465
-1.68509
-2.85253
-4.2522
-5.04328
-7.00092
-7.08054
9.92771e-05
0.000311797
0.00057453
0.000849222
0.00116093
0.00149678
0.00186716
0.00226965
0.00271024
0.00319067
0.00371606
0.00429033
0.00491899
0.00560752
0.00636244
0.00719071
0.00810016
0.00909942
0.010198
0.0114064
0.0127362
0.0142001
0.0158122
0.017588
0.0195445
0.0217004
0.0240763
0.0266948
0.0295809
0.0327618
0.0362676
0.0401311
0.0443886
0.0490796
0.0542474
0.0599395
0.0662077
0.0731086
0.080704
0.0890612
0.0982531
0.108359
0.119465
0.131664
0.145056
0.159746
0.17585
0.193488
0.212787
0.233879
0.256899
0.281983
0.309263
0.33886
0.370878
0.405386
0.442401
0.481855
0.523551
0.567098
0.611804
0.656529
0.699466
0.737798
0.767326
0.781493
0.771958
0.723039
0.624616
0.435833
0.161568
-0.282441
-0.902142
-1.73962
-3.0238
-4.56698
-5.54647
-7.75766
-7.69614
0.000102954
0.000324469
0.000596882
0.000882167
0.00120535
0.00155364
0.00193749
0.00235459
0.00281104
0.00330873
0.00385292
0.00444772
0.00509882
0.00581193
0.00659378
0.00745159
0.00839349
0.0094284
0.0105662
0.0118177
0.013195
0.0147112
0.0163809
0.0182202
0.0202465
0.0224795
0.0249403
0.0276524
0.0306416
0.0339361
0.0375672
0.0415688
0.0459785
0.0508371
0.0561895
0.062085
0.0685771
0.0757246
0.0835914
0.0922473
0.101768
0.112235
0.123739
0.136375
0.150246
0.165464
0.182147
0.200421
0.220418
0.242276
0.266137
0.292143
0.320436
0.351145
0.384386
0.420241
0.458742
0.49984
0.543364
0.58895
0.63594
0.683236
0.729069
0.770653
0.803777
0.821821
0.816166
0.770716
0.674437
0.484753
0.205636
-0.253461
-0.900739
-1.78722
-3.19723
-4.8964
-6.10215
-8.60004
-8.26183
0.00010664
0.000337172
0.000619209
0.000915035
0.0012496
0.00161022
0.0020074
0.00243897
0.0029111
0.00342586
0.00398864
0.00460373
0.00527702
0.00601441
0.00682288
0.00770989
0.00868387
0.00975402
0.0109306
0.0122247
0.013649
0.0152169
0.0169435
0.0188455
0.020941
0.0232501
0.0257948
0.0285995
0.0316907
0.0350977
0.0388526
0.0429908
0.0475509
0.0525752
0.0581103
0.0642069
0.0709205
0.0783119
0.0864472
0.0953985
0.105244
0.116069
0.127966
0.141034
0.155381
0.171121
0.188377
0.207281
0.22797
0.250587
0.275281
0.302203
0.3315
0.363316
0.397774
0.434972
0.474958
0.517705
0.563068
0.610714
0.660029
0.709961
0.758795
0.803791
0.840752
0.863021
0.861731
0.820411
0.727086
0.53755
0.25475
-0.218028
-0.89142
-1.82653
-3.37153
-5.23971
-6.71774
-9.53723
-8.73614
0.000110334
0.000349903
0.000641507
0.000947815
0.00129366
0.00166651
0.00207688
0.00252274
0.00301038
0.00354201
0.00412316
0.0047583
0.0054535
0.00621489
0.00704965
0.00796551
0.00897118
0.0100762
0.011291
0.0126273
0.0140979
0.0157169
0.0174998
0.0194638
0.0216276
0.024012
0.0266397
0.0295358
0.0327278
0.0362459
0.0401233
0.0443964
0.0491052
0.0542934
0.060009
0.0663044
0.073237
0.0808695
0.0892702
0.0985136
0.108681
0.119859
0.132145
0.145641
0.160457
0.176714
0.194538
0.214065
0.235438
0.258807
0.284328
0.312157
0.342453
0.375367
0.411037
0.449573
0.491042
0.535441
0.582652
0.63238
0.684057
0.736689
0.788623
0.837191
0.878227
0.905075
0.908645
0.872143
0.782621
0.594353
0.309133
-0.175655
-0.873241
-1.85604
-3.54507
-5.59554
-7.40815
-10.5876
-9.42158
0.000114034
0.000362657
0.000663766
0.000980497
0.00133752
0.00172247
0.00214588
0.00260588
0.00310884
0.00365713
0.00425642
0.00491136
0.0056282
0.00641327
0.007274
0.00821835
0.0092553
0.0103947
0.0116473
0.0130253
0.0145417
0.0162111
0.0180496
0.0200748
0.0223061
0.0247648
0.0274745
0.030461
0.0337525
0.0373804
0.0413788
0.0457852
0.0506409
0.055991
0.0618849
0.0683767
0.0755257
0.0833964
0.0920594
0.101591
0.112076
0.123604
0.136274
0.150193
0.165474
0.182241
0.200627
0.220771
0.242822
0.266935
0.293274
0.322003
0.35329
0.387295
0.424169
0.464038
0.506988
0.55304
0.602107
0.653935
0.708009
0.763399
0.818533
0.870825
0.916177
0.947958
0.956897
0.925921
0.841089
0.655272
0.368984
-0.125864
-0.845016
-1.87384
-3.71561
-5.96281
-8.18508
-11.7583
-9.96983
0.000117739
0.000375431
0.000685981
0.00101307
0.00138116
0.00177808
0.00221439
0.00268836
0.00320644
0.00377117
0.00438836
0.00506284
0.00580103
0.00660948
0.00749583
0.00846829
0.00953612
0.0107094
0.0119994
0.0134184
0.0149801
0.0166993
0.0185927
0.0206783
0.0229762
0.0255083
0.0282989
0.0313746
0.0347645
0.0385007
0.0426185
0.0471566
0.0521573
0.0576672
0.0637372
0.0704231
0.0777857
0.0858916
0.0948136
0.104631
0.115429
0.127303
0.140353
0.154689
0.170429
0.187701
0.206642
0.227396
0.250117
0.274968
0.302117
0.331738
0.364006
0.399094
0.437165
0.478361
0.522788
0.570492
0.621421
0.675365
0.731867
0.790072
0.848498
0.904666
0.954567
0.991639
1.00646
0.981744
0.902525
0.720399
0.434469
-0.0682308
-0.805405
-1.87754
-3.88032
-6.33933
-9.05964
-13.0649
-10.7738
0.000121448
0.00038822
0.000708143
0.00104552
0.00142456
0.00183333
0.00228238
0.00277013
0.00330314
0.00388409
0.00451894
0.00521268
0.00597193
0.00680343
0.00771504
0.00871524
0.00981352
0.0110203
0.0123471
0.0138066
0.0154129
0.0171812
0.0191287
0.021274
0.0236376
0.0262422
0.0291126
0.0322763
0.0357632
0.0396063
0.043842
0.04851
0.0536539
0.0593215
0.0655653
0.0724426
0.0800161
0.0883543
0.0975319
0.107631
0.118739
0.130953
0.144378
0.159126
0.17532
0.193092
0.21258
0.233937
0.257321
0.282901
0.310852
0.341356
0.374597
0.41076
0.45002
0.492535
0.538434
0.587789
0.640584
0.696658
0.755615
0.816685
0.878492
0.93868
0.993361
1.03608
1.05731
1.0396
0.966949
0.789802
0.50571
-0.00239835
-0.753201
-1.8645
-4.03563
-6.72195
-10.0454
-14.5466
-11.7218
0.000125159
0.000401021
0.000730244
0.00107783
0.0014677
0.00188819
0.00234981
0.00285117
0.00339889
0.00399583
0.00464809
0.00536082
0.00614082
0.00699505
0.00793156
0.00895909
0.0100874
0.0113272
0.0126903
0.0141897
0.01584
0.0176568
0.0196576
0.0218617
0.0242901
0.0269661
0.0299153
0.0331657
0.0367483
0.0406969
0.0450488
0.0498449
0.05513
0.0609532
0.0673684
0.0744346
0.0822161
0.0907833
0.100213
0.11059
0.122003
0.134554
0.148349
0.163505
0.180146
0.19841
0.21844
0.240393
0.264432
0.290733
0.319477
0.350855
0.38506
0.422288
0.462727
0.506555
0.553919
0.604922
0.659584
0.717797
0.779234
0.843216
0.908484
0.972829
1.03252
1.08123
1.1094
1.09946
1.03436
0.863526
0.58278
0.0719182
-0.68736
-1.83201
-4.17754
-7.10592
-11.1612
-16.2169
-12.8661
0.000128871
0.00041383
0.000752276
0.00110999
0.00151058
0.00194264
0.00241666
0.00293143
0.00349366
0.00410635
0.00477575
0.00550719
0.00630763
0.00718424
0.00814528
0.00919973
0.0103576
0.0116299
0.0130288
0.0145676
0.0162611
0.0181257
0.0201791
0.0224411
0.0249334
0.0276798
0.0307066
0.0340426
0.0377194
0.041772
0.0462385
0.0511608
0.0565851
0.0625617
0.0691459
0.0763982
0.0843848
0.0931779
0.102857
0.113507
0.125222
0.138104
0.152264
0.167822
0.184905
0.203655
0.22422
0.24676
0.271447
0.298459
0.327988
0.36023
0.39539
0.433673
0.475282
0.520412
0.569234
0.621879
0.678409
0.738768
0.802704
0.869637
0.938441
1.00707
1.07198
1.12704
1.16269
1.16129
1.10476
0.941585
0.665693
0.154912
-0.606861
-1.77729
-4.30162
-7.48542
-12.4411
-18.1064
-14.2265
0.00013258
0.000426643
0.00077423
0.00114199
0.00155316
0.00199665
0.00248289
0.00301088
0.00358739
0.0042156
0.00490187
0.00565173
0.00647229
0.00737092
0.00835612
0.00943707
0.0106241
0.0119283
0.0133624
0.01494
0.0166762
0.0185878
0.020693
0.0230121
0.0255673
0.028383
0.0314862
0.0349064
0.0386762
0.0428311
0.0474105
0.0524572
0.0580186
0.0641463
0.070897
0.0783327
0.0865214
0.095537
0.105461
0.116381
0.128393
0.141603
0.156122
0.172076
0.189595
0.208824
0.229916
0.253037
0.278362
0.306078
0.336382
0.369479
0.405582
0.44491
0.487679
0.534102
0.584372
0.638653
0.697047
0.759555
0.826005
0.895923
0.968329
1.04137
1.1117
1.17345
1.2171
1.22504
1.17811
1.02397
0.754398
0.246658
-0.510748
-1.69725
-4.40211
-7.85395
-13.922
-20.266
-15.8066
0.000136286
0.000439457
0.000796097
0.00117382
0.00159543
0.00205019
0.00254848
0.00308949
0.00368005
0.00432353
0.0050264
0.00579436
0.00663472
0.00755503
0.00856398
0.009671
0.0108866
0.0122224
0.0136911
0.0153069
0.0170851
0.0190429
0.0211991
0.0235743
0.0261914
0.0290754
0.0322538
0.035757
0.0396182
0.0438739
0.0485643
0.0537336
0.0594299
0.0657064
0.072621
0.0802374
0.088625
0.0978598
0.108025
0.119211
0.131516
0.145047
0.159922
0.176265
0.194214
0.213915
0.235528
0.259221
0.285176
0.313586
0.344655
0.378596
0.415633
0.455994
0.499912
0.547616
0.599325
0.655232
0.715484
0.780142
0.849114
0.922045
0.99811
1.07566
1.15162
1.22038
1.27256
1.29064
1.25438
1.11063
0.848768
0.347073
-0.398255
-1.58788
-4.47055
-8.20256
-15.647
-22.7154
-17.5719
0.000139986
0.000452266
0.000817868
0.00120546
0.00163737
0.00210325
0.00261339
0.00316721
0.00377159
0.00443008
0.00514927
0.00593504
0.00679485
0.00773646
0.00876877
0.00990143
0.0111452
0.012512
0.0140148
0.015668
0.0174875
0.0194908
0.0216971
0.0241276
0.0268056
0.0297567
0.0330091
0.0365939
0.040545
0.0448999
0.0496997
0.0549894
0.0608186
0.0672414
0.0743174
0.0821114
0.0906948
0.100145
0.110548
0.121995
0.134588
0.148437
0.163661
0.180388
0.19876
0.218927
0.241052
0.26531
0.291886
0.320981
0.352805
0.38758
0.425538
0.466921
0.511975
0.560948
0.614084
0.671607
0.733709
0.800511
0.872011
0.947973
1.02774
1.10991
1.19167
1.26775
1.32899
1.35801
1.33349
1.20151
0.948594
0.455875
-0.268978
-1.44509
-4.49637
-8.52007
-17.6611
-25.5201
-19.5842
0.000143676
0.000465067
0.000839531
0.00123689
0.00167896
0.00215579
0.00267759
0.003244
0.00386197
0.0045352
0.00527043
0.00607369
0.00695262
0.00791515
0.0089704
0.0101282
0.0113997
0.0127969
0.0143332
0.0160232
0.0178833
0.0199314
0.0221869
0.0246717
0.0274096
0.0304267
0.0337519
0.0374168
0.0414564
0.0459088
0.050816
0.0562242
0.062184
0.0687508
0.0759853
0.0839542
0.0927301
0.102393
0.113029
0.124734
0.13761
0.151771
0.167338
0.184444
0.203232
0.223857
0.246487
0.2713
0.298489
0.328259
0.360827
0.396425
0.435293
0.477685
0.523863
0.574092
0.62864
0.687767
0.751706
0.820646
0.894671
0.973677
1.05719
1.14404
1.23177
1.31548
1.3863
1.42706
1.41539
1.29649
1.05358
0.572544
-0.122872
-1.26539
-4.4683
-8.79396
-20.0355
-28.7279
-21.8854
0.000147354
0.000477856
0.000861078
0.0012681
0.00172017
0.00220779
0.00274106
0.00331983
0.00395114
0.00463885
0.00538981
0.00621024
0.00710793
0.00809101
0.00916878
0.0103514
0.01165
0.013077
0.0146462
0.0163725
0.0182724
0.0203644
0.0226683
0.0252065
0.0280031
0.031085
0.0344817
0.0382254
0.0423519
0.0469
0.0519129
0.0574375
0.0635256
0.0702338
0.0776242
0.0857648
0.0947301
0.104601
0.115467
0.127425
0.14058
0.155047
0.170952
0.18843
0.207628
0.228704
0.25183
0.277191
0.304983
0.335417
0.368719
0.405128
0.444894
0.488283
0.53557
0.58704
0.642987
0.703701
0.769464
0.840528
0.917071
0.999122
1.0864
1.17801
1.27184
1.36346
1.44436
1.49768
1.49999
1.39547
1.16336
0.696281
0.0396164
-1.04586
-4.37292
-9.01194
-22.8451
-32.3917
-24.5475
0.000151017
0.000490629
0.000882496
0.00129907
0.001761
0.00225922
0.00280374
0.00339467
0.00403906
0.00474097
0.00550737
0.00634464
0.00726073
0.00826396
0.00936383
0.0105707
0.011896
0.0133523
0.0149537
0.0167155
0.0186546
0.0207896
0.0231411
0.0257316
0.028586
0.0317315
0.0351983
0.0390194
0.0432311
0.0478733
0.0529899
0.0586288
0.0648429
0.07169
0.0792334
0.0875427
0.0966938
0.10677
0.117861
0.130068
0.143496
0.158265
0.174502
0.192345
0.211946
0.233466
0.25708
0.282979
0.311364
0.342453
0.376478
0.413685
0.454336
0.498708
0.54709
0.599786
0.657114
0.719399
0.786969
0.86014
0.939187
1.02428
1.11533
1.21175
1.31181
1.41159
1.50305
1.56975
1.58718
1.49829
1.27745
0.82598
0.217386
-0.784519
-4.19407
-9.15416
-26.1679
-36.5797
-27.4192
0.000154662
0.000503382
0.000903776
0.0013298
0.0018014
0.00231005
0.00286562
0.00346846
0.00412568
0.00484151
0.00562304
0.00647682
0.00741095
0.00843393
0.00955546
0.0107861
0.0121375
0.0136226
0.0152557
0.0170523
0.0190297
0.021207
0.0236051
0.0262469
0.0291579
0.0323659
0.0359015
0.0397985
0.0440938
0.0488283
0.0540466
0.0597976
0.0661353
0.0731187
0.0808124
0.0892872
0.0986207
0.108898
0.120211
0.132661
0.146358
0.161423
0.177986
0.196189
0.216184
0.23814
0.262235
0.288663
0.317631
0.349364
0.3841
0.422094
0.463616
0.508956
0.558417
0.612323
0.671015
0.734851
0.804206
0.879463
0.960993
1.04911
1.14394
1.24519
1.35158
1.45975
1.56224
1.64312
1.67687
1.6048
1.39532
0.9602
0.408514
-0.480987
-3.91488
-9.18098
-30.0975
-41.2894
-30.5391
0.000158285
0.00051611
0.000924906
0.00136025
0.00184137
0.00236026
0.00292666
0.00354117
0.00421096
0.00494043
0.00573677
0.00660672
0.00755851
0.00860084
0.00974358
0.0109975
0.0123745
0.0138878
0.0155518
0.0173826
0.0193976
0.0216163
0.02406
0.0267522
0.0297186
0.0329878
0.0365909
0.0405622
0.0449396
0.0497646
0.0550825
0.0609435
0.0674024
0.0745194
0.0823604
0.0909976
0.10051
0.110984
0.122514
0.135204
0.149165
0.16452
0.181403
0.199958
0.220342
0.242725
0.267292
0.294239
0.323781
0.356147
0.391582
0.430349
0.47273
0.519022
0.569547
0.624644
0.68468
0.750045
0.821162
0.898479
0.982465
1.07358
1.17217
1.27826
1.39105
1.50781
1.62176
1.71764
1.76894
1.71486
1.51635
1.09715
0.61009
-0.136635
-3.51652
-9.03757
-34.6519
-46.3551
-34.075
0.000161882
0.00052881
0.000945873
0.00139042
0.00188087
0.00240981
0.00298682
0.00361277
0.00429485
0.00503766
0.0058485
0.00673426
0.00770334
0.0087646
0.00992811
0.0112048
0.0126069
0.0141477
0.0158421
0.0177063
0.0197581
0.0220174
0.0245058
0.0272472
0.030268
0.0335971
0.0372662
0.0413105
0.0457682
0.0506817
0.0560973
0.0620661
0.0686437
0.0758916
0.0838769
0.0926731
0.102361
0.113028
0.124771
0.137695
0.151915
0.167555
0.184751
0.203652
0.224417
0.24722
0.272249
0.299707
0.329812
0.362799
0.398921
0.438449
0.481672
0.528902
0.580472
0.636742
0.698101
0.764972
0.837823
0.91717
1.00358
1.09765
1.19997
1.31089
1.43011
1.55562
1.68145
1.79312
1.86328
1.82832
1.63991
1.23468
0.817965
0.244499
-2.97521
-8.65373
-39.6924
-51.4669
-37.6679
0.000165448
0.000541477
0.000966665
0.00142028
0.00191989
0.00245868
0.00304606
0.0036832
0.00437731
0.00513316
0.00595818
0.0068594
0.00784537
0.00892514
0.010109
0.011408
0.0128345
0.0144023
0.0161264
0.0180232
0.0201111
0.02241
0.0249422
0.0277318
0.0308058
0.0341935
0.0379273
0.0420428
0.0465792
0.0515794
0.0570906
0.0631648
0.0698587
0.0772347
0.0853613
0.0943132
0.104173
0.115029
0.126981
0.140134
0.154607
0.170526
0.18803
0.207269
0.228407
0.251622
0.277104
0.305063
0.33572
0.369317
0.406114
0.446388
0.49044
0.538591
0.591189
0.648611
0.711269
0.779621
0.854177
0.935517
1.02431
1.12129
1.22728
1.343
1.46867
1.60305
1.74111
1.86939
1.95978
1.94508
1.76533
1.37025
1.02628
0.654373
-2.26973
-7.98499
-45.1102
-56.0801
-40.9898
0.00016898
0.000554107
0.000987269
0.00144983
0.0019584
0.00250683
0.00310436
0.00375243
0.00445828
0.00522688
0.00606574
0.00698206
0.00798454
0.0090824
0.010286
0.0116068
0.0130574
0.0146515
0.0164046
0.0183333
0.0204564
0.0227941
0.025369
0.0282058
0.0313318
0.0347768
0.0385738
0.042759
0.0473723
0.0524573
0.058062
0.0642393
0.0710468
0.0785482
0.0868129
0.0959172
0.105944
0.116986
0.129142
0.14252
0.15724
0.173432
0.191237
0.210808
0.232312
0.255929
0.281857
0.310305
0.341504
0.375699
0.413157
0.454164
0.499028
0.548083
0.60169
0.660243
0.724178
0.793981
0.870208
0.953502
1.04462
1.14447
1.25407
1.37451
1.50659
1.64991
1.80053
1.9462
2.05832
2.06506
1.89197
1.50088
1.22667
1.07814
-1.40938
-7.12082
-50.6726
-58.7933
-44.1948
0.000172472
0.000566694
0.00100767
0.00147903
0.00199637
0.00255424
0.00316168
0.00382042
0.00453773
0.00531877
0.00617113
0.00710219
0.00812078
0.00923628
0.0104593
0.0118013
0.0132752
0.0148951
0.0166765
0.0186364
0.0207938
0.0231695
0.0257861
0.028669
0.0318457
0.0353467
0.0392054
0.0434588
0.0481471
0.053315
0.0590111
0.0652891
0.0722077
0.0798316
0.0882314
0.0974845
0.107676
0.118898
0.131253
0.144852
0.159814
0.176273
0.194372
0.214268
0.236129
0.260141
0.286503
0.315432
0.347161
0.381942
0.420049
0.461773
0.507435
0.557376
0.611971
0.671633
0.736818
0.808043
0.885905
0.971108
1.06451
1.16714
1.28027
1.40535
1.54377
1.69604
1.85948
2.02332
2.15879
2.18827
2.01922
1.62295
1.40703
1.48722
-0.470568
-6.18642
-54.8297
-59.2538
-46.8384
0.000175919
0.000579235
0.00102786
0.00150787
0.00203377
0.00260087
0.00321797
0.00388712
0.00461561
0.00540877
0.00627429
0.00721972
0.00825401
0.00938672
0.0106286
0.0119914
0.0134881
0.0151331
0.016942
0.0189324
0.0211234
0.0235359
0.0261933
0.0291211
0.0323474
0.035903
0.039822
0.0441418
0.0489035
0.0541522
0.0599375
0.0663138
0.0733409
0.0810844
0.089616
0.0990145
0.109366
0.120765
0.133315
0.147128
0.162327
0.179047
0.197434
0.217646
0.239857
0.264255
0.291043
0.320441
0.352689
0.388044
0.426785
0.469213
0.515654
0.566463
0.622027
0.682774
0.749182
0.821796
0.901253
0.988317
1.08393
1.18927
1.30583
1.43542
1.58007
1.74125
1.91771
2.10047
2.26111
2.31479
2.14645
1.732
1.54955
1.82901
0.387924
-5.22494
-55.8202
-57.9548
-48.9811
0.000179315
0.000591724
0.00104781
0.00153633
0.00207059
0.00264669
0.00327321
0.0039525
0.00469187
0.00549683
0.00637518
0.00733459
0.00838418
0.00953364
0.0107939
0.0121769
0.0136958
0.0153652
0.0172011
0.0192212
0.0214448
0.0238934
0.0265905
0.029562
0.0328366
0.0364455
0.0404233
0.0448079
0.049641
0.0549686
0.0608408
0.067313
0.0744459
0.082306
0.0909662
0.100507
0.111015
0.122586
0.135326
0.149348
0.164779
0.181753
0.20042
0.220942
0.243495
0.268269
0.295473
0.325331
0.358086
0.394001
0.433362
0.476478
0.523683
0.575341
0.631852
0.69366
0.761262
0.835231
0.916241
1.00511
1.10287
1.21082
1.33069
1.46466
1.61537
1.78534
1.97492
2.17734
2.36517
2.4447
2.27286
1.82249
1.62892
2.02188
0.933675
-4.38431
-52.7344
-55.5129
-51.0116
0.000182653
0.000604155
0.00106752
0.00156439
0.00210679
0.00269167
0.00332735
0.00401651
0.00476647
0.0055829
0.00647372
0.00744674
0.00851121
0.00967698
0.0109551
0.0123578
0.0138983
0.0155915
0.0174536
0.0195025
0.021758
0.0242416
0.0269774
0.0299916
0.0333132
0.036974
0.041009
0.0454567
0.0503595
0.0557638
0.0617207
0.0682864
0.0755223
0.083496
0.0922816
0.10196
0.11262
0.12436
0.137285
0.151512
0.167167
0.18439
0.203331
0.224155
0.247041
0.272183
0.299792
0.330098
0.363348
0.399812
0.439779
0.483567
0.531517
0.584005
0.641441
0.704284
0.77305
0.848337
0.930856
1.02148
1.1213
1.23177
1.35481
1.49297
1.64952
1.8281
2.0308
2.25357
2.47083
2.57789
2.39706
1.88814
1.61276
1.97234
0.957215
-3.8865
-46.6332
-54.0272
-50.2298
0.000185928
0.000616524
0.00108697
0.00159203
0.00214235
0.00273577
0.00338037
0.00407911
0.00483935
0.00566694
0.00656987
0.00755612
0.00863504
0.00981666
0.0111122
0.012534
0.0140955
0.0158118
0.0176994
0.0197764
0.0220628
0.0245805
0.0273539
0.0304096
0.0337769
0.0374882
0.0415788
0.046088
0.0510585
0.0565375
0.0625769
0.0692335
0.0765697
0.084654
0.0935616
0.103375
0.114183
0.126086
0.139192
0.153617
0.169492
0.186957
0.206165
0.227283
0.250494
0.275994
0.303999
0.334742
0.368475
0.405473
0.446032
0.490475
0.539153
0.59245
0.650789
0.71464
0.78454
0.861107
0.945086
1.03739
1.1392
1.25208
1.37813
1.52027
1.68241
1.86929
2.08503
2.32874
2.57774
2.71347
2.51661
1.92328
1.46753
1.61636
0.405566
-3.80344
-39.2724
-56.4932
-51.1107
0.000189131
0.000628824
0.00110614
0.00161922
0.00217724
0.00277897
0.00343221
0.00414026
0.00491048
0.00574889
0.00666358
0.00766266
0.00875562
0.00995261
0.011265
0.0127053
0.0142873
0.0160261
0.0179384
0.0200427
0.0223591
0.02491
0.0277199
0.0308159
0.0342277
0.0379879
0.0421327
0.0467015
0.0517379
0.0572895
0.063409
0.070154
0.0775877
0.0857795
0.0948056
0.104749
0.115702
0.127764
0.141045
0.155664
0.171753
0.189453
0.20892
0.230325
0.253851
0.279701
0.308091
0.33926
0.373464
0.410982
0.452118
0.497201
0.546588
0.600673
0.65989
0.724723
0.795723
0.873532
0.95892
1.05285
1.15656
1.27171
1.40061
1.54648
1.71387
1.9087
2.13723
2.4023
2.68497
2.84869
2.62816
1.92675
1.17349
0.956781
-0.604281
-3.99672
-29.7675
-47.7369
-44.121
0.000192256
0.000641049
0.00112501
0.00164595
0.00221142
0.00282123
0.00348284
0.00419992
0.00497981
0.00582871
0.00675479
0.00776631
0.00887286
0.0100848
0.0114136
0.0128719
0.0144736
0.0162342
0.0181705
0.0203012
0.0226468
0.0252298
0.0280752
0.0312103
0.0346652
0.0384731
0.0426703
0.047297
0.0523973
0.0580195
0.0642167
0.0710475
0.0785758
0.086872
0.0960133
0.106084
0.117177
0.129394
0.142845
0.157652
0.173947
0.191876
0.211596
0.233279
0.257113
0.283302
0.312067
0.34365
0.378312
0.416338
0.458035
0.503739
0.553817
0.60867
0.668741
0.734527
0.806594
0.885602
0.972347
1.06783
1.17334
1.29064
1.4222
1.57153
1.74379
1.94607
2.18698
2.47337
2.79001
2.97707
2.72773
1.90495
0.708788
0.0905011
-1.71721
-4.00452
-21.6802
-36.4373
-36.1287
0.000195293
0.000653193
0.00114356
0.00167218
0.00224487
0.00286252
0.00353223
0.00425805
0.00504729
0.00590634
0.00684344
0.007867
0.00898672
0.0102131
0.0115577
0.0130334
0.0146544
0.0164361
0.0183956
0.0205519
0.0229257
0.0255399
0.0284196
0.0315926
0.0350893
0.0389433
0.0431915
0.0478743
0.0530365
0.058727
0.0649997
0.0719136
0.0795337
0.0879312
0.0971841
0.107378
0.118607
0.130973
0.14459
0.159579
0.176076
0.194227
0.214192
0.236145
0.260278
0.286796
0.315925
0.347911
0.383018
0.421536
0.463779
0.510089
0.560838
0.616436
0.677337
0.744047
0.817145
0.89731
0.985358
1.08232
1.18953
1.30884
1.44285
1.59534
1.77202
1.98118
2.23376
2.54035
2.88735
3.0874
2.80635
1.83808
0.0311118
-0.828376
-2.62488
-3.52717
-14.7257
-26.7247
-27.004
0.000198234
0.000665247
0.00116179
0.0016979
0.00227756
0.00290279
0.00358034
0.0043146
0.00511287
0.00598173
0.00692949
0.00796469
0.00909714
0.0103374
0.0116974
0.01319
0.0148295
0.0166316
0.0186136
0.0207947
0.0231958
0.0258402
0.0287531
0.0319628
0.0354999
0.0393985
0.0436959
0.0484332
0.0536553
0.059412
0.0657576
0.0727521
0.080461
0.0889565
0.0983176
0.108631
0.119991
0.132503
0.14628
0.161446
0.178137
0.196503
0.216706
0.238921
0.263343
0.290181
0.319664
0.35204
0.38758
0.426576
0.469349
0.516246
0.567646
0.623968
0.685672
0.753277
0.827371
0.908648
0.997942
1.09631
1.20512
1.32629
1.46252
1.61785
1.79846
2.01375
2.27687
2.6004
2.96834
3.16852
2.8667
1.6983
-0.808292
-1.68769
-3.20393
-2.66735
-9.00135
-18.216
-20.2544
0.000201071
0.000677203
0.00117965
0.00172307
0.00230946
0.00294202
0.00362712
0.00436953
0.00517652
0.00605485
0.00701289
0.00805931
0.00920405
0.0104578
0.0118326
0.0133414
0.0149988
0.0168206
0.0188244
0.0210294
0.023457
0.0261304
0.0290755
0.0323205
0.0358968
0.0398386
0.0441835
0.0489733
0.0542534
0.060074
0.0664902
0.0735625
0.0813574
0.0899477
0.0994133
0.109842
0.12133
0.133982
0.147913
0.163251
0.180131
0.198705
0.219137
0.241607
0.266309
0.293457
0.323282
0.356036
0.391995
0.431455
0.474741
0.522207
0.574239
0.631262
0.693743
0.762211
0.837266
0.919609
1.01009
1.10978
1.22009
1.34296
1.48119
1.63899
1.82297
2.0435
2.31506
2.64813
3.02142
3.21294
2.88899
1.47258
-1.65001
-2.34779
-3.37137
-1.53308
-4.64321
-11.24
-15.4032
0.000203792
0.000689054
0.00119715
0.00174768
0.00234054
0.00298017
0.00367255
0.0044228
0.00523819
0.00612563
0.00709358
0.00815082
0.0093074
0.0105742
0.0119632
0.0134877
0.0151624
0.0170032
0.0190279
0.021256
0.023709
0.0264105
0.0293866
0.0326658
0.0362798
0.0402632
0.0446541
0.0494945
0.0548305
0.0607129
0.0671972
0.0743447
0.0822225
0.0909042
0.100471
0.111011
0.122622
0.135409
0.149491
0.164993
0.182055
0.200831
0.221485
0.2442
0.269173
0.29662
0.326777
0.359898
0.396261
0.43617
0.479954
0.52797
0.580613
0.638313
0.701546
0.770846
0.846823
0.930187
1.0218
1.12274
1.23443
1.35884
1.49882
1.65871
1.84546
2.07002
2.34546
2.67363
3.04007
3.20772
2.84555
1.2144
-2.36241
-2.85877
-3.26596
-0.426563
-1.79432
-6.37074
-12.7986
0.000206388
0.000700789
0.00121425
0.00177169
0.00237076
0.00301721
0.00371657
0.00447437
0.00529784
0.00619404
0.00717151
0.00823916
0.00940713
0.0106864
0.0120891
0.0136288
0.01532
0.0171791
0.019224
0.0214744
0.0239519
0.0266804
0.0296863
0.0329985
0.0366488
0.0406722
0.0451074
0.0499966
0.0553865
0.0613283
0.0678783
0.0750982
0.0830559
0.0918258
0.10149
0.112137
0.123866
0.136785
0.151011
0.166672
0.18391
0.20288
0.223749
0.2467
0.271935
0.299671
0.330148
0.363622
0.400377
0.44072
0.484983
0.533533
0.586765
0.645119
0.709075
0.779176
0.856037
0.940374
1.03305
1.13516
1.24812
1.37391
1.51539
1.67697
1.86582
2.09251
2.36308
2.67278
3.03394
3.14528
2.74769
0.961037
-2.91767
-3.2882
-3.02911
0.562368
0.0830826
-2.94648
-11.6981
0.000208849
0.000712399
0.00123093
0.00179509
0.00240009
0.00305309
0.00375916
0.00452421
0.00535541
0.00626003
0.00724665
0.00832429
0.00950319
0.0107944
0.0122104
0.0137645
0.0154717
0.0173484
0.0194127
0.0216844
0.0241854
0.02694
0.0299745
0.0333184
0.0370036
0.0410656
0.0455432
0.0504794
0.0559212
0.0619201
0.0685332
0.0758227
0.0838573
0.0927121
0.10247
0.11322
0.125064
0.138108
0.152473
0.168287
0.185695
0.204851
0.225927
0.249106
0.274593
0.302608
0.333393
0.367208
0.404341
0.445102
0.489828
0.538891
0.592692
0.651675
0.716328
0.787197
0.864903
0.950167
1.04385
1.14704
1.26116
1.38816
1.53089
1.69375
1.88396
2.1099
2.36738
2.66374
2.99182
3.04213
2.61623
0.745953
-3.25172
-3.56668
-2.69639
1.28902
0.983464
-0.962732
-9.85606
0.000211163
0.000723871
0.00124717
0.00181783
0.00242851
0.0030878
0.00380028
0.00457226
0.00541088
0.00632356
0.00731893
0.00840614
0.00959552
0.0108983
0.0123268
0.0138949
0.0156174
0.0175109
0.0195938
0.021886
0.0244096
0.0271891
0.0302512
0.0336253
0.037344
0.041443
0.0459615
0.0509427
0.0564342
0.0624881
0.0691617
0.0765181
0.0846265
0.0935627
0.10341
0.11426
0.126213
0.139378
0.153876
0.169838
0.187409
0.206745
0.228018
0.251417
0.277147
0.30543
0.336511
0.370654
0.408151
0.449314
0.494486
0.544043
0.598391
0.657979
0.7233
0.794905
0.873417
0.959558
1.05419
1.15838
1.27354
1.40158
1.5453
1.70904
1.89973
2.12128
2.36157
2.65676
2.91468
2.92642
2.46686
0.586596
-3.34216
-3.66045
-2.27188
1.95184
1.70197
0.198667
-6.69544
0.00021332
0.000735194
0.00126295
0.00183989
0.00245598
0.00312128
0.00383988
0.00461849
0.0054642
0.00638458
0.00738832
0.00848468
0.00968408
0.0109978
0.0124385
0.0140198
0.0157569
0.0176666
0.0197672
0.022079
0.0246243
0.0274277
0.0305161
0.0339193
0.0376701
0.0418044
0.046362
0.0513864
0.0569254
0.0630319
0.0697635
0.077184
0.085363
0.0943773
0.104311
0.115256
0.127314
0.140595
0.155221
0.171324
0.18905
0.208559
0.230023
0.253632
0.279594
0.308134
0.3395
0.373959
0.411804
0.453354
0.498955
0.548985
0.603859
0.664027
0.729988
0.802295
0.881574
0.968544
1.06406
1.16917
1.28525
1.41417
1.55862
1.72283
1.91293
2.12652
2.35066
2.64235
2.82983
2.80903
2.31493
0.493812
-3.17783
-3.54933
-1.79548
2.38624
2.30974
1.15128
-2.75652
0.000215307
0.000746353
0.00127825
0.00186125
0.00248246
0.0031535
0.00387794
0.00466286
0.00551532
0.00644304
0.00745476
0.00855985
0.00976881
0.0110931
0.0125452
0.0141392
0.0158903
0.0178154
0.019933
0.0222635
0.0248295
0.0276556
0.0307691
0.0342001
0.0379815
0.0421497
0.0467446
0.0518102
0.0573947
0.0635513
0.0703384
0.0778201
0.0860667
0.0951556
0.105171
0.116207
0.128365
0.141757
0.156506
0.172744
0.19062
0.210293
0.231939
0.25575
0.281934
0.310721
0.342359
0.37712
0.4153
0.45722
0.503231
0.553716
0.609092
0.669815
0.736387
0.809364
0.88937
0.97712
1.07346
1.17941
1.2963
1.42593
1.57086
1.73512
1.92336
2.12678
2.34147
2.60967
2.75161
2.69542
2.17467
0.462875
-2.81466
-3.27111
-1.31414
2.61462
2.77787
1.53698
-1.4941
0.000217115
0.000757335
0.00129303
0.00188187
0.00250792
0.00318443
0.00391441
0.00470534
0.00556421
0.00649891
0.00751822
0.00863162
0.00984966
0.0111839
0.012647
0.0142531
0.0160175
0.0179573
0.020091
0.0224393
0.0250249
0.0278727
0.0310102
0.0344676
0.0382782
0.0424786
0.0471091
0.0522139
0.0578418
0.0640463
0.0708862
0.0784262
0.0867372
0.0958972
0.105992
0.117114
0.129368
0.142866
0.15773
0.174098
0.192116
0.211946
0.233766
0.257769
0.284167
0.313189
0.345087
0.380137
0.418636
0.46091
0.507313
0.558233
0.614089
0.675341
0.742495
0.816107
0.8968
0.985281
1.08238
1.18909
1.30668
1.43686
1.58203
1.74589
1.93075
2.12316
2.33683
2.56442
2.68091
2.59041
2.05429
0.477666
-2.34208
-2.88146
-0.856312
2.68214
3.12216
1.80443
-0.435927
0.000218731
0.000768122
0.00130727
0.00190173
0.00253234
0.00321404
0.00394925
0.00474588
0.00561084
0.00655215
0.00757866
0.00869993
0.0099266
0.0112703
0.0127439
0.0143614
0.0161384
0.0180921
0.0202411
0.0226064
0.0252107
0.0280791
0.0312393
0.0347218
0.0385601
0.0427911
0.0474554
0.0525975
0.0582666
0.0645166
0.0714067
0.0790021
0.0873743
0.0966019
0.106771
0.117976
0.130321
0.143919
0.158895
0.175385
0.193538
0.213518
0.235504
0.25969
0.28629
0.315536
0.347683
0.383007
0.421811
0.464422
0.5112
0.562533
0.618846
0.680602
0.748308
0.822522
0.903862
0.993026
1.09082
1.19821
1.3164
1.44697
1.59213
1.75508
1.93493
2.1165
2.33199
2.51837
2.61558
2.49657
1.9556
0.521877
-1.83625
-2.44218
-0.430634
2.67621
3.3148
1.94825
0.378087
0.000220146
0.000778697
0.00132096
0.00192078
0.00255568
0.00324229
0.00398244
0.00478445
0.00565515
0.00660272
0.00763603
0.00876474
0.00999957
0.0113522
0.0128356
0.014464
0.016253
0.0182198
0.0203834
0.0227647
0.0253866
0.0282745
0.0314563
0.0349625
0.0388271
0.0430871
0.0477833
0.0529607
0.0586688
0.0649619
0.0718996
0.0795475
0.0879778
0.0972693
0.107509
0.118792
0.131223
0.144917
0.159998
0.176604
0.194886
0.215008
0.237151
0.26151
0.288303
0.317762
0.350144
0.38573
0.424823
0.467755
0.514887
0.566613
0.62336
0.685594
0.753823
0.828604
0.910551
1.00035
1.09878
1.20678
1.32546
1.45627
1.6012
1.76267
1.93634
2.10893
2.31981
2.47701
2.55483
2.41427
1.87715
0.582334
-1.35261
-1.99617
-0.0490408
2.65908
3.40719
2.04033
1.01241
0.000221349
0.000789041
0.00133405
0.001939
0.0025779
0.00326914
0.00401394
0.00482101
0.00569712
0.00665058
0.0076903
0.00882602
0.0100685
0.0114296
0.0129223
0.0145609
0.0163611
0.0183404
0.0205176
0.022914
0.0255526
0.0284589
0.031661
0.0351897
0.039079
0.0433663
0.0480927
0.0533035
0.0590484
0.0653821
0.0723647
0.0800623
0.0885473
0.0978993
0.108206
0.119563
0.132075
0.145859
0.161039
0.177755
0.196159
0.216415
0.238706
0.26323
0.290204
0.319865
0.352471
0.388303
0.42767
0.470906
0.518374
0.570472
0.62763
0.690315
0.759037
0.83435
0.916864
1.00725
1.10627
1.21479
1.33386
1.46478
1.60924
1.76866
1.93585
2.10341
2.29943
2.44027
2.49904
2.34293
1.81629
0.650064
-0.918078
-1.55823
0.289357
2.64797
3.43494
2.14291
1.48104
0.00022233
0.000799132
0.00134654
0.00195636
0.00259897
0.00329456
0.00404371
0.00485552
0.00573671
0.00669569
0.00774142
0.00888372
0.0101334
0.0115025
0.0130039
0.0146521
0.0164629
0.0184537
0.0206439
0.0230544
0.0257087
0.0286323
0.0318534
0.0354032
0.0393158
0.0436288
0.0483836
0.0536257
0.0594052
0.0657771
0.072802
0.0805461
0.0890826
0.0984915
0.108861
0.120287
0.132876
0.146744
0.162018
0.178838
0.197356
0.217739
0.24017
0.264849
0.291994
0.321844
0.35466
0.390726
0.430351
0.473873
0.521659
0.574107
0.631651
0.694761
0.763946
0.839758
0.922799
1.01373
1.11327
1.22224
1.34161
1.47251
1.61626
1.77303
1.93392
2.10065
2.2762
2.40686
2.44864
2.28182
1.77044
0.720558
-0.541934
-1.14964
0.582938
2.64142
3.42295
2.24991
1.87071
0.000223081
0.000808949
0.00135839
0.00197283
0.00261886
0.00331851
0.00407172
0.00488797
0.00577388
0.00673802
0.00778936
0.00893781
0.0101943
0.0115707
0.0130802
0.0147374
0.0165581
0.0185599
0.020762
0.0231858
0.0258547
0.0287945
0.0320335
0.035603
0.0395373
0.0438743
0.0486557
0.0539271
0.059739
0.0661467
0.0732111
0.0809989
0.0895835
0.0990457
0.109474
0.120965
0.133626
0.147573
0.162935
0.179852
0.198477
0.218978
0.24154
0.266364
0.293671
0.323699
0.356712
0.392997
0.432864
0.476655
0.524738
0.577516
0.635422
0.69893
0.768547
0.844823
0.928352
1.01977
1.11978
1.22915
1.34873
1.47947
1.6223
1.77589
1.93077
2.09802
2.2548
2.37644
2.40387
2.23026
1.73732
0.791558
-0.22272
-0.779103
0.83569
2.63351
3.3844
2.35884
2.18503
0.000223595
0.000818465
0.00136957
0.00198837
0.00263755
0.00334097
0.00409794
0.0049183
0.0058086
0.00677753
0.00783409
0.00898825
0.010251
0.0116343
0.0131514
0.0148169
0.0166468
0.0186587
0.020872
0.0233082
0.0259907
0.0289455
0.0322011
0.0357889
0.0397435
0.0441029
0.048909
0.0542077
0.0600498
0.0664908
0.0735919
0.0814203
0.0900499
0.0995617
0.110045
0.121597
0.134324
0.148346
0.163789
0.180796
0.199521
0.220133
0.242817
0.267777
0.295233
0.325428
0.358625
0.395114
0.435208
0.47925
0.527611
0.580695
0.63894
0.702818
0.772837
0.849543
0.93352
1.02539
1.12582
1.23551
1.35522
1.48568
1.6274
1.77756
1.92711
2.09271
2.23653
2.34916
2.36479
2.18757
1.71488
0.861412
0.0454323
-0.446686
1.05129
2.61981
3.32318
2.45464
2.41122
0.000223865
0.000827655
0.00138006
0.00200295
0.00265499
0.00336191
0.00412233
0.00494648
0.00584084
0.0068142
0.00787557
0.009035
0.0103035
0.0116932
0.0132173
0.0148905
0.0167289
0.0187501
0.0209738
0.0234214
0.0261165
0.0290852
0.0323562
0.0359609
0.0399343
0.0443144
0.0491433
0.0544673
0.0603373
0.0668091
0.0739443
0.0818103
0.0904815
0.100039
0.110573
0.122181
0.134971
0.14906
0.16458
0.18167
0.200488
0.221202
0.244
0.269085
0.296681
0.327029
0.360398
0.397076
0.437381
0.481655
0.530275
0.583644
0.642203
0.706423
0.776814
0.853915
0.938301
1.03058
1.13137
1.24132
1.36108
1.49117
1.63163
1.77854
1.92399
2.08476
2.22113
2.3252
2.33137
2.15307
1.70131
0.928646
0.268424
-0.152941
1.23465
2.60121
3.24801
2.5299
2.61637
0.000223887
0.00083649
0.00138983
0.00201654
0.00267116
0.00338128
0.00414486
0.0049725
0.00587057
0.00684798
0.00791377
0.00907804
0.0103519
0.0117474
0.0132779
0.0149582
0.0168043
0.0188342
0.0210674
0.0235254
0.0262321
0.0292136
0.0324986
0.036119
0.0401095
0.0445087
0.0493586
0.0547058
0.0606014
0.0671016
0.074268
0.0821687
0.0908781
0.100478
0.111058
0.122718
0.135565
0.149717
0.165306
0.182474
0.201377
0.222186
0.245088
0.270289
0.298012
0.328503
0.362029
0.398882
0.439381
0.48387
0.532727
0.586359
0.645206
0.709742
0.780473
0.857935
0.942692
1.03533
1.13644
1.2466
1.36634
1.49597
1.63507
1.77916
1.92219
2.07595
2.20811
2.30466
2.30348
2.12604
1.69502
0.991931
0.451784
0.10366
1.39048
2.58192
3.17311
2.59434
2.75675
0.000223657
0.000844937
0.00139887
0.0020291
0.00268602
0.00339906
0.00416551
0.00499631
0.00589776
0.00687886
0.00794866
0.00911733
0.010396
0.0117968
0.0133332
0.0150199
0.0168731
0.0189109
0.0211527
0.0236203
0.0263375
0.0293306
0.0326285
0.036263
0.0402693
0.0446857
0.0495548
0.0549231
0.0608421
0.0673681
0.0745631
0.0824953
0.0912395
0.100878
0.111501
0.123207
0.136106
0.150316
0.165969
0.183207
0.202188
0.223083
0.24608
0.271387
0.299227
0.329848
0.363518
0.400531
0.441206
0.485892
0.534966
0.588838
0.647949
0.712772
0.783812
0.8616
0.94669
1.03965
1.14102
1.25134
1.371
1.50009
1.6378
1.77953
1.92159
2.06806
2.19728
2.28753
2.28093
2.1058
1.69464
1.0502
0.600814
0.325094
1.52306
2.56337
3.10283
2.64961
2.85655
0.000223176
0.000852961
0.00140713
0.00204059
0.00269955
0.00341522
0.00418424
0.00501789
0.00592237
0.00690679
0.00798021
0.00915285
0.0104358
0.0118414
0.0133831
0.0150756
0.0169353
0.01898
0.0212296
0.0237058
0.0264325
0.0294361
0.0327456
0.036393
0.0404133
0.0448454
0.0497317
0.0551192
0.0610592
0.0676085
0.0748293
0.0827899
0.0915655
0.101239
0.1119
0.123649
0.136595
0.150857
0.166567
0.183868
0.202919
0.223892
0.246976
0.272378
0.300324
0.331063
0.364863
0.40202
0.442856
0.487719
0.53699
0.591079
0.650428
0.71551
0.786827
0.864908
0.950293
1.04353
1.14513
1.25556
1.37509
1.50358
1.63989
1.77963
1.92122
2.06187
2.18853
2.27373
2.26341
2.09164
1.69901
1.10273
0.719925
0.511829
1.63602
2.54524
3.03833
2.69655
2.9448
0.000222446
0.000860524
0.0014146
0.00205099
0.00271172
0.00342973
0.00420103
0.0050372
0.00594439
0.00693176
0.00800839
0.00918455
0.0104714
0.0118813
0.0134276
0.0151253
0.0169906
0.0190417
0.0212982
0.0237821
0.0265172
0.0295302
0.03285
0.0365087
0.0405417
0.0449877
0.0498894
0.0552938
0.0612527
0.0678227
0.0750664
0.0830524
0.0918561
0.10156
0.112256
0.124043
0.13703
0.151339
0.1671
0.184458
0.203572
0.224614
0.247775
0.273262
0.301303
0.332146
0.366063
0.403349
0.444328
0.48935
0.538796
0.593079
0.652639
0.717952
0.789516
0.867854
0.953497
1.04697
1.14876
1.25925
1.3786
1.50649
1.6415
1.77959
1.9205
2.05742
2.18182
2.26318
2.2506
2.08291
1.70715
1.14899
0.81319
0.667815
1.733
2.52917
2.98137
2.73767
2.99704
0.00022147
0.000867579
0.00142124
0.00206026
0.00272249
0.00344255
0.00421584
0.00505423
0.00596377
0.00695372
0.00803317
0.00921242
0.0105027
0.0119162
0.0134667
0.0151689
0.0170392
0.0190958
0.0213584
0.0238489
0.0265915
0.0296126
0.0329415
0.0366102
0.0406542
0.0451124
0.0500276
0.055447
0.0614223
0.0680105
0.0752744
0.0832826
0.0921109
0.101842
0.112568
0.124388
0.137412
0.151761
0.167568
0.184976
0.204144
0.225248
0.248476
0.274038
0.302162
0.333097
0.367116
0.404516
0.445621
0.490782
0.540383
0.594835
0.654581
0.720095
0.791875
0.870436
0.956301
1.04997
1.15191
1.26243
1.38158
1.50888
1.64276
1.77957
1.9195
2.0545
2.17704
2.25571
2.24212
2.07897
1.71826
1.18883
0.884597
0.797697
1.81679
2.51599
2.933
2.77775
3.03287
0.000220281
0.000874104
0.00142704
0.00206837
0.00273185
0.00345367
0.00422866
0.00506894
0.00598051
0.00697267
0.00805453
0.00923643
0.0105296
0.0119464
0.0135003
0.0152064
0.017081
0.0191423
0.0214101
0.0239065
0.0266554
0.0296835
0.0330202
0.0366975
0.040751
0.0452196
0.0501464
0.0555786
0.061568
0.0681719
0.0754531
0.0834804
0.0923298
0.102085
0.112836
0.124685
0.137741
0.152125
0.167969
0.18542
0.204636
0.225792
0.249079
0.274705
0.302901
0.333915
0.368022
0.405519
0.446732
0.492013
0.541746
0.596343
0.656249
0.721936
0.793898
0.872648
0.958697
1.05253
1.15458
1.2651
1.38404
1.51082
1.64383
1.77974
1.91855
2.05283
2.17403
2.25109
2.23754
2.07914
1.73158
1.22232
0.937224
0.902993
1.89011
2.50688
2.89297
2.81423
3.05273
0.000218837
0.000880007
0.00143194
0.00207524
0.00273972
0.00346301
0.00423941
0.00508126
0.00599451
0.00698852
0.00807238
0.00925649
0.0105521
0.0119715
0.0135284
0.0152377
0.0171159
0.0191811
0.0214533
0.0239544
0.0267087
0.0297427
0.0330858
0.0367703
0.0408316
0.0453091
0.0502455
0.0556884
0.0616896
0.0683066
0.0756021
0.0836455
0.0925125
0.102287
0.11306
0.124932
0.138015
0.152428
0.168305
0.185792
0.205047
0.226247
0.249582
0.275262
0.303518
0.334598
0.368779
0.406357
0.447661
0.493042
0.542885
0.597604
0.657643
0.723472
0.795586
0.874491
0.960691
1.05466
1.15678
1.26729
1.38603
1.51236
1.64472
1.78012
1.91797
2.05219
2.17267
2.2491
2.23643
2.08284
1.74662
1.25023
0.974316
0.989323
1.95728
2.50347
2.86306
2.84938
3.06698
0.000217242
0.000885372
0.00143602
0.00208097
0.00274622
0.00347069
0.00424821
0.00509133
0.00600593
0.00700141
0.00808688
0.00927276
0.0105703
0.0119918
0.0135511
0.015263
0.0171441
0.0192124
0.0214881
0.0239931
0.0267516
0.0297903
0.0331386
0.0368288
0.0408966
0.045381
0.0503252
0.0557766
0.0617873
0.0684148
0.0757219
0.083778
0.0926591
0.102449
0.113239
0.125131
0.138234
0.152671
0.168574
0.186089
0.205376
0.226611
0.249985
0.275708
0.304011
0.335144
0.369383
0.407026
0.448401
0.493862
0.543792
0.598607
0.658749
0.72469
0.79692
0.875944
0.962257
1.05632
1.1585
1.26897
1.38757
1.51358
1.64552
1.78072
1.91792
2.0523
2.1726
2.24923
2.23811
2.08915
1.76232
1.27289
0.998597
1.05881
2.01853
2.5026
2.83662
2.87644
3.07297
0.000215242
0.000889889
0.00143901
0.00208527
0.00275106
0.00347641
0.00425478
0.00509884
0.00601444
0.00701102
0.00809771
0.0092849
0.0105839
0.012007
0.0135681
0.0152819
0.0171651
0.0192359
0.0215141
0.024022
0.0267837
0.0298259
0.0331781
0.0368727
0.0409452
0.0454349
0.0503849
0.0558428
0.0618606
0.0684959
0.0758117
0.0838774
0.0927692
0.102571
0.113374
0.12528
0.138399
0.152854
0.168776
0.186313
0.205624
0.226885
0.250288
0.276044
0.304382
0.335555
0.369838
0.40753
0.448959
0.494479
0.544475
0.599362
0.659582
0.725606
0.797924
0.877037
0.963434
1.05756
1.15978
1.27024
1.38871
1.51449
1.64615
1.78132
1.91836
2.05314
2.17379
2.25131
2.24218
2.09756
1.77856
1.29323
1.012
1.10854
2.06641
2.50336
2.81956
2.90343
3.06917
0.000213242
0.000893723
0.00144129
0.00208849
0.00275463
0.0034806
0.00425954
0.00510425
0.00602055
0.00701789
0.0081054
0.00929351
0.0105935
0.0120177
0.01358
0.0152951
0.0171798
0.0192522
0.0215322
0.0240421
0.0268059
0.0298506
0.0332054
0.0369029
0.0409786
0.0454718
0.0504258
0.055888
0.0619106
0.0685512
0.0758728
0.0839449
0.0928438
0.102653
0.113465
0.125381
0.138511
0.152976
0.168911
0.186462
0.205789
0.227067
0.250489
0.276266
0.304628
0.335826
0.370137
0.407861
0.449324
0.494881
0.544918
0.599849
0.660117
0.726191
0.798559
0.87772
0.964159
1.05832
1.16054
1.27097
1.38939
1.51511
1.64671
1.78189
1.91892
2.05406
2.17532
2.25411
2.24712
2.10618
1.79243
1.31291
1.02151
1.16311
2.10673
2.5045
2.80522
2.92129
3.06609
0.000211259
0.000895941
0.00144223
0.00208991
0.00275623
0.00348252
0.00426175
0.00510679
0.00602344
0.00702116
0.00810909
0.00929765
0.0105981
0.0120229
0.0135858
0.0153016
0.017187
0.0192602
0.0215411
0.0240519
0.0268169
0.0298627
0.0332189
0.0369178
0.0409951
0.0454902
0.0504461
0.0559104
0.0619355
0.0685787
0.0759032
0.0839786
0.0928811
0.102694
0.113511
0.125431
0.138566
0.153038
0.16898
0.186537
0.205872
0.227159
0.250591
0.276378
0.304752
0.335964
0.370289
0.408029
0.449509
0.495087
0.545145
0.600099
0.660392
0.726493
0.79889
0.878079
0.964545
1.05872
1.16095
1.27137
1.38973
1.51536
1.6469
1.78226
1.91965
2.0553
2.17742
2.25764
2.25253
2.11426
1.80388
1.33177
1.03263
1.21974
2.13783
2.51275
2.80436
2.93474
3.06393
)
;

boundaryField
{
    inletFace
    {
        type            zeroGradient;
    }
    inlet
    {
        type            zeroGradient;
    }
    inletWalls
    {
        type            zeroGradient;
    }
    outletInlet
    {
        type            cyclicAMI;
        value           nonuniform List<scalar> 
15
(
-13.3481
-12.4186
-13.3989
-14.0602
-14.6459
-14.3331
-14.247
-13.6168
-11.2124
-10.2887
-6.04322
-2.87982
-0.779945
-4.73955
-6.445
)
;
    }
    fineSymmetryWall
    {
        type            symmetryPlane;
    }
    fineWalls
    {
        type            zeroGradient;
    }
    fineCyclicBoundary
    {
        type            fixedValue;
        value           uniform 0;
    }
    fineplug
    {
        type            cyclicAMI;
        value           nonuniform List<scalar> 
80
(
-13.1856
-13.5827
-13.6998
-13.3509
-13.1903
-12.4027
-12.1972
-12.3049
-12.4329
-12.6111
-12.7578
-13.6567
-12.2167
-13.8911
-14.0753
-13.782
-13.965
-13.944
-14.0046
-13.9029
-14.6367
-14.0624
-15.2865
-15.1146
-14.6205
-14.3601
-14.1729
-14.3439
-14.2511
-13.9903
-14.6122
-14.3994
-15.3763
-14.915
-14.2371
-13.7721
-13.3471
-13.3198
-12.932
-13.5478
-14.48
-13.721
-13.064
-12.4099
-11.6776
-11.0938
-10.5772
-9.6033
-10.5279
-13.045
-10.4999
-9.35439
-8.06671
-7.04495
-6.27012
-5.48562
-4.27783
-4.89927
-8.88919
-4.55255
-3.34678
-2.23995
-1.35421
-0.0267093
0.663015
0.789134
1.40536
0.0753325
-4.72537
-2.80205
-3.79351
-4.28909
-4.60247
-5.57159
-7.33933
-6.9082
-6.20232
-6.23145
-5.02366
-7.8164
)
;
    }
    faceFine
    {
        type            zeroGradient;
    }
}


// ************************************************************************* //
