/*--------------------------------*- C++ -*----------------------------------*\
| =========                 |                                                 |
| \\      /  F ield         | OpenFOAM: The Open Source CFD Toolbox           |
|  \\    /   O peration     | Version:  4.1                                   |
|   \\  /    A nd           | Web:      www.OpenFOAM.org                      |
|    \\/     M anipulation  |                                                 |
\*---------------------------------------------------------------------------*/
FoamFile
{
    version     2.0;
    format      ascii;
    class       volScalarField;
    location    "16";
    object      p;
}
// * * * * * * * * * * * * * * * * * * * * * * * * * * * * * * * * * * * * * //

dimensions      [0 2 -2 0 0 0 0];

internalField   nonuniform List<scalar> 
6785
(
1627.88
1561.47
1510.55
1460.53
1414.22
1370.65
1329.68
1291.05
1254.59
1219.72
1185.85
1154.31
1125.54
1091.33
1056.74
1082.2
1064.17
1067.97
1063.22
1060.2
1056.96
1054.23
1052.18
1051.03
1050.86
1051.54
1053.73
1058.29
1061.88
1061.97
1035.88
1029.52
1039.17
1037.67
1040.87
1042.65
1044.74
1046.62
1048.39
1049.97
1051.4
1052.81
1053.85
1054.51
1055.54
1072.2
1069.15
1073.34
1068.82
1068.92
1066.54
1064.75
1062.65
1060.58
1058.5
1056.55
1055.18
1055.14
1055.91
1057.47
1070.44
1068.22
1071.4
1068
1069.79
1068.9
1069.11
1069.22
1069.5
1069.94
1070.55
1071.33
1072.57
1073.69
1075.27
1077.94
1077.31
1080.63
1078.98
1081.62
1081.94
1083.24
1084.42
1085.61
1086.83
1088.07
1089.24
1090.46
1091.37
1092.4
1092.34
1092.79
1095.59
1094.37
1096.59
1096.65
1097.64
1098.33
1099.01
1099.66
1100.3
1100.92
1101.59
1102.13
1102.88
1103.57
1104.41
1106.39
1105.37
1107.17
1106.96
1107.8
1108.12
1108.51
1108.77
1109.01
1109.3
1109.65
1109.99
1110.46
1110.76
1111.2
1112.54
1111.45
1112.78
1112.23
1112.77
1112.64
1112.67
1112.45
1112.2
1112
1111.87
1111.9
1111.8
1111.12
1110.59
1111.32
1109.92
1110.57
1109.57
1109.63
1108.98
1108.52
1107.7
1106.89
1106.17
1105.65
1105.19
1104.28
1101.39
1100.01
1099.84
1098.13
1098.04
1096.59
1096.12
1095.07
1094.38
1093.5
1092.78
1092.19
1091.53
1090.57
1089.33
1085.63
1084.26
1083.57
1081.85
1081.3
1079.68
1078.82
1077.53
1076.61
1075.69
1074.99
1074.48
1073.93
1073.43
1073.33
1082.17
1081.32
1080.02
1078.06
1077.18
1075.49
1074.37
1073.1
1072.2
1071.57
1071.28
1071.27
1071.48
1071.73
1072.3
1081.45
1083.26
1083.16
1081.92
1081.28
1080.27
1079.65
1079.09
1078.7
1078.44
1078.29
1078.18
1078.21
1078.2
1078.54
1128.31
1128.49
1125.81
1119.77
1112.52
1105.72
1099.71
1094.66
1090.14
1086.06
1082.58
1080.43
1079.3
1078.63
1077.95
1114.23
1114.16
1114.25
1114.25
1114.28
1114.21
1114.33
1114.35
1114.42
1114.36
1114.47
1114.52
1114.54
1114.6
1114.68
1114.78
1114.77
1114.84
1114.91
1115.04
1114.99
1115.07
1115.17
1115.25
1115.24
1115.28
1115.38
1115.45
1115.47
1115.42
1115.69
1115.55
1115.5
1115.58
1115.66
1115.68
1115.52
1115.83
1115.68
1115.54
1115.57
1115.69
1115.63
1115.47
1115.46
1115.55
1115.51
1115.23
1115.47
1115.39
1115.13
1115.04
1115.08
1115.17
1114.92
1114.79
1114.79
1115
1114.74
1114.66
1115.04
1114.82
1114.66
1114.6
1114.84
1114.64
1114.87
1114.68
1113.78
1114.09
1113.96
1109.43
1107.01
1108.21
1105.87
1091.57
1096.67
1093.35
1059.7
1067.75
1072.36
1071.19
1072.71
1058.24
1063.38
1067.69
1068.15
1068.63
1068.79
1069.59
1072.06
1074.16
1065.4
1063.47
1064.6
1067.54
1069.99
1070.33
1071.22
1072.11
1073.32
1066.9
1068.44
1069.74
1070.13
1071.61
1074.37
1075.9
1076.34
1077.11
1077.02
1071.3
1076.64
1077.45
1077.89
1078.05
1079.66
1081.68
1082.12
1080.61
1072.95
1083.34
1085.15
1086.15
1085.85
1085.6
1085.4
1086.76
1086.28
1081.53
1092.82
1091.12
1092.09
1092.64
1092.17
1091.81
1091.26
1088.86
1082.87
1099.85
1097.62
1097.44
1096.31
1094.5
1093.23
1092.8
1092.15
1091.41
1081.86
1095.03
1093.11
1094.46
1095.7
1094.39
1088.14
1086.72
1090.94
1081.96
1095.62
1093.16
1093.86
1103.5
1091.62
1102.41
1099.13
1112.45
1114.06
1107.23
1112.04
1108.4
1104.5
1099.27
1088.91
1085.97
1072.69
1077.55
1056.47
1036.78
1036.91
1020.1
1045.96
1020.62
982.91
1030.95
1005.38
977.447
990.282
979.627
1027.14
1000.09
976.208
990.822
985.393
1024
1007.93
985.475
1021.2
1012.88
1000.86
1009.39
1008.58
1023.77
1018.79
1013.3
1017.55
1017.24
1022.8
1020.86
1018.19
1024.18
1020.89
1020.8
1017.91
1010.68
1016.98
1009.21
993.815
1000.3
991.995
1012.75
1022.86
1009.21
1047.14
1067.64
1061.83
1091.06
1088.11
1145.61
1181.66
1094.3
1279.19
1335.77
780.743
1154.91
1541.91
160.894
-33.9804
-1048.67
-860.168
1363.02
0.000647689
-0.00164619
0.00382551
0.00692231
0.00981237
0.0130286
0.0164638
0.0203199
0.0246125
0.0293674
0.0346209
0.0396676
0.0443152
0.0495266
0.0563217
0.0656899
0.0785411
0.093945
0.112364
0.140273
0.189426
0.255215
0.304991
0.315053
0.282338
0.218937
0.154404
0.125593
0.136561
0.18425
0.265692
0.36473
0.47677
0.581673
0.652544
0.675809
0.673458
0.664706
0.68307
0.725339
0.79783
0.888388
0.98907
1.10061
1.23507
1.41122
1.65367
1.95749
2.26982
2.53248
2.75258
2.98883
3.28047
3.65023
4.14927
4.83209
5.64154
6.33821
6.66827
6.59899
6.25269
5.78562
5.21901
4.37523
3.12889
2.03518
2.86677
3.47811
3.62421
3.48839
3.38561
4.40315
7.07573
13.055
26.0666
54.6669
113.341
175.35
253.509
0.00521395
0.00170108
0.0179736
0.0276285
0.0368916
0.0472961
0.0585025
0.0710946
0.0851319
0.100598
0.117614
0.134955
0.152056
0.171474
0.196175
0.228401
0.270589
0.323172
0.388913
0.467027
0.551576
0.624158
0.685083
0.748586
0.778154
0.7754
0.750241
0.704206
0.68664
0.737798
0.883157
1.07027
1.26844
1.43177
1.52725
1.57083
1.63709
1.71069
1.8501
2.03427
2.26757
2.53411
2.8266
3.15527
3.54581
4.02474
4.61651
5.30739
6.05924
6.84537
7.69623
8.66971
9.78921
11.0625
12.5033
14.0815
15.6102
16.7481
17.4238
18.0764
18.8875
19.4295
18.8264
16.0396
10.5294
4.39972
4.20777
6.07563
7.69369
8.59764
8.42101
8.44277
8.54399
9.07488
8.85253
8.06635
5.90156
-27.5451
652.895
0.00816135
0.00358997
0.0292543
0.0458286
0.0617481
0.0795296
0.0986073
0.119932
0.143653
0.169741
0.198503
0.228707
0.259395
0.294052
0.337112
0.39187
0.462251
0.549037
0.656465
0.78532
0.935761
1.08494
1.22327
1.35636
1.40291
1.36711
1.29094
1.19627
1.19154
1.31125
1.57749
1.90832
2.25902
2.55585
2.74734
2.85191
2.98011
3.12857
3.3886
3.72939
4.15707
4.64229
5.17595
5.78138
6.50624
7.39778
8.4961
9.77833
11.1833
12.6452
14.1838
15.8794
17.7743
19.887
22.2613
24.9057
27.5702
29.6835
31.0295
32.1816
33.3772
33.9486
32.5556
27.5641
17.9725
7.09363
6.20165
10.4884
13.32
13.9834
14.2322
15.8065
17.5545
20.4948
23.5376
29.4582
47.5439
51.6744
1131.36
0.0120334
0.00769536
0.0423993
0.0660762
0.088744
0.114026
0.141157
0.171409
0.20507
0.24205
0.282655
0.325639
0.369877
0.419842
0.481539
0.559366
0.658623
0.780817
0.931803
1.10996
1.31138
1.50804
1.69869
1.89821
1.98369
1.95654
1.86448
1.72304
1.71027
1.87732
2.24135
2.687
3.1472
3.5289
3.77635
3.92676
4.12256
4.36026
4.7467
5.24037
5.847
6.53028
7.28295
8.1386
9.15977
10.405
11.9203
13.6784
15.6146
17.6633
19.8578
22.2874
24.9881
27.9715
31.2825
34.9215
38.5639
41.4875
43.4478
45.2133
47.0856
48.1017
46.3377
39.4948
26.218
11.0398
9.1345
14.6878
18.366
19.5631
20.4111
23.5373
28.2079
36.7981
51.1698
82.1863
163.245
271.338
1288.83
0.0156524
0.0123339
0.055351
0.086278
0.115877
0.148788
0.184117
0.223414
0.26714
0.315136
0.367637
0.423496
0.481648
0.547361
0.628008
0.729011
0.856916
1.01356
1.2064
1.43425
1.69354
1.95226
2.20694
2.47239
2.58715
2.55605
2.43163
2.23011
2.20726
2.43564
2.90722
3.47231
4.04259
4.51028
4.819
5.02657
5.29621
5.63161
6.14638
6.7954
7.58404
8.46922
9.44599
10.5585
11.8838
13.4924
15.4379
17.6919
20.1805
22.8283
25.6727
28.814
32.2889
36.1058
40.3146
44.9262
49.5726
53.4024
56.1129
58.5763
61.1081
62.4915
60.3256
51.7543
35.1461
16.0732
13.069
19.6937
24.0989
25.6251
27.0162
31.4722
38.3286
51.216
74.557
125.148
251.846
420.493
1168.38
0.0196447
0.0181504
0.0691407
0.10748
0.144126
0.184733
0.228374
0.276846
0.330787
0.389986
0.454519
0.523369
0.595673
0.677447
0.77734
0.901769
1.05849
1.24979
1.48463
1.76151
2.0756
2.39186
2.70773
3.0394
3.18814
3.16322
3.00833
2.73885
2.69427
2.98422
3.56014
4.2348
4.89789
5.43393
5.79332
6.06038
6.40758
6.84778
7.49231
8.29538
9.26053
10.3405
11.5337
12.8939
14.5103
16.4624
18.8094
21.5232
24.5246
27.7395
31.2184
35.0693
39.3212
43.9709
49.0649
54.6198
60.2365
64.9677
68.4727
71.7091
75
76.8878
74.5103
64.4719
44.9086
22.2677
17.9116
25.0553
29.9033
31.9784
34.1964
40.1648
49.4346
66.7331
98.909
166.667
326.342
545.25
1127.4
0.0236298
0.0246671
0.0832757
0.129154
0.173012
0.221414
0.27348
0.331245
0.395519
0.466068
0.542761
0.624744
0.711476
0.809674
0.929113
1.07713
1.26262
1.48823
1.76447
2.09048
2.46114
2.83871
3.21891
3.61632
3.7978
3.78072
3.58888
3.24032
3.1647
3.52051
4.20309
4.98267
5.72872
6.32482
6.7337
7.06974
7.50086
8.05145
8.82674
9.78359
10.9231
12.1949
13.6018
15.2068
17.11
19.3992
22.1392
25.303
28.8067
32.5788
36.682
41.2301
46.2442
51.7063
57.6546
64.1169
70.6851
76.346
80.7278
84.84
88.9836
91.4666
89.0094
77.7298
55.578
29.6724
23.7419
31.083
36.2151
38.7992
41.9171
49.5581
61.781
84.6477
128.014
216.093
408.898
667.756
1003.9
0.0277665
0.0319301
0.0979496
0.15152
0.202757
0.259054
0.319635
0.386787
0.46149
0.543535
0.632531
0.727819
0.829244
0.944205
1.08348
1.25526
1.46951
1.72941
2.04688
2.42176
2.8487
3.28781
3.73325
4.19664
4.4127
4.40909
4.17686
3.73825
3.6219
4.04364
4.83232
5.70912
6.52558
7.17164
7.6285
8.0413
8.56167
9.22596
10.1324
11.2414
12.5511
14.0097
15.6249
17.4683
19.6497
22.2639
25.381
28.975
32.9597
37.2709
41.9872
47.2265
52.9975
59.2608
66.0391
73.3743
80.8693
87.4738
92.7985
97.8853
102.991
106.2
103.847
91.5983
67.2495
38.3691
30.5833
37.7042
42.8886
46.0248
50.2265
59.7001
75.3196
104.738
161.16
271.013
491.764
777.321
937.043
0.0319559
0.039752
0.113008
0.174422
0.233229
0.297553
0.366754
0.443371
0.528576
0.622233
0.723676
0.832426
0.948788
1.08086
1.24029
1.43597
1.67894
1.97295
2.33139
2.75509
3.23902
3.74139
4.25391
4.78321
5.03514
5.04942
4.77199
4.23183
4.06678
4.55337
5.44706
6.41346
7.28967
7.9786
8.48603
8.98391
9.59971
10.3804
11.4181
12.6774
14.1538
15.7946
17.6134
19.6898
22.1424
25.0727
28.5552
32.5656
37.0165
41.8541
47.1736
53.0953
59.6134
66.661
74.2384
82.407
90.8026
98.3672
104.707
110.879
117.069
121.144
119.085
106.153
80.0158
48.4664
38.5643
45.1055
50.1681
53.8215
59.2223
70.7961
90.3889
127.356
198.02
328.799
569.846
875.028
884.535
0.036308
0.0481262
0.128449
0.19788
0.264464
0.336962
0.414896
0.501043
0.596799
0.702146
0.816204
0.938566
1.07007
1.21959
1.39949
1.61925
1.89088
2.21895
2.61817
3.0905
3.63166
4.19835
4.77944
5.37478
5.66519
5.70244
5.37513
4.72297
4.50288
5.05131
6.04631
7.09305
8.0187
8.74478
9.30891
9.89814
10.6143
11.5126
12.6811
14.0881
15.7269
17.5448
19.5618
21.8651
24.581
27.8171
31.6524
36.0638
40.9649
46.3149
52.2277
58.8246
66.0823
73.8991
82.2451
91.2071
100.476
109.014
116.44
123.808
131.209
136.304
134.756
121.452
93.9661
60.088
47.8293
53.3823
58.1298
62.2902
69.0676
83.1036
107.43
153.122
238.952
389.19
643.983
959.854
877.269
0.0409232
0.0570646
0.144204
0.22182
0.296407
0.377248
0.464049
0.559797
0.666139
0.78322
0.910049
1.04617
1.193
1.36023
1.56095
1.80499
2.10522
2.46728
2.90706
3.42781
4.02658
4.65881
5.31005
5.97148
6.30389
6.36843
5.98647
5.21349
4.9345
5.54067
6.63049
7.74692
8.71289
9.47309
10.1041
10.7888
11.609
12.6254
13.9239
15.4756
17.2725
19.2623
21.4721
23.9962
26.9676
30.5001
34.6767
39.4754
44.8125
50.6627
57.1591
64.423
72.4114
80.9802
90.062
99.7757
109.89
119.415
127.996
136.674
145.416
151.699
150.894
137.556
109.187
73.3709
58.5843
62.7528
67.0209
71.651
79.9976
96.9533
126.883
182.474
283.944
451.472
711.14
1013.29
955.164
0.0460446
0.0667371
0.160294
0.246201
0.329039
0.418406
0.514224
0.619654
0.736617
0.865453
1.00516
1.15518
1.31754
1.50273
1.72457
1.99313
2.32192
2.71791
3.19807
3.7669
4.42341
5.12219
5.84498
6.57274
6.95184
7.0471
6.60647
5.70639
5.36762
6.02675
7.2012
8.37482
9.37268
10.1672
10.8763
11.6585
12.585
13.7194
15.1466
16.8396
18.7898
20.9461
23.3431
26.0814
29.3005
33.1196
37.6257
42.7982
48.5575
54.8957
61.9656
69.8886
78.599
87.9031
97.6877
108.111
119.042
129.566
139.371
149.469
159.685
167.333
167.523
154.511
125.756
88.4541
71.0618
73.438
77.0483
82.1625
92.3233
112.75
149.207
215.689
332.527
514.091
770.323
1030.44
1025.32
0.0519792
0.0774341
0.176805
0.270977
0.36231
0.460408
0.565413
0.680624
0.808245
0.94884
1.10148
1.26551
1.44364
1.64705
1.89023
2.18357
2.54088
2.97076
3.49108
4.10759
4.82186
5.58813
6.38369
7.17838
7.60916
7.73782
7.23568
6.20622
5.81023
6.51653
7.76139
8.97776
9.9999
10.8339
11.6304
12.5102
13.5444
14.7962
16.3501
18.1807
20.2793
22.5967
25.175
28.1209
31.5796
35.6758
40.5003
46.0336
52.2021
59.0168
66.6496
75.2227
84.6459
94.668
105.122
116.214
127.933
139.469
150.565
162.187
174.004
183.204
184.662
172.359
143.737
105.47
85.5291
85.7418
88.4979
94.1465
106.421
130.944
174.839
252.89
384.025
575.359
822.882
1029.66
1046.89
0.0591067
0.0895528
0.193942
0.296176
0.396176
0.503232
0.61761
0.742721
0.881044
1.03339
1.19895
1.37711
1.57123
1.79315
2.05786
2.37622
2.76205
3.22576
3.78598
4.44975
5.2216
6.05614
6.92563
7.78822
8.27518
8.43975
7.87521
6.72017
6.27307
7.01824
8.31484
9.55761
10.5982
11.4823
12.3704
13.3463
14.4888
15.8568
17.5351
19.4993
21.7411
24.2138
26.9674
30.1143
33.8046
38.1682
43.2997
49.1814
55.7464
63.0261
71.2103
80.424
90.5505
101.274
112.366
124.085
136.565
149.124
161.574
174.815
188.357
199.306
202.323
191.128
163.178
124.531
102.249
99.9918
101.695
107.976
122.716
151.995
204.132
294.003
437.63
633.688
867.657
1026.75
1056.84
0.0676573
0.103491
0.212035
0.321923
0.430613
0.546843
0.6708
0.805943
0.955022
1.11909
1.29753
1.48988
1.70025
1.94098
2.22745
2.57101
2.98533
3.48277
4.0826
4.79326
5.62239
6.52576
7.47028
8.40192
8.949
9.15164
8.52664
7.25721
6.7682
7.54039
8.8656
10.1172
11.1746
12.1211
13.0985
14.1691
15.4198
16.9024
18.7024
20.7958
23.1754
25.7977
28.7206
32.0615
35.9752
40.5965
46.024
52.2419
59.1912
66.924
75.6478
85.4913
96.3109
107.72
119.419
131.726
144.941
158.535
172.395
187.336
202.723
215.626
220.51
210.833
184.105
145.722
121.458
116.537
117.023
124.067
141.659
176.332
237.304
338.715
492.375
688.026
904.868
1027.16
1055.1
0.077491
0.119565
0.231517
0.348474
0.465676
0.591212
0.724967
0.870287
1.03019
1.20596
1.39717
1.60377
1.83061
2.09052
2.39897
2.76779
3.21064
3.74164
4.3808
5.13802
6.02404
6.99654
8.01703
9.01886
9.62955
9.87176
9.1914
7.82618
7.30652
8.09032
9.41756
10.6613
11.741
12.755
13.8167
14.9806
16.3387
17.9341
19.8526
22.0706
24.5824
27.3485
30.4345
33.9625
38.0913
42.9605
48.6728
55.2152
62.5366
70.7102
79.9607
90.422
101.924
114.003
126.282
139.142
153.066
167.704
183.023
199.732
217.075
232.145
239.218
231.472
206.52
169.091
143.353
135.709
134.872
142.853
163.686
204.305
274.402
386.494
547.19
737.525
934.661
1033.22
1052.6
0.0882062
0.137844
0.25283
0.376193
0.501534
0.636332
0.780078
0.935734
1.10653
1.294
1.49787
1.71872
1.96226
2.24171
2.57242
2.96643
3.43786
4.0022
4.68039
5.48389
6.42639
7.46806
8.56517
9.63817
10.3155
10.5977
9.87
8.43378
7.8954
8.67263
9.974
11.1992
12.3069
13.3849
14.5267
15.7828
17.2468
18.953
20.9862
23.3241
25.9625
28.8664
32.1092
35.8173
40.1528
45.26
51.2462
58.1013
65.7828
74.384
84.1476
95.213
107.386
120.121
132.956
146.335
160.945
176.634
193.446
211.975
231.383
248.841
258.43
253.029
230.399
194.643
168.065
157.791
155.607
164.743
189.176
236.14
315.28
436.63
601.003
781.722
957.355
1044.39
1047.55
0.0994034
0.158033
0.276269
0.405495
0.53845
0.682273
0.836098
1.00226
1.18404
1.38318
1.59962
1.83471
2.09514
2.39454
2.74779
3.16686
3.66687
4.26423
4.98112
5.83069
6.82926
7.93986
9.11389
10.2587
11.0049
11.3262
10.5614
9.08257
8.53678
9.28854
10.5383
11.7405
12.8744
14.0112
15.2304
16.5775
18.1454
19.9598
22.1038
24.5567
27.3159
30.3517
33.7451
37.6261
42.1597
47.4951
53.7441
60.9004
68.9296
77.9446
88.2062
99.8605
112.693
126.07
139.441
153.311
168.585
185.327
203.65
224.036
245.616
265.684
278.122
275.469
255.686
222.329
195.647
182.993
179.527
190.082
218.41
271.902
359.586
488.28
652.869
820.342
972.551
1067.78
1044.58
0.11078
0.179608
0.301784
0.436718
0.576725
0.729192
0.893016
1.06982
1.26269
1.47351
1.70242
1.95172
2.2292
2.54898
2.92508
3.36907
3.89751
4.5275
5.28267
6.17808
7.23235
8.41143
9.66229
10.879
11.6954
12.0532
11.2621
9.76956
9.22807
9.93383
11.1139
12.2881
13.4436
14.6353
15.9295
17.366
19.0354
20.9556
23.206
25.7688
28.6428
31.8046
35.3422
39.3889
44.1122
49.6657
56.1664
63.6123
71.9767
81.3906
92.1334
104.36
117.837
131.846
145.736
160.073
175.99
193.781
213.618
235.884
259.74
282.641
298.254
298.74
282.302
252.05
226.063
211.427
206.836
219.105
251.529
311.471
406.787
540.546
701.91
852.832
979.457
1103.37
1039.78
0.122122
0.202042
0.329006
0.469946
0.616646
0.777287
0.950869
1.13838
1.34245
1.56497
1.80627
2.06971
2.36441
2.70503
3.10431
3.57308
4.1296
4.79179
5.58466
6.52565
7.63523
8.88211
10.2093
11.4975
12.384
12.7741
11.9666
10.4864
9.96197
10.598
11.7002
12.8415
14.0154
15.2582
16.6252
18.1497
19.9181
21.941
24.2933
26.9606
29.9437
33.2256
36.901
41.106
46.0104
51.772
58.5134
66.237
74.9235
84.7206
95.9261
108.707
122.812
137.442
151.84
166.625
183.167
201.994
223.33
247.485
273.722
299.671
318.776
322.773
310.138
283.656
259.183
243.099
237.62
251.906
288.501
354.537
456.204
592.538
747.477
879.914
977.824
1109.38
1029.35
0.13328
0.22491
0.357451
0.504972
0.658375
0.826751
1.00976
1.20792
1.42331
1.65754
1.91116
2.18869
2.50075
2.86272
3.2855
3.77886
4.3629
5.05682
5.88666
6.87286
8.03729
9.35105
10.7538
12.1122
13.0674
13.4836
12.6672
11.2229
10.7206
11.2693
12.2931
13.4007
14.5905
15.8809
17.3185
18.9297
20.7942
22.9167
25.366
28.1326
31.2188
34.6149
38.4218
42.7778
47.8545
53.814
60.785
68.7744
77.7693
87.9329
99.581
112.895
127.61
142.849
157.749
172.971
190.121
209.962
232.763
258.809
287.528
316.727
339.628
347.485
339.063
316.95
294.789
277.906
271.837
288.414
329.113
400.614
507.066
643.432
788.999
901.951
972.944
1086.69
1019.64
0.144159
0.247944
0.386658
0.541443
0.701875
0.877722
1.06983
1.27847
1.50521
1.75119
2.01709
2.30866
2.63823
3.02208
3.46869
3.98644
4.59729
5.32236
6.1882
7.21909
8.43774
9.81717
11.2942
12.7212
13.7419
14.1768
13.3559
11.9681
11.4783
11.9375
12.8885
13.9649
15.1685
16.504
18.0106
19.707
21.6647
23.8831
26.4248
29.285
32.4685
35.9731
39.905
44.4045
49.6446
55.792
62.9815
71.2245
80.5135
91.0259
103.095
116.919
132.222
148.056
163.457
179.112
196.852
217.677
241.896
269.83
301.12
333.756
360.739
372.778
368.925
351.703
332.583
315.646
309.322
328.392
372.977
449.078
558.564
692.492
826.045
918.916
970.717
1059.98
1012.1
0.154721
0.271031
0.416276
0.578964
0.746974
0.930293
1.13121
1.35009
1.58815
1.84591
2.12404
2.4296
2.77688
3.18318
3.6539
4.19578
4.83266
5.58814
6.48878
7.56363
8.83561
10.2791
11.8288
13.3219
14.4038
14.8491
14.0253
12.7072
12.2167
12.5942
13.4824
14.5319
15.7482
17.1278
18.7019
20.4822
22.5303
24.841
27.47
30.4181
33.6931
37.3004
41.3511
45.9864
51.3811
57.7062
65.1029
73.5871
83.1555
93.9978
106.464
120.771
136.636
153.052
168.955
185.045
203.36
225.127
250.706
280.522
314.462
350.7
382.029
398.541
399.561
387.659
372.205
356.034
349.803
371.452
419.559
499.21
609.889
739.091
858.587
931.465
971.044
1036.54
1005.67
0.164977
0.294189
0.446118
0.61718
0.793427
0.984467
1.19397
1.42289
1.67212
1.94167
2.23198
2.55151
2.91674
3.3461
3.84117
4.40686
5.06894
5.85385
6.78792
7.90572
9.22979
10.7353
12.3556
13.912
15.0498
15.4967
14.6703
13.4247
12.928
13.2334
14.0707
15.0987
16.3286
17.7525
19.3931
21.2561
23.3916
25.7905
28.5018
31.5321
34.8929
38.5974
42.7604
47.5238
53.0643
59.5568
67.1494
75.8622
85.6947
96.8474
109.685
124.444
140.843
157.821
174.229
190.762
209.639
232.298
259.176
290.864
327.515
367.499
403.412
424.655
430.796
424.552
413.242
398.659
392.927
417.082
468.217
550.25
660.277
782.731
886.844
940.595
971.551
1015.8
1000.58
0.174972
0.317524
0.476154
0.655852
0.840961
1.04015
1.25821
1.49696
1.75716
2.03842
2.34088
2.6744
3.05789
3.51097
4.03054
4.61964
5.30601
6.11914
7.08512
8.24449
9.61902
11.184
12.8723
14.4885
15.6764
16.117
15.2887
14.1096
13.6081
13.8521
14.6501
15.6622
16.9086
18.3778
20.0844
22.029
24.2493
26.732
29.5204
32.6272
36.0683
39.8644
44.1333
49.0173
54.6944
61.3443
69.1213
78.0499
88.1306
99.5732
112.756
127.934
144.83
162.347
179.261
196.252
215.676
239.173
267.288
300.837
340.242
384.088
424.794
450.991
462.455
462.116
455.262
442.974
438.261
464.687
518.249
601.434
709.044
823.065
911.104
947.208
971.077
998.102
995.326
0.184777
0.341186
0.506462
0.694881
0.889343
1.09716
1.32394
1.57236
1.84334
2.13615
2.4507
2.79825
3.20042
3.67793
4.22204
4.83404
5.54374
6.38362
7.37984
8.57894
10.0019
11.6231
13.3765
15.0487
16.281
16.7084
15.8801
14.758
14.2555
14.4499
15.2178
16.2201
17.4869
19.0034
20.7762
22.8015
25.1036
27.6656
30.526
33.7036
37.2198
41.102
45.4704
50.467
56.2719
63.0689
71.0189
80.1501
90.4631
102.174
115.674
131.234
148.587
166.612
184.031
201.494
221.453
245.733
275.027
310.425
352.607
400.403
446.076
477.411
494.356
500.098
497.889
488.394
485.28
513.629
568.947
652.041
755.616
859.908
931.744
952.095
969.248
983.519
988.272
0.194468
0.365328
0.537175
0.734275
0.938419
1.15533
1.39113
1.64913
1.93074
2.23485
2.56135
2.92305
3.34447
3.84714
4.41571
5.04994
5.78197
6.64689
7.67149
8.90798
10.3767
12.0506
13.8658
15.5895
16.8609
17.2703
16.4439
15.3711
14.8713
15.0272
15.7721
16.771
18.0631
19.6291
21.469
23.5737
25.9545
28.5912
31.5185
34.7615
38.3475
42.3105
46.7719
51.8734
57.7971
64.7311
72.8426
82.1633
92.6919
104.65
118.437
134.34
152.103
170.597
188.513
206.462
226.941
251.953
282.38
319.614
364.576
416.381
467.158
503.772
526.31
538.249
540.833
534.457
533.426
563.284
619.626
701.413
799.544
893.23
949.258
955.965
965.589
971.361
979.643
0.204116
0.390089
0.568424
0.774096
0.988136
1.21449
1.45971
1.72731
2.01941
2.33452
2.67279
3.04879
3.49018
4.01881
4.61157
5.26721
6.02046
6.90858
7.95939
9.23048
10.7416
12.4642
14.3374
16.1082
17.414
17.8029
16.9811
15.9518
15.4582
15.5844
16.312
17.3138
18.6367
20.2549
22.1627
24.3457
26.8021
29.5089
32.4982
35.8011
39.4519
43.4904
48.0384
53.2369
59.2706
66.3313
74.5929
84.0897
94.8173
107.001
121.045
137.249
155.371
174.288
192.682
211.124
232.109
257.807
289.333
328.393
376.121
431.966
487.939
529.928
558.12
576.302
583.856
580.854
582.193
613.098
669.656
748.978
840.506
923.13
964.186
959.364
960.37
961.26
970.101
0.213776
0.415589
0.600312
0.814435
1.03851
1.27455
1.52954
1.80688
2.10934
2.43516
2.78496
3.17547
3.63771
4.19314
4.80963
5.48564
6.25896
7.16822
8.24277
9.54516
11.0949
12.8616
14.7888
16.602
17.9384
18.3064
17.4938
16.5033
16.0184
16.1217
16.8372
17.8482
19.2077
20.8809
22.8574
25.1176
27.6466
30.4188
33.4648
36.8227
40.5334
44.6419
49.2701
54.5578
60.6926
67.8702
76.2703
85.9299
96.8398
109.227
123.498
139.96
158.383
177.67
196.51
215.442
236.919
263.267
295.873
336.752
387.22
447.107
508.326
555.744
589.59
613.966
626.697
627.324
631.134
662.574
718.475
794.261
878.299
949.803
977.065
962.663
954.69
952.599
960.89
0.223489
0.441932
0.632912
0.85538
1.08957
1.33545
1.60049
1.88782
2.20054
2.53676
2.89777
3.30308
3.78726
4.37039
5.00986
5.70501
6.49712
7.42529
8.52069
9.85058
11.4344
13.2403
15.2175
17.0684
18.4323
18.7813
17.9839
17.0291
16.5542
16.6394
17.3477
18.3744
19.7765
21.5073
23.5534
25.8899
28.488
31.3207
34.4184
37.8264
41.5921
45.7656
50.4674
55.8366
62.0639
69.3484
77.8756
87.6846
98.7602
111.33
125.797
142.473
161.14
180.733
199.976
219.38
241.331
268.306
301.987
344.682
397.858
461.762
528.241
581.101
620.533
650.932
669.03
673.542
679.792
711.232
765.588
836.894
912.83
973.534
988.447
965.913
949.294
945.273
951.122
0.233281
0.469209
0.666271
0.896989
1.14138
1.39719
1.67247
1.97004
2.29295
2.63924
3.01113
3.43161
3.93901
4.55078
5.2122
5.925
6.73448
7.67913
8.79204
10.1451
11.7579
13.598
15.6211
17.5051
18.8943
19.2277
18.4531
17.5324
17.0677
17.1378
17.8439
18.893
20.3432
22.1343
24.251
26.6627
29.3264
32.2144
35.3589
38.8125
42.6285
46.8617
51.6306
57.0736
63.3848
70.7665
79.4095
89.3546
100.579
113.31
127.946
144.792
163.642
183.474
203.064
222.909
245.314
272.903
307.662
352.176
408.025
475.9
547.619
605.896
650.792
686.906
710.509
719.116
727.666
758.582
810.561
876.605
944.107
994.658
998.807
969.168
945.446
939.786
941.938
0.243165
0.497506
0.700408
0.939287
1.19399
1.45977
1.74541
2.05342
2.38653
2.74249
3.12489
3.56105
4.0932
4.7345
5.41653
6.14522
6.97044
7.9289
9.0555
10.427
12.0632
13.9325
15.9976
17.9099
19.3233
19.645
18.9029
18.0157
17.5607
17.6175
18.3265
19.4049
20.9082
22.7622
24.9506
27.4363
30.1615
33.0998
36.2864
39.7811
43.6429
47.9305
52.7599
58.2693
64.6562
72.1256
80.873
90.941
102.299
115.172
129.948
146.924
165.899
185.902
205.774
226.018
248.853
277.05
312.891
359.224
417.713
489.5
566.414
630.05
680.236
721.632
750.83
763.668
774.267
804.154
853.028
913.216
972.223
1013.54
1008.58
972.592
943.236
935.91
935.131
0.253145
0.526902
0.735321
0.982278
1.24744
1.5232
1.81926
2.13784
2.48113
2.84632
3.23889
3.69141
4.25005
4.92167
5.62261
6.36513
7.2042
8.17356
9.30947
10.6942
12.3485
14.2422
16.3453
18.2813
19.7184
20.0329
19.3339
18.4805
18.0345
18.0793
18.7962
19.911
21.472
23.3916
25.6527
28.2106
30.9931
33.9765
37.2007
40.7324
44.6354
48.9722
53.8556
59.424
65.8786
73.4264
82.2672
92.445
103.921
116.917
131.81
148.876
167.924
188.033
208.12
228.717
251.957
280.756
317.676
365.82
426.914
502.548
584.594
653.499
708.767
754.88
789.706
806.89
819.178
847.546
892.702
946.632
997.341
1030.56
1018.05
976.364
942.79
934.735
933.901
0.263219
0.557472
0.770985
1.02594
1.30169
1.58745
1.89397
2.22315
2.5766
2.95053
3.3529
3.82264
4.40974
5.11228
5.83004
6.58404
7.43469
8.41179
9.55217
10.9449
12.6121
14.526
16.6633
18.618
20.0788
20.3908
19.7466
18.928
18.4901
18.5239
19.2538
20.4121
22.0349
24.0229
26.3575
28.9855
31.8209
34.8444
38.1018
41.6667
45.6063
49.9871
54.9179
60.5382
67.0528
74.6701
83.5935
93.8679
105.447
118.549
133.537
150.662
169.734
189.893
210.137
231.042
254.665
284.059
322.032
371.954
435.613
515.031
602.14
676.197
736.312
786.491
826.797
848.503
862.075
888.445
929.379
976.839
1019.68
1046.07
1027.41
980.606
944.375
935.508
936.472
0.273379
0.589281
0.807354
1.07023
1.35671
1.65247
1.96946
2.30923
2.67272
3.05484
3.46667
3.95472
4.57239
5.30602
6.03819
6.80099
7.66056
8.64199
9.78173
11.1775
12.853
14.7837
16.9512
18.919
20.4043
20.7181
20.1408
19.3587
18.928
18.9518
19.7001
20.9093
22.5975
24.6565
27.0651
29.7608
32.6444
35.7031
38.9899
42.5839
46.5557
50.9751
55.947
61.6124
68.1795
75.8578
84.8535
95.2114
106.879
120.072
135.136
152.293
171.353
191.52
211.875
233.055
257.046
287.022
325.993
377.624
443.791
526.929
619.04
698.103
762.812
816.417
861.786
888.188
902.696
926.625
962.933
1003.9
1039.5
1060.38
1036.8
985.096
946.442
936.619
940.271
0.28361
0.622378
0.844352
1.11507
1.41241
1.71816
2.04561
2.39591
2.76924
3.15889
3.57994
4.08766
4.73795
5.50222
6.24604
7.01478
7.88023
8.86239
9.99651
11.3909
13.0711
15.016
17.2093
19.1841
20.6947
21.0144
20.5159
19.7725
19.3484
19.3636
20.1358
21.4037
23.1604
25.2925
27.7753
30.5362
33.4632
36.5526
39.8648
43.4842
47.4838
51.9364
56.943
62.6471
69.2596
76.9909
86.0488
96.4772
108.219
121.491
136.618
153.786
172.806
192.955
213.396
234.836
259.189
289.73
329.611
382.83
451.419
538.212
635.283
719.186
788.207
844.689
894.51
925.632
940.833
961.943
993.314
1027.92
1057.07
1073.77
1046.34
989.886
948.37
937.799
944.676
0.29389
0.656789
0.881869
1.16037
1.46868
1.78437
2.12225
2.48298
2.86584
3.26221
3.69234
4.2214
4.90603
5.69966
6.45211
7.22403
8.09201
9.07122
10.1953
11.5848
13.2672
15.2242
17.4382
19.4132
20.9496
21.2798
20.8712
20.1692
19.7511
19.7596
20.5616
21.8964
23.7237
25.931
28.488
31.3112
34.2768
37.3925
40.7267
44.3676
48.3905
52.8709
57.9061
63.6427
70.2941
78.0705
87.1812
97.6674
109.472
122.812
137.992
155.156
174.122
194.243
214.765
236.471
261.194
292.276
332.947
387.582
458.463
548.837
650.855
739.425
812.436
871.352
924.936
960.582
976.331
994.325
1020.54
1049.09
1072.66
1086.42
1056.11
995.152
950.523
939.233
951.155
0.304187
0.692503
0.919752
1.20602
1.52532
1.85087
2.19917
2.57015
2.96202
3.36404
3.80337
4.35584
5.07583
5.89648
6.65453
7.42731
8.29442
9.26704
10.3777
11.7596
13.4426
15.4103
17.639
19.6066
21.1675
21.5159
21.206
20.5482
20.1358
20.1402
20.979
22.3882
24.2878
26.572
29.2027
32.0852
35.0849
38.2229
41.5756
45.2339
49.276
53.7786
58.8367
64.5998
71.2838
79.0981
88.2527
98.7844
110.639
124.036
139.266
156.419
175.327
195.426
216.046
238.043
263.151
294.743
336.058
391.889
464.885
558.751
665.731
758.814
835.44
896.434
953.062
992.85
1009.08
1023.76
1044.68
1067.62
1086.55
1098.47
1066.12
1000.84
952.738
940.623
958.907
0.314463
0.729457
0.957804
1.25186
1.58214
1.91739
2.27603
2.65692
3.05686
3.46317
3.91242
4.49088
5.24609
6.09017
6.8513
7.62344
8.48645
9.44903
10.544
11.9168
13.5995
15.5766
17.8125
19.7656
21.3466
21.7253
21.5194
20.9086
20.5017
20.5057
21.3897
22.8801
24.853
27.2152
29.9187
32.8575
35.8869
39.0437
42.4114
46.0829
50.14
54.6594
59.7347
65.5191
72.2298
80.0752
89.2656
99.8307
111.721
125.168
140.443
157.595
176.446
196.544
217.294
239.617
265.126
297.19
338.986
395.757
470.645
567.894
679.869
777.353
857.184
919.959
978.889
1022.28
1039
1050.28
1065.87
1083.74
1098.97
1110.01
1076.25
1006.58
954.169
941.618
968.124
0.324665
0.767522
0.995772
1.29771
1.63884
1.98358
2.3523
2.74227
3.1486
3.55778
4.01897
4.62647
5.41524
6.27796
7.04076
7.81178
8.66786
9.61724
10.6952
12.0581
13.7399
15.7251
17.9596
19.8914
21.4877
21.909
21.8105
21.2493
20.8477
20.8565
21.7958
23.3736
25.4198
27.8605
30.6353
33.6275
36.6826
39.8547
43.234
46.9145
50.9823
55.5131
60.6006
66.4011
73.1331
81.0035
90.2221
100.807
112.718
126.223
141.535
158.7
177.501
197.628
218.547
241.235
267.155
299.641
341.745
399.185
475.707
576.211
693.21
795.051
877.651
941.975
1002.45
1048.76
1066.02
1073.96
1084.27
1097.73
1110.16
1121.06
1086.35
1011.75
953.798
941.173
977.978
0.334734
0.80649
1.03334
1.34333
1.69506
2.04881
2.42686
2.82406
3.23419
3.64575
4.12242
4.76247
5.58182
6.45768
7.22227
7.99244
8.83924
9.77256
10.8328
12.1854
13.8656
15.8572
18.0808
19.9858
21.593
22.0682
22.0786
21.569
21.1725
21.1933
22.1997
23.87
25.9883
28.5072
31.3516
34.3944
37.4716
40.6559
44.0433
47.7285
51.8025
56.3397
61.4347
67.2465
73.995
81.8847
91.1244
101.717
113.644
127.221
142.566
159.739
178.515
198.701
219.832
242.917
269.244
302.085
344.32
402.159
480.035
583.65
705.687
811.909
896.841
962.526
1023.84
1072.22
1090.11
1094.92
1100.07
1109.81
1120.3
1131.57
1095.83
1015.55
950.059
938.196
987.396
0.344591
0.846063
1.07009
1.38838
1.75011
2.11187
2.49741
2.89847
3.30944
3.72506
4.22168
4.89865
5.74506
6.62868
7.39644
8.16625
9.00185
9.91653
10.9584
12.3
13.9777
15.974
18.1763
20.0508
21.6644
22.2043
22.3234
21.8659
21.4746
21.5167
22.6036
24.3701
26.5583
29.1545
32.0665
35.1574
38.2536
41.4469
44.8388
48.5243
52.6002
57.1393
62.2371
68.0561
74.8165
82.7208
91.9755
102.565
114.515
128.169
143.554
160.718
179.51
199.778
221.157
244.661
271.37
304.484
346.672
404.651
483.598
590.177
717.231
827.918
914.772
981.609
1043.16
1092.66
1111.24
1113.27
1113.46
1120.24
1129.57
1141.69
1102.99
1016.71
941.578
931.61
995.007
0.354125
0.885767
1.10545
1.4322
1.80261
2.1703
2.55989
2.96026
3.37034
3.7939
4.31592
5.03525
5.90528
6.79222
7.56489
8.33443
9.15727
10.0509
11.0734
12.4028
14.0769
16.0759
18.2464
20.0888
21.7039
22.3191
22.5443
22.1386
21.7524
21.8274
23.0089
24.8741
27.1296
29.8018
32.7792
35.9158
39.0282
42.2274
45.6199
49.3013
53.3752
57.9119
63.0085
68.8306
75.599
83.5134
92.7779
103.361
115.339
129.071
144.502
161.658
180.487
200.87
222.522
246.447
273.494
306.782
348.747
406.629
486.373
595.765
727.785
843.059
931.505
999.197
1060.52
1110.15
1129.39
1129.13
1124.65
1129.24
1138.04
1152.4
1107.81
1014.32
927.696
920.217
999.461
0.363092
0.92463
1.1384
1.4733
1.84991
2.22006
2.60903
3.00495
3.41491
3.85155
4.40816
5.17298
6.06335
6.95083
7.72955
8.49837
9.3071
10.1774
11.1785
12.4938
14.1633
16.1632
18.2913
20.1023
21.7144
22.4139
22.7411
22.3852
22.0045
22.1263
23.4166
25.3817
27.7016
30.4483
33.4886
36.6685
39.7946
42.9967
46.3854
50.0587
54.1271
58.6577
63.7492
69.5709
76.3437
84.2647
93.5345
104.111
116.124
129.932
145.409
162.58
181.439
201.989
223.916
248.252
275.571
308.919
350.487
408.059
488.342
600.403
737.316
857.29
947.136
1015.31
1076.03
1124.87
1144.58
1142.59
1133.84
1136.98
1145.35
1162.95
1110.45
1006.78
908.817
903.51
999.747
0.370861
0.960317
1.16709
1.50901
1.88802
2.25645
2.64088
3.03199
3.44484
3.90206
4.50498
5.31283
6.22022
7.10714
7.89216
8.6594
9.45265
10.2972
11.2743
12.5729
14.237
16.2359
18.3115
20.0936
21.6994
22.4896
22.9133
22.6047
22.2301
22.4143
23.8268
25.8916
28.2737
31.0934
34.194
37.4148
40.5522
43.7537
47.1341
50.7957
54.8558
59.3768
64.4593
70.2776
77.0521
84.9767
94.2476
104.821
116.874
130.756
146.281
163.485
182.379
203.127
225.327
250.046
277.556
310.84
351.838
408.91
489.496
604.089
745.825
870.557
961.772
1030.01
1089.8
1137.07
1156.9
1153.73
1141.23
1143.75
1151.4
1168.42
1110.36
995.369
887.449
883.064
992.99
0.375919
0.98757
1.18871
1.53572
1.91308
2.27693
2.65619
3.04592
3.46689
3.95472
4.6106
5.45636
6.37666
7.26305
8.05411
8.81876
9.59492
10.4111
11.3609
12.6402
14.2978
16.2939
18.3084
20.0645
21.6629
22.5466
23.0606
22.7962
22.4295
22.693
24.2377
26.4019
28.8451
31.736
34.8942
38.1537
41.2997
44.4971
47.8647
51.5114
55.5608
60.0688
65.1388
70.9518
77.7258
85.6514
94.9187
105.496
117.596
131.546
147.123
164.371
183.326
204.264
226.749
251.8
279.409
312.5
352.757
409.16
489.834
606.832
753.343
882.799
975.51
1043.4
1102
1147.07
1166.55
1162.65
1146.99
1149.84
1158.1
1169.36
1109.14
983.296
867.255
862.641
980.983
0.375887
0.998116
1.20043
1.55075
1.92417
2.28405
2.6617
3.05457
3.48993
4.01709
4.72633
5.60446
6.53287
7.41968
8.21652
8.97754
9.73465
10.5196
11.4385
12.6951
14.3451
16.3369
18.2833
20.0168
21.6084
22.5849
23.1831
22.9597
22.6044
22.9639
24.6458
26.9102
29.4138
32.3746
35.588
38.8837
42.036
45.2251
48.5758
52.2051
56.2417
60.7333
65.788
71.5948
78.3666
86.2909
95.5505
106.139
118.293
132.307
147.94
165.241
184.274
205.394
228.164
253.493
281.102
313.866
353.213
408.794
489.367
608.651
759.926
893.97
988.425
1055.58
1112.76
1155.23
1173.83
1169.47
1151.27
1155.19
1169.07
1169.83
1108.68
973.184
851.048
845.712
968.876
0.369873
0.987489
1.20209
1.55494
1.9258
2.28563
2.66538
3.06404
3.51986
4.09241
4.85197
5.75579
6.68867
7.57781
8.38028
9.13652
9.87239
10.6232
11.5071
12.7371
14.3778
16.3643
18.238
19.9533
21.5389
22.6043
23.2806
23.0957
22.7574
23.2277
25.0478
27.413
29.9761
33.0064
36.2735
39.603
42.7593
45.9356
49.2659
52.8759
56.8978
61.3693
66.4074
72.2079
78.9766
86.8976
96.1471
106.755
118.967
133.042
148.733
166.098
185.215
206.53
229.537
255.112
282.612
314.924
353.192
407.813
488.11
609.578
765.637
904.041
1000.57
1066.63
1122.26
1161.91
1179.16
1174.42
1154.19
1159.07
1183
1171.44
1108.26
965.659
839.481
833.512
957.892
0.36116
0.964391
1.19848
1.5545
1.92586
2.28762
2.67003
3.07702
3.56029
4.1813
4.98494
5.90738
6.84418
7.73804
8.54598
9.2962
10.0086
10.7223
11.5664
12.7644
14.3937
16.3749
18.1741
19.8757
21.4567
22.6049
23.3534
23.206
22.8918
23.4837
25.441
27.9057
30.5271
33.6282
36.9484
40.3093
43.4676
46.6265
49.9339
53.5229
57.528
61.9761
66.9981
72.7926
79.5575
87.4736
96.7128
107.346
119.619
133.753
149.507
166.943
186.145
207.661
230.853
256.647
283.932
315.673
352.694
406.225
486.092
609.658
770.551
913
1011.95
1076.65
1130.61
1167.44
1182.97
1177.77
1155.98
1160.7
1191.52
1171.89
1107.1
960.18
832.125
825.945
950.184
0.354757
0.943683
1.19627
1.55474
1.92709
2.29046
2.67603
3.09539
3.61285
4.28179
5.12102
6.05702
6.99983
7.9008
8.71392
9.45684
10.1439
10.8173
11.6156
12.7744
14.3897
16.3671
18.0935
19.7839
21.3637
22.5868
23.4022
23.2931
23.0109
23.73
25.8221
28.3833
31.0623
34.2363
37.6107
41.0007
44.1589
47.2963
50.5787
54.1454
58.1313
62.5536
67.5611
73.3503
80.1112
88.0212
97.251
107.916
120.251
134.444
150.263
167.779
187.064
208.771
232.12
258.07
285.067
316.125
351.733
404.053
483.346
608.949
774.749
920.855
1022.57
1085.76
1137.98
1172.06
1185.68
1179.85
1156.97
1161.16
1189.68
1170.12
1105.01
956.689
829.561
823.181
946.136
0.351197
0.928604
1.19552
1.55553
1.92913
2.2938
2.68363
3.12089
3.67696
4.38964
5.256
6.20412
7.15612
8.06636
8.88414
9.61864
10.2789
10.9086
11.6535
12.7639
14.3622
16.3391
17.9989
19.6777
21.2605
22.5506
23.4272
23.3585
23.1177
23.964
26.187
28.8408
31.5774
34.8275
38.2579
41.6751
44.8317
47.9435
51.1997
54.7424
58.7063
63.102
68.0977
73.8824
80.6392
88.5423
97.7648
108.466
120.865
135.115
151.003
168.605
187.971
209.851
233.334
259.371
286.03
316.302
350.337
401.327
479.916
607.517
778.313
927.634
1032.37
1094.06
1144.48
1176
1187.65
1180.96
1157.34
1162.55
1180.65
1166.6
1101.68
955.817
832.549
825.871
946.826
0.348114
0.915572
1.19529
1.55719
1.9318
2.29679
2.69318
3.15475
3.74988
4.49941
5.38729
6.34906
7.31361
8.23483
9.05658
9.78196
10.4142
10.9964
11.6788
12.7301
14.3083
16.2894
17.8919
19.5596
21.1479
22.4967
23.4285
23.4036
23.2148
24.1808
26.5304
29.2726
32.0684
35.399
38.8882
42.3311
45.4845
48.5674
51.796
55.3127
59.252
63.6222
68.609
74.39
81.143
89.0381
98.2566
109
121.461
135.77
151.729
169.423
188.865
210.898
234.477
260.57
286.815
316.253
348.549
398.093
475.847
605.435
781.33
933.378
1041.25
1101.6
1150.25
1179.38
1189.15
1181.37
1157.03
1164.37
1169.8
1160.47
1097.06
957.551
839.987
833.449
949.759
0.345776
0.905204
1.19624
1.55959
1.93363
2.2984
2.70588
3.19633
3.82685
4.6065
5.51424
6.49265
7.47283
8.40615
9.23123
9.9474
10.5511
11.081
11.6916
12.6728
14.2268
16.2182
17.7732
19.4308
21.0262
22.4258
23.4056
23.4309
23.3024
24.3738
26.8466
29.6727
32.5327
35.9488
39.5001
42.9677
46.1166
49.1674
52.3671
55.8554
59.7679
64.1149
69.0957
74.8737
81.6234
89.5098
98.7293
109.519
122.041
136.41
152.442
170.234
189.749
211.914
235.544
261.668
287.444
316.039
346.422
394.41
471.196
602.778
783.9
938.148
1049.08
1108.35
1155.37
1182.3
1190.31
1181.34
1156.03
1163.63
1158.7
1150.62
1091.18
961.762
850.115
843.738
952.532
0.344296
0.898026
1.19805
1.5613
1.93244
2.29886
2.72264
3.24224
3.90272
4.70862
5.63742
6.63587
7.63417
8.58015
9.40825
10.1161
10.6907
11.1632
11.6944
12.5949
14.1192
16.128
17.6452
19.2917
20.8956
22.339
23.3601
23.4438
23.3746
24.5364
27.1291
30.0363
32.9684
36.4762
40.0933
43.5848
46.7279
49.7434
52.9125
56.3695
60.2542
64.5813
69.5583
75.3343
82.0814
89.959
99.1852
110.025
122.606
137.036
153.144
171.038
190.624
212.902
236.54
262.669
287.967
315.681
344.031
390.357
466.026
599.632
786.136
942.035
1055.74
1114.22
1159.84
1184.86
1191.22
1181.07
1154.65
1158.69
1146.2
1137.04
1083.99
968.877
864.179
858.358
958.637
0.343515
0.894139
1.1996
1.55962
1.92643
2.29937
2.74224
3.28759
3.97399
4.80545
5.75783
6.77961
7.79781
8.75663
9.58825
10.2897
10.8344
11.2452
11.6918
12.5028
13.9905
16.0226
17.5124
19.1446
20.7551
22.2375
23.2953
23.4445
23.4244
24.663
27.3717
30.3605
33.3755
36.9818
40.668
44.1826
47.3186
50.2954
53.4318
56.8547
60.7118
65.0221
69.9971
75.772
82.5172
90.3873
99.6257
110.518
123.156
137.649
153.836
171.837
191.491
213.866
237.477
263.588
288.397
315.224
341.494
386.038
460.412
596.089
788.163
945.165
1061.09
1119.2
1163.56
1187.1
1191.86
1180.65
1153.25
1150.64
1131.47
1120.52
1075.82
979.033
884.508
880.428
972.705
0.343255
0.893169
1.19794
1.55137
1.91567
2.29978
2.76094
3.32845
4.03939
4.8976
5.87662
6.92453
7.96367
8.93564
9.77251
10.4699
10.9835
11.3296
11.6893
12.4047
13.848
15.906
17.3789
18.9932
20.6041
22.124
23.2152
23.4325
23.4467
24.7491
27.5699
30.6451
33.7555
37.4673
41.2253
44.7619
47.8888
50.8236
53.9251
57.3109
61.1416
65.4379
70.4122
76.1869
82.9312
90.7961
100.052
110.998
123.693
138.251
154.519
172.631
192.352
214.812
238.367
264.451
288.756
314.77
338.906
381.576
454.442
592.254
790.108
947.699
1065
1123.43
1166.36
1189.04
1192.27
1180.07
1151.94
1141.59
1115.15
1102.63
1067.54
991.692
912.03
911.07
995.478
0.342938
0.892474
1.18797
1.53492
1.90115
2.29722
2.77458
3.36291
4.09897
4.98615
5.99481
7.0709
8.13158
9.11779
9.96291
10.6585
11.1398
11.4185
11.6913
12.3083
13.701
15.7828
17.2482
18.841
20.4451
22.0007
23.1243
23.4065
23.4389
24.7929
27.723
30.893
34.1115
37.9349
41.7666
45.3235
48.439
51.3284
54.3924
57.739
61.5448
65.8291
70.8034
76.5788
83.3229
91.1857
100.463
111.465
124.217
138.841
155.193
173.421
193.209
215.746
239.226
265.286
289.094
314.397
336.325
377.125
448.218
588.241
792.086
949.817
1067.42
1127.03
1168.12
1190.59
1192.53
1179.34
1150.63
1133.07
1099.02
1085.61
1060.27
1005.52
945.346
948.469
1022.66
0.340162
0.88676
1.16543
1.51042
1.88148
2.28809
2.78088
3.39058
4.15348
5.07217
6.1129
7.21859
8.30155
9.30455
10.1621
10.8572
11.3053
11.5131
11.6998
12.2188
13.5585
15.6599
17.1244
18.6909
20.2815
21.8693
23.0257
23.3664
23.4014
24.796
27.8342
31.1104
34.4475
38.3869
42.2934
45.8679
48.9695
51.8102
54.8345
58.1403
61.9226
66.1959
71.1706
76.9475
83.692
91.5566
100.862
111.918
124.726
139.42
155.859
174.208
194.065
216.676
240.069
266.122
289.464
314.145
333.852
372.876
441.864
584.175
794.184
951.682
1068.47
1129.94
1168.81
1191.53
1192.69
1178.57
1149.26
1125.8
1085.32
1071.61
1054.91
1018.77
979.69
987.453
1052.17
0.327417
0.870486
1.12993
1.47726
1.85351
2.27054
2.77942
3.41195
4.20385
5.15621
6.23067
7.36713
8.47413
9.49841
10.3727
11.0676
11.4809
11.6133
11.7142
12.1365
13.4266
15.5442
17.012
18.547
20.1163
21.7316
22.9206
23.3136
23.3378
24.7638
27.9116
31.3063
34.768
38.8255
42.8073
46.3957
49.4806
52.2694
55.2521
58.5161
62.276
66.5386
71.5135
77.2924
84.0374
91.909
101.247
112.355
125.22
139.986
156.516
174.99
194.92
217.606
240.913
266.985
289.915
314.072
331.675
369.023
435.538
580.196
796.45
953.408
1068.38
1132.02
1168.62
1191.58
1192.67
1177.92
1147.89
1119.92
1075.65
1061.54
1051.47
1030.45
1012.73
1025.02
1081.35
0.29349
0.841331
1.0824
1.43385
1.81582
2.24455
2.77076
3.42784
4.25053
5.23774
6.34699
7.51602
8.65076
9.70279
10.5957
11.2904
11.6664
11.719
11.7327
12.0598
13.3093
15.4411
16.9146
18.4134
19.9533
21.5892
22.8106
23.2505
23.2548
24.7043
27.9672
31.492
35.0769
39.2522
43.3091
46.9071
49.9725
52.7066
55.646
58.8676
62.6059
66.8577
71.8326
77.6136
84.3597
92.2435
101.617
112.776
125.697
140.539
157.164
175.768
195.775
218.542
241.77
267.901
290.497
314.263
329.981
365.734
429.441
576.462
798.898
955.058
1067.49
1132.94
1167.82
1190.69
1192.2
1177.41
1146.78
1115.22
1069.86
1054.78
1049.13
1039.53
1041.99
1058.88
1103.03
0.232891
0.801269
1.02291
1.38009
1.76914
2.21091
2.75573
3.43875
4.2928
5.31477
6.46001
7.66523
8.83405
9.91992
10.8311
11.525
11.8613
11.8302
11.754
11.9894
13.2092
15.354
16.8351
18.2935
19.7965
21.4456
22.6971
23.181
23.1624
24.6286
28.0153
31.6794
35.3776
39.6685
43.7996
47.4023
50.4454
53.1222
56.0173
59.1961
62.9132
67.1537
72.1277
77.9105
84.6584
92.5593
101.971
113.179
126.155
141.076
157.801
176.54
196.63
219.488
242.652
268.888
291.249
314.791
328.904
363.196
423.829
573.167
801.509
956.647
1066.09
1132.43
1166.6
1189.02
1191.08
1176.82
1146.1
1111.53
1066.11
1049.95
1047.09
1045.87
1064.9
1085.16
1112.1
0.150506
0.754363
0.952626
1.31748
1.71477
2.17061
2.73497
3.44413
4.32812
5.38381
6.56766
7.81564
9.02757
10.1498
11.0783
11.7698
12.0651
11.9476
11.779
11.9284
13.1298
15.2869
16.7756
18.191
19.6496
21.3045
22.5822
23.1117
23.0711
24.5512
28.0708
31.8802
35.6731
40.0759
44.2798
47.8813
50.8995
53.5169
56.3669
59.5029
63.1992
67.4278
72.4
78.1841
84.935
92.8568
102.308
113.562
126.592
141.594
158.424
177.303
197.483
220.443
243.567
269.959
292.195
315.709
328.552
361.589
419.001
570.534
804.242
958.13
1064.37
1130.44
1164.99
1186.79
1189.38
1175.81
1145.66
1108.78
1062.26
1045.7
1044.81
1049.94
1080.97
1102.33
1113.87
0.0532854
0.703883
0.873618
1.24764
1.65382
2.12433
2.70834
3.44174
4.35201
5.44058
6.66858
7.96952
9.23358
10.3922
11.3359
12.023
12.2768
12.0725
11.8112
11.8836
13.0765
15.243
16.7373
18.1086
19.5157
21.1686
22.4677
23.0493
22.991
24.4886
28.1478
32.1044
35.9676
40.4767
44.7506
48.3443
51.3349
53.8912
56.6956
59.7889
63.4646
67.6803
72.6496
78.4338
85.1887
93.1347
102.625
113.922
127.003
142.088
159.029
178.053
198.331
221.406
244.516
271.116
293.344
317.043
329.001
361.056
415.268
568.813
807.049
959.407
1062.41
1127.23
1162.94
1184.2
1187.28
1174.33
1145.13
1106.67
1057.23
1041.18
1042.14
1052.19
1090.71
1111.26
1115.13
-0.0558448
0.651071
0.787106
1.17143
1.5868
2.07213
2.67451
3.42757
4.35886
5.48146
6.76341
8.13102
9.45271
10.6465
11.6012
12.2826
12.4953
12.2061
11.8558
11.8632
13.0562
15.2254
16.7212
18.0482
19.3973
21.0406
22.3554
22.9984
22.9314
24.4567
28.2589
32.3599
36.2657
40.873
45.2134
48.7913
51.7519
54.2454
57.0042
60.0552
63.7106
67.913
72.8788
78.6619
85.422
93.3943
102.921
114.259
127.388
142.554
159.609
178.784
199.167
222.372
245.497
272.351
294.688
318.789
330.282
361.706
412.947
568.263
809.89
960.351
1060.25
1123.17
1160.3
1181.41
1184.88
1172.64
1144.36
1105.07
1051.53
1036.3
1039.24
1053.15
1095
1114.34
1116.3
-0.176128
0.595277
0.693231
1.0889
1.51356
2.01344
2.63109
3.39662
4.34401
5.50586
6.85601
8.30485
9.68622
10.9118
11.8708
12.5463
12.7187
12.3494
11.9183
11.8759
13.0761
15.2364
16.7276
18.0102
19.2963
20.9228
22.2465
22.9624
22.9016
24.4696
28.4149
32.652
36.571
41.2669
45.6693
49.2227
52.1508
54.58
57.2934
60.3026
63.9376
68.1258
73.0867
78.8667
85.6335
93.6337
103.194
114.567
127.74
142.985
160.155
179.486
199.981
223.33
246.498
273.648
296.199
320.913
332.383
363.654
412.295
569.144
812.754
960.825
1057.87
1118.71
1156.99
1178.61
1182.26
1171.03
1143.41
1104.26
1046.83
1031.51
1036.39
1053.49
1096.92
1115.14
1115.79
-0.307771
0.533988
0.590893
0.998776
1.43317
1.94723
2.57518
3.34485
4.30672
5.51882
6.95531
8.49615
9.93559
11.1854
12.1413
12.811
12.9447
12.502
12.0019
11.9304
13.1397
15.2767
16.7555
17.9946
19.2141
20.8173
22.1415
22.9419
22.9128
24.5392
28.6233
32.9825
36.8852
41.6598
46.1201
49.6392
52.532
54.8955
57.5639
60.5322
64.1472
68.3214
73.2773
79.0531
85.8278
93.856
103.446
114.849
128.059
143.377
160.659
180.146
200.761
224.266
247.501
274.978
297.835
323.355
335.241
366.985
413.56
571.678
815.684
960.731
1055.26
1114.23
1153.17
1175.83
1179.6
1169.59
1142.45
1104.25
1044.42
1027.5
1033.75
1053.19
1098.14
1115.69
1115.55
-0.453582
0.462111
0.47733
0.898879
1.34509
1.87282
2.50452
3.27174
4.25292
5.53218
7.07451
8.71091
10.2
11.4629
12.4087
13.0734
13.1711
12.6627
12.1078
12.0276
13.2462
15.345
16.8025
17.9997
19.151
20.7249
22.0414
22.9353
22.975
24.675
28.8868
33.3486
37.2068
42.0524
46.5676
50.0416
52.8959
55.1923
57.8162
60.7443
64.3393
68.4987
73.448
79.2183
86.0017
94.0568
103.672
115.1
128.34
143.723
161.11
180.75
201.486
225.156
248.481
276.298
299.542
326.036
338.79
371.712
416.985
576.058
818.784
960.045
1052.38
1109.98
1149.17
1172.85
1177.1
1168.32
1141.81
1104.8
1044.04
1024.48
1031.47
1052.48
1098.72
1115.86
1115.63
-0.612912
0.376777
0.352249
0.790123
1.25077
1.78944
2.41811
3.18239
4.19638
5.5643
7.22637
8.95172
10.4753
11.7384
12.6687
13.33
13.3962
12.8297
12.2321
12.1604
13.3941
15.4401
16.8664
18.0242
19.1076
20.6472
21.9447
22.9389
23.0886
24.8781
29.2022
33.7424
37.5304
42.4443
47.0142
50.4318
53.2433
55.4711
58.0513
60.9405
64.5164
68.6618
73.6054
79.3705
86.1626
94.242
103.877
115.324
128.587
144.023
161.503
181.286
202.139
225.974
249.404
277.566
301.249
328.857
342.934
377.769
422.696
582.503
822.237
958.852
1049.26
1106.04
1145.24
1169.44
1174.95
1167.28
1141.89
1106.01
1045.18
1022.32
1029.64
1051.58
1099
1115.88
1115.62
-0.795661
0.267674
0.209404
0.668128
1.14564
1.69313
2.3182
3.08942
4.15731
5.63505
7.41846
9.21486
10.7543
12.005
12.9174
13.5782
13.6177
13.0012
12.3675
12.3219
13.5799
15.5588
16.9423
18.0642
19.0818
20.584
21.8536
22.9445
23.2492
25.1348
29.5565
34.1506
37.8474
42.8342
47.4629
50.8119
53.5754
55.7324
58.2693
61.1207
64.6773
68.8079
73.744
79.5032
86.3038
94.4045
104.055
115.515
128.792
144.269
161.825
181.737
202.698
226.693
250.236
278.729
302.891
331.741
347.545
384.986
430.554
591.043
826.303
957.359
1045.95
1102.39
1141.55
1165.76
1173.27
1166.53
1142.83
1108.27
1047.93
1021.35
1028.52
1050.85
1099.14
1115.91
1115.6
-1.00448
0.131091
0.0460914
0.529791
1.02687
1.58553
2.21588
3.01277
4.15678
5.7568
7.6489
9.49124
11.0273
12.2558
13.1518
13.816
13.835
13.173
12.5073
12.5065
13.7989
15.6985
17.0281
18.1185
19.0737
20.5374
21.7722
22.944
23.4315
25.4416
29.9267
34.5565
38.1469
43.2192
47.9171
51.185
53.8937
55.9771
58.4716
61.2869
64.8257
68.9437
73.8739
79.629
86.4374
94.5556
104.217
115.683
128.967
144.47
162.082
182.1
203.154
227.297
250.954
279.755
304.437
334.636
352.447
393.049
440.499
601.31
831.278
955.903
1042.61
1099.03
1138.19
1162.3
1171.84
1166.25
1144.5
1111.81
1052.42
1022.12
1028.48
1050.72
1099.32
1115.88
1115.51
-1.25385
-0.0416767
-0.147429
0.36731
0.894388
1.47696
2.12954
2.97285
4.20907
5.93029
7.9072
9.76888
11.2848
12.4862
13.3699
14.0412
14.0473
13.3397
12.6432
12.7047
14.0436
15.8534
17.1171
18.1817
19.0798
20.5052
21.6991
22.9343
23.6058
25.7714
30.2938
34.9425
38.4156
43.594
48.3806
51.5548
54.2002
56.2062
58.6583
61.4386
64.9591
69.0632
73.9854
79.7355
86.5508
94.6822
104.35
115.818
129.099
144.615
162.263
182.362
203.492
227.768
251.537
280.623
305.856
337.479
357.547
401.766
452.039
613.059
837.456
954.907
1039.5
1095.97
1135.21
1159.45
1170.37
1166.74
1146.69
1116.54
1058.38
1024.76
1029.71
1051.52
1099.53
1115.78
1115.4
-1.50084
-0.212808
-0.332054
0.21994
0.779205
1.39036
2.07797
2.98276
4.31761
6.14639
8.17893
10.0358
11.5195
12.6939
13.5702
14.251
14.2497
13.4955
12.766
12.9066
14.3056
16.02
17.2094
18.2537
19.1016
20.4888
21.6367
22.9119
23.7589
26.0858
30.6325
35.2884
38.6363
43.9511
48.8572
51.9251
54.4977
56.4215
58.8311
61.5785
65.0827
69.176
74.0931
79.8415
86.6633
94.8036
104.474
115.938
129.21
144.724
162.388
182.541
203.726
228.118
251.995
281.344
307.13
340.213
362.663
410.801
464.312
626.233
845.07
954.809
1036.89
1093.28
1132.64
1157.23
1168.9
1168.07
1149.36
1122.11
1065.22
1028.94
1032.07
1053.37
1099.94
1115.53
1115.22
-1.75416
-0.385124
-0.51609
0.0736824
0.674989
1.33294
2.07287
3.04741
4.47653
6.39072
8.44997
10.2824
11.7275
12.8779
13.751
14.4408
14.4354
13.634
12.8649
13.0978
14.5715
16.1895
17.2966
18.3276
19.1342
20.4835
21.5837
22.8753
23.8775
26.3644
30.9102
35.5674
38.7906
44.282
49.35
52.2994
54.789
56.6249
58.9907
61.7059
65.1929
69.2735
74.1821
79.9269
86.7527
94.8969
104.565
116.023
129.279
144.78
162.443
182.628
203.853
228.346
252.328
281.925
308.251
342.803
367.776
419.948
476.453
640.338
854.234
955.983
1035.03
1091.03
1130.47
1155.47
1167.77
1169.75
1152.62
1127.99
1072.38
1034.16
1035.31
1056.18
1100.62
1115.02
1114.98
-1.95406
-0.503527
-0.636865
-0.00676515
0.633173
1.3332
2.12156
3.16207
4.67416
6.64865
8.70926
10.5031
11.9078
13.0384
13.9092
14.6036
14.5954
13.7482
12.9314
13.2675
14.8311
16.3596
17.3845
18.4053
19.1817
20.4933
21.5433
22.8254
23.9559
26.5912
31.1123
35.767
38.866
44.5782
49.8602
52.6799
55.0765
56.8186
59.1392
61.8238
65.2956
69.3676
74.2726
80.0186
86.8488
94.9935
104.658
116.106
129.34
144.82
162.471
182.667
203.919
228.497
252.581
282.416
309.258
345.238
372.65
428.807
488.085
654.531
864.86
958.612
1034.06
1089.28
1128.7
1154.07
1167.17
1171.2
1156.51
1133.84
1079.52
1039.86
1039.19
1059.79
1101.52
1114.33
1114.68
-2.16835
-0.630923
-0.780829
-0.109066
0.597049
1.36767
2.2155
3.32058
4.90109
6.9093
8.94891
10.695
12.0604
13.1746
14.0397
14.7304
14.7194
13.8299
12.9557
13.4037
15.0703
16.518
17.4607
18.4768
19.236
20.5098
21.5113
22.763
23.9926
26.7566
31.2291
35.8459
38.8345
44.832
50.3855
53.0658
55.3622
57.0058
59.2793
61.9337
65.3893
69.4498
74.3462
80.0878
86.9169
95.0578
104.716
116.152
129.361
144.813
162.449
182.647
203.923
228.579
252.768
282.839
310.164
347.496
377.355
437.146
498.2
667.969
876.637
962.733
1034.04
1088.07
1127.31
1152.96
1166.87
1172.34
1160.67
1139.57
1086.49
1045.56
1043.45
1064.06
1102.58
1113.44
1114.34
-2.34471
-0.714422
-0.834949
-0.0920585
0.666549
1.47288
2.35507
3.51251
5.14473
7.1613
9.1615
10.8561
12.1854
13.2847
14.1359
14.8115
14.7978
13.869
12.9309
13.4969
15.2843
16.6669
17.5377
18.5477
19.3025
20.5408
21.4917
22.6933
23.9868
26.8586
31.274
35.8668
38.7395
45.0389
50.9184
53.4503
55.6447
57.1866
59.4103
62.0349
65.476
69.5293
74.4251
80.1717
87.0036
95.1397
104.79
116.212
129.393
144.818
162.443
182.638
203.938
228.665
252.968
283.274
311.043
349.599
381.512
444.537
506.929
679.91
889.031
967.941
1034.73
1087.41
1126.33
1152.16
1166.75
1173.46
1164.29
1145.04
1093.18
1051.08
1047.83
1068.76
1103.71
1112.45
1114
-2.54877
-0.800986
-0.927323
-0.141022
0.694276
1.57611
2.52158
3.73824
5.40129
7.39506
9.33908
10.9816
12.278
13.362
14.1928
14.8403
14.816
13.8502
12.8446
13.5403
15.4707
16.7922
17.597
18.6082
19.3657
20.571
21.4759
22.622
23.9495
26.8939
31.2486
35.7506
38.5155
45.1969
51.4369
53.8169
55.9204
57.3666
59.5396
62.1353
65.5624
69.6071
74.4957
80.2349
87.0607
95.1896
104.832
116.241
129.396
144.795
162.416
182.617
203.952
228.752
253.178
283.725
311.874
351.471
385.299
450.651
512.78
689.69
901.072
973.977
1036.15
1087.27
1125.77
1151.63
1166.66
1174.37
1166.94
1149.91
1099.21
1056.47
1052.44
1073.54
1104.84
1111.56
1113.73
-2.65678
-0.757856
-0.8591
-0.0283536
0.838066
1.74753
2.72869
3.97609
5.63218
7.57831
9.46735
11.0708
12.3428
13.4111
14.2173
14.8325
14.8014
13.7917
12.7107
13.5341
15.6259
16.9067
17.6515
18.667
19.4345
20.6125
21.4691
22.5579
23.8842
26.8806
31.1927
35.6799
38.3607
45.3167
51.9013
54.1231
56.1691
57.5369
59.6607
62.2251
65.6363
69.6737
74.5651
80.319
87.1537
95.2769
104.911
116.304
129.434
144.823
162.454
182.668
204.043
228.921
253.481
284.225
312.695
353.156
388.151
455.232
517.465
698.102
912.607
979.706
1037.62
1087.51
1125.62
1151.47
1166.81
1175.17
1168.83
1153.36
1103.58
1060.66
1056.23
1077.9
1105.85
1110.91
1113.56
-2.73049
-0.695479
-0.987455
-0.129973
0.866378
1.8917
2.92884
4.18104
5.80327
7.69975
9.54615
11.119
12.369
13.4254
14.2233
14.8203
14.7799
13.7573
12.6737
13.5645
15.7421
16.9937
17.6881
18.7134
19.4875
20.6403
21.4596
22.5106
23.8198
26.8193
31.1402
35.5158
38.1126
45.4201
52.2518
54.3158
56.348
57.6866
59.7854
62.3293
65.7288
69.7602
74.6474
80.3901
87.2138
95.3298
104.957
116.34
129.452
144.833
162.472
182.709
204.138
229.086
253.738
284.658
313.439
354.475
390.342
458.085
518.997
702.119
921.508
984.722
1039.45
1088.12
1125.8
1151.54
1166.96
1175.62
1170.02
1155.64
1106.67
1063.88
1059.57
1081.77
1106.46
1110.77
1113.45
-2.70244
-0.544629
-0.872861
-0.00237425
0.98652
2.01038
3.04208
4.27726
5.87141
7.74366
9.57988
11.1527
12.4019
13.4525
14.2446
14.8404
14.8095
13.8099
12.7585
13.6692
15.8291
17.0444
17.724
18.7546
19.5328
20.6732
21.4606
22.481
23.7545
26.7464
31.0966
35.5501
38.1594
45.5605
52.4013
54.3662
56.4071
57.7376
59.8395
62.383
65.7874
69.8247
74.7236
80.4873
87.3273
95.4431
105.07
116.451
129.557
144.97
162.65
182.935
204.428
229.468
254.251
285.368
314.399
355.544
391.629
459.475
522.729
710.084
927.088
986.878
1040.08
1088.74
1126.3
1152
1167.55
1176.26
1170.47
1156.32
1107.89
1065.35
1061.03
1083.73
1106.93
1110.77
1113.44
)
;

boundaryField
{
    inletFace
    {
        type            zeroGradient;
    }
    inlet
    {
        type            zeroGradient;
    }
    inletWalls
    {
        type            zeroGradient;
    }
    outletInlet
    {
        type            cyclicAMI;
        value           nonuniform List<scalar> 
15
(
1072.43
1073.16
1072.93
1075.23
1075.8
1080.41
1083.3
1087.21
1091.82
1096.82
1100.36
1106.65
1107.04
1108.61
1107.68
)
;
    }
    fineSymmetryWall
    {
        type            symmetryPlane;
    }
    fineWalls
    {
        type            zeroGradient;
    }
    fineCyclicBoundary
    {
        type            fixedValue;
        value           uniform 0;
    }
    fineplug
    {
        type            cyclicAMI;
        value           nonuniform List<scalar> 
80
(
1074.76
1074.09
1074.96
1069.83
1069.62
1072.28
1072.64
1072.92
1073.01
1073.47
1074.97
1076.36
1073.57
1070.26
1070.9
1072.58
1074.46
1074.66
1075.16
1075.68
1076.36
1075.7
1074.5
1075.24
1075.47
1076.31
1078.39
1080.26
1080.51
1080.95
1080.9
1079.98
1082.43
1082.89
1083.14
1083.23
1084.15
1086.6
1087.5
1086.63
1085.71
1088.19
1089.95
1091.97
1091.79
1091.65
1091.53
1092.31
1094.62
1095.75
1098.35
1097.38
1097.93
1100.19
1100.89
1100.69
1100.37
1099
1101.72
1108.39
1107.11
1107.01
1106.37
1105.33
1107.19
1106.94
1106.57
1106.15
1107.7
1108.99
1108.27
1109.04
1109.75
1109
1105.41
1104.55
1106.96
1109.21
1109.63
1108.23
)
;
    }
    faceFine
    {
        type            zeroGradient;
    }
}


// ************************************************************************* //
