/*--------------------------------*- C++ -*----------------------------------*\
| =========                 |                                                 |
| \\      /  F ield         | OpenFOAM: The Open Source CFD Toolbox           |
|  \\    /   O peration     | Version:  4.1                                   |
|   \\  /    A nd           | Web:      www.OpenFOAM.org                      |
|    \\/     M anipulation  |                                                 |
\*---------------------------------------------------------------------------*/
FoamFile
{
    version     2.0;
    format      ascii;
    class       volScalarField;
    location    "30";
    object      p;
}
// * * * * * * * * * * * * * * * * * * * * * * * * * * * * * * * * * * * * * //

dimensions      [0 2 -2 0 0 0 0];

internalField   nonuniform List<scalar> 
6785
(
585.547
506.828
459.742
406.201
359.353
314.221
272.201
232.448
194.923
159.487
125.368
92.3901
65.0241
36.8848
-3.78706
-31.4183
-49.8702
-40.18
-47.7767
-47.497
-50.3367
-51.3601
-52.2342
-52.1349
-51.123
-49.0936
-46.3054
-42.1827
-37.4656
-35.0131
-24.7772
-29.5125
-20.9815
-26.1713
-23.1076
-25.0414
-25.0471
-26.31
-27.3556
-28.808
-30.3147
-31.803
-32.6649
-32.2047
-30.22
-4.73652
-6.99885
-3.24684
-8.15938
-5.83116
-8.49918
-8.41223
-9.42557
-9.76595
-10.0841
-10.0206
-9.66104
-8.38461
-6.54553
-3.1266
11.6057
11.4683
15.3961
13.589
17.8106
17.6827
20.4094
21.836
23.8944
25.8495
28.0362
30.3146
32.7735
34.8032
36.9976
31.8917
32.7301
35.489
34.7148
37.9331
37.8759
40.1144
40.9189
42.1676
42.7
42.8542
42.5698
42.2401
42.4174
42.7288
45.8945
44.5167
46.088
43.9281
45.4211
43.5639
43.871
42.3003
41.2253
39.2651
37.3008
35.3394
34.0202
33.5347
31.4379
19.9577
15.3552
15.3105
11.5254
11.0105
7.96149
6.92763
4.73859
3.79305
2.56394
1.74133
0.939834
0.472624
-0.706383
-3.72344
-20.1543
-24.7555
-25.002
-28.2896
-29.2093
-32.251
-33.8834
-36.5218
-38.4506
-40.5706
-42.4131
-43.7522
-44.6989
-45.3841
-44.0035
-32.1354
-33.1547
-32.1945
-33.6206
-32.9854
-34.1658
-34.2046
-34.9945
-35.219
-35.2555
-34.593
-33.33
-31.1694
-29.2888
-26.1501
-7.44661
-5.81862
-3.86134
-3.20413
-1.19956
-0.223964
1.5138
2.9318
4.59778
6.26212
8.07059
9.80305
11.7269
13.1313
15.2339
10.8249
12.627
13.9499
14.6846
16.1381
16.888
18.0817
18.9856
20
20.9135
21.8466
22.6405
23.4941
24.0392
24.7634
30.0455
30.7727
30.6955
30.4979
30.769
30.4201
30.4355
30.2807
30.288
30.3543
30.5559
30.766
31.1603
31.3751
31.9352
32.7544
34.8924
33.9624
33.0899
32.6937
32.4459
32.6787
32.9955
33.5612
34.0673
34.5052
34.7372
34.8791
34.8467
34.7719
87.6826
85.227
78.3303
69.4688
62.82
56.4618
50.2479
45.3763
40.8086
36.824
33.4887
30.8337
28.2741
26.5384
23.4083
33.9692
34.5427
35.1359
35.0774
35.3369
36.2268
37.2277
36.9943
36.8875
36.7779
37.6977
36.9584
36.7859
37.2595
36.1566
35.8985
36.1058
36.3581
34.4602
35.3412
35.3999
33.6181
33.433
34.6477
34.647
32.7899
32.7166
34.0429
34.6708
32.4055
34.1237
34.8987
33.212
33.2619
34.6211
35.6523
33.9486
35.2773
36.3703
35.2747
35.3684
36.4025
37.2225
36.4371
36.5418
37.3418
37.8166
37.1631
37.8887
38.4345
38.0957
38.2511
38.6797
39.5382
39.3955
39.4784
39.6659
40.7534
40.6503
40.7135
41.0336
40.9861
41.1389
41.031
41.6497
42.1924
43.3371
41.6133
40.0559
42.4232
44.8161
34.6095
30.7245
36.6293
42.5497
9.97281
25.9366
34.8681
-23.9487
-4.32957
6.22867
3.89659
9.42511
-0.0991582
3.38731
8.05889
7.67231
8.06564
8.38468
8.58171
7.49103
10.3546
14.9094
6.26105
7.93283
7.35455
7.63279
8.18653
8.40553
7.69443
10.1895
19.7852
7.74236
8.53659
6.95322
6.91549
8.06254
8.19283
7.05021
5.33582
4.67811
15.9143
6.9977
5.75546
3.73473
1.25202
0.82519
1.41598
-0.934816
-5.44633
-1.41235
0.772023
1.11102
0.1752
-2.54189
-4.5874
-6.93391
-6.2821
-10.1807
-10.1008
3.36146
-0.566493
-0.149153
-0.844109
-2.73714
-4.30291
-5.63846
-11.9171
-12.5765
5.08978
0.419036
-0.636019
-3.13881
-4.82546
-6.32626
-6.99094
-7.57347
-10.0859
-15.4608
2.38485
-1.42604
-1.21762
-2.25238
-3.66019
-8.50714
-9.63121
-6.57748
-18.8974
-0.525099
-3.30328
-4.56116
0.280304
-0.65911
1.06104
1.53338
2.27066
3.17474
3.04939
3.46754
3.7775
3.8037
3.93018
4.00405
4.06771
4.13176
4.15437
4.15791
4.16061
4.15344
4.14111
4.12923
4.10209
4.04718
4.09542
4.02311
3.95436
3.98232
3.85852
4.0703
3.90511
3.79145
3.89051
3.69524
4.12255
3.82206
3.3708
4.23173
3.58777
3.31289
3.57047
3.07731
4.30528
3.22524
2.87157
3.19518
2.5409
4.20593
2.99238
1.664
4.32559
2.44802
1.79044
2.39115
1.33051
4.25427
1.88802
1.27493
1.87786
0.819037
3.93241
1.7886
-0.171205
4.00966
1.22771
0.410255
1.20084
-0.0775778
3.71123
0.791718
-0.0470961
0.759158
-0.591615
3.15825
0.71823
-1.87549
3.12443
0.0487293
-1.53685
-0.390898
-2.07487
0.0144366
-0.0470375
-0.0288098
-0.0400649
-0.0425158
-0.0453625
-0.0415491
-0.0298251
-0.0107876
-0.00250336
-0.0403339
-0.0771542
-0.00436382
-0.240914
-0.284106
-0.370978
-0.50821
-0.639144
-0.752723
-0.842388
-0.905303
-0.941424
-0.948371
-0.927121
-0.880284
-0.810698
-0.72258
-0.620154
-0.507606
-0.389074
-0.268305
-0.148302
-0.031552
0.0795216
0.183082
0.277814
0.363133
0.439153
0.506629
0.566325
0.618771
0.664392
0.703507
0.735954
0.760747
0.775936
0.778668
0.765997
0.735575
0.683639
0.603744
0.486815
0.343154
0.230884
0.000164304
0.0228677
-0.00179939
-0.00500174
-0.00916493
-0.0113546
-0.0135309
-0.00773671
-0.003072
-0.0268894
-0.191849
-0.28777
-0.346137
-0.352706
-0.315863
-0.25671
-0.193269
-0.128821
-0.0774952
-0.03661
0.0060786
0.00829686
0.0422426
0.0812437
0.00616388
0.0738987
-0.0573366
-0.00305537
-0.0169734
-0.0136309
-0.0261228
-0.0511855
-0.0979452
-0.153296
-0.194905
-0.220954
-0.165292
0.0686225
-0.306158
-0.377159
-0.559303
-0.815922
-1.05112
-1.2555
-1.41449
-1.52275
-1.58008
-1.58195
-1.53065
-1.43136
-1.28949
-1.11308
-0.910362
-0.689627
-0.458857
-0.224753
0.00665041
0.230005
0.440978
0.636496
0.814465
0.974268
1.1168
1.2434
1.35462
1.45062
1.53218
1.59991
1.6534
1.69048
1.70728
1.69825
1.65727
1.57923
1.45613
1.27638
1.02452
0.707224
0.468263
0.0678784
0.117805
0.0278058
0.00186499
-0.0240908
-0.0416951
-0.0541444
-0.0354626
-0.03375
-0.0762599
-0.378782
-0.538023
-0.621298
-0.622125
-0.556941
-0.453148
-0.33892
-0.221813
-0.123301
-0.0460976
0.0212679
0.0390989
0.122547
0.0595015
0.00252808
0.0957724
-0.112055
-0.0340538
-0.0615866
-0.0601931
-0.0791906
-0.108433
-0.156411
-0.203547
-0.233805
-0.272518
-0.254005
0.0325269
-0.266585
-0.39426
-0.610694
-0.915655
-1.19524
-1.43953
-1.62932
-1.75885
-1.82747
-1.8292
-1.76699
-1.6469
-1.47542
-1.2623
-1.01758
-0.751229
-0.472919
-0.190931
0.0873866
0.355667
0.608904
0.843474
1.0571
1.24896
1.41977
1.5707
1.7025
1.81569
1.91125
1.9898
2.05078
2.09164
2.10785
2.09277
2.0385
1.93751
1.77982
1.55427
1.24687
0.850873
0.534271
0.162539
0.172055
0.0342466
-0.0117595
-0.0551155
-0.0842783
-0.104002
-0.0728476
-0.0864835
-0.153834
-0.496762
-0.676017
-0.764464
-0.753533
-0.666765
-0.536552
-0.395112
-0.250481
-0.129424
-0.0328655
0.0441336
0.0633187
0.198145
0.230308
0.193323
0.124089
-0.134136
-0.0364459
-0.0700239
-0.0684703
-0.0959751
-0.141272
-0.213715
-0.285635
-0.33239
-0.369234
-0.338584
-0.0419419
-0.213519
-0.490733
-0.744252
-1.11951
-1.46555
-1.76678
-1.99971
-2.15815
-2.24136
-2.24192
-2.1636
-2.01385
-1.80076
-1.53641
-1.23328
-0.903639
-0.559451
-0.211064
0.132444
0.463333
0.775573
1.06472
1.32811
1.56464
1.77492
1.96012
2.12129
2.25935
2.37559
2.47073
2.54406
2.59258
2.61087
2.59083
2.52246
2.39575
2.19845
1.91817
1.5438
1.0815
0.57781
0.289998
0.237098
0.051776
-0.0228988
-0.0891167
-0.134799
-0.164382
-0.123874
-0.149595
-0.255969
-0.648139
-0.858557
-0.957818
-0.935726
-0.822589
-0.658302
-0.481492
-0.30099
-0.151091
-0.029241
0.062616
0.0821139
0.25317
0.316398
0.283791
0.137028
-0.157866
-0.0498654
-0.0901283
-0.0920679
-0.129609
-0.188481
-0.273591
-0.351409
-0.399567
-0.43665
-0.415164
-0.136355
-0.109326
-0.59213
-0.876241
-1.32175
-1.73772
-2.09927
-2.37865
-2.56901
-2.66892
-2.66921
-2.57446
-2.39356
-2.13628
-1.8172
-1.45142
-1.05377
-0.638694
-0.218725
0.195153
0.593615
0.969481
1.31743
1.63432
1.91882
2.17155
2.39374
2.58666
2.75152
2.8899
3.00268
3.08901
3.14535
3.16523
3.13896
3.05432
2.89879
2.65772
2.31646
1.86819
1.37589
0.631595
0.410504
0.288428
0.0631344
-0.0437694
-0.134327
-0.198275
-0.238086
-0.193303
-0.233893
-0.380852
-0.817811
-1.05894
-1.16661
-1.13188
-0.991142
-0.791034
-0.576723
-0.358134
-0.177315
-0.0282586
0.0779539
0.0998364
0.29768
0.461798
0.512
0.144409
-0.166351
-0.0554404
-0.0992833
-0.106385
-0.155607
-0.230156
-0.330023
-0.420458
-0.480153
-0.520832
-0.497831
-0.234979
-0.0347971
-0.715386
-1.01833
-1.52197
-2.0034
-2.41926
-2.73951
-2.95786
-3.07181
-3.07027
-2.95869
-2.7473
-2.44743
-2.07605
-1.65071
-1.18866
-0.706673
-0.21932
0.260636
0.722417
1.15779
1.56064
1.92741
2.25653
2.54863
2.80497
3.02708
3.21646
3.37504
3.50381
3.60185
3.66512
3.6862
3.65387
3.55375
3.37092
3.08865
2.69002
2.16817
1.65849
0.742932
0.542079
0.340482
0.0752283
-0.0693747
-0.188033
-0.27429
-0.326573
-0.28565
-0.343968
-0.530394
-0.996673
-1.26011
-1.37077
-1.32093
-1.15239
-0.917731
-0.667675
-0.412938
-0.203087
-0.0275625
0.0906503
0.116463
0.320025
0.565564
0.627381
0.140862
-0.166743
-0.0620724
-0.108495
-0.124323
-0.186883
-0.276115
-0.387103
-0.486849
-0.555816
-0.60263
-0.585275
-0.348471
-0.0488642
-0.840073
-1.18048
-1.73496
-2.28487
-2.75471
-3.11407
-3.35912
-3.48595
-3.48137
-3.35179
-3.10878
-2.76529
-2.34071
-1.85508
-1.32805
-0.77872
-0.223699
0.322494
0.847655
1.34252
1.80017
2.21666
2.59018
2.92136
3.21151
3.46245
3.67602
3.85449
3.99904
4.10868
4.17892
4.20141
4.16342
4.04837
3.83898
3.51647
3.06205
2.45895
1.87543
0.926549
0.67078
0.388348
0.0828908
-0.103381
-0.253212
-0.365349
-0.433026
-0.40537
-0.483177
-0.70813
-1.19394
-1.47268
-1.5821
-1.51462
-1.31694
-1.04728
-0.761376
-0.470579
-0.232027
-0.0292973
0.0998653
0.133113
0.321097
0.706387
0.791587
0.128214
-0.155427
-0.0659685
-0.113709
-0.141555
-0.217995
-0.320945
-0.442997
-0.554481
-0.636243
-0.69334
-0.685621
-0.485661
-0.162471
-0.933588
-1.3608
-1.95722
-2.57845
-3.10281
-3.49969
-3.77034
-3.90917
-3.90069
-3.75217
-3.47648
-3.0883
-2.60943
-2.06247
-1.46948
-0.851909
-0.228417
0.384718
0.973862
1.52872
2.04155
2.50803
2.92613
3.29646
3.62044
3.90018
4.13784
4.33611
4.49635
4.61755
4.69479
4.71881
4.67533
4.54554
4.30973
3.94702
3.43861
2.76021
2.01067
1.15518
0.793019
0.435126
0.087236
-0.145082
-0.329957
-0.472377
-0.560221
-0.556237
-0.658634
-0.919648
-1.41526
-1.70016
-1.80324
-1.71524
-1.4868
-1.18143
-0.859217
-0.532184
-0.264885
-0.0339393
0.10567
0.152431
0.29796
0.82748
1.02103
0.104979
-0.134296
-0.0696911
-0.11845
-0.161675
-0.251465
-0.367093
-0.500028
-0.62314
-0.717848
-0.788085
-0.796737
-0.644324
-0.344489
-0.973668
-1.56203
-2.19041
-2.88358
-3.46319
-3.89522
-4.18937
-4.33842
-4.32452
-4.15575
-3.84621
-3.41235
-2.87838
-2.26949
-1.61014
-0.924125
-0.232107
0.447891
1.10083
1.71539
2.28306
2.79913
3.26134
3.67034
4.02763
4.33564
4.59692
4.81452
4.9901
5.12263
5.20679
5.23243
5.18373
5.03956
4.77784
4.37539
3.81671
3.11396
2.10306
1.38633
0.907983
0.479812
0.0857876
-0.196098
-0.419757
-0.597056
-0.711243
-0.743068
-0.878539
-1.1729
-1.66652
-1.94437
-2.0336
-1.92149
-1.66069
-1.31917
-0.960535
-0.597527
-0.301659
-0.0416769
0.10859
0.17994
0.266446
0.935207
1.14909
0.0711671
-0.10331
-0.0733828
-0.123063
-0.183912
-0.285557
-0.413626
-0.557917
-0.693386
-0.802854
-0.889577
-0.919542
-0.817916
-0.558322
-0.960316
-1.78924
-2.43868
-3.20158
-3.83846
-4.30394
-4.61963
-4.77689
-4.75572
-4.56508
-4.22023
-3.73939
-3.14924
-2.47755
-1.75121
-0.996324
-0.235546
0.511387
1.22806
1.90216
2.5244
3.08972
3.59563
4.04285
4.43297
4.76876
5.05317
5.2897
5.48028
5.62394
5.71501
5.74244
5.68891
5.53084
5.24373
4.80202
4.19246
3.51242
2.21944
1.60353
1.01637
0.522354
0.078157
-0.256678
-0.523258
-0.7406
-0.8888
-0.969664
-1.14983
-1.47761
-1.95741
-2.2119
-2.27617
-2.13475
-1.83946
-1.46118
-1.06581
-0.666993
-0.342461
-0.0526313
0.108113
0.217838
0.256677
1.06838
1.31334
0.0259858
-0.0640017
-0.0787707
-0.129136
-0.208561
-0.320627
-0.461496
-0.617068
-0.765123
-0.890686
-0.996575
-1.05196
-0.999143
-0.776243
-0.923118
-2.04873
-2.70669
-3.53256
-4.22947
-4.72729
-5.06295
-5.22644
-5.19591
-4.98151
-4.59964
-4.07031
-3.42266
-2.6871
-1.89294
-1.06859
-0.238655
0.575429
1.3559
2.08948
2.76612
3.38044
3.92973
4.41476
4.83727
5.20038
5.50749
5.76254
5.96782
6.12246
6.22045
6.2499
6.19196
6.02046
5.70837
5.22805
4.55836
3.88074
2.42569
1.81104
1.12099
0.561841
0.0631056
-0.327724
-0.641504
-0.904444
-1.09553
-1.23932
-1.47808
-1.84342
-2.29966
-2.51275
-2.53681
-2.35757
-2.02412
-1.60778
-1.17491
-0.740114
-0.386306
-0.0660294
0.104031
0.25921
0.291664
1.19359
1.5197
-0.0311867
-0.017916
-0.0870176
-0.136899
-0.23479
-0.356446
-0.510347
-0.676821
-0.838273
-0.981827
-1.10955
-1.19343
-1.18501
-0.991209
-0.921114
-2.34411
-2.99919
-3.87672
-4.63674
-5.16621
-5.52056
-5.68838
-5.6462
-5.40579
-4.98488
-4.40532
-3.69868
-2.89805
-2.03514
-1.14066
-0.241151
0.6403
1.48462
2.27758
3.00842
3.67143
4.2637
4.78609
5.2405
5.63044
5.95975
6.23289
6.45254
6.61798
6.72291
6.75463
6.69277
6.50839
6.17157
5.65428
4.91586
4.13651
2.72469
2.00986
1.22346
0.597229
0.0398907
-0.409746
-0.775224
-1.08977
-1.33363
-1.55473
-1.86735
-2.27788
-2.70464
-2.8583
-2.82376
-2.59352
-2.21517
-1.75817
-1.28632
-0.814922
-0.430644
-0.0794971
0.102075
0.297589
0.368202
1.31373
1.64521
-0.101124
0.0326676
-0.0991139
-0.146248
-0.262311
-0.393242
-0.559811
-0.736852
-0.912805
-1.07609
-1.22802
-1.34313
-1.37699
-1.21794
-1.01702
-2.67212
-3.3205
-4.23498
-5.06107
-5.62171
-5.9937
-6.1643
-6.10813
-5.83918
-5.37688
-4.74506
-3.9777
-3.11059
-2.17787
-1.21251
-0.242943
0.706128
1.61435
2.46661
3.25142
3.96279
4.59764
5.1569
5.64267
6.05889
6.40988
6.70065
6.93431
7.11037
7.2223
7.25658
7.19133
6.9947
6.63327
6.08302
5.30066
4.2876
3.05573
2.1947
1.32362
0.627435
0.0077619
-0.503417
-0.925207
-1.29769
-1.60505
-1.91807
-2.32048
-2.78569
-3.18054
-3.25817
-3.14539
-2.847
-2.41293
-1.91053
-1.39726
-0.888021
-0.471479
-0.0889064
0.109703
0.335799
0.476745
1.45583
1.85005
-0.184142
0.0851517
-0.115083
-0.156724
-0.290966
-0.430686
-0.609087
-0.796818
-0.988645
-1.17338
-1.35181
-1.50086
-1.57834
-1.47322
-1.23968
-3.01114
-3.67228
-4.60866
-5.50336
-6.09485
-6.48338
-6.65552
-6.58323
-6.28303
-5.77666
-5.09023
-4.26016
-3.32499
-2.32124
-1.28412
-0.243924
0.773075
1.7453
2.65677
3.49533
4.25472
4.9317
5.52733
6.0439
6.48583
6.85796
7.16587
7.41316
7.59966
7.71863
7.7558
7.68778
7.47959
7.09354
6.51477
5.7718
4.40235
3.36038
2.36468
1.42048
0.651308
-0.03393
-0.609271
-1.09205
-1.52904
-1.91129
-2.33096
-2.83969
-3.36954
-3.73121
-3.71715
-3.50636
-3.12074
-2.61707
-2.0624
-1.50406
-0.955139
-0.504061
-0.089303
0.132682
0.385901
0.61027
1.57304
1.98268
-0.279313
0.136587
-0.134171
-0.168255
-0.320666
-0.468175
-0.657633
-0.856666
-1.06572
-1.27344
-1.48054
-1.66632
-1.79139
-1.76285
-1.57834
-3.33527
-4.05683
-5.00015
-5.96479
-6.58686
-6.99048
-7.16309
-7.07279
-6.73862
-6.18527
-5.44156
-4.54652
-3.54147
-2.4653
-1.35543
-0.243948
0.841337
1.87769
2.84829
3.74037
4.54742
5.26607
5.89751
6.4443
6.91132
7.304
7.62852
7.88906
8.0858
8.21187
8.25228
8.18214
7.96311
7.55223
6.94044
6.28342
4.58191
3.63813
2.52449
1.51306
0.667845
-0.0857217
-0.727778
-1.27623
-1.78445
-2.25359
-2.79453
-3.42693
-4.03138
-4.3577
-4.23537
-3.90659
-3.41406
-2.82592
-2.21118
-1.60333
-1.0124
-0.524276
-0.0765977
0.174874
0.456663
0.763249
1.72931
2.13994
-0.383088
0.183728
-0.155243
-0.181117
-0.350927
-0.504967
-0.705134
-0.916365
-1.14387
-1.37601
-1.61392
-1.83935
-2.01763
-2.08695
-2.01233
-3.62306
-4.47404
-5.41275
-6.44684
-7.09934
-7.51602
-7.68795
-7.57795
-7.20717
-6.60378
-5.79985
-4.83725
-3.76028
-2.61012
-1.42638
-0.242874
0.911109
2.01173
3.04139
3.98674
4.84108
5.60089
6.26757
6.84393
7.33541
7.74801
8.08858
8.36194
8.5687
8.70194
8.74598
8.67443
8.44521
8.00973
7.34928
6.71785
4.87988
3.90161
2.67847
1.6001
0.676129
-0.148143
-0.859333
-1.47803
-2.06419
-2.63282
-3.30933
-4.08408
-4.77336
-5.06037
-4.8109
-4.34361
-3.7245
-3.03726
-2.35495
-1.69303
-1.05753
-0.529838
-0.0486845
0.237352
0.550599
0.929785
1.87479
2.31658
-0.487963
0.222753
-0.177314
-0.19561
-0.380933
-0.540557
-0.751528
-0.975906
-1.22294
-1.48086
-1.75166
-2.0198
-2.25753
-2.43974
-2.50826
-3.85202
-4.92677
-5.85223
-6.95108
-7.63411
-8.0613
-8.23107
-8.09971
-7.68979
-7.03325
-6.16594
-5.13292
-3.98171
-2.7558
-1.49692
-0.240555
0.982595
2.14765
3.23631
4.23468
5.13588
5.93634
6.63764
7.24289
7.75814
8.18999
8.546
8.83171
9.04828
9.18874
9.23681
9.16467
8.92571
8.46756
7.7461
6.98529
5.26457
4.14676
2.82837
1.68034
0.675444
-0.221648
-1.0042
-1.69748
-2.36811
-3.0494
-3.87547
-4.8132
-5.59818
-5.84009
-5.44174
-4.81477
-4.04986
-3.24971
-2.49312
-1.77282
-1.09013
-0.520382
-0.00527066
0.318897
0.66599
1.10534
2.0059
2.45662
-0.582168
0.249134
-0.199553
-0.211677
-0.409816
-0.574725
-0.796819
-1.03522
-1.30273
-1.58775
-1.89353
-2.20752
-2.51057
-2.81138
-3.02655
-4.01669
-5.42262
-6.32523
-7.47936
-8.1932
-8.62788
-8.79357
-8.63906
-8.18741
-7.47464
-6.54066
-5.43411
-4.20608
-2.90244
-1.567
-0.236838
1.05601
2.28571
3.43331
4.48442
5.43207
6.2726
7.00784
7.64128
8.17955
8.62994
9.00075
9.29831
9.52441
9.67215
9.72469
9.65287
9.40457
8.92967
8.19155
7.13548
5.65722
4.36927
2.97394
1.75253
0.665145
-0.306649
-1.16252
-1.93433
-2.69561
-3.50333
-4.49264
-5.61674
-6.50937
-6.69862
-6.1266
-5.31803
-4.38857
-3.46277
-2.62627
-1.84363
-1.11109
-0.496764
0.0528487
0.417078
0.798961
1.28602
2.16803
2.60203
-0.651557
0.258203
-0.220965
-0.228914
-0.436946
-0.607455
-0.84101
-1.09421
-1.38307
-1.69647
-2.03929
-2.40223
-2.77547
-3.1912
-3.53348
-4.15076
-5.98028
-6.84157
-8.03342
-8.77857
-9.21759
-9.37685
-9.19706
-8.70094
-7.9288
-6.9248
-5.7414
-4.43374
-3.05016
-1.63658
-0.231562
1.13159
2.42618
3.63266
4.73623
5.72985
6.60985
7.37834
8.03919
8.5997
9.06786
9.45278
9.76162
9.99698
10.152
10.2095
10.139
9.88164
9.39636
8.75785
7.25826
6.00503
4.57307
3.11404
1.81557
0.644689
-0.403505
-1.33427
-2.18809
-3.04578
-3.99423
-5.1593
-6.49708
-7.51128
-7.63865
-6.86482
-5.85191
-4.73945
-3.67628
-2.75538
-1.90688
-1.1218
-0.460319
0.124392
0.529053
0.944897
1.46831
2.31878
2.76056
-0.683641
0.246629
-0.240211
-0.24681
-0.461994
-0.638781
-0.884053
-1.15274
-1.46377
-1.80681
-2.18866
-2.60357
-3.05071
-3.57175
-4.011
-4.31642
-6.61478
-7.40965
-8.6148
-9.39213
-9.83246
-9.98257
-9.77502
-9.23129
-8.39648
-7.31904
-6.05536
-4.66503
-3.1991
-1.70561
-0.224558
1.20958
2.56933
3.83466
4.99039
6.02949
6.94831
7.74929
8.43673
9.01864
9.50376
9.90202
10.2215
10.4658
10.6282
10.691
10.6229
10.3566
9.85467
9.37366
7.47708
6.32397
4.76657
3.24782
1.8686
0.613541
-0.512528
-1.51932
-2.4581
-3.41748
-4.52144
-5.87257
-7.4559
-8.60894
-8.66377
-7.65622
-6.41525
-5.10141
-3.89004
-2.88147
-1.96407
-1.12379
-0.412496
0.207903
0.652026
1.09948
1.64962
2.4568
2.88802
-0.671933
0.214051
-0.255878
-0.26494
-0.484832
-0.668712
-0.92587
-1.21068
-1.54466
-1.91856
-2.34132
-2.81098
-3.33479
-3.95105
-4.46828
-4.60071
-7.35177
-8.04028
-9.22482
-10.0355
-10.4747
-10.6126
-10.3745
-9.77955
-8.87841
-7.72396
-6.37647
-4.90029
-3.34939
-1.77404
-0.215651
1.29024
2.71548
4.03962
5.24719
6.33125
7.28819
8.12085
8.83402
9.43643
9.93763
10.3484
10.6779
10.9308
11.1006
11.1691
11.1044
10.8298
10.289
9.89415
7.83234
6.62622
4.95524
3.37423
1.91099
0.57122
-0.633995
-1.71747
-2.74351
-3.80936
-5.08409
-6.63265
-8.49548
-9.80796
-9.77838
-8.50089
-7.00701
-5.47327
-4.10368
-3.00549
-2.0167
-1.11864
-0.354754
0.301855
0.783431
1.2588
1.8274
2.61134
3.02766
-0.618176
0.16371
-0.266934
-0.28295
-0.505416
-0.697201
-0.966359
-1.26789
-1.62556
-2.03144
-2.4968
-3.02365
-3.62617
-4.33173
-4.94196
-5.09122
-8.16615
-8.73471
-9.86356
-10.7102
-11.1465
-11.2692
-10.9973
-10.347
-9.37541
-8.14013
-6.70515
-5.13982
-3.50116
-1.84184
-0.204658
1.37383
2.86493
4.24787
5.50697
6.63542
7.62974
8.49323
9.23118
9.85314
10.3695
10.7919
11.1307
11.3917
11.5688
11.6436
11.5828
11.3033
10.6989
10.2021
8.27262
6.90388
5.14022
3.49201
1.94232
0.517243
-0.768162
-1.9284
-3.04311
-4.21941
-5.68067
-7.44552
-9.61936
-11.1148
-10.9877
-9.39908
-7.62605
-5.85364
-4.31664
-3.12837
-2.06631
-1.10799
-0.288556
0.404699
0.920951
1.41943
2.00018
2.73452
3.14437
-0.531339
0.101609
-0.273014
-0.300465
-0.523727
-0.724159
-1.00541
-1.32423
-1.70627
-2.14513
-2.65455
-3.24051
-3.92293
-4.71571
-5.45142
-5.82159
-9.01668
-9.49354
-10.531
-11.4169
-11.8504
-11.9545
-11.6455
-10.9353
-9.88847
-8.5681
-7.04174
-5.38384
-3.65453
-1.90896
-0.191386
1.46066
3.01805
4.45978
5.77007
6.94232
7.97324
8.86662
9.62836
10.2688
10.7993
11.2324
11.5797
11.8483
12.0327
12.1144
12.058
11.7827
11.1427
10.343
8.71358
7.15074
5.32109
3.60021
1.96221
0.451139
-0.915174
-2.15142
-3.35489
-4.64402
-6.3072
-8.31609
-10.8287
-12.5356
-12.2975
-10.3511
-8.27114
-6.24077
-4.52811
-3.25104
-2.1145
-1.0936
-0.215368
0.5149
1.06252
1.57844
2.16557
2.87883
3.25779
-0.424299
0.0347637
-0.274385
-0.317035
-0.539751
-0.749467
-1.04291
-1.37954
-1.78658
-2.25927
-2.81388
-3.46025
-4.22273
-5.10319
-6.00114
-6.76919
-9.83545
-10.3025
-11.2254
-12.1559
-12.5887
-12.671
-12.3213
-11.546
-10.4188
-9.00853
-7.38658
-5.63253
-3.80955
-1.97531
-0.175631
1.55102
3.17518
4.67574
6.03687
7.25229
8.31896
9.24128
10.0257
10.6836
11.2271
11.6699
12.0247
12.3004
12.492
12.5812
12.5295
12.2724
11.7302
10.427
9.09791
7.37601
5.49699
3.69797
1.97031
0.372524
-1.0749
-2.38519
-3.67547
-5.07707
-6.95548
-9.23959
-12.1179
-14.0732
-13.7127
-11.3568
-8.9407
-6.6325
-4.73696
-3.37435
-2.16298
-1.07733
-0.136656
0.630955
1.20631
1.73329
2.32143
3.00472
3.36629
-0.31013
-0.0304726
-0.271713
-0.332144
-0.553482
-0.772995
-1.07877
-1.43367
-1.86622
-2.3734
-2.97397
-3.68134
-4.523
-5.49293
-6.58251
-7.86103
-10.5489
-11.1463
-11.945
-12.9263
-13.3635
-13.4211
-13.0269
-12.1812
-10.9676
-9.46223
-7.74002
-5.88602
-3.96622
-2.04081
-0.157173
1.64525
3.33674
4.89616
6.30778
7.56572
8.66726
9.61745
10.4235
11.0976
11.653
12.1043
12.4657
12.7478
12.9464
13.0438
12.9965
12.7597
12.4212
10.6058
9.44318
7.59215
5.66708
3.78478
1.96636
0.281176
-1.24672
-2.62737
-3.99977
-5.50981
-7.61324
-10.2018
-13.4729
-15.7246
-15.2352
-12.4149
-9.6326
-7.02615
-4.9417
-3.49917
-2.21355
-1.06117
-0.0538734
0.751412
1.35107
1.88263
2.46533
3.10987
3.45533
-0.199497
-0.0893645
-0.265813
-0.345276
-0.564924
-0.794613
-1.11288
-1.48645
-1.94492
-2.487
-3.1339
-3.90208
-4.82095
-5.88178
-7.17648
-8.9855
-11.0934
-12.0003
-12.6878
-13.7259
-14.1762
-14.2073
-13.7647
-12.8429
-11.5366
-9.93016
-8.10251
-6.14444
-4.12453
-2.10532
-0.135772
1.74369
3.50312
5.12149
6.58324
7.88301
9.01847
9.99543
10.8218
11.511
12.077
12.5356
12.9024
13.1903
13.3956
13.5017
13.4589
13.222
13.05
10.9469
9.77154
7.80558
5.83031
3.86039
1.95013
0.177241
-1.42931
-2.87466
-4.32166
-5.93244
-8.26734
-11.1857
-14.8756
-17.4807
-16.8621
-13.5212
-10.3435
-7.41829
-5.14041
-3.62628
-2.26812
-1.04723
0.0315471
0.874894
1.49554
2.02473
2.59499
3.22198
3.53439
-0.099611
-0.138977
-0.25747
-0.355965
-0.574095
-0.814205
-1.14515
-1.5377
-2.02235
-2.59952
-3.29264
-4.12064
-5.11377
-6.26523
-7.75344
-9.99984
-11.4302
-12.8489
-13.4534
-14.5511
-15.0269
-15.0315
-14.5369
-13.533
-12.1273
-10.4134
-8.47462
-6.40794
-4.28441
-2.16867
-0.111164
1.8467
3.67479
5.35221
6.86374
8.2046
9.37301
10.3756
11.2211
11.9238
12.4991
12.9637
13.3348
13.6276
13.8392
13.9542
13.9187
13.6509
13.4689
11.3955
10.0771
8.01823
5.9856
3.9247
1.92166
0.0613297
-1.62081
-3.1235
-4.63541
-6.33679
-8.90838
-12.1801
-16.3093
-19.3304
-18.5856
-14.6679
-11.0682
-7.80447
-5.33072
-3.75647
-2.32871
-1.03769
0.118214
0.999999
1.63871
2.15793
2.70608
3.31514
3.60538
-0.0143734
-0.177888
-0.247346
-0.363841
-0.581029
-0.831671
-1.1755
-1.58723
-2.09817
-2.71033
-3.44908
-4.33509
-5.3986
-6.63752
-8.28318
-10.7898
-11.6154
-13.6898
-14.2425
-15.3965
-15.9142
-15.895
-15.3455
-14.2537
-12.7412
-10.913
-8.85701
-6.67677
-4.4458
-2.23065
-0.0830592
1.95466
3.8522
5.58884
7.14977
8.53099
9.73129
10.7582
11.6214
12.3363
12.9194
13.3887
13.7627
14.0594
14.2769
14.4005
14.3809
14.079
13.6598
11.8673
10.35
8.22967
6.13207
3.97785
1.88122
-0.065649
-1.81941
-3.37117
-4.93729
-6.71808
-9.53351
-13.1868
-17.7692
-21.2714
-20.3987
-15.8436
-11.7987
-8.17884
-5.50961
-3.89042
-2.39747
-1.03489
0.204781
1.12531
1.77955
2.28086
2.79885
3.38657
3.66619
0.0548646
-0.205744
-0.235957
-0.368638
-0.585777
-0.846936
-1.20384
-1.63484
-2.172
-2.81872
-3.602
-4.5434
-5.67255
-6.99278
-8.74649
-11.3269
-11.7989
-14.5258
-15.0563
-16.2552
-16.8344
-16.7978
-16.192
-15.0067
-13.3801
-11.4303
-9.25038
-6.95121
-4.60868
-2.29105
-0.0511431
2.06797
4.03584
5.83192
7.44192
8.86271
10.0938
11.1438
12.0232
12.7488
13.3382
13.8105
14.1859
14.4855
14.7085
14.8402
14.8527
14.6052
13.7277
12.2908
10.594
8.43858
6.26888
4.02009
1.82927
-0.20287
-2.02407
-3.61666
-5.22596
-7.07464
-10.1452
-14.2152
-19.2784
-23.3242
-22.3036
-17.0366
-12.5249
-8.53379
-5.67323
-4.02871
-2.47672
-1.04129
0.28994
1.24941
1.91715
2.39242
2.87687
3.45305
3.71548
0.108414
-0.222844
-0.223686
-0.370202
-0.588405
-0.859949
-1.2301
-1.68033
-2.24343
-2.92398
-3.7501
-4.74351
-5.93282
-7.32619
-9.14449
-11.6904
-12.1426
-15.3247
-15.8912
-17.1198
-17.7823
-17.7383
-17.0767
-15.7933
-14.0452
-11.9663
-9.65546
-7.2316
-4.77306
-2.34965
-0.0150772
2.18704
4.2262
6.08202
7.74077
9.20033
10.4611
11.5327
12.4269
13.1615
13.7555
14.2293
14.6044
14.9056
15.1337
15.2723
15.3306
15.2639
13.8169
12.6592
10.8219
8.64362
6.39563
4.05173
1.76621
-0.350077
-2.23505
-3.86074
-5.50171
-7.40591
-10.7477
-15.2735
-20.8906
-25.5348
-24.3177
-18.2386
-13.2352
-8.86003
-5.81674
-4.1716
-2.56892
-1.05951
0.372432
1.3709
2.05097
2.48997
2.94432
3.49574
3.76015
0.147485
-0.229827
-0.210816
-0.368474
-0.588998
-0.870686
-1.25422
-1.72349
-2.31205
-3.02528
-3.89201
-4.93337
-6.17688
-7.6347
-9.49065
-11.9844
-12.7318
-15.9918
-16.7385
-17.9844
-18.7515
-18.7135
-17.9984
-16.614
-14.7377
-12.5219
-10.0729
-7.5183
-4.93895
-2.40622
0.0254968
2.31231
4.42379
6.33971
8.04695
9.54449
10.8337
11.9256
12.8328
13.5747
14.1716
14.645
15.0181
15.3195
15.552
15.6961
15.7949
15.9414
14.0486
12.995
11.0446
8.84331
6.51257
4.07302
1.69207
-0.507918
-2.45395
-4.10542
-5.7652
-7.71068
-11.3437
-16.3709
-22.669
-27.9626
-26.474
-19.4478
-13.9189
-9.14698
-5.93422
-4.31888
-2.67659
-1.09235
0.451062
1.48851
2.18055
2.57333
2.99608
3.54459
3.80797
0.173626
-0.22746
-0.197563
-0.363479
-0.587654
-0.879144
-1.27613
-1.76409
-2.37738
-3.1218
-4.02636
-5.11112
-6.40264
-7.91675
-9.79886
-12.2648
-13.5084
-16.4121
-17.5912
-18.8476
-19.7355
-19.719
-18.9548
-17.4682
-15.458
-13.098
-10.5033
-7.81161
-5.10641
-2.46055
0.0709566
2.44422
4.62912
6.60559
8.36114
9.89586
11.2123
12.3228
13.2414
13.9888
14.5866
15.0579
15.4269
15.7268
15.9626
16.1123
16.2282
16.4735
14.4213
13.3065
11.2674
9.03649
6.62037
4.08411
1.60641
-0.677991
-2.68334
-4.35328
-6.01656
-7.98612
-11.9335
-17.518
-24.6681
-30.675
-28.8182
-20.6687
-14.5674
-9.38355
-6.01876
-4.46974
-2.80229
-1.14272
0.524756
1.60123
2.30616
2.64137
3.03419
3.59227
3.84456
0.188369
-0.216514
-0.184105
-0.355307
-0.584484
-0.885344
-1.29579
-1.80192
-2.43897
-3.2127
-4.15189
-5.27525
-6.60887
-8.17222
-10.0783
-12.5349
-14.2835
-16.5548
-18.4634
-19.7171
-20.7296
-20.7504
-19.942
-18.3536
-16.2057
-13.6948
-10.9471
-8.11176
-5.27542
-2.51241
0.121702
2.58326
4.84271
6.88025
8.68398
10.2552
11.5976
12.7251
13.6533
14.4041
15.001
15.4681
15.8309
16.1273
16.3648
16.5244
16.6358
16.7487
14.8631
13.5888
11.4914
9.22243
6.7197
4.08488
1.50817
-0.862675
-2.92641
-4.60701
-6.25498
-8.22767
-12.5156
-18.7251
-26.9375
-33.7515
-31.4078
-21.9114
-15.1747
-9.55887
-6.06279
-4.62273
-2.94848
-1.21358
0.592644
1.7084
2.42884
2.69336
3.05893
3.6272
3.88293
0.193023
-0.197691
-0.170598
-0.344098
-0.579615
-0.889331
-1.31314
-1.83676
-2.49634
-3.29716
-4.2675
-5.42481
-6.79534
-8.40239
-10.3341
-12.7818
-14.8969
-16.5839
-19.3855
-20.608
-21.7308
-21.8037
-20.9556
-19.2669
-16.979
-14.3118
-11.4042
-8.41882
-5.44595
-2.56154
0.178163
2.72997
5.06513
7.16428
9.01614
10.6231
11.9902
13.1332
14.0689
14.8212
15.415
15.8758
16.2301
16.5209
16.7578
16.9398
17.0798
16.815
15.2952
13.8397
11.7149
9.40084
6.81114
4.07479
1.39573
-1.06492
-3.18669
-4.86929
-6.4787
-8.42911
-13.086
-20.0022
-29.5375
-37.2867
-34.3129
-23.1902
-15.7377
-9.66281
-6.05844
-4.77582
-3.11754
-1.30792
0.654159
1.8099
2.55044
2.72936
3.06961
3.6746
3.93436
0.188579
-0.171593
-0.157193
-0.330033
-0.573189
-0.891173
-1.32816
-1.86841
-2.54904
-3.37451
-4.3725
-5.55957
-6.96293
-8.60967
-10.5699
-13.0043
-15.3347
-16.78
-20.3301
-21.5348
-22.7385
-22.8769
-21.9919
-20.2038
-17.7749
-14.9476
-11.8742
-8.73266
-5.61781
-2.60765
0.240806
2.88491
5.29698
7.45828
9.35829
11.0004
12.3911
13.5478
14.4891
15.2405
15.829
16.2812
16.6247
16.9074
17.1408
17.3639
17.6473
16.8044
15.6773
14.0692
11.9365
9.57172
6.895
4.0529
1.26701
-1.2881
-3.46801
-5.14284
-6.68515
-8.58269
-13.6365
-21.3497
-32.5256
-41.377
-37.6147
-24.5226
-16.2553
-9.68624
-5.99803
-4.92667
-3.31177
-1.42859
0.709148
1.90627
2.67369
2.74906
3.06629
3.72303
3.9807
0.175685
-0.138715
-0.144041
-0.313328
-0.565367
-0.890964
-1.34084
-1.89668
-2.59671
-3.44426
-4.46663
-5.68004
-7.11334
-8.79717
-10.789
-13.2162
-15.7045
-17.3335
-21.1437
-22.5039
-23.7557
-23.9702
-23.0487
-21.1599
-18.5897
-15.5997
-12.3558
-9.05276
-5.79071
-2.65035
0.310147
3.04873
5.53894
7.76291
9.71106
11.3879
12.801
13.9696
14.9144
15.6628
16.2434
16.6848
17.0147
17.2868
17.5126
17.7863
18.3137
16.8755
16.0254
14.292
12.1565
9.73509
6.97135
4.0179
1.11953
-1.53591
-3.77439
-5.43053
-6.87105
-8.67746
-14.1473
-22.7293
-35.9063
-46.0631
-41.3927
-25.9283
-16.7276
-9.62089
-5.87441
-5.0729
-3.53358
-1.57827
0.757966
1.99875
2.80215
2.7519
3.04853
3.76396
4.0277
0.154659
-0.0994589
-0.131304
-0.294231
-0.556337
-0.888829
-1.3512
-1.92144
-2.63907
-3.50619
-4.5501
-5.78733
-7.24871
-8.96793
-10.9942
-13.4277
-16.0684
-18.1868
-21.6448
-23.5226
-24.7918
-25.0866
-24.1261
-22.132
-19.4192
-16.2648
-12.8471
-9.37818
-5.96413
-2.68919
0.386748
3.2221
5.79175
8.07888
10.0751
11.7861
13.2206
14.3996
15.3458
16.0886
16.6589
17.0869
17.4004
17.6585
17.8726
18.1863
18.9508
17.1
16.3571
14.5172
12.3756
9.89139
7.03992
3.9682
0.950572
-1.81231
-4.11013
-5.73587
-7.03186
-8.69569
-14.5745
-24.0303
-39.5494
-51.2179
-45.6773
-27.4257
-17.1559
-9.45917
-5.68121
-5.21243
-3.78566
-1.75948
0.801531
2.08937
2.94008
2.73736
3.01516
3.81648
4.07867
0.12555
-0.0541704
-0.11916
-0.273029
-0.546312
-0.884918
-1.35926
-1.94259
-2.676
-3.56042
-4.62358
-5.88285
-7.37113
-9.12443
-11.1867
-13.6392
-16.4153
-19.0631
-21.8077
-24.6203
-25.8644
-26.2303
-25.2267
-23.1185
-20.2597
-16.9392
-13.3454
-9.70738
-6.13723
-2.72359
0.471223
3.40576
6.05622
8.407
10.4513
12.1959
13.6508
14.8387
15.7841
16.5188
17.0761
17.4881
17.7822
18.0222
18.2222
18.5523
19.4277
17.4407
16.6732
14.7486
12.5958
10.043
7.10026
3.90195
0.7572
-2.12142
-4.48001
-6.06341
-7.16015
-8.61483
-14.8467
-25.1195
-43.1972
-56.5276
-50.3978
-29.0225
-17.5413
-9.19401
-5.41299
-5.34378
-4.07134
-1.97462
0.841336
2.18099
3.09235
2.70412
2.96498
3.87223
4.136
0.0882089
-0.00318757
-0.107807
-0.250046
-0.535529
-0.879404
-1.3651
-1.96013
-2.70757
-3.60731
-4.68798
-5.96804
-7.48234
-9.26842
-11.3672
-13.8471
-16.72
-19.7392
-21.8881
-25.8245
-26.9958
-27.4051
-26.3548
-24.1201
-21.1088
-17.6193
-13.8475
-10.0383
-6.30887
-2.75282
0.564228
3.60048
6.33325
8.74817
10.8403
12.6179
14.0922
15.2875
16.2301
16.9543
17.4956
17.8888
18.1604
18.3772
18.5647
18.8954
19.6724
17.83
16.969
14.9876
12.8194
10.1926
7.15201
3.81717
0.536443
-2.46756
-4.88974
-6.41672
-7.24561
-8.41404
-14.9447
-26.0023
-46.674
-61.7036
-55.3936
-30.7078
-17.8835
-8.81871
-5.06535
-5.46629
-4.39494
-2.22605
0.879398
2.27733
3.26436
2.65026
2.89549
3.93592
4.19191
0.0424061
0.0530859
-0.0974589
-0.225649
-0.524236
-0.872466
-1.36879
-1.9741
-2.73399
-3.64743
-4.74428
-6.04417
-7.58357
-9.40096
-11.5356
-14.0477
-16.9808
-20.2115
-22.2456
-27.0527
-28.1999
-28.6129
-27.5151
-25.1389
-21.9657
-18.3023
-14.3502
-10.3685
-6.47754
-2.776
0.666458
3.80701
6.62373
9.10337
11.2431
13.053
14.5457
15.747
16.6849
17.3959
17.9184
18.2899
18.5359
18.723
18.9054
19.2604
19.7156
18.2128
17.2434
15.2346
13.0467
10.3412
7.19468
3.71176
0.285368
-2.85557
-5.34587
-6.78832
-7.2818
-8.13568
-15.0324
-26.7972
-50.0904
-66.7037
-60.5338
-32.4466
-18.1773
-8.3268
-4.63515
-5.58034
-4.76222
-2.51635
0.918166
2.38302
3.46185
2.57312
2.8036
4.01244
4.25852
-0.0120235
0.114093
-0.0883333
-0.200236
-0.512668
-0.864274
-1.37042
-1.98464
-2.75557
-3.68137
-4.79334
-6.11216
-7.67558
-9.52259
-11.6919
-14.2388
-17.2158
-20.6132
-23.0808
-28.0602
-29.4768
-29.8569
-28.7117
-26.1786
-22.8312
-18.9866
-14.8506
-10.6954
-6.6415
-2.79207
0.778627
4.02608
6.92854
9.47362
11.6607
13.502
15.0119
16.2178
17.1493
17.8448
18.3454
18.6921
18.9094
19.059
19.248
19.7111
19.6599
18.5625
17.501
15.4897
13.2783
10.4896
7.22775
3.58366
0.00111877
-3.29142
-5.84766
-7.16131
-7.29178
-8.01915
-15.1761
-27.5377
-53.6951
-71.5728
-65.8375
-34.1969
-18.4111
-7.71172
-4.12087
-5.68751
-5.18083
-2.84845
0.960406
2.50383
3.69089
2.469
2.68506
4.10522
4.32438
-0.0749828
0.179023
-0.0806243
-0.174222
-0.50102
-0.854969
-1.37005
-1.99191
-2.77266
-3.70971
-4.83583
-6.17262
-7.75875
-9.63348
-11.8359
-14.4187
-17.4368
-20.9991
-24.2316
-28.6123
-30.8362
-31.1463
-29.9475
-27.2425
-23.707
-19.672
-15.3468
-11.0165
-6.79885
-2.79988
0.901445
4.2583
7.24846
9.85991
12.0942
13.9659
15.4918
16.7008
17.6241
18.3018
18.7776
19.0964
19.2823
19.3846
19.5869
20.2633
19.6272
18.8891
17.7494
15.7533
13.5147
10.6386
7.25071
3.43092
-0.319288
-3.77967
-6.37317
-7.49942
-7.3579
-8.19297
-15.3624
-28.2154
-57.563
-76.0651
-71.2782
-35.9321
-18.5699
-6.96699
-3.52283
-5.79079
-5.66087
-3.22593
1.00905
2.64677
3.95769
2.33307
2.53415
4.21995
4.40748
-0.145872
0.246718
-0.074463
-0.148014
-0.489415
-0.844643
-1.36776
-1.99606
-2.78557
-3.73289
-4.87224
-6.22591
-7.83323
-9.73362
-11.967
-14.5854
-17.6452
-21.3459
-25.3058
-28.7347
-32.3172
-32.5002
-31.2234
-28.3333
-24.5951
-20.359
-15.8379
-11.33
-6.94779
-2.79821
1.03559
4.50419
7.58413
10.2631
12.5447
14.4459
15.9862
17.1967
18.11
18.7678
19.216
19.5038
19.6556
19.6997
19.9062
20.865
19.6956
19.2089
17.9957
16.026
13.7571
10.7894
7.26316
3.25174
-0.679001
-4.30777
-6.89874
-7.64151
-7.74109
-8.55238
-15.6862
-28.8088
-61.7076
-79.8143
-76.5917
-37.6153
-18.6357
-6.08687
-2.84452
-5.89486
-6.21546
-3.65327
1.06706
2.82055
4.26838
2.15896
2.3434
4.36929
4.50069
-0.223333
0.31561
-0.0698729
-0.121974
-0.477883
-0.833329
-1.36356
-1.99724
-2.79455
-3.75123
-4.90288
-6.27223
-7.89909
-9.82299
-12.0851
-14.7373
-17.8379
-21.6242
-26.0434
-28.8343
-33.9327
-33.9418
-32.537
-29.4519
-25.4969
-21.0485
-16.3237
-11.6347
-7.08677
-2.7859
1.18169
4.76408
7.93592
10.684
13.0132
14.9432
16.4963
17.7063
18.6078
19.2438
19.6618
19.9152
20.0306
20.0052
20.1891
21.4363
19.869
19.5264
18.2453
16.3086
14.007
10.943
7.26491
3.0443
-1.07619
-4.84513
-7.31698
-7.66281
-8.53063
-9.16451
-16.215
-29.3864
-65.9172
-82.7237
-81.4328
-39.1982
-18.5871
-5.06744
-2.09201
-6.00616
-6.86148
-4.13612
1.13727
3.03592
4.62875
1.93819
2.10265
4.57751
4.59771
-0.305049
0.383741
-0.0667339
-0.0963881
-0.466355
-0.821
-1.35743
-1.99552
-2.79979
-3.76499
-4.92798
-6.31175
-7.95641
-9.90162
-12.1898
-14.8734
-18.0125
-21.8418
-26.5095
-29.3739
-35.515
-35.4805
-33.8842
-30.5972
-26.4132
-21.7414
-16.8044
-11.9299
-7.21464
-2.76184
1.34032
5.03814
8.30394
11.1228
13.5006
15.4588
17.0231
18.2307
19.1183
19.7304
20.1158
20.3319
20.4086
20.3036
20.4257
21.9107
20.1127
19.8382
18.5019
16.6024
14.2661
11.1008
7.25594
2.80749
-1.49296
-5.37457
-7.29611
-7.88023
-9.65046
-10.1534
-17.0419
-30.0729
-69.4379
-84.8597
-85.6653
-40.6329
-18.4006
-3.90907
-1.27956
-6.13388
-7.62058
-4.68166
1.22227
3.30638
5.04357
1.65932
1.79859
4.84567
4.73223
-0.387716
0.4489
-0.0647679
-0.0714395
-0.454669
-0.807572
-1.34932
-1.99099
-2.80146
-3.7744
-4.94777
-6.34465
-8.00536
-9.96966
-12.2812
-14.9933
-18.1684
-22.0241
-26.8857
-30.5348
-36.721
-37.113
-35.2633
-31.7666
-27.3434
-22.4376
-17.2803
-12.2157
-7.33065
-2.72514
1.51204
5.32646
8.68803
11.5795
14.0071
15.9936
17.568
18.7709
19.6423
20.2285
20.5789
20.7547
20.7908
20.5991
20.6165
22.2531
20.3874
20.1405
18.7675
16.9086
14.5366
11.265
7.23659
2.54662
-1.92583
-5.71614
-7.03084
-8.29475
-11.187
-11.6503
-18.3093
-30.9703
-71.8283
-86.379
-89.2912
-41.8578
-18.0537
-2.61057
-0.420518
-6.29012
-8.52044
-5.29883
1.32408
3.64876
5.51628
1.30563
1.41296
5.22306
4.87456
-0.46729
0.508908
-0.0635549
-0.0471944
-0.442594
-0.792942
-1.33921
-1.98374
-2.79977
-3.77971
-4.96251
-6.37119
-8.0462
-10.0274
-12.3595
-15.0967
-18.3044
-22.1841
-27.2223
-31.99
-37.282
-38.8489
-36.6814
-32.9553
-28.286
-23.1364
-17.7511
-12.4918
-7.43437
-2.67507
1.6974
5.62909
9.08786
12.0538
14.5328
16.5482
18.1317
19.328
20.1807
20.7386
21.052
21.1847
21.1783
20.8968
20.7701
22.4537
20.6637
20.4321
19.0437
17.2284
14.8209
11.4385
7.2087
2.27585
-2.38966
-5.58692
-6.88234
-8.85514
-13.2754
-13.8333
-20.1999
-32.1695
-73.2034
-87.4902
-91.9779
-42.8478
-17.517
-1.18899
0.445852
-6.49145
-9.5968
-5.99925
1.44422
4.08444
6.04684
0.854567
0.91953
5.73003
5.01789
-0.53958
0.561999
-0.0625787
-0.0236115
-0.42988
-0.777023
-1.32709
-1.97393
-2.79494
-3.78121
-4.97252
-6.39173
-8.07931
-10.0751
-12.425
-15.1835
-18.4194
-22.3232
-27.4884
-33.2279
-37.2916
-40.7223
-38.1574
-34.1562
-29.238
-23.8359
-18.2163
-12.7581
-7.52554
-2.61109
1.89694
5.94618
9.50303
12.5451
15.0772
17.1226
18.7152
19.9031
20.7346
21.2617
21.5358
21.6228
21.5724
21.2026
20.8999
22.5161
20.928
20.7135
19.3323
17.5633
15.1216
11.6242
7.17912
1.98233
-2.6788
-5.16324
-6.93496
-9.59561
-16.1134
-16.9216
-22.9405
-33.8378
-73.7146
-88.1116
-93.8384
-43.6107
-16.7614
0.398082
1.29856
-6.76726
-10.8971
-6.79701
1.58306
4.63988
6.63166
0.271633
0.290137
6.3964
5.241
-0.601083
0.607209
-0.0612936
-0.000569482
-0.416305
-0.75979
-1.31307
-1.96179
-2.7873
-3.77928
-4.97821
-6.4067
-8.10519
-10.1135
-12.4779
-15.2537
-18.5124
-22.438
-27.6554
-33.975
-37.2996
-42.7168
-39.7122
-35.3587
-30.1947
-24.5335
-18.6742
-13.014
-7.60384
-2.53274
2.11123
6.27801
9.93324
13.0525
15.6394
17.7163
19.3184
20.497
21.3049
21.7985
22.0311
22.07
21.9743
21.5235
21.0323
22.4827
21.1712
20.9882
19.6348
17.915
15.4411
11.8246
7.15839
1.6377
-2.57511
-4.71177
-7.12494
-10.6327
-19.9552
-21.1327
-26.7945
-36.1713
-73.524
-88.3413
-95.173
-44.176
-15.7435
2.2152
2.12585
-7.14496
-12.4864
-7.71271
1.73993
5.34952
7.25734
-0.502853
-0.531567
7.4506
5.32652
-0.649814
0.64463
-0.0592011
0.0220871
-0.401728
-0.741313
-1.29732
-1.94763
-2.77721
-3.77434
-4.98006
-6.41664
-8.12438
-10.1429
-12.5188
-15.3075
-18.5833
-22.5265
-27.7404
-34.3624
-37.8668
-44.6197
-41.3521
-36.5509
-31.1495
-25.226
-19.1229
-13.2585
-7.66882
-2.43958
2.34083
6.62501
10.3784
13.5753
16.2181
18.3282
19.9411
21.1102
21.8927
22.3501
22.5386
22.5271
22.3849
21.8664
21.2012
22.4142
21.4006
21.2604
19.9529
18.2851
15.7813
12.0429
7.13836
1.33852
-2.13679
-4.45289
-7.31228
-12.1185
-25.0579
-26.6589
-32.0272
-39.3989
-72.8104
-88.3018
-95.905
-44.5392
-14.449
4.27505
2.8689
-7.69487
-14.4627
-8.76794
1.91275
6.2553
7.90913
-1.55376
-1.59381
8.65609
5.54073
-0.685818
0.67541
-0.0559226
0.0444963
-0.386125
-0.721766
-1.28014
-1.93183
-2.76513
-3.76689
-4.97861
-6.42214
-8.13753
-10.164
-12.5482
-15.3453
-18.6323
-22.5888
-27.7766
-34.6164
-39.1636
-46.0723
-43.0669
-37.7236
-32.0941
-25.9094
-19.5596
-13.4902
-7.71982
-2.33113
2.58633
6.98774
10.8388
14.1131
16.8125
18.957
20.5821
21.7423
22.4983
22.9171
23.059
22.9949
22.805
22.2351
21.4319
22.3634
21.6363
21.5355
20.2882
18.6748
16.1432
12.2874
7.09318
1.26923
-1.38546
-4.44558
-7.57448
-14.1698
-31.7563
-33.7885
-38.8178
-43.709
-71.7696
-87.9236
-95.7992
-44.684
-12.8998
6.60608
3.44215
-8.52135
-16.9794
-10.0115
2.09627
7.42182
8.50628
-3.00753
-2.96785
10.8444
4.94431
-0.711144
0.701489
-0.0512547
0.0667343
-0.3696
-0.701423
-1.26188
-1.91482
-2.75152
-3.75747
-4.97447
-6.42387
-8.14534
-10.1775
-12.5668
-15.3676
-18.66
-22.6243
-27.7823
-34.8093
-40.8015
-46.7922
-44.844
-38.8766
-33.019
-26.5792
-19.9813
-13.7075
-7.75598
-2.20685
2.84833
7.36689
11.3148
14.6657
17.4214
19.6012
21.24
22.3924
23.1219
23.5003
23.5932
23.4742
23.2349
22.6303
21.743
22.3802
21.8918
21.8179
20.6418
19.0845
16.5284
12.5589
7.04268
1.51144
-0.480655
-4.36299
-7.99731
-16.9105
-40.391
-42.7941
-47.1453
-49.1259
-70.6358
-87.2236
-94.6955
-44.6082
-11.1371
9.34441
3.76845
-9.88504
-20.2267
-11.4821
2.2849
9.03542
8.93546
-4.96627
-4.76608
13.5238
5.8576
-0.729286
0.725145
-0.045192
0.0887879
-0.352374
-0.680633
-1.24295
-1.89707
-2.73691
-3.74667
-4.96829
-6.42255
-8.14855
-10.1842
-12.5751
-15.3753
-18.6668
-22.6326
-27.7633
-34.9264
-42.2453
-46.7825
-46.6783
-40.0206
-33.9126
-27.2304
-20.3845
-13.9082
-7.77629
-2.06617
3.12739
7.76316
11.8071
15.2334
18.0446
20.2596
21.9131
23.059
23.7626
24.0998
24.1416
23.9655
23.6746
23.049
22.1294
22.4764
22.1819
22.1106
21.0138
19.5136
16.9383
12.8442
7.07357
2.07628
0.319115
-4.05688
-8.60601
-20.4523
-51.0877
-53.6992
-56.6506
-55.38
-69.6396
-86.49
-92.5508
-44.3277
-9.21805
12.7141
3.61422
-12.6124
-24.8576
-13.2944
2.4662
11.4015
9.01787
-7.55175
-6.75795
14.93
9.01304
-0.7443
0.748504
-0.0379154
0.110545
-0.334762
-0.659796
-1.2238
-1.87909
-2.72186
-3.73509
-4.96075
-6.4189
-8.14793
-10.1847
-12.574
-15.3688
-18.6533
-22.6138
-27.7179
-34.9343
-43.1499
-46.4479
-48.547
-41.1723
-34.7618
-27.857
-20.7656
-14.09
-7.77964
-1.90852
3.42399
8.17716
12.3164
15.8167
18.6818
20.9313
22.5997
23.7403
24.4192
24.7151
24.7046
24.4695
24.124
23.4871
22.5773
22.6401
22.5059
22.4157
21.403
19.9595
17.3702
13.1367
7.29463
2.94597
0.929323
-3.66612
-9.41688
-24.8286
-63.5276
-66.1313
-66.6237
-61.9122
-68.9221
-86.0004
-89.3739
-43.8508
-7.304
15.6751
2.6977
-15.8202
-30.997
-15.6561
2.60885
14.7387
8.70997
-11.0799
-9.34011
15.9191
13.4627
-0.759911
0.773151
-0.0297478
0.131803
-0.31714
-0.639341
-1.20489
-1.86137
-2.70692
-3.72337
-4.95255
-6.41367
-8.14423
-10.1799
-12.5641
-15.3491
-18.6205
-22.5685
-27.644
-34.8312
-43.5227
-46.37
-50.3549
-42.3422
-35.5529
-28.452
-21.1211
-14.2507
-7.76494
-1.73339
3.73847
8.6094
12.8435
16.4164
19.3334
21.6158
23.2984
24.4343
25.0897
25.3451
25.2816
24.9862
24.5828
23.939
23.0804
22.8931
22.8607
22.7323
21.8061
20.4166
17.814
13.4542
7.762
4.07147
1.57446
-3.25983
-10.442
-29.9675
-76.9057
-79.3849
-76.2727
-68.1144
-68.4829
-85.8014
-85.1672
-43.1541
-5.55892
17.1947
1.6322
-18.6644
-38.016
-18.5861
2.67875
18.8798
8.11047
-15.2323
-12.5041
15.5328
17.0628
-0.778862
0.79992
-0.0210953
0.152278
-0.299916
-0.619704
-1.1867
-1.84444
-2.69265
-3.71213
-4.94436
-6.40758
-8.13816
-10.1704
-12.5463
-15.317
-18.5696
-22.4981
-27.5411
-34.6459
-43.5922
-46.912
-51.9172
-43.5242
-36.2738
-29.0078
-21.4476
-14.388
-7.73112
-1.54041
4.071
9.06013
13.389
17.0331
20.0001
22.3131
24.0083
25.1393
25.7722
25.9882
25.8719
25.5152
25.0505
24.3998
23.6241
23.2247
23.2434
23.0576
22.2167
20.8749
18.2574
13.8301
8.4619
5.36382
2.40985
-2.80641
-11.6584
-35.6926
-90.2529
-92.7164
-85.1373
-73.6474
-68.215
-85.8071
-79.8933
-42.1984
-4.0063
17.102
0.940039
-21.5037
-45.8677
-22.1413
2.64487
23.041
7.15248
-18.9155
-16.0978
13.3513
20.5391
-0.802599
0.828858
-0.0123874
0.171631
-0.283508
-0.60132
-1.16968
-1.82877
-2.67958
-3.70194
-4.93679
-6.40124
-8.13034
-10.1568
-12.5211
-15.2734
-18.5017
-22.4041
-27.4093
-34.4059
-43.5275
-48.0059
-53.0401
-44.6934
-36.9169
-29.5163
-21.7421
-14.4997
-7.67731
-1.32936
4.42149
9.52929
13.953
17.6676
20.6825
23.0236
24.7292
25.8541
26.4645
26.6421
26.4737
26.0556
25.5265
24.8667
24.1904
23.6014
23.6453
23.3859
22.6245
21.3197
18.6939
14.292
9.33733
6.6956
3.3954
-2.27301
-13.0072
-41.7639
-102.956
-105.652
-93.2341
-78.5121
-67.9489
-85.7546
-73.3885
-40.9256
-2.57119
15.7632
0.674475
-24.8347
-53.9161
-26.3382
2.50062
26.3489
6.07891
-21.0101
-20.1711
10.4077
22.0667
-0.831281
0.859335
-0.00403209
0.189477
-0.268327
-0.584606
-1.15427
-1.81484
-2.66821
-3.69331
-4.93034
-6.39513
-8.12123
-10.1397
-12.4892
-15.2191
-18.4182
-22.2879
-27.2484
-34.1276
-43.3871
-49.2963
-53.5759
-45.8167
-37.481
-29.9695
-22.0022
-14.5842
-7.60284
-1.10032
4.78957
10.0165
14.5354
18.32
21.3811
23.7477
25.4611
26.5778
27.1651
27.3047
27.085
26.6059
26.0097
25.3367
24.7674
24.0188
24.055
23.7087
23.0152
21.7349
19.1253
14.8513
10.3306
7.97362
4.44901
-1.66048
-14.4213
-47.9305
-114.997
-118.069
-100.81
-82.8398
-67.4707
-85.0498
-65.386
-39.243
-1.02274
13.7636
0.74174
-29.2225
-61.6902
-31.1707
2.2684
28.6799
8.66836
-21.8832
-24.0571
6.71923
23.4944
-0.863992
0.890202
0.0036127
0.205406
-0.254762
-0.569953
-1.14085
-1.80302
-2.6589
-3.68658
-4.92532
-6.38952
-8.11105
-10.1192
-12.4511
-15.1549
-18.3206
-22.1511
-27.0591
-33.8195
-43.1741
-50.4322
-53.5042
-46.86
-37.9722
-30.3606
-22.226
-14.6399
-7.50731
-0.853604
5.17455
10.5209
15.1356
18.9901
22.0964
24.4861
26.2042
27.3101
27.8727
27.9739
27.7034
27.1637
26.4987
25.8065
25.3431
24.4738
24.4581
24.0146
23.3716
22.1072
19.5574
15.5031
11.4037
9.19978
5.53989
-0.984488
-15.8409
-53.9616
-126.677
-130.049
-108.029
-86.6882
-66.5477
-82.9556
-55.8428
-37.1115
0.763168
11.804
1.01133
-35.4456
-68.8541
-36.4918
1.91335
30.3665
15.2622
-19.3643
-26.207
4.79483
31.1469
-0.899039
0.919973
0.0102511
0.219002
-0.243166
-0.557696
-1.12975
-1.79358
-2.65185
-3.68188
-4.92176
-6.38437
-8.09978
-10.0956
-12.4072
-15.0819
-18.2102
-21.9957
-26.8428
-33.484
-42.8678
-51.1703
-52.9707
-47.7815
-38.4024
-30.6837
-22.4119
-14.6663
-7.39064
-0.589898
5.57539
11.0414
15.7526
19.6773
22.8279
25.2389
26.959
28.0512
28.5866
28.6481
28.3265
27.7266
26.9915
26.2736
25.9031
24.9457
24.8407
24.2896
23.677
22.4299
19.9958
16.2322
12.5355
10.421
6.67082
-0.251129
-17.204
-59.6569
-138.158
-141.66
-114.845
-90.0033
-64.983
-79.0936
-45.3245
-34.6799
2.52787
10.4108
1.26304
-43.739
-74.5136
-42.0904
1.17481
31.3096
21.8491
-11.5577
-22.8931
6.86183
39.0368
-0.934233
0.946962
0.0156525
0.229865
-0.233832
-0.548085
-1.12114
-1.7866
-2.64703
-3.67901
-4.91935
-6.37928
-8.08708
-10.0686
-12.3578
-15.0011
-18.089
-21.8241
-26.6022
-33.1213
-42.4513
-51.4153
-52.1969
-48.5478
-38.7812
-30.9352
-22.5584
-14.6633
-7.25312
-0.310201
5.99067
11.5762
16.3846
20.38
23.5749
26.0059
27.7256
28.8011
29.3065
29.3262
28.9523
28.2919
27.4858
26.7359
26.4355
25.415
25.1877
24.5193
23.9184
22.7026
20.4433
17.02
13.7105
11.6646
7.85204
0.555073
-18.4298
-64.851
-149.283
-152.845
-121.049
-92.6706
-62.6685
-73.5385
-34.665
-32.2441
3.93077
9.61816
1.22351
-52.7892
-77.6092
-47.5828
-0.158527
31.4218
25.7706
-1.5304
-15.5754
11.4456
38.7607
-0.967093
0.969394
0.0196537
0.237645
-0.226961
-0.54123
-1.115
-1.78189
-2.64404
-3.67741
-4.91738
-6.37355
-8.07244
-10.0383
-12.3036
-14.9139
-17.9592
-21.6395
-26.3409
-32.732
-41.9261
-51.2169
-51.4484
-49.1329
-39.114
-31.1131
-22.6647
-14.6312
-7.09542
-0.015845
6.41863
12.1234
17.0294
21.0964
24.3358
26.7863
28.5039
29.5601
30.0323
30.0073
29.5791
28.8571
27.979
27.1908
26.9315
25.8643
25.4835
24.6913
24.0895
22.9304
20.901
17.8496
14.9169
12.9373
9.09336
1.46643
-19.4168
-69.4095
-159.686
-163.41
-126.37
-94.5483
-59.5875
-66.3837
-24.6828
-30.014
4.79857
9.29096
0.913744
-59.9414
-77.6898
-52.8241
-1.91685
31.0831
27.9479
7.87927
-7.75424
16.8674
34.5278
-0.994966
0.985478
0.0221663
0.242086
-0.222612
-0.537037
-1.11104
-1.77891
-2.64211
-3.67609
-4.91477
-6.36623
-8.05529
-10.0047
-12.2454
-14.8222
-17.8238
-21.4461
-26.0639
-32.3184
-41.3115
-50.7182
-50.9344
-49.5055
-39.4003
-31.218
-22.73
-14.5715
-6.91862
0.291538
6.8572
12.6803
17.6845
21.8239
25.1084
27.5783
29.2929
30.3277
30.7639
30.6911
30.2058
29.42
28.4683
27.6347
27.3826
26.2645
25.7136
24.7977
24.1916
23.1221
21.368
18.7072
16.1441
14.2367
10.3988
2.51404
-20.0612
-73.2159
-168.949
-173.087
-130.551
-95.4715
-55.7918
-57.7169
-16.1965
-28.061
5.17273
9.3631
0.590661
-63.0155
-75.7823
-57.6249
-3.7886
30.767
29.5221
15.5843
-0.861863
21.4142
33.3338
-1.0151
0.99349
0.023196
0.243095
-0.220638
-0.535127
-1.10862
-1.77672
-2.64005
-3.67371
-4.91027
-6.35641
-8.03536
-9.96835
-12.185
-14.7287
-17.6868
-21.2487
-25.7769
-31.8845
-40.6285
-50.036
-50.6583
-49.6415
-39.6313
-31.2534
-22.7542
-14.4858
-6.72423
0.61003
7.30401
13.2444
18.3466
22.559
25.8897
28.3796
30.091
31.103
31.5009
31.3771
30.8316
29.9789
28.9514
28.0636
27.7801
26.5777
25.8669
24.837
24.2331
23.2872
21.8424
19.5831
17.3816
15.5564
11.7624
3.71029
-20.2797
-76.1573
-176.674
-181.581
-133.381
-95.2555
-51.3556
-47.9849
-10.3009
-26.3293
5.23132
9.82973
0.491756
-61.8418
-73.3044
-61.7171
-5.53548
30.3463
30.6913
21.2389
4.75977
24.2508
35.2376
-1.02471
0.991893
0.0228755
0.240814
-0.220609
-0.534762
-1.10668
-1.77398
-2.63632
-3.66878
-4.9027
-6.34353
-8.01296
-9.93063
-12.1246
-14.6371
-17.5527
-21.0534
-25.4866
-31.4355
-39.8944
-49.2293
-50.4818
-49.5244
-39.7981
-31.2247
-22.7379
-14.3765
-6.5141
0.937497
7.75646
13.8124
19.0122
23.2982
26.6758
29.1869
30.8956
31.8845
32.2423
32.0649
31.4556
30.5325
29.4263
28.4725
28.1157
26.7691
25.9411
24.815
24.2274
23.4351
22.3209
20.4709
18.6194
16.889
13.1699
5.04517
-20.0228
-78.1257
-182.441
-188.551
-134.658
-93.7138
-46.3328
-38.2362
-8.07196
-24.8287
5.17963
10.6587
0.729156
-57.6023
-71.0956
-64.5889
-6.97707
29.6438
31.4738
24.9365
9.03082
24.9419
34.8551
-1.02118
0.979541
0.0215109
0.235721
-0.22174
-0.534787
-1.10377
-1.76899
-2.62926
-3.65997
-4.89138
-6.32781
-7.9893
-9.89374
-12.0675
-14.5514
-17.4268
-20.8666
-25.2008
-30.9783
-39.1245
-48.3345
-50.295
-49.1597
-39.8919
-31.1403
-22.6828
-14.2464
-6.29047
1.27161
8.21182
14.3811
19.6775
24.037
27.4626
29.9961
31.7034
32.6695
32.9864
32.7534
32.0774
31.0797
29.8917
28.8567
28.3787
26.82
25.947
24.7434
24.1896
23.5727
22.7989
21.3643
19.8475
18.2265
14.606
6.49637
-19.273
-79.0246
-185.783
-193.672
-134.219
-90.6734
-40.8336
-29.7931
-9.95773
-23.8841
5.29161
11.8142
1.35207
-51.2648
-69.4553
-65.6607
-7.99549
28.8154
32.0224
27.0328
12.1547
24.9347
32.2396
-1.0023
0.955993
0.0196368
0.228712
-0.222843
-0.533648
-1.09812
-1.76003
-2.61749
-3.64656
-4.87651
-6.31046
-7.96652
-9.86068
-12.0176
-14.4764
-17.3146
-20.6951
-24.9277
-30.522
-38.3318
-47.368
-50.0111
-48.5531
-39.9063
-31.0098
-22.5915
-14.0985
-6.05583
1.60994
8.66722
14.9471
20.3384
24.7709
28.245
30.8023
32.5098
33.4545
33.7308
33.441
32.6956
31.6198
30.3466
29.2122
28.5594
26.7641
25.9058
24.6362
24.1336
23.7048
23.2702
22.2537
21.0546
19.5595
16.0583
8.04139
-18.0354
-78.7936
-186.339
-196.7
-132.03
-85.9836
-35.0858
-23.4364
-15.3258
-24.0689
5.90925
12.9649
2.32116
-43.7106
-68.3833
-64.4835
-8.51262
28.1197
32.5842
28.0834
14.491
25.0707
29.9813
-0.966896
0.921939
0.0180652
0.221157
-0.222352
-0.52952
-1.08796
-1.74568
-2.6003
-3.62881
-4.85938
-6.29361
-7.94743
-9.83482
-11.9788
-14.4165
-17.2215
-20.5459
-24.6764
-30.0774
-37.5282
-46.3316
-49.5637
-47.7134
-39.8442
-30.8453
-22.4682
-13.9359
-5.81291
1.94996
9.11981
15.5069
20.9907
25.495
29.0176
31.6
33.3098
34.235
34.4717
34.125
33.3088
32.1518
30.7907
29.5411
28.6717
26.6718
25.8218
24.5076
24.0704
23.8338
23.727
23.1246
22.226
20.8736
17.5148
9.65964
-16.3331
-77.4135
-183.884
-197.444
-128.07
-79.5587
-29.1678
-18.8983
-22.5302
-25.7592
7.25601
13.3825
3.53126
-35.6228
-66.2705
-60.506
-8.48256
27.7336
33.5503
28.5649
16.2037
25.1449
28.4649
-0.915466
0.879679
0.0179005
0.214867
-0.218471
-0.520609
-1.07192
-1.72531
-2.57809
-3.60814
-4.8422
-6.27996
-7.93502
-9.81942
-11.9546
-14.3757
-17.1522
-20.4251
-24.4559
-29.6569
-36.7252
-45.2217
-48.9243
-46.6985
-39.713
-30.6584
-22.3173
-13.7621
-5.56453
2.28919
9.56659
16.057
21.6301
26.2041
29.7747
32.3833
34.0975
35.0054
35.2045
34.8018
33.9143
32.6744
31.2237
29.8516
28.7522
26.5891
25.6754
24.3748
24.0076
23.9598
24.1609
23.9587
23.3427
22.1482
18.9587
11.3261
-14.2167
-74.9249
-178.38
-196.105
-122.296
-71.3303
-22.8027
-15.1054
-29.4272
-28.3567
9.21426
12.4345
4.97853
-27.4573
-59.855
-52.6116
-6.94793
28.3145
35.3432
28.9474
17.5369
24.5076
26.8688
-0.851111
0.833528
0.0204862
0.211913
-0.209493
-0.505604
-1.04951
-1.6995
-2.55246
-3.58692
-4.82766
-6.27222
-7.93194
-9.81719
-11.9478
-14.357
-17.1102
-20.3378
-24.274
-29.2727
-35.9369
-44.0379
-48.0899
-45.6156
-39.5235
-30.4602
-22.144
-13.5799
-5.31359
2.6252
10.0051
16.5943
22.2525
26.8934
30.5106
33.1458
34.8662
35.7596
35.9236
35.4665
34.5085
33.1854
31.6452
30.1512
28.8299
26.5333
25.4749
24.2544
23.9511
24.0814
24.5634
24.7366
24.3829
23.3572
20.3635
13.0016
-11.7756
-71.4042
-170.373
-193.042
-115.029
-61.2405
-15.5624
-10.8215
-34.1773
-30.2065
11.2191
10.47
6.87106
-19.8442
-48.7155
-40.5542
-1.9856
31.3999
38.4929
29.6515
18.4446
22.6566
25.108
-0.780207
0.789853
0.0271973
0.214224
-0.194309
-0.484232
-1.02158
-1.67016
-2.52602
-3.56793
-4.81834
-6.27264
-7.94021
-9.82995
-11.9601
-14.362
-17.0975
-20.2864
-24.1349
-28.9345
-35.1806
-42.7947
-47.0809
-44.5973
-39.2667
-30.2569
-21.9544
-13.3931
-5.06291
2.95544
10.4319
17.1148
22.8534
27.5573
31.2191
33.8807
35.6089
36.4904
36.6222
36.1134
35.0866
33.6817
32.0537
30.444
28.9201
26.516
25.2653
24.1522
23.906
24.1955
24.9267
25.4413
25.3253
24.4726
21.6953
14.6342
-9.14063
-66.9892
-161.498
-187.66
-106.406
-49.39
-7.14007
-5.28811
-36.055
-30.0137
12.6351
8.67282
9.22479
-13.3864
-35.9972
-26.4517
6.51187
37.2613
42.6877
30.6399
19.1361
21.2765
23.6806
-0.712502
0.756473
0.0391051
0.223044
-0.172933
-0.457635
-0.990358
-1.64015
-2.50169
-3.55365
-4.816
-6.2824
-7.96071
-9.85852
-11.9922
-14.391
-17.1132
-20.2686
-24.0356
-28.6438
-34.4734
-41.5277
-45.9307
-43.72
-38.8897
-30.0536
-21.7517
-13.2033
-4.81507
3.27834
10.846
17.6168
23.4297
28.1914
31.8945
34.5813
36.3182
37.1902
37.2927
36.7353
35.6429
34.159
32.4468
30.7308
29.0285
26.5444
25.0869
24.0657
23.875
24.2981
25.244
26.0601
26.1526
25.4696
22.9178
16.1646
-6.4821
-61.7828
-152.596
-179.784
-96.2461
-35.7843
2.45148
1.38263
-35.4607
-27.6873
13.2355
7.93659
11.2803
-8.28407
-24.4173
-13.0716
16.2081
44.076
46.9127
31.7737
19.6016
20.2908
22.6037
-0.659896
0.741015
0.0563493
0.238234
-0.146939
-0.4284
-0.959031
-1.61268
-2.48224
-3.54619
-4.82226
-6.30265
-7.99399
-9.90249
-12.0425
-14.4408
-17.1517
-20.2748
-23.9621
-28.3878
-33.8236
-40.2889
-44.6701
-42.9344
-38.3232
-29.8547
-21.5447
-13.0144
-4.57285
3.59004
11.2424
18.095
23.9759
28.79
32.5303
35.2405
36.9864
37.8507
37.927
37.3245
36.1702
34.6118
32.8208
31.0095
29.1544
26.6148
24.9576
23.992
23.8568
24.3839
25.5107
26.5854
26.8529
26.3287
23.9995
17.5432
-3.99639
-56.0708
-142.916
-169.994
-84.7392
-20.9527
12.8215
8.40388
-33.2146
-23.812
13.0817
8.41422
11.9789
-4.36099
-14.9293
-1.81202
25.0806
50.2854
50.5252
32.9743
19.9615
19.6526
22.0071
-0.633587
0.748719
0.0778525
0.258182
-0.119164
-0.399943
-0.931032
-1.59052
-2.46921
-3.54563
-4.83585
-6.33148
-8.03826
-9.96037
-12.1087
-14.5064
-17.203
-20.2876
-23.8898
-28.1404
-33.2263
-39.1376
-43.3551
-42.1265
-37.6066
-29.6474
-21.3326
-12.8263
-4.33775
3.89188
11.6232
18.5503
24.4909
29.3496
33.1212
35.8515
37.6056
38.4635
38.5163
37.8723
36.6609
35.0337
33.1708
31.2764
29.2946
26.7193
24.8822
23.9292
23.8444
24.4471
25.7262
27.017
27.4219
27.0373
24.9157
18.7321
-1.82283
-50.2749
-132.634
-158.75
-72.1975
-6.07064
23.1355
14.8608
-29.8046
-18.8514
12.4912
9.67163
11.238
-1.26193
-7.49017
7.1218
32.3589
55.3664
53.4361
34.2546
20.3101
19.3304
21.6664
-0.640123
0.77969
0.100792
0.279639
-0.0932934
-0.375632
-0.909029
-1.57558
-2.46422
-3.55392
-4.85917
-6.37067
-8.09284
-10.0276
-12.1822
-14.5748
-17.2486
-20.2834
-23.7915
-27.8775
-32.6757
-38.1306
-42.0971
-41.2162
-36.8337
-29.405
-21.1373
-12.6459
-4.11833
4.17165
11.9762
18.9724
24.9667
29.8634
33.6607
36.4072
38.1678
39.0197
39.0513
38.3697
37.1062
35.4171
33.4906
31.5254
29.4415
26.8449
24.8523
23.8762
23.8291
24.4847
25.8958
27.3607
27.8601
27.5909
25.6549
19.7203
0.0239465
-44.8747
-122.57
-147.06
-59.2035
7.87448
32.3197
20.1449
-25.0887
-13.5204
11.7297
11.1532
9.9894
1.11013
-1.79483
13.8912
37.9619
59.31
55.7627
35.5978
20.6537
19.3259
21.2272
-0.677829
0.828585
0.122338
0.299587
-0.0723473
-0.358209
-0.895138
-1.56855
-2.46568
-3.56653
-4.88524
-6.41269
-8.15172
-10.0995
-12.2561
-14.6334
-17.2704
-20.242
-23.6529
-27.598
-32.1852
-37.3205
-41.0815
-40.4088
-36.1463
-29.0916
-20.9299
-12.4697
-3.90714
4.43957
12.309
19.3643
25.4016
30.3268
34.1424
36.9002
38.6648
39.5106
39.5229
38.8072
37.4974
35.754
33.7734
31.7508
29.5885
26.9781
24.8507
23.8347
23.8055
24.5004
26.0299
27.6254
28.1767
27.9929
26.2101
20.5034
1.50834
-40.2504
-113.386
-135.689
-46.4653
20.0768
39.4634
24.0518
-18.6516
-8.46072
11.048
12.3847
8.85867
2.50042
2.42077
18.7078
42.0598
62.2967
57.6743
37.0656
20.9795
19.4778
21.9952
-0.736663
0.884136
0.138792
0.314359
-0.0586186
-0.348348
-0.888919
-1.5692
-2.47532
-3.58827
-4.92082
-6.46189
-8.2114
-10.1624
-12.3094
-14.6592
-17.2489
-20.1551
-23.4839
-27.3286
-31.78
-36.7142
-40.3687
-39.9033
-35.7601
-28.8834
-20.7665
-12.3214
-3.73239
4.66691
12.5984
19.7086
25.7826
30.7288
34.5558
37.3202
39.0865
39.9261
39.9209
39.1752
37.8252
36.036
34.0112
31.943
29.7219
27.1037
24.8672
23.8095
23.7757
24.5046
26.1336
27.8125
28.383
28.2562
26.5979
21.0985
2.59299
-36.5637
-105.528
-125.407
-34.7961
30.0306
44.2014
26.5923
-11.3373
-3.50827
11.2208
13.1457
7.95508
3.17343
5.32743
21.7977
44.9072
64.5272
59.2587
38.5224
21.6186
20.0593
23.5941
-0.800255
0.93534
0.150215
0.323623
-0.0524446
-0.346985
-0.891117
-1.57604
-2.48727
-3.60741
-4.94915
-6.5012
-8.26001
-10.21
-12.3377
-14.6498
-17.1905
-20.0442
-23.3196
-27.1053
-31.4718
-36.2558
-39.7979
-39.4661
-35.4873
-28.7824
-20.7204
-12.2441
-3.59932
4.86569
12.8595
20.0159
26.1138
31.0676
34.8952
37.6586
39.4225
40.2551
40.2345
39.4634
38.0805
36.2555
34.1979
32.098
29.8399
27.2145
24.8978
23.8113
23.7742
24.5142
26.2184
27.9451
28.5016
28.4023
26.8206
21.4787
3.26535
-33.9099
-99.344
-116.799
-24.9106
37.626
46.7346
27.9292
-5.21155
0.745659
12.27
13.8308
7.4634
3.74201
7.19962
23.596
46.878
66.2086
60.6413
39.7578
22.4503
20.8254
24.9326
-0.852776
0.970339
0.154525
0.325865
-0.0523611
-0.34972
-0.896446
-1.58603
-2.50319
-3.6318
-4.98244
-6.53824
-8.28977
-10.2207
-12.3216
-14.6043
-17.117
-19.9458
-23.1975
-26.956
-31.2761
-35.9637
-39.4191
-39.1511
-35.2665
-28.67
-20.6854
-12.2241
-3.54329
4.99019
13.0576
20.2671
26.3862
31.3379
35.1543
37.9069
39.6625
40.4861
40.4521
39.6613
38.2547
36.4043
34.3226
32.1988
29.9163
27.2928
24.9627
23.8216
23.7877
24.5459
26.2819
28.0008
28.54
28.4583
26.936
21.7012
3.65619
-32.1846
-94.9766
-110.279
-17.3423
42.8994
47.6975
28.4434
-1.30717
3.45225
13.2258
14.2973
7.22533
4.45592
8.18924
24.4684
48.1648
67.4045
61.7678
40.7108
23.167
21.8214
25.3409
-0.881372
0.987652
0.156921
0.325795
-0.0556626
-0.356578
-0.904327
-1.59441
-2.51272
-3.64202
-4.98993
-6.54132
-8.2894
-10.215
-12.3065
-14.5765
-17.0759
-19.8932
-23.1352
-26.8829
-31.1819
-35.8205
-39.2262
-38.9848
-35.1532
-28.6106
-20.6465
-12.1836
-3.48275
5.0899
13.2074
20.4584
26.594
31.5379
35.3338
38.0647
39.8026
40.6123
40.5657
39.7617
38.3414
36.4769
34.3843
32.2534
29.9735
27.3414
24.9917
23.8436
23.8233
24.5938
26.3024
27.9916
28.5371
28.4586
26.9219
21.7092
3.77295
-31.3899
-92.5632
-106.337
-13.3136
45.3133
47.9553
28.4826
0.0128841
4.21512
13.5928
14.6445
7.19017
5.07355
8.67438
24.9615
48.9896
68.1314
62.4876
41.4116
23.7143
22.7583
31.4697
)
;

boundaryField
{
    inletFace
    {
        type            zeroGradient;
    }
    inlet
    {
        type            zeroGradient;
    }
    inletWalls
    {
        type            zeroGradient;
    }
    outletInlet
    {
        type            cyclicAMI;
        value           nonuniform List<scalar> 
15
(
13.4866
15.9885
18.1346
18.7258
20.2141
21.5842
19.5294
20.6667
19.4127
24.5907
25.151
29.9466
32.0358
35.1727
36.7936
)
;
    }
    fineSymmetryWall
    {
        type            symmetryPlane;
    }
    fineWalls
    {
        type            zeroGradient;
    }
    fineCyclicBoundary
    {
        type            fixedValue;
        value           uniform 0;
    }
    fineplug
    {
        type            cyclicAMI;
        value           nonuniform List<scalar> 
80
(
13.5914
12.2588
15.4179
13.7215
11.9678
15.5317
15.758
15.9827
16.165
16.2776
15.9022
18.0342
22.7667
15.6951
16.6504
16.3199
17.5761
17.8925
18.0177
17.6113
19.0371
27.3214
18.7768
19.2306
18.3259
18.3043
19.4361
20.4631
19.8102
18.8305
18.4547
28.2075
21.4882
20.7783
19.6236
18.2049
17.961
19.604
18.9133
16.3354
26.0963
19.8887
20.778
21.6346
20.0819
18.9131
17.5722
17.9446
18.3805
29.0321
26.1189
23.8743
24.1128
25.5327
25.3596
24.4649
23.7017
20.114
33.0532
32.6803
30.0113
29.4084
27.9782
27.0144
29.9553
29.5755
29.2426
27.807
39.6814
36.9041
35.712
35.8311
35.2398
34.4354
32.016
32.074
33.8191
43.7613
37.2776
35.69
)
;
    }
    faceFine
    {
        type            zeroGradient;
    }
}


// ************************************************************************* //
