/*--------------------------------*- C++ -*----------------------------------*\
| =========                 |                                                 |
| \\      /  F ield         | OpenFOAM: The Open Source CFD Toolbox           |
|  \\    /   O peration     | Version:  4.1                                   |
|   \\  /    A nd           | Web:      www.OpenFOAM.org                      |
|    \\/     M anipulation  |                                                 |
\*---------------------------------------------------------------------------*/
FoamFile
{
    version     2.0;
    format      ascii;
    class       volScalarField;
    location    "25";
    object      p;
}
// * * * * * * * * * * * * * * * * * * * * * * * * * * * * * * * * * * * * * //

dimensions      [0 2 -2 0 0 0 0];

internalField   nonuniform List<scalar> 
6785
(
4023.32
3958.75
3907.33
3857.53
3811.32
3767.94
3727.24
3688.96
3652.88
3618.48
3585.54
3555.34
3526.98
3492.75
3460.99
3482.46
3464.36
3466.74
3461.95
3458.1
3454.19
3450.71
3447.9
3445.96
3444.97
3444.89
3446.22
3449.77
3452.73
3452.33
3421.89
3415.65
3425.15
3424.37
3427.44
3429.63
3431.96
3434.15
3436.21
3438.1
3439.72
3440.91
3441.74
3442.92
3444.62
3471.47
3469.15
3474.19
3470.67
3471.34
3470.03
3469.04
3467.87
3466.7
3465.57
3464.53
3463.64
3463.13
3463.67
3465.69
3481.4
3479.85
3483.4
3480.35
3482.18
3481.77
3482.09
3482.44
3482.89
3483.51
3484.29
3485.25
3486.48
3487.61
3488.98
3487.41
3487.01
3490.09
3488.33
3490.69
3490.84
3491.83
3492.65
3493.48
3494.29
3495.1
3495.92
3496.83
3497.49
3498.13
3497.78
3498
3500.27
3498.81
3500.67
3500.33
3501.02
3501.29
3501.61
3501.81
3502
3502.2
3502.49
3502.73
3502.91
3503.59
3503.51
3505.01
3503.54
3504.87
3504.19
3504.65
3504.52
3504.5
3504.25
3503.97
3503.73
3503.58
3503.56
3503.34
3502.19
3501.38
3502.28
3500.71
3501.53
3500.57
3500.71
3500.19
3499.79
3499.08
3498.38
3497.76
3497.2
3496.62
3495.76
3491.06
3489.77
3489.95
3488.24
3488.4
3487.05
3486.73
3485.8
3485.19
3484.43
3483.79
3483.16
3482.33
3481.28
3480.24
3475.12
3473.85
3473.61
3471.88
3471.56
3469.96
3469.61
3468.87
3468.3
3467.56
3466.91
3466.28
3465.49
3464.83
3464.76
3461.34
3460.88
3460.56
3459.44
3459.45
3458.57
3458.69
3458.58
3458.59
3458.41
3458.23
3458.07
3457.84
3457.64
3458.02
3456.8
3455.55
3455.09
3453.81
3453.73
3453.21
3453.83
3454.49
3455.17
3455.71
3456.35
3457.11
3457.74
3458.13
3458.84
3408.12
3411.48
3418.66
3425.08
3432.46
3439.42
3446.74
3453.32
3459.03
3464.17
3468.66
3470.68
3469.89
3468.92
3468.3
3419.46
3416.41
3413.76
3411.86
3411.2
3412.14
3416.11
3422.66
3430.64
3437.61
3440.65
3440.35
3437.45
3432.45
3429.07
3904.48
3905.02
3904.23
3904.19
3903.66
3904.32
3903.35
3902.93
3902.14
3902.6
3901.91
3900.44
3900.93
3899.83
3898.2
3896.74
3897.35
3896.32
3892.73
3893.6
3891.89
3888.17
3885.52
3887.45
3884.69
3879.3
3876.07
3878.57
3876.2
3866.84
3868.66
3866.03
3857.15
3852.01
3857.29
3853.78
3838.56
3841.7
3838.73
3825.22
3817.55
3827.84
3820.5
3802.62
3794.21
3806.66
3801.28
3774.43
3780.98
3778.2
3755.88
3744.06
3763.61
3753.21
3724.51
3712.37
3735.08
3728.08
3687.04
3700.12
3697.95
3665.5
3650.39
3679.91
3672.76
3623.21
3640.72
3639.84
3602.38
3584.94
3624.11
3610.26
3565.1
3548.38
3591.05
3582.84
3523.32
3542.88
3557.09
3495.96
3523.02
3559.23
3551.3
3550.02
3537.12
3534.14
3535.23
3533.96
3529.45
3523.37
3519.85
3513.35
3536.96
3520.28
3512.98
3509.2
3503.04
3494.76
3489.78
3486.96
3470.03
3488.26
3469.91
3452.55
3453.03
3454.34
3451.35
3446.12
3439.97
3441.52
3438.92
3476.19
3414.13
3388.42
3388.2
3388.12
3385.4
3381.18
3380.01
3372.14
3388.82
3322.41
3288.99
3280.48
3271.42
3263.84
3250.66
3243.61
3220.31
3146.82
3156.44
3109.4
3092.22
3077.61
3048.79
3021.67
3003.3
2973.78
2883.91
2906.16
2824.63
2793.2
2772.28
2739.87
2700.85
2653.67
2619.49
2571.26
2401.49
2480.74
2346.08
2289.2
2249.4
2190.37
2125.92
2066.35
1978.45
1690.92
1842.55
1643.5
1415.87
1769.81
2070.92
1756.55
1705.8
1752.78
1739.41
2018.66
1828.18
1641.25
2044.1
1830.61
1691.76
1776.89
1703.49
2127.87
1827.06
1643.38
1752.36
1654.53
2157.98
1848.62
1434.1
2159.85
1790.27
1482.07
1640.87
1491.08
2245.45
1701.59
1344.81
1537.56
1368.68
2242.31
1693.88
970.755
2202.12
1579.15
1049.57
1311.54
1081.06
2318.16
1428.3
832.666
1149.43
893.717
2292.2
1423.17
265.123
2205.74
1256.04
402.976
818.438
478.439
2383.57
1034.4
92.6183
580.31
212.97
2312.36
1020.82
-719.077
2127.76
765.679
-512.305
76.5778
-399.734
2327.24
401.446
-990.787
-320.997
-836.39
2108.53
273.581
-2224.12
1725.14
-215.824
-2018.82
-1405.06
-1715.36
-0.482065
3.73275
3.95482
5.49952
6.55509
8.10982
9.77714
11.2117
11.6671
11.2387
11.0119
12.4426
16.3115
22.1978
26.6885
26.671
24.4396
24.2584
25.3231
24.942
25.8623
27.2417
26.9532
25.091
23.2466
23.3033
23.5312
22.8018
20.6026
16.8367
11.9107
7.95636
5.40158
4.18596
4.33597
3.85983
3.89821
1.50948
2.37354
-11.8708
-5.43507
0.958728
0.429771
-1.58417
-4.19486
-5.48986
-8.59146
-15.1712
-14.6985
-11.1643
0.450188
-12.4568
-31.4025
-25.8167
-17.5874
-9.06409
-2.70643
45.9395
-35.919
4.92526
-26.0721
216.386
33.0353
-32.9149
-29.8265
-14.0145
-1.96596
7.41955
14.4039
19.5641
23.5924
25.1124
27.1833
29.4122
31.9667
30.3231
32.6537
13.1857
9.79807
-2.91819
6.12651
9.75941
14.9391
19.5558
24.9371
30.7028
36.4477
40.478
42.3416
43.7855
48.2336
57.6384
69.9117
78.5839
76.2349
71.8283
73.9516
75.3095
75.17
75.0952
76.9686
76.2567
71.0592
66.1793
65.231
63.8662
60.1644
52.264
40.0905
27.8948
20.0372
15.4792
13.2984
12.9401
11.9454
11.7373
5.09269
19.9652
9.11446
11.2304
4.65638
-3.66223
-8.3394
-13.8083
-16.7347
-25.7621
-44.7405
-43.0962
-36.8265
4.16957
-15.2925
-68.9714
-78.9494
-66.2434
-39.1455
-44.948
10.8175
-68.586
26.16
-81.3717
311.537
-15.612
-75.7006
-45.0923
-5.6975
19.7404
38.3312
51.6352
61.4845
69.5666
73.0533
76.3406
77.4099
77.3533
74.0092
81.8918
62.7424
38.1526
-2.70889
9.10578
14.1837
21.7393
28.3951
35.9038
43.5519
51.1606
57.1785
61.2913
64.9708
71.19
81.4919
93.5955
101.935
100.353
97.1974
99.93
100.942
101.167
100.45
101.56
100.261
94.8853
89.5115
87.4127
84.5914
79.3862
69.5511
56.0462
42.4983
33.0726
27.0284
23.5811
21.8577
20.3438
19.9693
9.37329
29.5163
7.44839
12.9431
8.43524
-2.81376
-11.19
-21.3777
-27.3388
-43.751
-74.9169
-70.3354
-62.2694
1.51283
-45.5954
-128.72
-135.987
-109.247
-55.6087
-45.802
-22.9173
-77.9162
-3.84608
-195.272
171.237
-53.9735
-47.464
-13.2914
30.2064
58.3343
79.306
94.0915
104.964
113.982
119.642
126.105
130.126
133.586
127.667
137.243
108.177
129.651
-1.88588
12.7207
18.7178
28.3816
36.6214
45.8637
54.9247
63.839
71.2372
77.0701
82.576
90.1024
100.657
112.193
120.19
120.216
118.349
120.789
121.542
121.964
121.187
121.741
119.851
114.833
109.461
106.585
102.971
97.2395
86.2244
72.0211
57.8837
46.8377
39.0269
34.2023
31.0838
29.1678
28.2799
14.6219
40.5563
15.8867
20.6153
12.8914
-2.30542
-14.0713
-28.5506
-37.5228
-61.7284
-103.787
-98.0332
-88.2947
-0.579131
-74.992
-191.461
-200.009
-164.348
-92.027
-63.3092
-51.345
-89.8229
-18.4548
-292.322
65.1543
-81.7971
-24.7994
12.5253
61.7045
93.6668
117.866
134.771
147.235
158.201
165.619
174.007
179.161
183.662
176.378
188.675
157.855
159.813
-1.49607
16.1427
23.5387
35.5358
45.6298
56.9111
67.792
78.4717
87.5227
95.006
102.118
111.104
122.8
135.13
143.745
144.724
143.383
145.843
146.537
147.09
146.228
146.539
144.115
138.797
132.911
129.317
124.932
118.506
105.938
89.4884
73.7326
60.6804
51.0412
44.9916
40.6633
38.4188
36.814
21.2598
49.3365
22.8909
27.2268
17.6987
-0.572701
-15.7516
-34.7113
-47.0125
-79.7829
-132.394
-125.495
-112.199
-8.05803
-114.39
-265.004
-271.11
-225.256
-132.752
-89.0667
-85.4856
-108.756
-54.2843
-411.76
-26.2494
-113.359
-16.7186
30.406
88.9818
126.447
154.827
174.507
188.975
201.583
210.548
221.074
227.881
234.122
225.807
240.178
209.36
253.102
-1.11981
19.3938
28.3745
42.7121
54.737
68.1133
80.892
93.4181
104.182
113.339
122.076
132.615
145.663
158.984
168.246
169.831
168.932
171.702
172.391
173.099
172.01
172.088
169.186
163.389
156.813
152.422
147.153
139.852
126.013
107.181
89.7418
74.7581
63.3804
56.146
50.6664
48.1351
45.5549
29.3378
57.3939
32.1074
35.2753
23.1804
1.87726
-16.6711
-40.0622
-55.8649
-97.9465
-160.825
-153.664
-133.22
-21.3294
-159.742
-347.309
-349.708
-294.066
-187
-122.535
-123.808
-126.961
-95.9527
-544.542
-140.714
-144.928
-8.95246
49.6752
117.353
159.929
192.097
214.217
230.344
244.39
254.703
266.998
275.053
282.497
273.792
290.004
250.942
288.112
-0.551893
22.6449
33.1979
49.784
63.6723
79.0507
93.6167
107.855
120.213
130.978
141.316
153.344
167.574
181.643
191.35
193.552
193.179
196.234
196.911
197.779
196.471
196.3
192.962
186.796
179.618
174.449
168.364
160.285
145.689
124.788
105.961
89.2203
76.1739
67.736
61.1336
58.3496
54.5881
38.9873
64.6058
41.8195
43.8474
29.3003
5.15158
-16.7415
-44.5302
-64.0491
-116.222
-188.353
-182.391
-150.236
-42.3076
-211.904
-438.8
-435.172
-369.378
-250.921
-164.539
-165.992
-157.015
-153.627
-677.522
-264.417
-174.169
-1.03543
69.9819
146.281
193.659
229.293
253.596
271.175
286.483
297.986
311.965
321.263
329.873
321.206
339.412
316.472
334.548
0.110993
25.8894
38.068
56.8605
72.5913
89.9315
106.244
122.141
136.03
148.329
160.194
173.647
189.006
203.8
213.946
216.752
216.86
220.145
220.824
221.839
220.358
219.982
216.237
209.729
201.982
196.089
189.281
180.491
165.476
142.669
122.455
104.05
89.4004
79.7795
72.1174
69.098
63.9917
50.1513
71.6447
52.3772
53.22
36.1261
9.15618
-16.0466
-48.1467
-71.5994
-134.476
-214.478
-211.713
-163.26
-70.8799
-269.253
-535.832
-526.273
-449.93
-323.661
-216.312
-212.485
-196.718
-221.41
-804.917
-384.776
-201.303
4.92549
89.8501
174.837
227.07
266.086
292.506
311.452
327.909
340.473
355.958
366.339
375.896
367.609
387.711
367.094
435.696
0.828546
29.0995
42.9936
63.9689
81.5545
100.847
118.904
136.451
151.845
165.629
178.97
193.824
210.344
225.937
236.561
239.897
240.418
243.951
244.663
245.818
244.176
243.637
239.508
232.625
224.284
217.693
210.2
200.688
185.459
161.04
139.24
119.253
103.082
92.3205
83.6705
80.4052
73.876
62.7274
78.9518
63.5498
63.2608
43.6421
13.8541
-14.6195
-50.922
-78.5547
-152.532
-238.881
-240.956
-173.066
-106.667
-331.039
-633.851
-623.119
-534.388
-401.914
-276.792
-264.1
-249.717
-299.538
-918.737
-497.262
-225.507
9.63145
109.583
203.157
260.264
302.547
330.987
351.179
368.644
382.157
399.028
410.403
420.781
413.24
434.981
412.064
478.169
1.62381
32.2836
47.9672
71.0893
90.535
111.759
131.543
150.711
167.571
182.798
197.578
213.819
231.509
247.92
259.011
262.813
263.719
267.526
268.295
269.592
267.787
267.108
262.62
255.35
246.4
239.127
230.979
220.756
205.456
179.915
156.298
134.861
117.259
105.398
95.8335
92.2941
84.3667
76.5532
86.9966
75.4039
73.9818
51.8401
19.1979
-12.5131
-52.8927
-84.9828
-170.163
-261.307
-269.183
-181.321
-148.449
-395.897
-727.818
-727.042
-622.441
-483.64
-344.073
-321.122
-312.056
-383.667
-1011.15
-597.366
-245.681
13.9368
129.504
231.37
293.312
338.704
369.03
390.341
408.696
423.07
441.194
453.443
464.503
458.013
481.583
474.135
529.476
2.50595
35.452
52.9909
78.2204
99.5275
122.654
144.139
164.886
183.168
199.795
215.982
233.586
252.428
269.644
281.177
285.406
286.678
290.765
291.607
293.047
291.086
290.286
285.465
277.818
268.263
260.326
251.557
240.667
225.356
199.215
173.587
150.888
131.953
119.036
108.645
104.79
95.5922
91.447
96.1246
87.9671
85.3527
60.6969
25.151
-9.77277
-54.1037
-90.9178
-186.929
-281.466
-295.122
-190.239
-194.849
-462.424
-814.573
-831.897
-712.32
-567.677
-415.602
-382.76
-381.219
-470.335
-1078.28
-681.456
-261.174
18.111
149.598
259.429
326.18
374.53
406.612
428.93
448.065
463.224
482.477
495.486
507.126
501.897
527.351
527.533
618.885
3.47114
38.6063
58.0697
85.3702
108.543
133.545
156.706
178.993
198.658
216.646
234.207
253.15
273.127
291.139
303.096
307.721
309.339
313.707
314.634
316.218
314.108
313.206
308.082
300.071
289.917
281.333
271.971
260.462
245.089
218.787
191.128
167.34
147.179
133.263
122.143
117.92
107.676
107.237
106.59
101.303
97.3601
70.1911
31.682
-6.44232
-54.61
-96.3582
-202.267
-298.994
-317.529
-202.197
-244.416
-529.126
-893.291
-923.343
-800.127
-654.274
-489.461
-447.091
-452.193
-555.359
-1118.48
-748.229
-271.623
22.3665
169.857
287.32
358.857
410.02
443.724
466.943
486.761
502.636
522.886
536.533
548.673
544.895
572.415
581.665
658.903
4.51911
41.7478
63.2061
92.5421
117.587
144.437
169.25
193.042
214.051
233.366
252.274
272.535
293.631
312.431
324.797
329.789
331.736
336.388
337.409
339.136
336.883
335.897
330.498
322.135
311.395
302.183
292.251
280.162
264.593
238.446
209.075
184.215
162.955
148.106
136.36
131.715
120.729
123.783
118.548
115.461
109.988
80.3009
38.7635
-2.56569
-54.4737
-101.276
-215.634
-313.528
-335.484
-219.262
-295.896
-594.582
-963.627
-993.445
-882.161
-743.609
-564.245
-511.895
-520.49
-635.839
-1131.84
-798.139
-276.9
26.9502
190.339
315.077
391.364
445.182
480.37
504.377
524.789
541.313
562.425
576.586
589.177
586.986
616.725
635.107
743.582
5.65239
44.8793
68.4025
99.7379
126.662
155.332
181.771
207.029
229.347
249.957
270.189
291.749
313.946
333.52
346.276
351.61
353.87
358.809
359.931
361.8
359.405
358.351
352.708
344.007
332.701
322.886
312.403
299.769
283.867
258.049
227.564
201.488
179.284
163.586
151.319
146.206
134.847
140.994
132.073
130.476
123.224
91.0057
46.3709
1.81605
-53.757
-105.582
-226.484
-324.833
-348.742
-242.817
-348.186
-657.44
-1025.57
-1043.39
-955.416
-834.684
-638.662
-575.11
-581.557
-709.633
-1119.82
-832.668
-277.139
32.1031
211.138
342.768
423.748
480.024
516.553
541.234
562.157
579.259
601.089
615.64
628.666
628.229
660.244
678.634
782.486
6.87291
48.0029
73.6614
106.961
135.771
166.231
194.269
220.954
244.546
266.424
287.959
310.799
334.075
354.406
367.532
373.184
375.741
380.967
382.194
384.2
381.67
380.56
374.704
365.684
353.842
343.452
332.437
319.291
302.97
277.519
246.524
219.152
196.155
179.711
167.03
161.427
150.106
158.837
147.174
146.36
137.054
102.285
54.4824
6.6703
-52.5184
-109.199
-234.408
-332.711
-357.778
-273.318
-400.236
-716.331
-1079.85
-1075.95
-1015.3
-923.51
-711.045
-634.317
-632.216
-775.782
-1084.28
-853.91
-272.674
38.1235
232.425
370.5
456.074
514.56
552.28
577.514
598.869
616.466
638.863
653.687
667.17
668.629
703.446
739.101
828.14
8.18223
51.1201
78.9855
114.214
144.916
177.136
206.746
234.817
259.652
282.773
305.594
329.697
354.029
375.096
388.57
394.516
397.351
402.862
404.194
406.33
403.674
402.522
396.484
387.171
374.823
363.888
352.37
338.744
321.973
296.835
265.734
237.238
213.539
196.474
183.493
177.416
166.559
177.345
163.811
163.104
151.467
114.119
63.0794
11.9741
-50.8376
-112.151
-239.387
-337.133
-363.75
-310.246
-450.918
-769.97
-1126.79
-1084.31
-1050.14
-997.878
-776.449
-686.577
-671.072
-833.993
-1026.21
-864.256
-263.963
45.3684
254.432
398.433
488.416
548.81
587.56
613.219
634.924
652.919
675.727
690.721
704.718
708.148
746.073
787.689
912.687
9.58228
54.2322
84.377
121.499
154.101
188.049
219.201
248.62
274.667
299.009
323.103
348.453
373.815
395.598
409.393
415.606
418.695
424.487
425.921
428.184
425.414
424.232
418.042
408.465
395.646
384.196
372.217
358.146
340.942
316.01
285.003
255.747
231.407
213.845
200.704
194.216
184.237
196.61
181.913
180.68
166.448
126.486
72.1458
17.7085
-48.8261
-114.517
-241.871
-338.51
-368.362
-352.202
-498.932
-817.508
-1166.32
-1079.85
-1054.55
-1041.32
-826.727
-729.243
-698.719
-884.135
-945.385
-866.192
-251.495
54.212
277.405
426.753
520.83
582.803
622.4
648.348
670.314
688.594
711.655
726.74
741.342
746.897
788.106
830.636
953.089
11.0754
57.3401
89.8382
128.82
163.328
198.971
231.634
262.362
289.593
315.139
340.494
367.077
393.443
415.913
429.997
436.449
439.763
445.829
447.358
449.748
446.878
445.674
439.362
429.561
416.304
404.367
391.982
377.518
359.916
335.077
304.212
274.603
249.747
231.788
218.647
211.886
203.155
216.753
201.384
199.05
181.981
139.366
81.6677
23.8486
-46.5984
-116.465
-242.767
-337.864
-373.634
-397.343
-542.871
-858.262
-1199.29
-1076.44
-1038.65
-1058.7
-861.382
-761.687
-718.59
-926.02
-842.85
-862.4
-235.722
65.0762
301.608
455.645
553.371
616.578
656.813
682.9
705.023
723.458
746.62
761.75
777.084
784.909
829.886
886.039
998.65
12.6641
60.4448
95.3714
136.178
172.597
209.901
244.043
276.043
304.433
331.169
357.776
385.577
412.918
436.041
450.376
457.031
460.538
466.873
468.488
471.01
468.053
466.83
460.427
450.442
436.788
424.395
411.653
396.877
378.919
354.098
323.296
293.681
268.561
250.287
237.31
230.487
223.342
237.899
222.117
218.162
198.048
152.739
91.6297
30.3581
-44.269
-118.339
-243.338
-336.807
-381.534
-444.029
-581.541
-891.946
-1225.72
-1076.7
-1007.7
-1059.77
-880.618
-786.82
-738.658
-959.783
-725.031
-856.022
-217.025
78.5042
327.372
485.282
586.128
650.178
690.812
716.87
739.022
757.47
780.595
795.769
811.988
822.201
871.297
934.613
1072.01
14.3511
63.5469
100.978
143.575
181.91
220.839
256.428
289.661
319.19
347.104
374.957
403.965
432.249
455.977
470.513
477.331
481.003
487.603
489.299
491.958
488.924
487.691
481.217
471.091
457.086
444.275
431.219
416.221
397.982
373.168
342.321
312.857
287.825
269.331
256.678
250.059
244.852
260.163
243.993
237.961
214.626
166.587
102.018
37.2025
-42.001
-120.558
-244.937
-337.249
-393.605
-490.731
-614.242
-918.802
-1245.5
-1079.97
-972.426
-1045.71
-880.463
-809.083
-766.12
-985.34
-607.086
-850.582
-195.713
95.167
355.059
515.841
619.214
683.652
724.408
750.242
772.274
790.588
813.565
828.829
846.109
858.852
912.437
982.909
1109.03
16.1395
66.6471
106.661
151.014
191.267
231.784
268.787
303.218
333.866
362.95
392.045
422.248
451.441
475.709
490.384
497.321
501.136
508.003
509.781
512.586
509.485
508.253
501.721
491.493
477.187
463.999
450.674
435.542
417.141
392.364
361.548
332.044
307.466
288.929
276.727
270.546
267.655
283.65
266.896
258.386
231.689
180.894
112.823
44.3345
-40.0066
-123.584
-248.779
-341.08
-410.872
-535.928
-640.881
-939.561
-1258.99
-1086.38
-945.101
-1020.23
-865.157
-827.491
-800.344
-1001.32
-510.475
-848.721
-171.986
115.784
384.978
547.528
652.73
717.038
757.602
782.993
804.735
822.776
845.525
860.979
879.51
894.915
953.308
1031.13
1175.52
18.0324
69.7458
112.421
158.495
200.668
242.734
281.116
316.713
348.465
378.715
409.048
440.432
470.493
495.218
509.96
516.97
520.918
528.063
529.932
532.897
529.739
528.522
521.944
511.643
497.073
483.553
470.013
454.84
436.432
411.747
381.19
351.255
327.378
309.064
297.467
291.858
291.577
308.437
290.715
279.371
249.209
195.65
124.039
51.6984
-38.4071
-127.889
-255.757
-349.779
-433.766
-578.502
-662.009
-955.02
-1267.73
-1095.08
-929.659
-992.765
-843.52
-834.831
-833.592
-1006.76
-450.934
-850.386
-145.886
141.069
417.4
580.527
686.735
750.346
790.372
815.081
836.355
854.002
876.494
892.282
912.264
930.508
993.884
1071.13
1211.01
20.033
72.8437
118.259
166.021
210.112
253.688
293.414
330.145
362.991
394.408
425.973
458.517
489.399
514.481
529.209
536.251
540.337
547.775
549.756
552.897
549.698
548.51
541.905
531.546
516.729
502.909
489.213
474.102
455.868
431.385
401.223
370.732
347.453
329.648
318.849
313.944
316.305
334.525
315.368
300.844
267.15
210.847
135.664
59.273
-37.1412
-133.706
-266.291
-364.078
-462.182
-617.934
-678.725
-965.729
-1273.8
-1105.2
-926.271
-971.037
-822.004
-828.679
-858.821
-1005.18
-427.508
-851.992
-117.342
171.536
452.515
614.916
721.218
783.541
822.666
846.447
867.093
884.258
906.513
922.814
944.448
965.718
1034.52
1123.52
1250.51
22.1447
75.9409
124.177
173.59
219.596
264.642
305.678
343.513
377.447
410.037
442.826
476.497
508.138
533.471
548.103
555.149
559.383
567.142
569.257
572.597
569.379
568.232
561.63
551.22
536.153
522.03
508.211
493.263
475.402
451.324
421.576
390.865
367.649
350.601
340.801
336.731
341.55
361.706
340.785
322.731
285.476
226.48
147.695
67.0573
-36.1307
-141.068
-280.343
-384.081
-495.691
-654.405
-692.361
-972.064
-1279.31
-1115.47
-932.766
-959.274
-805.063
-814.705
-875.324
-1000.57
-427.276
-845.646
-86.3289
207.2
490.274
650.637
756.096
816.538
854.401
877.024
896.916
913.551
935.645
952.661
976.146
1000.59
1075.07
1167.42
1317.35
24.3704
79.037
130.175
181.204
229.12
275.595
317.906
356.816
391.837
425.605
459.61
494.364
526.68
552.162
566.626
573.661
578.059
586.169
588.446
592.013
588.798
587.71
581.142
570.694
555.363
540.906
526.936
512.198
494.884
471.507
442.299
411.76
388.097
371.88
363.281
360.17
367.338
389.451
366.869
344.964
304.146
242.547
160.124
75.0236
-35.403
-149.986
-297.678
-409.568
-533.66
-688.828
-703.757
-974.378
-1284.6
-1124.49
-945.805
-959.197
-795.812
-800.586
-885.555
-990.079
-438.861
-819.024
-53.0856
247.592
530.369
687.517
791.231
849.221
885.484
906.747
925.809
941.912
963.969
981.913
1007.45
1035.26
1115.51
1206.73
1353.14
26.7131
82.1317
136.253
188.861
238.681
286.543
330.097
370.055
406.163
441.115
476.323
512.103
544.993
570.526
584.764
591.794
596.38
604.872
607.339
611.161
607.972
606.959
600.457
589.998
574.397
559.568
545.378
530.799
514.089
491.696
463.371
433.208
409.087
393.509
386.26
384.208
393.692
417.126
393.429
367.473
323.119
259.044
172.943
83.1341
-35.0609
-160.44
-318.041
-440.158
-575.546
-722.512
-713.718
-973.509
-1287.74
-1131.28
-961.797
-967.322
-798.885
-792.191
-892.966
-967.647
-455.392
-759.248
-18.2653
291.92
572.257
725.312
826.469
881.483
915.837
935.573
953.779
969.384
991.577
1010.66
1038.44
1069.82
1156.11
1255.03
1391.92
29.1754
85.2242
142.411
196.561
248.274
297.484
342.252
383.231
420.431
456.572
492.961
529.697
563.051
588.539
602.509
609.556
614.368
623.28
625.954
630.061
626.915
625.992
619.583
609.147
593.293
578.073
563.602
549.077
532.873
511.571
484.509
455.01
430.812
415.581
409.754
408.778
420.469
444.335
420.094
390.169
342.359
275.968
186.133
91.315
-35.2066
-172.373
-341.267
-475.442
-621.17
-756.932
-724.249
-970.878
-1287.28
-1135.54
-977.645
-978.497
-816.34
-791.043
-900.6
-933.437
-472.031
-659.318
17.0721
339.343
615.266
763.741
861.651
913.235
945.41
963.489
980.851
996.023
1018.56
1038.99
1069.22
1104.33
1196.83
1298.48
1449.73
31.7592
88.3131
148.648
204.301
257.894
308.414
354.369
396.353
434.65
471.978
509.515
547.124
580.826
606.185
619.872
626.967
632.049
641.419
644.319
648.731
645.641
644.82
638.52
628.142
612.067
596.466
581.697
567.146
551.29
530.981
505.34
476.944
453.159
438.165
433.649
433.756
447.512
470.954
446.392
412.939
361.832
293.314
199.674
99.448
-35.9447
-185.737
-367.335
-515.036
-670.813
-793.625
-737.4
-967.994
-1283.26
-1137.22
-991.801
-990.285
-845.059
-795.569
-908.874
-894.022
-486.31
-525.055
51.4693
389.191
658.904
802.536
896.623
944.409
974.183
990.514
1007.06
1021.89
1045.02
1067.01
1099.89
1138.87
1237.74
1341.35
1482.47
34.4661
91.3971
154.96
212.078
267.536
319.331
366.444
409.426
448.824
487.331
525.971
564.356
598.294
623.468
636.877
644.055
649.444
659.313
662.46
667.189
664.166
663.453
657.269
646.971
630.714
614.755
599.697
585.094
569.483
549.994
525.705
498.7
475.764
461.152
457.697
458.899
474.661
497.126
471.974
435.651
381.504
311.074
213.543
107.53
-37.3709
-200.573
-396.317
-558.621
-725.135
-833.638
-754.393
-966.355
-1275.85
-1135.88
-1003.49
-1001.64
-881.229
-804.471
-917.167
-855.979
-498.463
-376.11
83.3425
440.875
702.902
841.505
931.261
974.953
1002.16
1016.69
1032.46
1047.07
1071.06
1094.82
1130.54
1173.5
1278.91
1384.65
1533.18
37.2968
94.4742
161.343
219.889
277.191
330.225
378.477
422.456
462.956
502.622
542.305
581.363
615.451
640.411
653.558
660.854
666.58
676.983
680.398
685.455
682.507
681.902
675.832
665.624
649.214
632.92
617.579
602.917
587.512
568.722
545.644
520.071
498.287
484.264
481.716
483.974
501.907
523.089
496.835
458.198
401.348
329.236
227.703
115.571
-39.534
-216.978
-428.32
-606.019
-784.923
-877.307
-776.389
-967.575
-1265.62
-1131.07
-1011.86
-1012.12
-920.657
-817.452
-925.896
-822.85
-510.078
-236.656
111.841
493.791
747.065
880.498
965.469
1004.83
1029.34
1042.05
1057.09
1071.64
1096.79
1122.52
1161.28
1208.33
1320.33
1422
1565.05
40.2509
97.5425
167.791
227.726
286.854
341.076
390.454
435.439
477.043
517.834
558.49
598.126
632.308
657.046
669.951
677.401
683.489
694.451
698.155
703.546
700.677
700.179
694.216
684.099
667.551
650.934
635.306
620.573
605.351
587.188
565.21
541.015
520.547
507.276
505.66
508.928
529.299
549.019
521.246
480.525
421.344
347.773
242.112
123.441
-42.47
-235.05
-463.453
-657.275
-850.766
-924.629
-804.311
-973.24
-1254.71
-1123.13
-1016.75
-1021.52
-958.509
-834.902
-936.645
-796.245
-522.957
-124.607
137.36
547.294
791.19
919.378
999.176
1034.02
1055.76
1066.66
1081.02
1095.77
1122.35
1150.25
1192.18
1243.39
1362.3
1468.14
1597.22
43.3272
100.599
174.296
235.582
296.52
351.88
402.37
448.367
491.074
532.946
574.502
614.647
648.894
673.404
686.091
693.729
700.205
711.74
715.751
721.482
718.694
718.296
712.431
702.402
685.718
668.778
652.853
638.028
622.965
605.374
584.414
561.541
542.461
530.111
529.54
533.885
556.87
575.06
545.41
502.622
441.49
366.646
256.734
131.108
-46.4072
-254.91
-501.811
-712.695
-922.681
-975.628
-838.774
-984.768
-1245.74
-1113.05
-1018.84
-1029.91
-992.324
-857.187
-951.046
-777.098
-538.482
-47.7314
161.188
600.751
835.1
958.014
1032.31
1062.56
1081.46
1090.58
1104.4
1119.62
1147.93
1178.12
1223.29
1278.69
1404.74
1508.92
1646.33
46.5232
103.643
180.85
243.444
306.175
362.643
414.224
461.238
505.03
547.933
590.327
630.945
665.241
689.518
702.005
709.865
716.753
728.88
733.206
739.281
736.574
736.263
730.485
720.535
703.717
686.448
670.203
655.262
640.335
623.27
603.261
581.659
563.973
552.747
553.341
558.978
584.671
601.179
569.353
524.48
461.792
385.802
271.526
138.612
-51.7381
-276.764
-543.507
-772.839
-999.832
-1030.4
-880.138
-1003.82
-1240.84
-1102.04
-1019.48
-1037.49
-1022.81
-884.358
-969.849
-766.085
-557.666
-6.25738
184.748
653.64
878.7
996.32
1064.87
1090.49
1106.55
1113.98
1127.44
1143.43
1173.68
1206.16
1254.6
1314.27
1447.68
1546.73
1678.25
49.8356
106.669
187.444
251.301
315.801
373.357
426.019
474.047
518.891
562.778
605.971
647.048
681.38
705.411
717.714
725.829
733.153
745.89
750.531
756.955
754.332
754.09
748.382
738.504
721.555
703.947
687.354
672.264
657.443
640.868
621.756
601.387
585.049
575.144
577.008
584.215
612.845
627.364
592.984
546.07
482.265
405.173
286.456
145.855
-58.3371
-300.866
-588.733
-838.661
-1080.42
-1088.86
-928.433
-1031.77
-1242.36
-1091.66
-1020.71
-1044.38
-1051.85
-916.275
-993.407
-763.959
-582.176
3.42795
209.086
705.534
921.93
1034.25
1096.96
1117.95
1131.18
1137.05
1150.41
1167.43
1199.7
1234.41
1286.13
1350.17
1491.32
1591.07
1710.26
53.2602
109.677
194.067
259.143
325.378
384.006
437.748
486.775
532.637
577.474
621.455
662.987
697.328
721.092
733.229
741.628
749.415
762.781
767.734
774.508
771.967
771.778
766.125
756.312
739.235
721.285
704.317
689.034
674.275
658.153
639.89
620.722
605.67
597.242
600.431
609.481
641.487
653.673
616.153
567.305
502.893
424.671
301.509
152.764
-66.1524
-327.474
-637.826
-912.004
-1161.95
-1150.64
-983.616
-1070.13
-1250.8
-1082.88
-1024.39
-1051.13
-1080.54
-952.11
-1021.63
-771.695
-614.573
-13.436
234.827
756.156
964.827
1071.82
1128.7
1145.11
1155.52
1160.03
1173.55
1191.74
1226.04
1262.83
1317.85
1386.38
1535.68
1632.84
1754.75
56.792
112.662
200.706
266.96
334.896
394.572
449.394
499.398
546.251
592.026
636.804
678.779
713.087
736.563
748.55
757.261
765.536
779.549
784.817
791.932
789.473
789.323
783.71
773.96
756.763
738.469
721.101
705.581
690.83
675.108
657.638
639.64
625.816
618.949
623.455
634.602
670.358
680.211
638.813
588.092
523.665
444.182
316.649
159.382
-75.7008
-356.977
-691.396
-996.179
-1242.72
-1215.12
-1045.37
-1119.9
-1265.55
-1078.44
-1031.3
-1058.48
-1107.33
-990.096
-1053.98
-790.235
-657.45
-51.1746
262.341
805.5
1007.54
1109.2
1160.24
1172.1
1179.77
1183.17
1197.06
1216.47
1252.67
1291.38
1349.73
1422.97
1580.84
1674.81
1786.62
60.4252
115.621
207.347
274.739
344.342
405.048
460.939
511.897
559.726
606.452
652.041
694.427
728.651
751.819
763.671
772.719
781.506
796.181
801.769
809.217
806.84
806.719
801.132
791.446
774.148
755.512
737.724
721.917
707.117
691.727
674.981
658.092
645.447
640.122
645.909
659.386
698.949
706.977
661.006
608.424
544.667
463.649
331.779
165.727
-86.7925
-389.839
-750.651
-1096.01
-1322.99
-1281.24
-1113.05
-1178.04
-1288.26
-1084.92
-1042.31
-1069.05
-1130.33
-1028.28
-1090.04
-820.222
-712.802
-104.106
291.944
853.784
1050.25
1146.57
1191.7
1199.04
1204.16
1206.73
1221.09
1241.65
1279.55
1320.02
1381.75
1459.96
1626.91
1718.32
1827.57
64.1535
118.551
213.975
282.465
353.704
415.42
472.361
524.254
573.065
620.772
667.176
709.923
744.01
766.852
778.586
787.989
797.309
812.664
818.576
826.351
824.06
823.954
818.383
808.767
791.391
772.428
754.204
738.067
723.156
708.018
691.913
676.035
664.509
660.62
667.627
683.611
726.758
733.682
682.814
628.303
565.952
483.314
346.827
171.714
-98.8322
-426.551
-817.944
-1216.21
-1403.54
-1348.45
-1185.95
-1241.74
-1317.91
-1102.52
-1057.81
-1085.05
-1151.61
-1066.62
-1129.62
-862.08
-781.598
-166.522
324.024
901.326
1093.21
1184.05
1223.22
1226.08
1228.93
1230.89
1245.69
1267.24
1306.64
1348.68
1413.87
1497.46
1673.95
1759.28
1861.9
67.9696
121.445
220.575
290.123
362.967
425.673
483.644
536.461
586.283
635.005
682.205
725.251
759.152
781.654
793.283
803.059
812.934
828.983
835.221
843.32
841.121
841.019
835.452
825.915
808.494
789.229
770.565
754.059
738.976
724.007
708.45
693.457
682.956
680.371
688.481
707.027
753.407
759.77
704.251
647.632
587.155
503.811
362.021
177.232
-111.984
-467.617
-896.328
-1357.54
-1484.31
-1417.6
-1263.96
-1313.18
-1350.46
-1125.18
-1075.71
-1100.54
-1173.33
-1105.36
-1172.51
-916.01
-863.628
-232.631
359.057
948.493
1136.59
1221.76
1254.89
1253.42
1254.25
1255.74
1270.82
1293.16
1333.84
1377.32
1446.09
1535.55
1722.25
1807.19
1895.95
71.8658
124.298
227.128
297.695
372.114
435.791
494.771
548.524
599.398
649.159
697.118
740.398
774.068
796.215
807.754
817.92
828.372
845.127
851.694
860.111
858.014
857.906
852.331
842.881
825.452
805.923
786.828
769.925
754.616
739.734
724.626
710.386
700.78
699.372
708.441
729.431
778.514
784.633
725.206
666.407
607.369
524.625
377.741
182.164
-127.108
-513.512
-987.753
-1513.32
-1565.49
-1490.68
-1347.35
-1389.74
-1381.13
-1152
-1096.33
-1113.47
-1195.83
-1143.66
-1218.23
-981.938
-957.383
-296.645
397.581
995.694
1180.53
1259.78
1286.84
1281.26
1280.31
1281.3
1296.44
1319.35
1361.08
1405.9
1478.39
1574.3
1771.86
1853.86
1942.47
75.8334
127.106
233.616
305.162
381.122
445.754
505.735
560.452
612.43
663.235
711.899
755.347
788.743
810.523
821.987
832.564
843.617
861.085
867.983
876.716
874.73
874.604
869.008
859.653
842.258
822.51
803.007
785.692
770.111
755.244
740.488
726.878
718.023
717.664
727.573
750.743
801.642
807.779
745.609
684.697
626.091
543.077
394.071
186.179
-145.112
-564.673
-1092.3
-1670.89
-1647.99
-1569.8
-1436
-1464.05
-1406.85
-1182.01
-1121.83
-1130.8
-1218.08
-1180.25
-1267.19
-1060.53
-1060.52
-352.849
440.052
1043.36
1225.14
1298.17
1319.21
1309.78
1307.2
1307.54
1322.45
1345.71
1388.26
1434.38
1510.78
1613.85
1822.89
1901.16
1982.77
79.8613
129.862
240.022
312.508
389.974
455.549
516.536
572.262
625.39
677.223
726.532
770.08
803.16
824.566
835.971
846.98
858.663
876.846
884.076
893.121
891.257
891.104
885.473
876.22
858.901
838.987
819.107
801.376
785.488
770.573
756.083
742.997
734.76
735.322
745.985
770.971
822.442
828.852
765.556
702.566
643.678
558.079
410.583
188.697
-166.047
-621.343
-1208.77
-1820.11
-1733.36
-1657.09
-1531.41
-1533.47
-1429.51
-1213.36
-1150.78
-1151.31
-1238.64
-1214.99
-1319.56
-1151.42
-1169.81
-395.735
486.918
1091.91
1270.51
1337.02
1352.13
1339.13
1334.94
1334.39
1348.78
1372.17
1415.31
1462.74
1543.29
1654.31
1875.58
1955.02
2025.88
83.9346
132.559
246.323
319.716
398.657
465.167
527.185
583.972
638.282
691.108
740.995
784.574
817.297
838.326
849.694
861.162
873.502
892.399
899.96
909.316
907.585
907.396
901.716
892.569
875.369
855.346
835.129
816.985
800.766
785.751
771.453
758.803
751.078
752.432
763.779
790.15
840.845
847.587
785.17
720.144
660.621
570.729
426.111
189.082
-189.515
-683.517
-1335.17
-1958.19
-1823.44
-1754.17
-1633.67
-1597.6
-1451.94
-1244.17
-1179.54
-1171.37
-1258.15
-1249.1
-1376.46
-1253.51
-1281.14
-420.124
538.306
1141.76
1316.74
1376.43
1385.77
1369.4
1363.5
1361.74
1375.32
1398.63
1442.18
1490.99
1575.95
1695.79
1930.03
2010.73
2082.47
88.0355
135.189
252.5
326.772
407.161
474.607
537.693
595.598
651.097
704.874
755.266
798.804
831.133
851.786
863.151
875.107
888.132
907.734
915.622
925.285
923.699
923.466
917.724
908.688
891.65
871.577
851.069
832.524
815.958
800.801
786.635
774.349
767.06
769.078
781.046
808.303
857.131
863.933
804.555
737.693
677.075
581.57
439.75
186.959
-216.118
-751.352
-1468.76
-2083.76
-1919.46
-1861.37
-1739.7
-1658.34
-1475.6
-1273.23
-1206.2
-1191.23
-1277.61
-1282.96
-1440.15
-1366.09
-1391.63
-422.086
594.178
1193.26
1363.88
1416.5
1420.24
1400.64
1392.8
1389.48
1401.99
1425.04
1468.8
1519.15
1608.83
1738.42
1986.34
2070.32
2137.09
92.1424
137.747
258.532
333.658
415.476
483.873
548.074
607.142
663.824
718.497
769.317
812.743
844.643
864.931
876.339
888.821
902.555
922.849
931.056
941.018
939.584
939.302
933.486
924.565
907.729
887.668
866.921
847.994
831.074
815.739
801.656
789.676
782.779
785.337
797.872
825.472
871.829
878.345
823.844
755.535
693
590.779
451.414
182.186
-247.01
-824.872
-1606.47
-2195.61
-2021.98
-1978.25
-1848.3
-1719.74
-1501.52
-1300.38
-1230.48
-1211.23
-1297.31
-1316.26
-1511.75
-1489.23
-1499.57
-399.398
655.504
1246.63
1412
1457.36
1455.68
1432.84
1422.74
1417.53
1428.72
1451.34
1495.15
1547.3
1642
1782.29
2044.53
2134.95
2209.06
96.2289
140.226
264.402
340.364
423.6
492.971
558.339
618.601
676.448
731.954
783.121
826.364
857.806
877.752
889.258
902.309
916.776
937.74
946.255
956.504
955.228
954.889
948.987
940.184
923.592
903.606
882.676
863.392
846.116
830.573
816.534
804.817
798.285
801.277
814.326
841.764
885.541
891.838
843.229
773.884
708.681
598.858
461.202
174.993
-282.602
-903.495
-1745.58
-2296.7
-2131.1
-2103.75
-1960.55
-1784.06
-1529.98
-1325.77
-1252.55
-1230.92
-1317.38
-1349.57
-1592.05
-1623.43
-1600.67
-351.215
723.469
1302.18
1461.2
1499.15
1492.19
1465.99
1453.22
1445.8
1455.44
1477.47
1521.24
1575.47
1675.54
1827.49
2104.62
2203.23
2275.45
100.264
142.619
270.09
346.879
431.534
501.909
568.495
629.966
688.948
745.216
796.644
839.636
870.603
890.241
901.908
915.574
930.794
952.405
961.21
971.731
970.618
970.216
964.216
955.532
939.222
919.376
898.322
878.714
861.083
845.31
831.28
819.788
813.61
816.951
830.477
857.382
898.813
905.445
862.959
792.963
724.738
606.581
469.23
166.109
-323.131
-986.259
-1883.64
-2392.69
-2246.52
-2237.01
-2078.27
-1852.09
-1560.89
-1349.41
-1272.32
-1249.83
-1337.52
-1384.14
-1681.31
-1766.71
-1683.23
-280.474
798.29
1360.33
1511.61
1542.04
1529.87
1500.04
1484.17
1474.23
1482.12
1503.39
1547.09
1603.73
1709.55
1874.05
2166.75
2281.04
2356.43
104.213
144.92
275.581
353.2
439.28
510.695
578.543
641.226
701.301
758.253
809.853
852.531
883.019
902.395
914.29
928.617
944.61
966.834
975.912
986.691
985.741
985.269
979.16
970.594
954.604
934.963
913.848
893.951
875.974
859.955
845.905
834.604
828.774
832.415
846.398
872.622
912.13
919.566
883.1
813.021
741.695
614.883
475.861
156.491
-368.4
-1070.56
-2017.42
-2487.47
-2366.82
-2377.24
-2203.15
-1923.84
-1593.7
-1370.87
-1289.12
-1267.22
-1357.03
-1420.86
-1779.06
-1916.61
-1733.64
-191.875
879.237
1421.61
1563.37
1586.18
1568.75
1534.92
1515.51
1502.79
1508.73
1529.09
1572.72
1632.17
1744.12
1921.96
2230.63
2362.24
2469.87
108.036
147.125
280.864
359.322
446.844
519.336
588.48
652.364
713.48
771.029
822.714
865.022
895.04
914.21
926.407
941.441
958.219
981.015
990.348
1001.38
1000.58
1000.04
993.81
985.362
969.728
950.355
929.244
909.1
890.79
874.514
860.42
849.286
843.812
847.728
862.17
887.776
925.956
933.911
903.437
834.238
760.026
624.697
482.056
147.024
-416.871
-1152.51
-2142.01
-2580.63
-2488.76
-2523.46
-2335.7
-1999.09
-1627.56
-1389.57
-1301.94
-1282.3
-1375.05
-1459.65
-1880.73
-2070.55
-1740.72
-87.2965
965.543
1486
1616.62
1631.73
1608.84
1570.57
1547.18
1531.43
1535.22
1554.54
1598.19
1660.87
1779.4
1971.23
2295.84
2447.71
2585.44
111.687
149.234
285.931
365.246
454.231
527.835
598.3
663.361
725.454
783.509
835.191
877.086
906.654
925.684
938.263
954.048
971.616
994.937
1004.5
1015.78
1015.13
1014.51
1008.16
999.831
984.585
965.542
944.501
924.153
905.528
888.991
874.834
863.86
858.758
862.941
877.863
903.016
940.541
948.118
923.844
856.745
780.256
636.871
489.308
138.73
-466.467
-1228.23
-2251.57
-2667.54
-2608.23
-2673.41
-2474.17
-2077.32
-1661.67
-1405.17
-1310.16
-1294.37
-1390.83
-1499.81
-1976.52
-2216.6
-1695.02
33.8547
1056.79
1553.01
1671.48
1678.76
1650.09
1606.89
1579.11
1560.14
1561.55
1579.73
1623.6
1689.99
1815.55
2021.78
2362.03
2545.73
2700.98
115.116
151.25
290.778
370.974
461.447
536.193
607.99
674.191
737.19
795.654
847.25
888.7
917.852
936.819
949.863
966.441
984.794
1008.58
1018.36
1029.87
1029.36
1028.66
1022.19
1013.99
999.167
980.511
959.603
939.097
920.18
903.381
889.149
878.34
873.629
878.089
893.527
918.441
955.814
962.455
944.476
880.642
802.909
652.237
499.696
132.973
-515.142
-1293.82
-2339.88
-2740.15
-2719.7
-2821.82
-2614.46
-2157.41
-1695.61
-1417.79
-1313.86
-1302.76
-1403.7
-1538.87
-2061.48
-2327.61
-1596.69
171.507
1152.46
1622.13
1728.11
1727.28
1692.4
1643.78
1611.29
1588.85
1587.66
1604.72
1649.12
1719.76
1852.73
2073.43
2428.84
2650.86
2797.78
118.267
153.181
295.408
376.513
468.498
544.405
617.533
684.826
748.65
807.426
858.86
899.847
928.631
947.618
961.214
978.623
997.745
1021.94
1031.9
1043.64
1043.26
1042.48
1035.9
1027.84
1013.46
995.247
974.533
953.916
934.731
917.675
903.362
892.73
888.416
893.18
909.182
934.062
971.587
977.603
965.586
906.079
828.532
671.669
515.562
131.155
-560.208
-1345.46
-2401
-2787.94
-2814.81
-2959.28
-2750.07
-2237.5
-1729.37
-1428.04
-1313.8
-1307.49
-1413.23
-1571.49
-2133.08
-2372.9
-1450.4
322.799
1252.15
1693.21
1786.62
1777.22
1735.65
1681.12
1643.72
1617.53
1613.57
1629.66
1674.99
1750.38
1891.04
2126.03
2496.16
2753.72
2894.72
121.085
155.036
299.827
381.868
475.389
552.463
626.908
695.234
759.795
818.784
869.991
910.512
938.988
958.09
972.324
990.593
1010.46
1034.99
1045.1
1057.07
1056.81
1055.96
1049.27
1041.36
1027.46
1009.74
989.272
968.59
949.163
931.862
917.467
907.021
903.104
908.195
924.815
949.764
987.694
993.948
987.409
933.319
857.785
696.095
538.979
134.5
-598.875
-1380.18
-2430.7
-2802.75
-2882.43
-3072.72
-2871.84
-2315.02
-1762.99
-1437.01
-1311.31
-1309.33
-1419.27
-1592.97
-2179.73
-2336.93
-1259.6
484.596
1355.78
1766.5
1847.08
1828.49
1779.67
1718.85
1676.38
1646.15
1639.38
1654.78
1701.47
1782.03
1930.51
2179.45
2564
2852.92
3032.45
123.528
156.828
304.045
387.047
482.121
560.355
636.09
705.378
770.581
829.689
880.618
920.686
948.929
968.243
983.202
1002.35
1022.91
1047.71
1057.94
1070.14
1070
1069.07
1062.3
1054.55
1041.16
1023.96
1003.8
983.096
963.456
945.922
931.451
921.194
917.668
923.108
940.35
965.481
1004.05
1011.45
1010.22
962.677
891.411
726.487
571.754
144.604
-629.471
-1396.64
-2427.72
-2783.79
-2913.86
-3150.57
-2969.8
-2386.99
-1796.51
-1446.1
-1308.24
-1309.54
-1422.82
-1602.79
-2187.15
-2222.74
-1030.61
653.817
1463.02
1842.21
1909.46
1880.96
1824.33
1756.95
1709.22
1674.77
1665.27
1680.33
1728.79
1814.78
1971.1
2233.62
2631.68
2944.41
3225.11
125.567
158.565
308.077
392.053
488.689
568.062
645.05
715.217
780.964
840.105
890.719
930.366
958.461
978.093
993.856
1013.89
1035.1
1060.08
1070.42
1082.83
1082.81
1081.79
1074.96
1067.41
1054.55
1037.92
1018.09
997.409
977.586
959.837
945.294
935.221
932.077
937.882
955.76
981.219
1020.58
1029.88
1034.34
994.407
930.026
763.788
615.414
163.153
-650.953
-1395.31
-2395.67
-2737.66
-2910.99
-3191.55
-3037.71
-2450.3
-1830.15
-1456.81
-1306.53
-1309.63
-1423.5
-1605.24
-2147.44
-2041.32
-773.625
827.464
1573.42
1920.33
1973.59
1934.49
1869.56
1795.4
1742.18
1703.48
1691.45
1706.5
1757.04
1848.55
2012.75
2288.6
2698.34
3023.63
3364.69
127.204
160.25
311.939
396.887
495.085
575.561
653.751
724.705
790.899
850
900.281
939.555
967.599
987.653
1004.29
1025.21
1047
1072.08
1082.51
1095.11
1095.22
1094.12
1087.26
1079.92
1067.61
1051.58
1032.14
1011.51
991.527
973.58
958.968
949.063
946.287
952.474
971.07
996.998
1037.22
1049.06
1060.11
1028.69
973.927
808.826
671.155
191.017
-662.067
-1378.19
-2343.76
-2675.83
-2886.16
-3205.42
-3076.38
-2501.94
-1863.68
-1470.33
-1308.37
-1310.68
-1421.6
-1600.11
-2060.19
-1807.02
-499.573
1003.04
1686.49
2000.72
2039.26
1988.91
1915.38
1834.23
1775.2
1732.39
1718.09
1733.42
1786.16
1883.24
2055.46
2344.6
2763.85
3095.16
3397.54
128.472
161.879
315.647
401.539
501.291
582.822
662.153
733.797
800.348
859.349
909.299
948.264
976.36
996.939
1014.51
1036.28
1058.59
1083.69
1094.21
1106.96
1107.2
1106.02
1099.17
1092.09
1080.36
1064.94
1045.9
1025.36
1005.25
987.121
972.44
962.681
960.256
966.859
986.173
1012.87
1054.01
1069.09
1087.81
1065.62
1023.09
862.27
739.73
228.575
-661.787
-1347.48
-2282.8
-2607.55
-2851.37
-3199.2
-3092.83
-2539.22
-1896.82
-1487.1
-1313.95
-1313.02
-1420.19
-1581.64
-1929.46
-1536.2
-218.038
1178.6
1801.65
2083.07
2106.26
2044.13
1961.8
1873.42
1808.34
1761.63
1745.32
1761.03
1816.02
1918.79
2099.29
2401.77
2827.96
3161.77
3440.61
129.434
163.434
319.213
405.996
507.286
589.81
670.21
742.447
809.277
868.137
917.776
956.511
984.766
1005.97
1024.51
1047.09
1069.83
1094.88
1105.48
1118.37
1118.73
1117.49
1110.7
1103.91
1092.78
1077.99
1059.37
1038.94
1018.73
1000.43
985.671
976.032
973.945
981.006
1001.01
1028.88
1071.08
1090.26
1117.52
1105.13
1077.2
924.575
821.368
276.323
-649.305
-1305
-2218.68
-2538.32
-2811.15
-3174.39
-3092.25
-2563.65
-1927.96
-1506.75
-1322.18
-1317.46
-1416.49
-1544.66
-1762.31
-1243.42
63.5786
1352.63
1918.21
2166.94
2174.4
2100.11
2008.78
1912.99
1841.74
1791.29
1773.08
1789.19
1846.52
1955.13
2144.38
2460.23
2890.53
3222.99
3475.67
130.18
164.885
322.643
410.234
513.041
596.485
677.876
750.618
817.661
876.36
925.726
964.317
992.84
1014.74
1034.28
1057.61
1080.71
1105.64
1116.32
1129.31
1129.77
1128.51
1121.84
1115.38
1104.87
1090.72
1072.53
1052.23
1031.93
1013.46
998.619
989.073
987.31
994.877
1015.63
1044.92
1088.49
1112.66
1148.82
1146.91
1135.89
995.992
915.922
334.622
-623.341
-1252.51
-2151.36
-2470.24
-2765.92
-3132.53
-3075.22
-2578.82
-1957.34
-1528.51
-1331.57
-1323.03
-1406.86
-1486.05
-1566.94
-940.177
340.054
1524.01
2035.49
2251.92
2243.51
2156.83
2056.29
1952.89
1875.52
1821.35
1801.29
1817.8
1877.6
1992.24
2190.87
2520
2951.95
3280.82
3509.04
130.822
166.196
325.937
414.228
518.525
602.808
685.114
758.28
825.488
884.022
933.17
971.712
1000.6
1023.27
1043.8
1067.81
1091.18
1115.94
1126.7
1139.76
1140.32
1139.06
1132.58
1126.52
1116.64
1103.13
1085.36
1065.19
1044.81
1026.18
1011.23
1001.75
1000.3
1008.42
1029.97
1060.72
1106.05
1136.01
1181.08
1190.53
1198.66
1076.58
1023.1
403.493
-582.035
-1191.57
-2078.71
-2402.34
-2716.13
-3077.11
-3042.55
-2584.98
-1984.26
-1551.19
-1343.21
-1326.61
-1386.84
-1405.39
-1351.27
-634.963
607.944
1691.9
2152.98
2337.65
2313.48
2214.23
2104.27
1993.14
1909.66
1851.76
1829.85
1846.77
1909.22
2030.14
2238.91
2580.86
3012.35
3335.66
3541.99
131.482
167.328
329.088
417.949
523.71
608.745
691.894
765.416
832.757
891.142
940.136
978.723
1008.07
1031.56
1053.05
1077.66
1101.22
1125.75
1136.61
1149.7
1150.35
1149.13
1142.91
1137.31
1128.08
1115.2
1097.85
1077.81
1057.34
1038.53
1023.47
1014.02
1012.86
1021.59
1043.96
1076.2
1123.59
1159.85
1213.8
1235.83
1264.65
1165.94
1141.85
482.843
-524.268
-1123.29
-1999.46
-2332.14
-2661.88
-3014.86
-3000.48
-2583.75
-2008.01
-1574.46
-1355.33
-1325.44
-1353.65
-1303.91
-1122.13
-333.777
865.108
1855.6
2270.22
2423.84
2384.17
2272.25
2152.64
2033.72
1944.09
1882.39
1858.64
1876
1941.32
2068.92
2288.56
2642.63
3071.72
3387.49
3574.42
132.282
168.239
332.088
421.379
528.572
614.271
698.197
772.021
839.48
897.745
946.654
985.374
1015.25
1039.58
1062
1087.11
1110.79
1135.06
1146.02
1159.11
1159.85
1158.71
1152.84
1147.75
1139.19
1126.91
1109.96
1090.04
1069.48
1050.48
1035.26
1025.83
1024.96
1034.34
1057.58
1091.45
1141.09
1183.85
1246.78
1282.84
1333.35
1263.31
1270.31
572.594
-450.337
-1048.5
-1913.85
-2258.16
-2602.62
-2949.87
-2954.61
-2578.95
-2029.82
-1597.57
-1365.86
-1316.75
-1305.58
-1183.78
-885.16
-40.7281
1110.31
2014.59
2386.7
2510.26
2455.44
2330.76
2201.33
2074.57
1978.69
1913.12
1887.51
1905.39
1973.88
2108.7
2339.9
2705.13
3130.02
3436.79
3605.79
133.345
168.897
334.935
424.503
533.1
619.377
704.024
778.107
845.68
903.86
952.754
991.684
1022.15
1047.31
1070.6
1096.13
1119.87
1143.85
1154.91
1167.98
1168.8
1167.81
1162.35
1157.83
1149.93
1138.25
1121.66
1101.86
1081.19
1061.96
1046.56
1037.14
1036.56
1046.62
1070.79
1106.4
1158.48
1207.79
1280.05
1331.27
1404.61
1367.9
1407.15
672.61
-360.542
-967.695
-1822.99
-2181.12
-2538.94
-2881.75
-2904.62
-2569.2
-2049.17
-1619.41
-1373.12
-1298.87
-1242.38
-1047.81
-644.953
241.398
1342.94
2168.55
2501.95
2596.66
2527.08
2389.63
2250.26
2115.6
2013.34
1943.82
1916.34
1934.85
2006.91
2149.64
2393.04
2768.18
3187.17
3483.8
3636.75
134.786
169.28
337.633
427.321
537.292
624.067
709.386
783.696
851.388
909.52
958.459
997.662
1028.75
1054.73
1078.82
1104.68
1128.43
1152.09
1163.27
1176.29
1177.19
1176.43
1171.46
1167.54
1160.31
1149.18
1132.93
1113.22
1092.42
1072.94
1057.33
1047.9
1047.62
1058.39
1083.51
1120.95
1175.51
1231.4
1313.51
1380.48
1478.16
1478.74
1551.28
783.669
-256.34
-881.287
-1727.7
-2102.68
-2472.73
-2810.45
-2850.04
-2552.8
-2064.31
-1638.65
-1376.01
-1271.24
-1165.17
-899.22
-405.215
510.77
1562.75
2317.25
2615.56
2682.8
2598.83
2448.68
2299.3
2156.68
2047.91
1974.36
1945.04
1964.36
2040.47
2191.92
2448.03
2831.54
3243.02
3528.41
3666.77
136.707
169.379
340.201
429.845
541.161
628.36
714.309
788.821
856.637
914.754
963.788
1003.31
1035.02
1061.8
1086.62
1112.73
1136.44
1159.79
1171.09
1184.05
1185.03
1184.56
1180.14
1176.88
1170.28
1159.66
1143.72
1124.07
1103.11
1083.34
1067.5
1058.07
1058.11
1069.58
1095.67
1134.99
1192.06
1254.5
1347.02
1430.04
1553.68
1594.84
1701.18
908.016
-142.52
-789.66
-1628.56
-2023.61
-2405.06
-2737.22
-2792.06
-2530.32
-2074.29
-1654.12
-1373.87
-1234.18
-1075.92
-741.385
-169.008
766.253
1769.73
2460.46
2727.14
2768.37
2670.39
2507.73
2348.29
2197.67
2082.28
2004.68
1973.57
1993.95
2074.73
2235.75
2504.81
2894.81
3297.29
3570.47
3696.05
139.188
169.202
342.666
432.104
544.731
632.285
718.825
793.516
861.459
919.587
968.75
1008.61
1040.96
1068.48
1093.95
1120.25
1143.9
1166.92
1178.35
1191.23
1192.31
1192.23
1188.42
1185.81
1179.82
1169.67
1153.99
1134.35
1113.19
1093.13
1077.06
1067.62
1067.97
1080.16
1107.2
1148.4
1208.02
1276.97
1380.25
1479.58
1630.56
1715.1
1856.04
1045.41
-22.261
-693.121
-1526
-1943.87
-2336.11
-2662.95
-2731.34
-2502.31
-2078.74
-1665.09
-1366.35
-1188.61
-976.962
-577.74
61.0894
1007.15
1963.99
2597.91
2836.3
2853
2741.43
2566.55
2397.05
2238.38
2116.34
2034.71
2001.99
2023.76
2109.89
2281.3
2563.09
2957.49
3349.59
3609.72
3724.13
142.274
168.776
345.059
434.138
548.036
635.877
722.966
797.812
865.88
924.034
973.347
1013.56
1046.51
1074.73
1100.78
1127.22
1150.78
1173.49
1185.06
1197.87
1199.05
1199.44
1196.28
1194.33
1188.89
1179.15
1163.67
1144
1122.61
1102.23
1085.94
1076.52
1077.18
1090.05
1118.05
1161.04
1223.29
1298.8
1412.95
1528.82
1708.55
1838.5
2015.01
1192.75
104.691
-592.007
-1420.41
-1863.35
-2266.24
-2588.6
-2668.92
-2469.63
-2077.64
-1671.45
-1353.52
-1135.85
-870.926
-411.634
282.847
1232.95
2145.65
2729.33
2942.55
2936.28
2811.6
2624.87
2445.33
2278.65
2150.01
2064.48
2030.37
2053.94
2146.13
2328.55
2622.35
3018.98
3399.53
3646.29
3750.58
145.962
168.147
347.413
435.999
551.115
639.176
726.766
801.739
869.922
928.106
977.577
1018.14
1051.67
1080.52
1107.09
1133.62
1157.1
1179.5
1191.23
1203.96
1205.28
1206.22
1203.73
1202.41
1197.47
1188.06
1172.72
1152.96
1131.31
1110.61
1094.11
1084.71
1085.67
1099.18
1128.12
1172.8
1237.77
1319.99
1445.24
1578.07
1788.22
1964.12
2175.94
1347.56
237.509
-486.91
-1312.54
-1782.22
-2196.03
-2515.22
-2606.29
-2433.91
-2071.48
-1673.54
-1335.81
-1077.42
-760.472
-246.219
494.316
1443.26
2314.81
2854.39
3045.35
3017.75
2880.5
2682.35
2492.84
2318.27
2183.2
2093.97
2058.78
2084.61
2183.54
2377.2
2681.87
3078.71
3446.78
3680.27
3775.15
150.188
167.38
349.754
437.743
554.007
642.225
730.261
805.325
873.602
931.813
981.441
1022.34
1056.41
1085.84
1112.87
1139.47
1162.88
1184.98
1196.87
1209.53
1211.06
1212.6
1210.76
1210.02
1205.51
1196.36
1181.08
1161.17
1139.23
1118.23
1101.53
1092.16
1093.39
1107.5
1137.34
1183.6
1251.32
1340.4
1477
1627.99
1869.78
2090.79
2336.11
1506.8
374
-378.926
-1203.71
-1700.97
-2126.27
-2443.66
-2544.31
-2396.18
-2061.19
-1672
-1314.06
-1015.02
-648.207
-84.3973
693.831
1637.72
2471.62
2972.74
3144.1
3096.94
2947.66
2738.56
2539.21
2356.99
2215.76
2123.13
2087.23
2115.74
2221.92
2426.68
2740.87
3136.12
3491.03
3711.5
3797.6
154.823
166.555
352.101
439.429
556.754
645.071
733.488
808.606
876.951
935.178
984.949
1026.16
1060.72
1090.69
1118.14
1144.8
1168.14
1189.96
1202.04
1214.6
1216.43
1218.61
1217.38
1217.16
1212.99
1204
1188.69
1168.59
1146.34
1125.04
1108.18
1098.84
1100.3
1114.94
1145.63
1193.34
1263.81
1359.75
1507.76
1678.9
1952.72
2216.98
2492.89
1667.06
511.526
-269.834
-1095.71
-1620.41
-2058.07
-2375.1
-2483.86
-2356.87
-2047.76
-1667.62
-1289.42
-950.403
-536.628
71.2693
880
1816.15
2616.17
3083.91
3238.18
3173.29
3012.53
2792.98
2584.05
2394.49
2247.45
2151.76
2115.51
2147.06
2260.76
2476.19
2798.47
3190.68
3532.04
3739.88
3817.79
159.673
165.752
354.452
441.101
559.386
647.75
736.484
811.616
879.999
938.224
988.119
1029.61
1064.62
1095.07
1122.92
1149.63
1172.93
1194.49
1206.79
1219.26
1221.43
1224.28
1223.62
1223.83
1219.89
1210.97
1195.55
1175.19
1152.63
1131.05
1114.04
1104.7
1106.35
1121.44
1152.9
1201.95
1275.08
1377.56
1536.8
1730.27
2035.65
2340.77
2642.24
1825.63
647.052
-162.136
-990.691
-1541.79
-1992.57
-2310.36
-2425.79
-2316.61
-2031.84
-1661.29
-1263.19
-885.384
-428.066
218.559
1051.67
1978.47
2748.44
3187.43
3326.91
3246.18
3074.5
2845.07
2626.9
2430.38
2277.93
2179.49
2143.21
2178.06
2299.39
2524.86
2853.81
3241.79
3569.62
3765.3
3835.72
164.508
165.059
356.806
442.805
561.938
650.31
739.298
814.412
882.805
941.01
991.004
1032.74
1068.16
1099.05
1127.26
1154.05
1177.33
1198.67
1211.18
1223.56
1226.13
1229.62
1229.47
1230.02
1226.21
1217.27
1201.67
1181.02
1158.13
1136.28
1119.1
1109.74
1111.51
1126.93
1159.04
1209.34
1284.94
1393.37
1562.79
1779.92
2115.14
2459.25
2779.37
1979.74
776.663
-59.0554
-891.326
-1466.84
-1930.99
-2250.06
-2370.75
-2276.06
-2013.24
-1653.63
-1236.74
-821.75
-324.662
355.555
1207.91
2124.66
2868.32
3282.75
3409.62
3314.91
3132.91
2894.25
2667.29
2464.25
2306.78
2205.87
2169.84
2208.19
2337.07
2571.84
2906.09
3288.89
3603.63
3787.67
3851.16
169.061
164.52
359.119
444.536
564.401
652.758
741.942
817.014
885.394
943.565
993.635
1035.58
1071.36
1102.65
1131.2
1158.09
1181.4
1202.56
1215.29
1227.58
1230.54
1234.64
1234.93
1235.74
1231.97
1222.92
1207.08
1186.11
1162.89
1140.77
1123.41
1113.97
1115.76
1131.4
1163.97
1215.43
1293.11
1406.77
1585.02
1824.28
2184.93
2568.17
2900.98
2126.04
896.103
35.6545
-800.764
-1397.57
-1874.35
-2194.87
-2319.56
-2236.15
-1991.8
-1644.88
-1211.27
-761.23
-228.316
480.634
1348
2254.72
2975.65
3369.3
3485.65
3378.77
3187.12
2939.94
2704.75
2495.67
2333.6
2230.49
2194.95
2236.93
2373.13
2616.3
2954.55
3331.5
3633.95
3807.06
3864.36
173.136
164.205
361.391
446.324
566.81
655.146
744.481
819.504
887.86
945.992
996.12
1038.24
1074.34
1105.99
1134.87
1161.88
1185.26
1206.28
1219.23
1231.45
1234.76
1239.39
1240.03
1241
1237.21
1227.97
1211.86
1190.57
1167.02
1144.61
1127.04
1117.45
1119.15
1134.83
1167.65
1220.03
1299.41
1417.33
1603.23
1860.46
2240.42
2663.8
3008.17
2262.3
1001.63
118.931
-722.059
-1335.89
-1823.64
-2145.62
-2273.13
-2197.97
-1968.4
-1634.78
-1187.77
-705.445
-140.679
592.463
1471.37
2368.63
3070.23
3446.5
3554.33
3437.01
3236.46
2981.58
2738.85
2524.26
2358.05
2253
2218.16
2263.81
2406.89
2657.43
2998.47
3369.25
3660.44
3823.57
3875.45
176.522
164.058
363.513
448.076
569.079
657.401
746.856
821.834
890.167
948.265
998.442
1040.72
1077.09
1109.08
1138.26
1165.43
1188.92
1209.88
1223.07
1235.23
1238.85
1243.89
1244.78
1245.81
1241.92
1232.44
1216.05
1194.46
1170.62
1147.92
1130.08
1120.26
1121.74
1137.27
1170.05
1222.98
1303.66
1424.66
1616.76
1888.38
2282.63
2745.98
3107.41
2389.39
1093.08
189.386
-657.087
-1282.94
-1779.11
-2102.47
-2231.89
-2162.5
-1944.35
-1622.62
-1167.01
-655.865
-63.1474
689.968
1577.65
2466.39
3151.89
3513.87
3615.01
3488.91
3280.33
3018.65
2769.14
2549.65
2379.79
2273.11
2239.14
2288.37
2437.63
2694.38
3037.16
3401.87
3682.98
3837.31
3884.63
179.257
164.158
365.55
449.864
571.301
659.629
749.192
824.148
892.474
950.557
1000.79
1043.22
1079.84
1112.13
1141.61
1168.98
1192.64
1213.63
1227.06
1239.21
1243.07
1248.4
1249.4
1250.34
1246.24
1236.45
1219.81
1197.97
1173.88
1150.88
1132.73
1122.58
1123.68
1138.81
1171.22
1224.19
1305.47
1428.26
1624.89
1908.14
2313.84
2816.77
3203.9
2509.87
1176.33
247.039
-607.116
-1240.33
-1742.19
-2066.42
-2196.53
-2130.66
-1920.74
-1608.31
-1149.44
-613.47
3.16038
772.337
1666.6
2548.02
3220.45
3571.05
3667.11
3533.79
3318.16
3050.66
2795.24
2571.5
2398.54
2290.56
2257.54
2310.1
2464.66
2726.39
3070.09
3429.2
3701.54
3848.42
3892.01
181.222
164.277
367.283
451.465
573.258
661.617
751.279
826.238
894.577
952.671
1002.98
1045.55
1082.41
1115
1144.79
1172.41
1196.31
1217.42
1231.14
1243.35
1247.38
1252.88
1253.88
1254.63
1250.26
1240.16
1223.31
1201.31
1177.02
1153.76
1135.29
1124.72
1125.26
1139.73
1171.38
1223.84
1304.91
1428.22
1627.3
1918.54
2333.58
2873.44
3293.19
2622.18
1253.06
295.609
-568.196
-1205.56
-1710.53
-2035.36
-2165.88
-2102.23
-1898.32
-1593.16
-1134.89
-578.907
57.3107
839.013
1738.15
2613.66
3275.89
3617.83
3710.15
3571.08
3349.47
3077.18
2816.77
2589.46
2414
2305.05
2272.97
2328.42
2487.26
2752.79
3096.87
3451.12
3716.19
3857.02
3897.52
182.903
164.592
368.977
453.105
575.212
663.632
753.413
828.42
896.818
954.973
1005.39
1048.14
1085.26
1118.15
1148.28
1176.2
1200.38
1221.72
1235.72
1248.05
1252.17
1257.7
1258.57
1259.09
1254.43
1244.05
1227.02
1204.9
1180.46
1156.99
1138.18
1127.13
1126.98
1140.53
1171.06
1222.36
1302.37
1424.74
1623.22
1916.87
2337.39
2907.29
3361.34
2710.48
1309.21
327.373
-544.671
-1181.91
-1686.25
-2010.5
-2140.78
-2078.27
-1878.37
-1578.76
-1122.5
-552.361
98.8677
889.853
1792.46
2663.55
3318.32
3654.09
3743.82
3600.38
3373.99
3097.95
2833.54
2603.41
2426.06
2316.44
2285.13
2342.86
2504.87
2773.11
3117.36
3467.71
3727.06
3863.25
3901.35
183.742
164.884
370.231
454.391
576.752
665.266
755.176
830.276
898.778
957.048
1007.62
1050.59
1087.98
1121.17
1151.63
1179.85
1204.3
1225.83
1240.04
1252.46
1256.62
1262.14
1262.95
1263.34
1258.53
1248.01
1230.89
1208.71
1184.22
1160.67
1141.68
1130.28
1129.55
1142.3
1171.79
1221.82
1300.41
1420.93
1616.33
1907.37
2329.49
2922.18
3398.71
2756.35
1340.4
347.389
-524.301
-1157.04
-1659.08
-1983.94
-2115.74
-2055.57
-1859.7
-1565.38
-1112.29
-534.45
127.244
924.813
1829.91
2698.33
3348.38
3680.26
3768.18
3621.59
3391.56
3112.76
2845.36
2613.13
2434.49
2324.49
2293.75
2353.12
2517.35
2787.5
3131.8
3479.17
3734.34
3867.32
3904.09
185.142
165.751
371.823
455.954
578.618
667.258
757.382
832.651
901.347
959.809
1010.6
1053.8
1091.43
1124.88
1155.57
1183.98
1208.51
1230.01
1244.1
1256.41
1260.45
1265.88
1266.65
1266.99
1262.22
1251.7
1234.54
1212.33
1187.85
1164.35
1145.34
1133.84
1132.89
1145.29
1174.29
1223.67
1301.52
1421.08
1614.99
1904.56
2328.82
2934.82
3411.52
2766.99
1356.31
368.301
-494.173
-1120.89
-1622.38
-1952.32
-2090.33
-2035.26
-1844.15
-1554.94
-1105.3
-524.471
143.568
945.073
1851.99
2719.34
3367.28
3697.21
3783.93
3635.26
3402.92
3122.16
2852.73
2619.05
2439.57
2329.33
2298.92
2359.2
2524.57
2795.54
3139.61
3485.2
3738.1
3869.45
3905.6
)
;

boundaryField
{
    inletFace
    {
        type            zeroGradient;
    }
    inlet
    {
        type            zeroGradient;
    }
    inletWalls
    {
        type            zeroGradient;
    }
    outletInlet
    {
        type            cyclicAMI;
        value           nonuniform List<scalar> 
15
(
3490.05
3487.98
3480.71
3467.43
3451.49
3443.53
3408.63
3388.28
3329.01
3267.59
3189.3
3077.18
2970.9
2765.57
2589.63
)
;
    }
    fineSymmetryWall
    {
        type            symmetryPlane;
    }
    fineWalls
    {
        type            zeroGradient;
    }
    fineCyclicBoundary
    {
        type            fixedValue;
        value           uniform 0;
    }
    fineplug
    {
        type            cyclicAMI;
        value           nonuniform List<scalar> 
80
(
3482.76
3503.45
3498.92
3478.91
3490.81
3490.08
3491.18
3490.46
3487.88
3484.41
3483.11
3480.82
3478.46
3484.78
3480.61
3478.45
3476.18
3471.44
3468.6
3466.98
3457.31
3460.21
3457.37
3447.45
3447.72
3448.47
3446.33
3442.48
3438.96
3439.85
3438.36
3453.51
3421.2
3406.52
3406.39
3406.34
3404.79
3400.1
3398.29
3393.79
3408.72
3365.37
3345.34
3338.6
3333.43
3329.1
3321.56
3317.53
3302.52
3302.8
3266.03
3239.14
3229.33
3220.71
3204.11
3188.61
3178.12
3161.25
3194.04
3122.88
3076.3
3058.33
3046.38
3027.86
3006.39
2979.42
2959.89
2932.33
2996.63
2881.37
2804.8
2772.3
2749.56
2715.83
2679.43
2646.24
2596.02
2707.14
2518.36
2404.61
)
;
    }
    faceFine
    {
        type            zeroGradient;
    }
}


// ************************************************************************* //
