/*--------------------------------*- C++ -*----------------------------------*\
| =========                 |                                                 |
| \\      /  F ield         | OpenFOAM: The Open Source CFD Toolbox           |
|  \\    /   O peration     | Version:  4.1                                   |
|   \\  /    A nd           | Web:      www.OpenFOAM.org                      |
|    \\/     M anipulation  |                                                 |
\*---------------------------------------------------------------------------*/
FoamFile
{
    version     2.0;
    format      ascii;
    class       volScalarField;
    location    "19";
    object      p;
}
// * * * * * * * * * * * * * * * * * * * * * * * * * * * * * * * * * * * * * //

dimensions      [0 2 -2 0 0 0 0];

internalField   nonuniform List<scalar> 
6785
(
590.483
516.189
467.744
416.016
369.55
325.402
284.108
245.139
208.325
173.363
139.387
106.718
78.2016
46.7304
8.00524
1.93187
-15.5343
-7.34059
-13.172
-13.6952
-16.0131
-17.2527
-18.1434
-18.2368
-17.3813
-15.5134
-12.8972
-8.72001
-2.96928
-0.241885
10.476
6.13132
16.0588
12.8344
16.9634
17.3607
19.0391
19.9655
20.9095
21.7095
22.5923
23.4026
23.9147
24.3938
25.2611
42.8211
39.2961
42.492
37.217
38.044
35.0178
33.8929
31.9166
30.4011
28.8785
27.7601
27.0564
26.2222
24.8681
23.5893
9.59624
5.4237
6.50355
2.21989
2.90794
-0.0288101
-0.747155
-2.65452
-4.02199
-5.59114
-6.8762
-7.76682
-8.7957
-9.81614
-9.3747
-8.1923
-10.8809
-8.89484
-11.6703
-9.91607
-11.7752
-11.2899
-12.0514
-12.2242
-12.4826
-12.3427
-11.651
-10.4208
-9.40676
-7.51296
6.55304
6.22362
8.97756
7.87021
10.4884
10.2738
11.9093
12.6759
13.8396
14.9297
16.1261
17.2942
18.7692
19.8809
22.09
26.5265
27.2661
29.6676
29.2267
31.5911
31.8543
33.3991
34.3453
35.5077
36.6187
37.7729
38.8559
40.0738
40.9805
42.2262
41.4372
42.3725
44.2091
43.8598
45.6938
45.8393
46.9799
47.651
48.4806
49.2879
50.1076
50.8831
51.7801
52.4498
53.4787
54.8106
55.9433
57.2506
57.1803
58.6916
58.8147
59.7582
59.9939
60.3115
60.4536
60.6364
61.0328
61.6662
62.2213
62.874
65.819
65.9743
66.6424
66.084
66.7566
66.2616
66.4384
66.0744
65.9002
65.5813
65.2458
64.8824
64.45
64.4331
63.9532
65.6346
63.6899
63.3502
61.8226
61.7811
60.5291
59.9563
58.5797
57.1094
55.0571
52.8476
50.8209
49.5948
49.1478
47.1754
51.0313
46.8738
44.6729
41.7263
39.4362
36.5068
34.145
31.6701
29.6952
27.9664
26.6849
25.8211
25.3084
24.4433
22.3641
21.8176
20.6078
19.374
17.0829
14.924
12.4838
10.6002
8.79663
7.32587
5.96641
4.75536
3.68776
2.91181
2.08172
1.4439
52.7676
51.4227
48.806
42.8229
34.9219
27.4675
21.232
15.7174
11.406
8.61625
6.61863
5.5674
5.40286
5.40682
4.89354
14.3911
15.6613
16.1764
16.5639
17.9368
20.1951
20.9
20.797
21.088
21.95
23.1658
23.0829
24.0714
25.4219
25.0722
25.4505
26.771
27.6003
26.454
27.5155
28.3492
27.2931
27.3356
28.8301
29.2053
27.8922
27.8558
29.2122
29.9713
28.2299
29.2299
30.1972
28.9513
28.7661
29.8709
30.7434
29.3182
29.9564
30.9682
30.0735
29.8745
30.6221
31.2146
30.4809
30.3215
30.8917
31.1218
30.382
30.7926
31.0018
30.5842
30.5014
30.9053
31.3589
31.1209
31.0434
31.2572
32.12
32.0028
31.9319
32.8837
32.8609
32.7443
32.6052
33.0979
33.2105
34.2948
33.3047
31.9029
33.1167
34.8705
27.3536
23.9916
27.145
29.9905
7.2673
16.4961
21.8166
-21.7172
-10.7488
-5.7539
-7.60538
-3.73314
-9.41577
-9.31725
-3.49047
-3.42152
-2.63743
-2.52308
-1.64538
1.06773
4.71323
5.48018
-0.757353
0.975401
4.8033
8.45486
9.01261
10.7324
11.9909
13.6143
17.9729
16.1848
19.0538
20.1562
22.6759
26.4271
28.8756
30.3681
32.2361
31.2825
38.3179
38.1055
40.096
41.084
41.9275
44.0018
47.2186
48.6315
44.8721
50.1914
52.9453
55.1096
55.8503
55.0475
54.1137
53.4273
54.5912
49.8917
57.6299
58.923
54.6233
54.027
52.6647
49.5577
47.2848
44.3298
36.3523
43.9137
48.69
42.1628
38.9386
34.2773
28.5878
23.7586
21.0839
17.1042
12.0354
12.3475
14.1894
9.40411
8.87087
7.80189
5.82137
0.0291339
-1.7523
0.74474
-6.23516
4.14562
2.23739
1.40941
6.84293
4.40526
6.54023
6.87448
7.90416
9.44335
9.0395
9.73101
10.1348
10.2497
10.4528
10.4814
10.5787
10.4927
10.5995
10.4312
10.0863
10.0326
9.66892
9.85517
9.36807
8.616
9.30115
8.47153
7.84473
7.88427
7.25255
8.25521
7.15113
6.4946
6.62002
5.99993
7.1046
6.20354
5.01748
6.60779
5.58937
4.75352
5.14016
4.41935
6.03545
4.81502
3.96089
4.45385
3.65762
5.47967
4.44533
2.67465
5.18264
4.12017
2.56239
3.49163
2.41339
4.5095
3.42268
1.94534
2.83672
1.79281
3.79021
2.86702
0.871746
3.49785
2.46908
0.878419
1.78223
0.74839
2.88073
1.84286
0.606141
1.28451
0.400825
2.43903
1.35077
-0.365531
2.08827
0.513215
-0.505731
-0.342024
-0.997553
-0.00828598
0.0392588
0.0280555
0.0432326
0.0477657
0.0579961
0.0659143
0.0733605
0.0773974
0.0775372
0.073253
0.0653803
0.0551768
0.044053
0.0330288
0.0226607
0.0131248
0.00443235
-0.00340285
-0.0102766
-0.0160429
-0.0207041
-0.0246142
-0.0284544
-0.0327943
-0.0377959
-0.0470251
-0.0810601
-0.140396
-0.0943891
-0.495263
-0.446577
-0.456095
-0.59996
-0.746848
-0.880779
-0.990994
-1.06879
-1.10734
-1.10198
-1.0586
-0.982953
-0.882512
-0.764524
-0.631463
-0.489247
-0.34312
-0.197551
-0.0562615
0.0787616
0.204417
0.321015
0.426772
0.524349
0.617016
0.701997
0.779382
0.839237
0.89503
0.900681
0.840427
0.735646
0.602694
0.45337
0.314303
0.21682
0.163389
0.157057
0.11539
0.0778544
0.0180898
-0.000508063
-0.0132565
0.00441685
-0.00151155
0.0279925
0.126638
-0.285701
0.200942
-0.0364118
0.0926756
0.0496589
0.0770723
0.0677437
0.068734
0.061075
0.0550857
0.0490771
0.0462421
0.0464638
0.0496006
0.0542638
0.0589746
0.0622036
0.0627077
0.0594964
0.0518905
0.0396312
0.0231073
0.00334454
-0.0185698
-0.0423066
-0.0684604
-0.0975971
-0.128807
-0.161939
-0.217834
-0.303309
-0.180685
-0.750401
-0.641498
-0.691812
-0.962299
-1.22449
-1.46574
-1.66198
-1.79194
-1.84647
-1.82113
-1.72695
-1.57325
-1.37003
-1.1291
-0.85981
-0.573741
-0.280559
0.0109155
0.294053
0.563382
0.815222
1.0476
1.25977
1.45647
1.63432
1.79018
1.91257
2.00128
2.02933
1.95813
1.77615
1.51129
1.22177
0.914835
0.637703
0.445679
0.337824
0.31035
0.225688
0.152244
0.04127
0.00637057
-0.0111065
0.0127811
-0.0905513
0.0427871
0.251634
-0.76601
0.491163
-0.0608598
0.160347
0.092358
0.144016
0.135725
0.146929
0.144146
0.143381
0.13948
0.136279
0.132963
0.130009
0.126644
0.122166
0.115488
0.105513
0.0911682
0.0717043
0.0470264
0.018055
-0.0134708
-0.0461236
-0.0800737
-0.117056
-0.158552
-0.203503
-0.252142
-0.337002
-0.493844
-0.354128
-0.728183
-0.652464
-0.731938
-1.05465
-1.36138
-1.64399
-1.87126
-2.01939
-2.07879
-2.04446
-1.92928
-1.74298
-1.49681
-1.20544
-0.880612
-0.535861
-0.182786
0.168135
0.508888
0.832913
1.13601
1.41599
1.67213
1.90854
2.11995
2.30307
2.44254
2.53647
2.54623
2.43852
2.20298
1.86945
1.50795
1.13008
0.792174
0.558056
0.422833
0.374295
0.269546
0.180308
0.0566055
0.0160745
-0.00352193
0.0193557
-0.0872645
0.096324
0.437115
-1.07654
0.670703
-0.0914301
0.21979
0.122726
0.192104
0.177552
0.189317
0.18141
0.176618
0.168681
0.163585
0.160487
0.159762
0.159661
0.158402
0.153782
0.143816
0.126795
0.101673
0.0685005
0.0288856
-0.0144418
-0.0594115
-0.106392
-0.157882
-0.215893
-0.278919
-0.345425
-0.447375
-0.644607
-0.559731
-0.69819
-0.786673
-0.863568
-1.24503
-1.61944
-1.96143
-2.23377
-2.41025
-2.47943
-2.43541
-2.29389
-2.06595
-1.76534
-1.41058
-1.01578
-0.597084
-0.168685
0.256822
0.669537
1.06175
1.42817
1.76662
2.07599
2.36019
2.61356
2.83235
2.99894
3.10737
3.11457
2.98377
2.70212
2.30222
1.86276
1.40333
0.991769
0.703805
0.533006
0.459635
0.328791
0.217754
0.0741821
0.024605
-0.000363119
0.0238451
-0.103205
0.14673
0.581567
-1.22798
0.853648
-0.125457
0.27939
0.152543
0.239852
0.221013
0.236487
0.228295
0.225116
0.218427
0.214955
0.21297
0.212668
0.211943
0.208847
0.200927
0.185935
0.161906
0.127722
0.0837724
0.0325167
-0.0223126
-0.0782677
-0.136318
-0.199952
-0.271717
-0.349801
-0.431787
-0.548515
-0.771772
-0.75076
-0.609338
-0.932542
-1.00277
-1.4523
-1.90803
-2.3194
-2.64569
-2.85704
-2.93888
-2.88491
-2.71427
-2.43957
-2.07716
-1.64952
-1.17392
-0.66966
-0.153881
0.358291
0.854823
1.32646
1.7668
2.17334
2.5448
2.88536
3.18825
3.44935
3.64767
3.7756
3.7803
3.62198
3.2857
2.80676
2.27653
1.72174
1.22303
0.870076
0.656251
0.555495
0.395662
0.260051
0.0928535
0.0328121
0.00342777
0.0288928
-0.0985563
0.211895
0.727969
-1.1083
1.08328
-0.164701
0.334924
0.176187
0.278718
0.25421
0.271466
0.261611
0.258758
0.252552
0.250634
0.250661
0.252626
0.253839
0.251798
0.243418
0.22589
0.196826
0.155017
0.10132
0.0392741
-0.026269
-0.092627
-0.161563
-0.237495
-0.323306
-0.416931
-0.515037
-0.643876
-0.871503
-0.901751
-0.553513
-1.05986
-1.13371
-1.64344
-2.1788
-2.65474
-3.03005
-3.2726
-3.36407
-3.29845
-3.09858
-2.77821
-2.35614
-1.85869
-1.30606
-0.720497
-0.121923
0.472188
1.04781
1.59424
2.10412
2.57461
3.00445
3.39805
3.74755
4.04862
4.2769
4.4236
4.42538
4.24035
3.85161
3.29666
2.67859
2.0314
1.44805
1.03136
0.774395
0.644406
0.456626
0.297571
0.110691
0.0413401
0.00914929
0.0349073
-0.0909248
0.283402
0.858589
-0.81393
1.28373
-0.208083
0.386467
0.195186
0.311286
0.281923
0.30189
0.292507
0.292369
0.289053
0.290555
0.2937
0.298211
0.300951
0.29908
0.289103
0.267817
0.232534
0.182099
0.118062
0.0452708
-0.0303533
-0.106304
-0.185471
-0.273115
-0.372237
-0.480636
-0.594657
-0.73593
-0.959823
-1.0283
-0.613548
-1.1301
-1.28327
-1.83868
-2.45693
-2.99754
-3.41999
-3.69245
-3.79182
-3.71286
-3.48263
-3.1158
-2.63384
-2.06693
-1.43804
-0.772283
-0.0923296
0.582083
1.23497
1.85426
2.43165
2.96408
3.45032
3.89507
4.28974
4.62989
4.88827
5.05466
5.05628
4.84848
4.41195
3.78561
3.08231
2.34426
1.67672
1.19545
0.893679
0.731801
0.515526
0.332686
0.128446
0.0503788
0.0164305
0.0430186
-0.0737371
0.360653
0.983016
-0.485518
1.44638
-0.254127
0.431417
0.208455
0.336022
0.302599
0.325519
0.317547
0.32081
0.321019
0.326435
0.333223
0.340885
0.345856
0.344894
0.333993
0.309465
0.268286
0.209444
0.135448
0.0526894
-0.032019
-0.116861
-0.206036
-0.305368
-0.417742
-0.540969
-0.671478
-0.826632
-1.04695
-1.14638
-0.780191
-1.0873
-1.46001
-2.04019
-2.74639
-3.35489
-3.82463
-4.12745
-4.23405
-4.14058
-3.87868
-3.46381
-2.92041
-2.28251
-1.57591
-0.828616
-0.0660749
0.689683
1.42068
2.1135
2.75883
3.35346
3.89624
4.3923
4.83252
5.21251
5.50236
5.69054
5.6948
5.46719
4.98554
4.28939
3.50027
2.6694
1.91472
1.36544
1.0158
0.819314
0.57359
0.366322
0.146296
0.0601488
0.0258934
0.0543356
-0.0488103
0.439154
1.10084
0.0293807
1.52372
-0.299364
0.467449
0.216467
0.353644
0.317914
0.344744
0.33984
0.347849
0.35281
0.363054
0.374132
0.385324
0.392678
0.392579
0.38054
0.3524
0.304859
0.237243
0.15337
0.0613383
-0.031604
-0.124943
-0.224158
-0.335239
-0.460811
-0.598856
-0.746247
-0.916861
-1.13745
-1.25638
-0.971174
-0.978082
-1.66633
-2.249
-3.04339
-3.7232
-4.23932
-4.57187
-4.68411
-4.57443
-4.27938
-3.81496
-3.2088
-2.49887
-1.71374
-0.884306
-0.0387922
0.798498
1.6076
2.37374
3.08667
3.74302
4.34186
4.88883
5.37452
5.79467
6.11705
6.32883
6.33811
6.09325
5.56886
4.80438
3.92887
3.00331
2.15875
1.53839
1.13824
0.904717
0.629005
0.39728
0.163811
0.0708875
0.0383109
0.0701279
-0.0145269
0.517608
1.19261
0.383979
1.55144
-0.338967
0.491632
0.219592
0.364488
0.328593
0.360129
0.359562
0.373088
0.383445
0.398952
0.414696
0.42975
0.439802
0.440824
0.427792
0.396019
0.341961
0.265539
0.172286
0.0719836
-0.0284325
-0.130216
-0.239747
-0.362791
-0.501726
-0.654885
-0.819729
-1.00718
-1.23253
-1.36327
-1.14638
-0.939227
-1.87302
-2.47286
-3.3488
-4.10429
-4.66583
-5.0271
-5.14277
-5.01474
-4.68479
-4.16907
-3.4987
-2.71565
-1.85125
-0.939241
-0.0106007
0.908119
1.79499
2.63391
3.41371
4.13094
4.78499
5.38213
5.91288
6.37333
6.72919
6.96633
6.98316
6.72397
6.15968
5.32892
4.3667
3.34467
2.40749
1.71301
1.25987
0.987047
0.680895
0.424984
0.180707
0.0828275
0.0542196
0.091386
0.0288938
0.594344
1.28865
0.851096
1.63015
-0.367234
0.501539
0.218824
0.369561
0.336021
0.373047
0.37804
0.397807
0.41421
0.43545
0.456256
0.47548
0.488449
0.490688
0.476583
0.440888
0.379923
0.294591
0.192566
0.0849287
-0.0226436
-0.133223
-0.253467
-0.388718
-0.541286
-0.710008
-0.89299
-1.09869
-1.33383
-1.47966
-1.33085
-1.06182
-2.00524
-2.7227
-3.66486
-4.50041
-5.10714
-5.49632
-5.61303
-5.46426
-5.09737
-4.52834
-3.79201
-2.93444
-1.98969
-0.994367
0.0178474
1.01816
1.9827
2.89407
3.74018
4.5176
5.2261
5.87276
6.4483
6.9493
7.33981
7.60427
7.63141
7.36098
6.7597
5.8646
4.81496
3.69396
2.66063
1.88846
1.37971
1.06553
0.728561
0.449028
0.196667
0.096111
0.0740061
0.118788
0.0813024
0.669468
1.37597
1.30517
1.71845
-0.379033
0.495732
0.215347
0.369914
0.341309
0.38436
0.395868
0.422335
0.445221
0.472515
0.498695
0.522367
0.538487
0.542063
0.526809
0.486874
0.418622
0.324486
0.214549
0.100326
-0.0145692
-0.13449
-0.265777
-0.413454
-0.58002
-0.764941
-0.966966
-1.19247
-1.44227
-1.61108
-1.53796
-1.3145
-2.01831
-3.01136
-3.99527
-4.91226
-5.56498
-5.9813
-6.0964
-5.92413
-5.51797
-4.89334
-4.0891
-3.15538
-2.12902
-1.04948
0.0468817
1.12905
2.17123
3.15474
4.06663
4.90352
5.66572
6.36125
6.98131
7.52316
7.94959
8.24345
8.28373
8.00524
7.3698
6.41221
5.27394
4.05076
2.91702
2.06311
1.49615
1.13883
0.770851
0.468717
0.211234
0.110767
0.0978844
0.152642
0.142102
0.744488
1.44859
1.6082
1.82622
-0.371217
0.474432
0.210502
0.36673
0.345544
0.394941
0.413753
0.447272
0.477036
0.5107
0.542577
0.570982
0.590461
0.595413
0.578777
0.534075
0.458068
0.355411
0.238451
0.117872
-0.00494927
-0.134706
-0.277211
-0.437505
-0.618503
-0.820387
-1.04254
-1.28958
-1.55829
-1.75645
-1.75558
-1.60022
-1.96879
-3.34908
-4.34666
-5.33986
-6.04106
-6.48382
-6.59437
-6.39553
-5.94731
-5.26451
-4.39015
-3.37845
-2.26908
-1.10431
0.0768165
1.24111
2.36089
3.41619
4.39324
5.28881
6.10387
6.84752
7.51175
8.09475
8.55843
8.88381
8.94018
8.65692
7.99014
6.97189
5.74343
4.41424
3.17511
2.23507
1.60738
1.2054
0.806455
0.483236
0.223885
0.126725
0.125901
0.192983
0.210649
0.821155
1.52108
1.92587
1.94554
-0.343615
0.439615
0.205522
0.361118
0.349576
0.405427
0.432167
0.472988
0.509966
0.55029
0.588177
0.621587
0.644599
0.650875
0.632442
0.582249
0.498071
0.387436
0.264119
0.136812
0.00537615
-0.134413
-0.288133
-0.461215
-0.657133
-0.876841
-1.12036
-1.39086
-1.68237
-1.91461
-1.97952
-1.88558
-1.98734
-3.72812
-4.72746
-5.78298
-6.537
-7.00589
-7.10875
-6.88002
-6.38659
-5.64262
-4.69568
-3.60398
-2.41002
-1.15886
0.107779
1.35454
2.5519
3.67865
4.72022
5.67361
6.54059
7.33153
8.03955
8.66396
9.16627
9.5254
9.6009
9.3163
8.62102
7.54396
6.22334
4.78352
3.43324
2.40225
1.71143
1.26361
0.833954
0.491691
0.234045
0.143822
0.157968
0.239659
0.286262
0.902152
1.5794
2.14405
2.07352
-0.299044
0.394658
0.201405
0.354096
0.354093
0.416369
0.45156
0.499899
0.544422
0.59171
0.635928
0.674602
0.70125
0.708621
0.687679
0.631049
0.538442
0.420494
0.290923
0.156111
0.0156908
-0.133968
-0.298795
-0.484843
-0.696213
-0.934672
-1.20089
-1.49694
-1.81501
-2.08572
-2.21564
-2.19616
-2.18023
-4.10417
-5.14535
-6.24192
-7.05392
-7.54948
-7.64128
-7.37922
-6.83705
-6.02856
-5.00623
-3.83225
-2.55193
-1.21308
0.139931
1.46959
2.74455
3.94239
5.04781
6.05812
6.97601
7.81332
8.56469
9.23078
9.77313
10.1683
10.2661
9.98374
9.26275
8.12876
6.7135
5.15754
3.68946
2.56227
1.8061
1.31158
0.851747
0.493051
0.241073
0.161805
0.193894
0.292429
0.368258
0.984981
1.63871
2.41381
2.18296
-0.242409
0.343589
0.198825
0.346553
0.359614
0.428218
0.472319
0.52838
0.580783
0.635344
0.68621
0.730362
0.760615
0.768572
0.744031
0.679903
0.578905
0.454128
0.317758
0.174793
0.0255994
-0.133502
-0.309297
-0.508509
-0.735896
-0.994071
-1.28437
-1.60812
-1.95649
-2.27006
-2.4695
-2.55437
-2.56765
-4.40304
-5.60623
-6.71873
-7.59249
-8.11636
-8.19365
-7.89468
-7.29998
-6.42323
-5.32231
-4.06351
-2.6949
-1.26688
0.173479
1.58652
2.93915
4.20774
5.37628
6.44251
7.41021
8.2929
9.08709
9.79508
10.3789
10.8125
10.9358
10.6595
9.91553
8.72651
7.21357
5.53496
3.94142
2.71239
1.88892
1.34719
0.858041
0.48615
0.244264
0.180352
0.233401
0.351032
0.455727
1.06842
1.69276
2.63003
2.33202
-0.179351
0.290303
0.198154
0.339261
0.366556
0.441389
0.494824
0.558829
0.619459
0.681613
0.739418
0.789172
0.822774
0.830388
0.800747
0.728165
0.619058
0.487378
0.343378
0.192284
0.0350607
-0.132971
-0.31962
-0.532224
-0.776222
-1.05509
-1.37086
-1.72443
-2.10664
-2.46721
-2.7409
-2.94738
-3.0727
-4.58437
-6.12421
-7.21994
-8.15313
-8.70803
-8.76744
-8.42797
-7.7767
-6.82763
-5.64454
-4.29806
-2.83899
-1.32018
0.208621
1.70562
3.13602
4.475
5.70589
6.82698
7.84327
8.77022
9.60661
10.3567
10.9835
11.4579
11.6101
11.3437
10.5795
9.33734
7.72306
5.91406
4.18635
2.84947
1.95712
1.36808
0.850845
0.46969
0.242855
0.199081
0.276143
0.415243
0.547894
1.15428
1.7482
2.77544
2.49918
-0.114997
0.237992
0.199531
0.332886
0.375261
0.456277
0.519452
0.591647
0.660858
0.730915
0.795893
0.851207
0.887533
0.893316
0.856795
0.775163
0.658149
0.518884
0.36688
0.208562
0.0442984
-0.132204
-0.329642
-0.555901
-0.817121
-1.11764
-1.46023
-1.84567
-2.26504
-2.6763
-3.02733
-3.35379
-3.60513
-4.68107
-6.71536
-7.75434
-8.73624
-9.32565
-9.3641
-8.98058
-8.26853
-7.24283
-5.97362
-4.53623
-2.9843
-1.37291
0.245559
1.82718
3.33549
4.74449
6.03694
7.21172
8.27526
9.24522
10.1231
10.9154
11.5867
12.1044
12.2889
12.0366
11.2546
9.96134
8.24128
6.29272
4.42089
2.96983
2.00758
1.37155
0.827933
0.442232
0.236027
0.217563
0.321712
0.484897
0.64404
1.24374
1.81222
2.93273
2.64534
-0.0531879
0.188919
0.20296
0.328011
0.386039
0.473274
0.546584
0.627239
0.705379
0.783617
0.855888
0.916438
0.954313
0.956174
0.911049
0.820174
0.694962
0.547378
0.388082
0.224051
0.0536806
-0.130948
-0.339171
-0.579384
-0.858442
-1.18156
-1.55224
-1.97148
-2.4311
-2.8964
-3.32637
-3.75936
-4.10753
-4.78594
-7.39244
-8.33429
-9.34212
-9.97033
-9.98485
-9.55385
-8.77676
-7.6699
-6.3103
-4.77843
-3.13095
-1.42498
0.284509
1.95151
3.53792
5.01658
6.36971
7.59692
8.70625
9.71784
10.6364
11.471
12.1881
12.7517
12.972
12.7381
11.9408
10.5985
8.76733
6.66818
4.64095
3.06912
2.03667
1.35448
0.786808
0.402184
0.222909
0.235329
0.36964
0.559913
0.743518
1.33793
1.88774
3.04815
2.83666
0.00373375
0.144456
0.208389
0.325152
0.399183
0.492773
0.576596
0.665995
0.753386
0.840009
0.919491
0.984505
1.02203
1.01745
0.962466
0.862219
0.728041
0.57229
0.407543
0.239399
0.0636218
-0.128912
-0.34798
-0.602476
-0.89998
-1.24657
-1.64656
-2.10143
-2.60415
-3.1267
-3.63689
-4.16405
-4.58322
-5.02559
-8.16803
-8.96885
-9.97161
-10.6429
-10.6309
-10.1489
-9.30258
-8.10992
-6.65536
-5.02511
-3.27909
-1.47631
0.325695
2.07892
3.74368
5.29162
6.70452
7.9828
9.13631
10.188
11.1462
12.0231
12.7874
13.3994
13.6593
13.4481
12.6379
11.2487
9.29996
7.03683
4.84139
3.14401
2.04076
1.31334
0.724663
0.347798
0.202581
0.25189
0.419385
0.639673
0.845627
1.4375
1.97768
3.13868
3.0241
0.0547297
0.105299
0.215777
0.324771
0.414976
0.515153
0.609843
0.708269
0.805175
0.900253
0.986536
1.05458
1.08907
1.07559
1.01009
0.899959
0.75633
0.594079
0.426255
0.255268
0.0745243
-0.12581
-0.355842
-0.62497
-0.941507
-1.3124
-1.74285
-2.23505
-2.78361
-3.36654
-3.95911
-4.57969
-5.09733
-5.51138
-8.99421
-9.66202
-10.6257
-11.3451
-11.3036
-10.7665
-9.847
-8.56388
-7.00956
-5.27677
-3.42892
-1.52684
0.369348
2.20975
3.95316
5.57003
7.04171
8.36957
9.56549
10.6555
11.6523
12.5714
13.3843
14.0473
14.3505
14.167
13.3458
11.9117
9.83751
7.39389
5.02004
3.19325
2.01694
1.24438
0.638387
0.277161
0.174081
0.266743
0.470397
0.722768
0.94962
1.54243
2.08092
3.24598
3.25177
0.0996685
0.0717119
0.225112
0.327277
0.43369
0.54077
0.646641
0.754351
0.860939
0.96432
1.05648
1.12524
1.1535
1.12928
1.05285
0.932022
0.77985
0.614022
0.445265
0.272223
0.0867358
-0.12139
-0.362552
-0.646667
-0.98279
-1.37877
-1.84074
-2.37195
-2.96892
-3.61536
-4.2934
-5.01626
-5.69278
-6.28965
-9.78757
-10.4114
-11.309
-12.0782
-12.0046
-11.4075
-10.4108
-9.03271
-7.37366
-5.53392
-3.58068
-1.57652
0.415705
2.34435
4.16679
5.85222
7.38165
8.75749
9.99387
11.1204
12.1544
13.1155
13.978
14.6948
15.0453
14.8951
14.0651
12.5872
10.3777
7.72928
5.18003
3.21767
1.96271
1.14352
0.524477
0.188168
0.136409
0.279393
0.522244
0.807599
1.05491
1.65252
2.19764
3.34739
3.45581
0.13891
0.0437494
0.236423
0.33303
0.455568
0.569934
0.687244
0.804442
0.920721
1.03189
1.12823
1.1945
1.21344
1.1775
1.0894
0.95779
0.799869
0.633669
0.465418
0.290688
0.100521
-0.115462
-0.367946
-0.667387
-1.0236
-1.44538
-1.93991
-2.51173
-3.15962
-3.87261
-4.63962
-5.47604
-6.35897
-7.2805
-10.4728
-11.2188
-12.0246
-12.8445
-12.7365
-12.0726
-10.9943
-9.51713
-7.74831
-5.79706
-3.73462
-1.62534
0.465003
2.48309
4.38501
6.13865
7.72472
9.14681
10.4215
11.5824
12.6523
13.655
14.5682
15.3414
15.7432
15.6328
14.7961
13.275
10.9179
8.03714
5.32535
3.21875
1.87515
1.00601
0.378871
0.0784816
0.0885341
0.289367
0.574661
0.892898
1.16114
1.76712
2.32793
3.48574
3.68008
0.172973
0.0214044
0.249757
0.342332
0.480815
0.602893
0.731828
0.858624
0.984359
1.10225
1.2001
1.26008
1.26749
1.21917
1.11864
0.978051
0.818393
0.65433
0.487278
0.310943
0.116051
-0.107895
-0.371891
-0.686964
-1.06373
-1.51196
-2.04006
-2.65406
-3.35527
-4.1378
-4.99742
-5.95776
-7.07013
-8.37107
-11.0322
-12.0698
-12.7831
-13.6461
-13.5021
-12.763
-11.5981
-10.0176
-8.13405
-6.06661
-3.89098
-1.67329
0.517477
2.62636
4.60827
6.42979
8.07136
9.53781
10.8485
12.0415
13.1455
14.1893
15.1542
15.9865
16.4439
16.3801
15.5391
13.9747
11.4469
8.32697
5.45716
3.19609
1.75025
0.825939
0.196731
-0.0545297
0.029398
0.296246
0.627555
0.978035
1.26815
1.88512
2.4678
3.62564
3.94356
0.202324
0.00468988
0.265163
0.355424
0.509583
0.639817
0.780467
0.916826
1.05139
1.1741
1.26978
1.31996
1.31467
1.25311
1.14051
0.994912
0.837378
0.676855
0.511156
0.333129
0.133413
-0.0986029
-0.374271
-0.705223
-1.10292
-1.57822
-2.14087
-2.7986
-3.55545
-4.41041
-5.3662
-6.45787
-7.79788
-9.44641
-11.4472
-12.9823
-13.5938
-14.4835
-14.3044
-13.4801
-12.2224
-10.5344
-8.53123
-6.34294
-4.04999
-1.72037
0.573363
2.77457
4.83707
6.72616
8.42201
9.9308
11.275
12.4974
13.6337
14.7179
15.7351
16.6295
17.1468
17.1368
16.2941
14.687
11.9373
8.6168
5.57564
3.14596
1.58244
0.59623
-0.0276839
-0.213864
-0.0420829
0.299694
0.680964
1.06304
1.37585
2.00555
2.61595
3.76664
4.1761
0.227278
-0.00633831
0.282673
0.372475
0.541957
0.680791
0.833123
0.978768
1.12094
1.24549
1.33479
1.37279
1.35405
1.27852
1.15662
1.01096
0.858192
0.701656
0.537166
0.357286
0.152651
-0.0875083
-0.374948
-0.721961
-1.14092
-1.64387
-2.24201
-2.94499
-3.75969
-4.68985
-5.74502
-6.97183
-8.51515
-10.4146
-11.8187
-13.9598
-14.466
-15.3588
-15.1455
-14.2262
-12.8681
-11.0677
-8.93999
-6.62628
-4.21181
-1.76654
0.632911
2.92815
5.07194
7.02829
8.77715
10.3261
11.701
12.9501
14.1166
15.2403
16.3103
17.2694
17.8511
17.9028
17.0613
15.4179
12.3761
8.90739
5.67746
3.06173
1.36406
0.308341
-0.30117
-0.402955
-0.127013
0.2995
0.735013
1.14814
1.48398
2.12739
2.77026
3.92773
4.41964
0.247987
-0.0115956
0.302285
0.393581
0.577956
0.725801
0.889607
1.04388
1.19156
1.31393
1.3931
1.41778
1.38459
1.29595
1.16979
1.02834
0.88151
0.728837
0.565292
0.383406
0.173805
-0.0745001
-0.373735
-0.736917
-1.17742
-1.70855
-2.34312
-3.09281
-3.96746
-4.97534
-6.13259
-7.49475
-9.20605
-11.2543
-12.2631
-15.0091
-15.4187
-16.2695
-16.0271
-15.0031
-13.5361
-11.6177
-9.36028
-6.91671
-4.37651
-1.81174
0.696391
3.08757
5.31347
7.33678
9.13731
10.7241
12.1266
13.3994
14.5937
15.7559
16.8789
17.9053
18.5563
18.6776
17.8409
16.1644
12.7879
9.1818
5.75583
2.93777
1.08753
-0.0471103
-0.631695
-0.625799
-0.226526
0.2956
0.789911
1.23335
1.59206
2.24964
2.9278
4.0845
4.69896
0.264477
-0.0109995
0.323959
0.418766
0.617523
0.774724
0.949542
1.11118
1.26113
1.37685
1.44355
1.45413
1.40579
1.30774
1.18298
1.04826
0.907505
0.758332
0.595468
0.411498
0.196971
-0.0593971
-0.37037
-0.749762
-1.21202
-1.77184
-2.44374
-3.24155
-4.17806
-5.26589
-6.52715
-8.02203
-9.86512
-11.9604
-12.8435
-16.162
-16.4418
-17.2166
-16.9489
-15.8128
-14.2278
-12.1848
-9.79196
-7.21409
-4.54407
-1.85585
0.764111
3.25334
5.5623
7.65228
9.50305
11.1252
12.5521
13.8451
15.0646
16.2639
17.44
18.5364
19.2614
19.461
18.6339
16.88
13.2241
9.43457
5.8049
2.77121
0.747325
-0.478745
-1.02802
-0.886993
-0.3418
0.288094
0.846005
1.31838
1.69952
2.37156
3.08612
4.23658
4.94028
0.276703
-0.00450242
0.34761
0.447974
0.660522
0.827304
1.01228
1.17911
1.32703
1.43232
1.4856
1.4809
1.41876
1.31725
1.19827
1.07113
0.936081
0.790014
0.627665
0.441641
0.222332
-0.0419241
-0.364502
-0.760087
-1.24429
-1.83328
-2.54336
-3.3906
-4.39068
-5.56023
-6.92639
-8.54975
-10.5009
-12.6399
-13.6158
-17.3544
-17.548
-18.1953
-17.9099
-16.6565
-14.9445
-12.7697
-10.235
-7.51817
-4.71431
-1.89867
0.836422
3.42601
5.81914
7.97553
9.875
11.5299
12.9776
14.287
15.5288
16.7639
17.9925
19.1614
19.9657
20.2521
19.4494
17.4904
13.7083
9.66705
5.82243
2.5599
0.338969
-0.994212
-1.49965
-1.19186
-0.47408
0.277272
0.903835
1.40279
1.80578
2.49264
3.24349
4.3914
5.23712
0.2846
0.00788241
0.37311
0.481075
0.706729
0.883111
1.07676
1.24547
1.3867
1.47951
1.51851
1.49782
1.42643
1.32756
1.21662
1.0969
0.967059
0.823805
0.661945
0.474027
0.250183
-0.0217066
-0.355695
-0.767414
-1.27372
-1.89232
-2.64138
-3.53922
-4.6043
-5.85674
-7.32739
-9.07307
-11.1199
-13.3679
-14.6676
-18.5433
-18.7084
-19.2038
-18.9073
-17.5347
-15.6873
-13.3733
-10.6894
-7.82862
-4.88691
-1.93991
0.913726
3.6062
6.08479
8.30736
10.2539
11.9385
13.4033
14.7251
15.9859
17.2549
18.5356
19.7792
20.6682
21.0495
20.3196
17.9762
14.201
9.87442
5.80733
2.30091
-0.141364
-1.60011
-2.05647
-1.54646
-0.624718
0.263642
0.964192
1.48603
1.90986
2.61262
3.39882
4.53439
5.48251
0.288116
0.0260665
0.400288
0.517854
0.755809
0.941462
1.14139
1.30757
1.43848
1.51806
1.54136
1.50649
1.43253
1.34058
1.23818
1.12537
1.0003
0.85974
0.698504
0.508971
0.280924
0.0017186
-0.343443
-0.771205
-1.29974
-1.94835
-2.73713
-3.68659
-4.8177
-6.15344
-7.72652
-9.58614
-11.7199
-14.1174
-15.8817
-19.5986
-19.8917
-20.2398
-19.9371
-18.4471
-16.4567
-13.9962
-11.1556
-8.14518
-5.06144
-1.97918
0.996487
3.79456
6.3601
8.64872
10.6405
12.3517
13.8293
15.1592
16.4354
17.7364
19.068
20.3884
21.3682
21.8495
21.3011
18.3933
14.647
10.056
5.75993
1.99165
-0.696971
-2.30334
-2.70828
-1.95754
-0.795189
0.24799
1.0282
1.56738
2.00898
2.73118
3.5526
4.68946
5.75639
0.287223
0.0498845
0.428931
0.558012
0.807284
1.00129
1.2039
1.36301
1.48185
1.54728
1.55405
1.51031
1.44014
1.357
1.26278
1.15634
1.03581
0.898012
0.737678
0.546901
0.315044
0.0288789
-0.327192
-0.770887
-1.32174
-2.00074
-2.82987
-3.83173
-5.02947
-6.44789
-8.11946
-10.0824
-12.2956
-14.8605
-17.1389
-20.4498
-21.0853
-21.3006
-20.9948
-19.392
-17.2523
-14.6387
-11.6338
-8.46768
-5.23742
-2.01598
1.08523
3.99178
6.64602
9.00068
11.0358
12.77
14.2559
15.589
16.8767
18.2075
19.5888
20.9873
22.065
22.6408
22.3727
18.8468
15.0523
10.2179
5.68103
1.6297
-1.33138
-3.11194
-3.46427
-2.43195
-0.987093
0.23141
1.09738
1.64617
2.09888
2.84768
3.70514
4.83967
6.05278
0.281904
0.0791044
0.458784
0.601152
0.860447
1.06099
1.26168
1.41043
1.51668
1.56614
1.55859
1.51327
1.45091
1.3768
1.29018
1.18975
1.07374
0.938966
0.779916
0.588327
0.353086
0.0603354
-0.306371
-0.765876
-1.33914
-2.04882
-2.9188
-3.97358
-5.23793
-6.73725
-8.50125
-10.5549
-12.8402
-15.5681
-18.3316
-21.0801
-22.2578
-22.3891
-22.0756
-20.3668
-18.0731
-15.3005
-12.1241
-8.79605
-5.41442
-2.04974
1.18057
4.19862
6.94351
9.36442
11.441
13.1944
14.6834
16.0143
17.3094
18.6675
20.0968
21.5741
22.7582
23.4064
23.3951
19.4136
15.4375
10.363
5.56988
1.21318
-2.04825
-4.03393
-4.33316
-2.97605
-1.20189
0.215384
1.1738
1.72218
2.1763
2.96214
3.85774
4.9874
6.32093
0.272119
0.113447
0.489543
0.646741
0.914243
1.11834
1.31248
1.44968
1.54218
1.57469
1.55881
1.51835
1.4653
1.39973
1.32027
1.22573
1.11445
0.983067
0.825747
0.633803
0.395611
0.0966478
-0.280421
-0.755605
-1.35132
-2.09192
-3.00309
-4.11096
-5.44118
-7.01818
-8.86644
-10.9971
-13.3481
-16.2122
-19.3462
-21.465
-23.4251
-23.5112
-23.1753
-21.368
-18.9173
-15.9806
-12.6264
-9.13021
-5.59205
-2.07988
1.28315
4.41584
7.2536
9.74119
11.8573
13.6257
15.1122
16.4351
17.7327
19.1157
20.591
22.1464
23.4485
24.135
24.2053
20.0589
15.7922
10.4894
5.42696
0.742585
-2.84945
-5.0742
-5.3231
-3.59576
-1.44075
0.201896
1.26029
1.79552
2.23958
3.0752
4.01192
5.1458
6.59672
0.257762
0.152606
0.520844
0.694048
0.967097
1.17085
1.35533
1.48077
1.55719
1.57529
1.55885
1.52696
1.48318
1.42564
1.35311
1.2646
1.1584
1.03085
0.875726
0.683881
0.443157
0.13834
-0.248829
-0.739557
-1.35773
-2.1294
-3.0819
-4.2426
-5.63704
-7.28695
-9.20941
-11.4036
-13.8145
-16.7752
-20.133
-21.7044
-24.6175
-24.6809
-24.2917
-22.3915
-19.7821
-16.6771
-13.1399
-9.46994
-5.76996
-2.10581
1.39367
4.64427
7.57732
10.1323
12.2862
14.0651
15.5428
16.8511
18.146
19.5513
21.0706
22.7016
24.1387
24.8367
24.7235
20.6955
16.098
10.596
5.25423
0.220183
-3.73421
-6.23303
-6.43986
-4.2958
-1.70423
0.193532
1.3606
1.86639
2.28672
3.18759
4.16932
5.30127
6.87881
0.238602
0.196268
0.552225
0.74202
1.01687
1.21652
1.39043
1.50276
1.56182
1.57212
1.56156
1.53935
1.50433
1.45451
1.38897
1.30682
1.20614
1.08288
0.930392
0.739073
0.496208
0.185865
-0.211156
-0.717286
-1.3579
-2.16066
-3.15439
-4.3671
-5.82308
-7.5395
-9.52502
-11.7713
-14.2386
-17.255
-20.697
-21.9794
-25.8646
-25.9103
-25.4235
-23.4332
-20.6646
-17.3876
-13.6632
-9.81469
-5.9478
-2.12697
1.51285
4.88476
7.91575
10.5391
12.7291
14.5139
15.9759
17.2623
18.5488
19.9734
21.5346
23.237
24.8363
25.5948
25.0373
21.2283
16.3598
10.6839
5.05441
-0.35046
-4.69952
-7.50727
-7.68574
-5.07861
-1.99169
0.193781
1.47974
1.93498
2.31421
3.29936
4.33234
5.45416
7.15419
0.214215
0.244117
0.583062
0.789136
1.06122
1.25476
1.41789
1.51426
1.55871
1.56942
1.56811
1.55536
1.52871
1.48657
1.42829
1.35293
1.2582
1.13966
0.990223
0.799813
0.555153
0.239582
-0.167061
-0.688444
-1.35141
-2.18517
-3.21971
-4.48297
-5.99664
-7.77186
-9.80951
-12.0998
-14.6233
-17.6733
-21.1386
-22.4936
-27.1376
-27.2149
-26.5734
-24.4906
-21.5621
-18.109
-14.1945
-10.1635
-6.12504
-2.14283
1.64142
5.13819
8.26996
10.963
13.1876
14.9734
16.4122
17.6685
18.9403
20.3811
21.9824
23.7493
25.5461
26.547
25.2765
21.67
16.6018
10.7557
4.8303
-0.965164
-5.74141
-8.89206
-9.06022
-5.94425
-2.30063
0.20754
1.62444
2.00156
2.31766
3.40987
4.50333
5.61046
7.41569
0.183906
0.295808
0.612453
0.833374
1.09846
1.2861
1.43656
1.51538
1.55235
1.56989
1.57864
1.57488
1.55644
1.52219
1.47159
1.40344
1.31508
1.20164
1.0556
0.866429
0.62027
0.29973
-0.116324
-0.652797
-1.33798
-2.20248
-3.27703
-4.58862
-6.15497
-7.9806
-10.0614
-12.3923
-14.9751
-18.0609
-21.5875
-23.3716
-28.3183
-28.6042
-27.7478
-25.5626
-22.4727
-18.8386
-14.7313
-10.5152
-6.30095
-2.15277
1.78008
5.40546
8.64106
11.4053
13.6635
15.4454
16.8527
18.0697
19.3198
20.7738
22.4134
24.2344
26.2531
27.6958
25.6005
22.089
16.838
10.812
4.58456
-1.61994
-6.85631
-10.3812
-10.5596
-6.88944
-2.62633
0.241291
1.80368
2.06653
2.29301
3.5201
4.68579
5.75931
7.67949
0.146631
0.350895
0.639094
0.872601
1.12841
1.31079
1.44488
1.50895
1.54704
1.57456
1.59302
1.59798
1.58786
1.56187
1.51936
1.45882
1.37717
1.26914
1.12679
0.939121
0.691705
0.366416
-0.0588522
-0.61024
-1.31743
-2.21222
-3.32555
-4.68239
-6.29548
-8.16368
-10.2819
-12.6536
-15.3007
-18.438
-22.0969
-24.58
-29.2293
-30.0763
-28.9589
-26.6498
-23.3959
-19.5737
-15.2711
-10.8679
-6.47453
-2.15612
1.92959
5.6875
9.03017
11.8673
14.1582
15.9315
17.2985
18.4662
19.6869
21.1504
22.827
24.6889
26.9238
28.8979
26.0581
22.5038
17.0695
10.852
4.31949
-2.31171
-8.04298
-11.9689
-12.1784
-7.90716
-2.96139
0.302912
2.02887
2.13036
2.23566
3.63476
4.88486
5.90726
7.91276
0.100937
0.408689
0.661299
0.905437
1.15199
1.32753
1.44278
1.49971
1.54548
1.58352
1.61123
1.62488
1.6234
1.60609
1.57204
1.51941
1.44475
1.34237
1.20392
1.01795
0.769468
0.439615
0.00530863
-0.560815
-1.28974
-2.21414
-3.36447
-4.76261
-6.41622
-8.321
-10.4745
-12.8898
-15.6051
-18.809
-22.6314
-25.8651
-29.7948
-31.6586
-30.2261
-27.7533
-24.332
-20.3129
-15.8116
-11.2198
-6.64455
-2.15207
2.09068
5.98525
9.43845
12.3506
14.6734
16.4332
17.7508
18.858
20.0408
21.5101
23.2224
25.1106
27.5212
29.9667
26.5818
22.8931
17.292
10.8747
4.03643
-3.03905
-9.30403
-13.6504
-13.9119
-8.98848
-3.29588
0.401668
2.31398
2.19329
2.13929
3.76136
5.10769
6.0442
8.08255
0.0449782
0.468036
0.677434
0.932047
1.16966
1.33449
1.43329
1.4922
1.54857
1.59665
1.63345
1.65598
1.6635
1.65522
1.62993
1.58545
1.51796
1.42138
1.28698
1.10284
0.853433
0.51916
0.075961
-0.504724
-1.25503
-2.2081
-3.39299
-4.82787
-6.5165
-8.4545
-10.644
-13.1061
-15.8918
-19.1709
-23.1427
-26.9911
-30.1358
-33.3732
-31.5678
-28.872
-25.2818
-21.0556
-16.3507
-11.5691
-6.80966
-2.13971
2.26416
6.29969
9.86707
12.8565
15.2107
16.9521
18.2106
19.2452
20.381
21.8522
23.5988
25.4999
28.0205
30.7696
27.1025
23.2373
17.5014
10.8784
3.73563
-3.80264
-10.6467
-15.4234
-15.7574
-10.1249
-3.61806
0.548087
2.67529
2.25464
1.99528
3.90915
5.36181
6.1655
8.24217
-0.0232623
0.527166
0.686799
0.953891
1.18068
1.33198
1.42135
1.489
1.55637
1.61401
1.65994
1.69167
1.70852
1.70953
1.69321
1.65702
1.59679
1.5061
1.37582
1.19359
0.943339
0.604737
0.152739
-0.442359
-1.21362
-2.19401
-3.41041
-4.87743
-6.5972
-8.56757
-10.7951
-13.3069
-16.1627
-19.5188
-23.5994
-27.8515
-30.5216
-35.2075
-33.0033
-30.0035
-26.2451
-21.802
-16.8871
-11.9142
-6.96846
-2.11804
2.45085
6.63179
10.3173
13.3864
15.7718
17.4899
18.679
19.6279
20.707
22.1762
23.9555
25.8604
28.4163
31.2635
27.6032
23.5301
17.6942
10.8611
3.41601
-4.60667
-12.0837
-17.2956
-17.7178
-11.3097
-3.91561
0.752719
3.12947
2.31132
1.79211
4.08791
5.65352
6.26388
8.28958
-0.105385
0.583836
0.690347
0.972083
1.18325
1.32227
1.41151
1.49127
1.56867
1.63578
1.69107
1.73225
1.75868
1.76916
1.7619
1.73406
1.68113
1.59632
1.47016
1.28986
1.03879
0.695872
0.235082
-0.374329
-1.16596
-2.17187
-3.41628
-4.91159
-6.66055
-8.66406
-10.9319
-13.4949
-16.4185
-19.8492
-24.0048
-28.5151
-31.2352
-37.1066
-34.5466
-31.1422
-27.22
-22.5526
-17.42
-12.2538
-7.11969
-2.08606
2.65158
6.98248
10.7903
13.942
16.3583
18.0481
19.1568
20.0057
21.0181
22.4815
24.292
26.1986
28.719
31.4773
28.0601
23.7763
17.8664
10.8194
3.0746
-5.45989
-13.6334
-19.2958
-19.8093
-12.5398
-4.17711
1.02385
3.69026
2.35592
1.5152
4.30588
5.98681
6.32534
8.24546
-0.201422
0.635884
0.690242
0.986108
1.176
1.3106
1.40643
1.49864
1.58562
1.66226
1.72706
1.7779
1.81405
1.83408
1.83589
1.81638
1.7707
1.69173
1.56963
1.3912
1.13924
0.791898
0.322196
-0.301456
-1.11262
-2.14172
-3.41077
-4.93175
-6.70947
-8.74748
-11.0574
-13.6714
-16.659
-20.1613
-24.3836
-29.1546
-32.4482
-38.8958
-36.1847
-32.2835
-28.2022
-23.3071
-17.9489
-12.5871
-7.26233
-2.0428
2.86719
7.35269
11.2874
14.5248
16.9719
18.628
19.6447
20.3782
21.3134
22.768
24.6087
26.5262
28.9801
31.532
28.4143
23.9963
18.0183
10.7468
2.70562
-6.37659
-15.3234
-21.4795
-22.0679
-13.8181
-4.39357
1.36566
4.36562
2.37542
1.14648
4.56834
6.35882
6.34607
8.06289
-0.308183
0.681872
0.688882
0.99635
1.16299
1.30192
1.40667
1.51118
1.60731
1.69362
1.76807
1.82867
1.87458
1.90413
1.91497
1.9037
1.86515
1.79189
1.67374
1.49702
1.24397
0.891924
0.413041
-0.224729
-1.05419
-2.10388
-3.39478
-4.94001
-6.74674
-8.82053
-11.1733
-13.837
-16.8836
-20.4539
-24.7516
-29.8483
-34.1262
-40.3739
-37.904
-33.4269
-29.1853
-24.0647
-18.4732
-12.9133
-7.39559
-1.98738
3.09851
7.74328
11.8099
15.1365
17.6145
19.2312
20.1431
20.7444
21.5918
23.0352
24.9062
26.8539
29.2624
31.5215
28.7026
24.2047
18.1494
10.6363
2.29993
-7.37796
-17.1983
-23.9292
-24.5577
-15.1577
-4.55951
1.77781
5.1567
2.35165
0.665665
4.87822
6.76594
6.29071
7.81265
-0.417838
0.720944
0.687076
1.00155
1.15425
1.29748
1.4125
1.52879
1.63385
1.72991
1.81403
1.88442
1.94006
1.97907
1.99881
1.99562
1.96403
1.89631
1.78187
1.60659
1.35204
0.994805
0.506361
-0.145192
-0.991286
-2.05907
-3.3698
-4.93849
-6.77459
-8.88498
-11.2805
-13.9912
-17.0912
-20.7251
-25.1091
-30.5624
-35.9706
-41.4342
-39.6829
-34.5746
-30.1607
-24.8226
-18.9917
-13.2319
-7.51891
-1.91908
3.34633
8.15508
12.3589
15.7789
18.2882
19.8594
20.6525
21.1027
21.8515
23.2827
25.185
27.1868
29.5954
31.5231
28.9667
24.4071
18.2602
10.4854
1.84514
-8.49411
-19.3309
-26.7595
-27.382
-16.5864
-4.67384
2.25587
6.05785
2.26354
0.0517285
5.23873
7.19922
6.19468
7.43629
-0.51797
0.752464
0.684959
1.00192
1.15353
1.29706
1.42441
1.5512
1.6652
1.77104
1.86482
1.94494
2.01022
2.05852
2.08699
2.09168
2.06683
2.00436
1.89329
1.71896
1.46229
1.09915
0.600788
-0.0638368
-0.924671
-2.00839
-3.3374
-4.92884
-6.79451
-8.94184
-11.3792
-14.1336
-17.2809
-20.9731
-25.4492
-31.2386
-37.678
-42.079
-41.4966
-35.737
-31.1183
-25.5764
-19.5022
-13.5418
-7.63182
-1.83733
3.61136
8.58892
12.9357
16.4539
18.9952
20.5145
21.1731
21.4512
22.0904
23.5095
25.4452
27.5223
29.9833
31.6285
29.2343
24.6091
18.3515
10.2919
1.32629
-9.76581
-21.8269
-30.1245
-30.6924
-18.1519
-4.74076
2.79151
7.05777
2.08614
-0.719718
5.65115
7.65601
6.03349
6.97161
-0.594299
0.774785
0.6796
1.00353
1.15613
1.30234
1.44187
1.5781
1.70128
1.8168
1.92014
2.00991
2.08466
2.14209
2.17906
2.19137
2.17294
2.11532
2.00708
1.83299
1.57328
1.20339
0.695005
0.0184165
-0.855261
-1.95302
-3.29875
-4.91213
-6.80737
-8.99152
-11.4692
-14.2637
-17.4521
-21.196
-25.7618
-31.8213
-39.024
-42.4574
-43.323
-36.9237
-32.0468
-26.3199
-20.0021
-13.8415
-7.73376
-1.74166
3.89427
9.04563
13.5412
17.1632
19.738
21.1984
21.7051
21.7876
22.3058
23.7143
25.687
27.8543
30.3987
31.8644
29.5282
24.8146
18.4182
10.0482
0.724434
-11.2445
-24.825
-34.2222
-34.694
-19.9255
-4.77072
3.37216
8.13592
1.79368
-1.67553
6.1261
8.13521
5.81066
6.42348
-0.63473
0.786891
0.670423
1.00934
1.15797
1.31399
1.46411
1.60935
1.74181
1.86687
1.97969
2.07895
2.16299
2.2293
2.27449
2.29408
2.28164
2.22832
2.12214
1.94725
1.68336
1.30598
0.787866
0.100692
-0.783966
-1.89375
-3.25445
-4.88893
-6.8136
-9.03409
-11.5504
-14.3813
-17.6045
-21.3922
-26.0378
-32.2803
-39.9596
-42.821
-45.1206
-38.1392
-32.9341
-27.0452
-20.4877
-14.1286
-7.82393
-1.63166
4.19566
9.52605
14.1768
17.9087
20.5192
21.9136
22.2488
22.1088
22.4945
23.895
25.9103
28.1783
30.7997
32.1769
29.8492
25.0258
18.4544
9.74445
0.0161976
-12.9865
-28.4855
-39.2814
-39.6384
-22.0033
-4.78028
3.97823
9.25655
1.361
-2.85034
6.67336
8.63136
5.57219
5.86772
-0.634169
0.785117
0.664277
1.01746
1.16028
1.33137
1.4904
1.64472
1.78645
1.92088
2.04304
2.15162
2.24471
2.31963
2.37271
2.39914
2.39212
2.34229
2.23711
2.06012
1.79085
1.40556
0.878437
0.18223
-0.711339
-1.83081
-3.20468
-4.8595
-6.81333
-9.06953
-11.6227
-14.4863
-17.7377
-21.5605
-26.2711
-32.6185
-40.5691
-43.4043
-46.8169
-39.3791
-33.7697
-27.7425
-20.9547
-14.4004
-7.90115
-1.50687
4.51603
10.031
14.8437
18.6923
21.3414
22.6627
22.8044
22.4116
22.6528
24.0489
26.1147
28.4919
31.1658
32.539
30.2001
25.2449
18.4546
9.36882
-0.823294
-15.0339
-32.9307
-45.4807
-45.7682
-24.5027
-4.79136
4.57671
10.3617
0.754222
-4.26307
7.27554
9.14259
5.29465
5.01008
-0.594135
0.76336
0.665447
1.0247
1.16675
1.35337
1.52032
1.68387
1.83477
1.97845
2.10978
2.22746
2.32934
2.41253
2.47305
2.50576
2.50337
2.45598
2.35041
2.16984
1.89419
1.50105
0.966016
0.26262
-0.637359
-1.76401
-3.14946
-4.82394
-6.80656
-9.0978
-11.6862
-14.5788
-17.8517
-21.7001
-26.4602
-32.8614
-41.0079
-44.3299
-48.3409
-40.6262
-34.5426
-28.4016
-21.3986
-14.6534
-7.96381
-1.36672
4.85585
10.5614
15.5433
19.5161
22.2077
23.4487
23.3722
22.6921
22.7764
24.1727
26.2996
28.7953
31.4952
32.9342
30.5776
25.4752
18.4133
8.90963
-1.80856
-17.3686
-38.0571
-52.726
-53.1365
-27.5321
-4.82637
5.11562
11.3332
-0.117186
-5.89578
7.9412
9.62538
5.01781
4.56309
-0.520414
0.723168
0.672088
1.0292
1.17879
1.37866
1.5535
1.72637
1.88635
2.03912
2.17945
2.30599
2.41633
2.50737
2.5748
2.61302
2.61422
2.56787
2.46028
2.27473
1.99217
1.59174
1.05027
0.342022
-0.561533
-1.69304
-3.08878
-4.7823
-6.79329
-9.119
-11.741
-14.6589
-17.9466
-21.8103
-26.605
-33.036
-41.4023
-45.6097
-49.5817
-41.8425
-35.2475
-29.0115
-21.8145
-14.8839
-8.00988
-1.21051
5.2155
11.1178
16.277
20.3826
23.1214
24.2748
23.9525
22.9459
22.8607
24.2628
26.4642
29.0903
31.7989
33.3531
30.9845
25.7222
18.3255
8.35923
-2.91806
-19.8385
-43.2633
-60.299
-61.2678
-31.1377
-4.89937
5.47128
12.0057
-1.46156
-7.77487
8.6736
10.0906
4.61149
2.86919
-0.422032
0.67489
0.680692
1.03305
1.19564
1.40652
1.58968
1.77179
1.94074
2.10245
2.25156
2.38667
2.50509
2.60346
2.67707
2.71982
2.72326
2.67628
2.56502
2.37343
2.084
1.67734
1.13142
0.421129
-0.483232
-1.61772
-3.0227
-4.73467
-6.77362
-9.13328
-11.7876
-14.727
-18.0224
-21.891
-26.7058
-33.1543
-41.7497
-47.0082
-50.4746
-42.9933
-35.8787
-29.5619
-22.1974
-15.0882
-8.03698
-1.03739
5.59527
11.7008
17.0461
21.2942
24.0863
25.145
24.5455
23.1679
22.9005
24.3148
26.6077
29.3806
32.095
33.7889
31.4237
25.9932
18.1859
7.72192
-4.06175
-22.1173
-47.6521
-67.003
-68.978
-35.2112
-5.00243
5.72431
12.2232
-3.39542
-10.0188
9.56156
10.6446
4.03898
1.15491
-0.310004
0.627713
0.689373
1.03905
1.21615
1.43664
1.6285
1.8197
1.99752
2.16798
2.32562
2.46896
2.59498
2.70002
2.77888
2.82487
2.8289
2.77949
2.66312
2.46506
2.16938
1.75807
1.21025
0.500841
-0.402013
-1.53807
-2.95143
-4.6812
-6.7477
-9.14091
-11.8261
-14.7833
-18.0795
-21.9424
-26.7638
-33.2221
-42.029
-48.3125
-51.0013
-44.0294
-36.4364
-30.0436
-22.5425
-15.2626
-8.04252
-0.846378
5.99531
12.3106
17.8519
22.2537
25.1065
26.0634
25.1512
23.3525
22.8903
24.3244
26.7294
29.6701
32.4044
34.2349
31.9014
26.297
17.9912
7.02359
-5.07976
-23.8121
-50.9026
-72.2739
-75.2901
-39.4756
-5.10534
6.40632
12.0172
-5.99331
-12.9203
10.9478
11.429
3.37648
-0.0249348
-0.195295
0.584893
0.700117
1.04761
1.23925
1.46877
1.66954
1.86967
2.05625
2.23525
2.40112
2.55225
2.68526
2.79611
2.87903
2.92667
2.92945
2.87593
2.75357
2.54923
2.24849
1.83473
1.28786
0.581881
-0.317784
-1.45437
-2.87528
-4.62214
-6.71575
-9.14218
-11.8571
-14.8284
-18.1182
-21.9652
-26.7809
-33.241
-42.2086
-49.3444
-51.1744
-44.9196
-36.9203
-30.4492
-22.845
-15.4039
-8.02386
-0.636362
6.41563
12.9472
18.695
23.2635
26.1868
27.0353
25.7697
23.4933
22.8236
24.2865
26.8283
29.9634
32.7484
34.6826
32.4299
26.6422
17.7448
6.30569
-5.82565
-24.7557
-53.317
-76.4317
-80.4941
-43.6683
-5.18043
8.21252
11.6672
-9.66121
-16.8038
12.9294
12.2245
3.4858
2.43335
-0.0866644
0.544736
0.715431
1.05829
1.26449
1.50265
1.7124
1.92131
2.11649
2.30377
2.4775
2.63588
2.77511
2.89066
2.97614
3.02362
3.02333
2.96446
2.83591
2.62612
2.32213
1.90851
1.36521
0.664553
-0.230812
-1.36709
-2.79466
-4.55781
-6.67807
-9.13739
-11.8807
-14.8626
-18.1393
-21.9608
-26.7594
-33.2104
-42.2646
-50.0156
-51.0678
-45.6302
-37.3313
-30.7746
-23.1005
-15.5094
-7.97848
-0.406173
6.85607
13.6097
19.5758
24.3261
27.3322
28.0664
26.4007
23.5832
22.6936
24.1956
26.9035
30.2649
33.1457
35.1197
33.0252
27.0361
17.4553
5.58966
-6.29005
-25.1783
-55.0642
-79.667
-84.8728
-47.475
-5.19478
11.9814
11.4449
-14.8141
-21.6731
15.0836
13.0828
4.64541
6.57314
0.011083
0.50604
0.734245
1.07069
1.29157
1.53795
1.7567
1.9742
2.1778
2.37304
2.55416
2.71909
2.86354
2.98241
3.06871
3.11415
3.10928
3.04448
2.91022
2.69643
2.39149
1.9806
1.44289
0.748699
-0.141649
-1.27684
-2.7101
-4.4886
-6.63494
-9.12682
-11.8974
-14.8863
-18.1436
-21.9313
-26.7023
-33.1288
-42.185
-50.3019
-50.7528
-46.1452
-37.6721
-31.0174
-23.3052
-15.577
-7.90419
-0.15467
7.31632
14.2971
20.4936
25.443
28.5476
29.1632
27.0433
23.6141
22.4919
24.0458
26.9541
30.5779
33.6101
35.5247
33.6991
27.4871
17.1194
4.89739
-6.50971
-25.3192
-56.0947
-81.8702
-87.7119
-50.5382
-5.09957
18.3405
11.9947
-21.312
-27.1761
16.4862
14.0726
6.78356
12.3287
0.0965397
0.471699
0.754426
1.0847
1.32013
1.57436
1.80207
2.02797
2.23974
2.44253
2.63043
2.80101
2.94941
3.06996
3.15521
3.19694
3.18659
3.11599
2.97715
2.76135
2.45791
2.05183
1.52092
0.833788
-0.0510388
-1.18434
-2.62218
-4.41495
-6.58668
-9.11068
-11.9074
-14.9
-18.1324
-21.8791
-26.6128
-32.9966
-41.9702
-50.231
-50.3066
-46.4665
-37.9399
-31.1791
-23.456
-15.6051
-7.79918
0.119152
7.79595
15.0076
21.4466
26.615
29.838
30.3328
27.6959
23.5769
22.2092
23.8299
26.9789
30.9049
34.1451
35.8586
34.4616
28.0033
16.7168
4.27725
-6.67836
-25.2558
-56.308
-83.2419
-88.9174
-52.6956
-4.82699
27.0073
13.92
-28.0146
-32.6772
16.4901
14.9131
8.75512
20.1209
0.169328
0.445069
0.775204
1.10035
1.3498
1.61159
1.84818
2.08223
2.30183
2.51164
2.70553
2.88061
3.03143
3.15185
3.2343
3.27114
3.25512
3.17957
3.03783
2.82226
2.52242
2.12247
1.5989
0.919041
0.0401645
-1.09037
-2.53155
-4.33734
-6.5336
-9.08915
-11.9108
-14.9043
-18.107
-21.807
-26.4945
-32.8157
-41.6357
-49.8804
-49.7979
-46.5946
-38.1362
-31.263
-23.5511
-15.5931
-7.66221
0.416061
8.29435
15.7389
22.4322
27.8412
31.2073
31.5823
28.3559
23.462
21.8347
23.5417
26.9769
31.2469
34.7448
36.0955
35.32
28.5809
16.2524
3.68684
-7.02638
-25.102
-55.7591
-84.2859
-88.9974
-54.1224
-4.33845
36.2774
16.5721
-33.0189
-37.4266
14.9189
15.4498
10.9533
28.7773
0.2292
0.426652
0.796339
1.11759
1.38026
1.64943
1.89472
2.13661
2.36359
2.57971
2.77854
2.95672
3.10825
3.22676
3.30503
3.33651
3.31536
3.23625
3.09364
2.88038
2.58557
2.1923
1.67609
1.00355
0.131043
-0.995786
-2.43896
-4.25634
-6.47598
-9.06228
-11.9076
-14.8997
-18.0693
-21.7183
-26.3513
-32.5899
-41.2012
-49.321
-49.268
-46.5564
-38.2578
-31.275
-23.5901
-15.541
-7.49264
0.736503
8.8107
16.4882
23.4462
29.1192
32.6585
32.9185
29.0182
23.2579
21.3544
23.1697
26.9457
31.6016
35.413
36.2849
36.282
29.1955
15.7752
2.96663
-7.79458
-25.0062
-54.5156
-85.002
-88.1397
-55.0233
-3.5344
43.8262
18.779
-35.7429
-41.125
12.2768
15.5559
13.8152
33.8794
0.276375
0.415879
0.817562
1.13635
1.4113
1.68768
1.94138
2.1907
2.42443
2.64593
2.84844
3.02809
3.17857
3.29367
3.36703
3.39338
3.36823
3.28737
3.1459
2.93647
2.64734
2.26071
1.75162
1.08635
0.220636
-0.90152
-2.34524
-4.17255
-6.41409
-9.03002
-11.8979
-14.8867
-18.0211
-21.6163
-26.1874
-32.3251
-40.6919
-48.6361
-48.7722
-46.3696
-38.3055
-31.2229
-23.5741
-15.4494
-7.29049
1.08055
9.34392
17.2524
24.4836
30.4444
34.1919
34.3468
29.6754
22.953
20.7532
22.709
26.8845
31.9659
36.1547
36.4824
37.3517
29.8209
15.3399
1.87191
-9.23627
-25.1461
-52.6328
-84.825
-86.1112
-55.1453
-2.56178
48.7129
22.3711
-37.9651
-44.4027
8.89247
15.2821
16.9003
32.7746
0.311608
0.412434
0.838618
1.15661
1.44272
1.72615
1.98786
2.24403
2.48368
2.70939
2.91406
3.09349
3.24135
3.35209
3.42049
3.4426
3.41503
3.3343
3.19555
2.99076
2.7073
2.32691
1.82454
1.16646
0.307934
-0.808598
-2.25134
-4.08662
-6.34812
-8.99218
-11.8815
-14.8658
-17.9644
-21.5045
-26.0069
-32.0277
-40.1294
-47.8849
-48.3204
-46.0567
-38.2823
-31.1144
-23.5057
-15.3199
-7.05641
1.4479
9.89273
18.0283
25.5382
31.8099
35.806
35.8713
30.3177
22.5363
20.0139
22.1432
26.7909
32.3355
36.9417
36.6532
38.5187
30.4721
14.9569
0.128325
-11.6042
-25.744
-50.2368
-83.6357
-82.6808
-54.2561
-1.59033
51.6088
28.0756
-39.4167
-47.4195
4.86538
14.7175
20.0938
29.2798
0.335685
0.416202
0.859363
1.17835
1.4744
1.76467
2.0338
2.29607
2.54054
2.76905
2.97425
3.15186
3.296
3.40209
3.46616
3.48537
3.45712
3.37814
3.24305
3.043
2.76477
2.39003
1.89392
1.24291
0.39187
-0.718148
-2.15829
-3.99927
-6.27828
-8.94844
-11.8578
-14.8376
-17.9013
-21.3861
-25.8141
-31.7037
-39.5276
-47.0886
-47.8701
-45.6352
-38.1898
-30.9585
-23.3887
-15.1543
-6.7916
1.83789
10.4556
18.8121
26.6036
33.2068
37.4942
37.488
30.9233
21.9857
19.0986
21.462
26.6597
32.7039
37.7161
36.7313
39.8163
31.2148
14.5787
-2.51427
-15.1335
-27.0477
-47.4265
-81.3627
-77.8376
-52.5464
-0.709947
53.3966
34.2907
-36.775
-47.6021
1.50517
14.4818
22.9211
27.787
0.349132
0.427136
0.87975
1.20157
1.5062
1.803
2.07876
2.34613
2.5941
2.82385
3.028
3.20257
3.34246
3.44427
3.50514
3.52303
3.49569
3.41951
3.28835
3.09264
2.81898
2.44921
1.95888
1.3147
0.471316
-0.63139
-2.06724
-3.91128
-6.20468
-8.89836
-11.8266
-14.8024
-17.8337
-21.2645
-25.6132
-31.3597
-38.8972
-46.2547
-47.384
-45.1142
-38.034
-30.7623
-23.2273
-14.9548
-6.49758
2.24968
11.0311
19.6005
27.6722
34.6231
39.2458
39.1944
31.4823
21.3111
18.0285
20.6584
26.4986
33.0742
38.4263
36.7629
41.3132
32.1105
14.1271
-6.23709
-19.9938
-29.2702
-44.2572
-77.5641
-71.8371
-50.1618
-0.00431183
53.9187
39.3225
-28.362
-42.4596
1.21158
15.2344
24.4012
31.3739
0.352276
0.445303
0.899786
1.22626
1.53797
1.84082
2.12218
2.39341
2.64339
2.87281
3.07461
3.24544
3.38123
3.47966
3.53871
3.55681
3.53151
3.45857
3.33105
3.13904
2.86917
2.50367
2.01855
1.38082
0.545092
-0.549621
-1.97942
-3.82346
-6.12743
-8.84137
-11.7872
-14.7607
-17.7635
-21.1426
-25.4083
-31.0021
-38.2472
-45.3866
-46.8397
-44.5066
-37.8177
-30.532
-23.0254
-14.7232
-6.17586
2.68233
11.6177
20.39
28.7375
36.0481
41.0457
40.9641
31.9406
20.4499
16.6283
19.6893
26.2914
33.4479
39.037
36.8793
42.9801
33.1485
13.5396
-11.1113
-26.2125
-32.4926
-40.8069
-72.0917
-64.9103
-47.1535
0.639003
53.4025
41.7263
-16.4592
-32.9265
4.14879
16.8032
23.821
31.3397
0.345244
0.470849
0.919487
1.25233
1.56947
1.87768
2.16336
2.43704
2.68749
2.91524
3.11384
3.28084
3.41321
3.50946
3.56812
3.5876
3.56492
3.49507
3.37061
3.18151
2.91464
2.55268
2.07209
1.44028
0.612002
-0.47417
-1.89608
-3.73669
-6.04666
-8.77686
-11.7389
-14.7125
-17.6923
-21.0235
-25.2037
-30.6372
-37.5846
-44.4835
-46.2148
-43.8192
-37.543
-30.2716
-22.7858
-14.4608
-5.82763
3.13513
12.2143
21.1783
29.7924
37.4618
42.8559
42.7538
32.2681
19.4533
15.0569
18.5701
26.0413
33.8163
39.5438
37.2259
44.6035
34.2762
12.8178
-17.0651
-33.6054
-36.5517
-37.122
-64.9417
-57.2166
-43.5368
1.46648
52.2933
42.2194
-4.2238
-21.6785
8.51142
18.5209
23.124
28.8697
0.328002
0.503919
0.938844
1.27961
1.60034
1.91301
2.20154
2.47617
2.72569
2.9508
3.14595
3.30958
3.43954
3.53491
3.59435
3.61587
3.59583
3.52859
3.40645
3.21945
2.9548
2.59559
2.11873
1.49211
0.670894
-0.406335
-1.81852
-3.65188
-5.9625
-8.70418
-11.681
-14.6581
-17.6216
-20.9097
-25.0036
-30.2716
-36.9169
-43.5472
-45.4965
-43.064
-37.2111
-29.9826
-22.5106
-14.1679
-5.45354
3.60783
12.8204
21.962
30.8296
38.8568
44.6719
44.5516
32.4575
18.0929
12.9136
17.2696
25.803
34.2376
40.0602
37.8811
45.8562
35.5306
11.9872
-23.8701
-41.7553
-40.9726
-33.1126
-55.9609
-48.9549
-39.2598
2.71767
51.0155
42.111
6.76643
-10.644
12.8346
19.8254
23.0622
27.1254
0.300439
0.544525
0.957752
1.30774
1.63006
1.94607
2.2359
2.5101
2.75763
2.97967
3.17162
3.33271
3.46141
3.55701
3.61796
3.64169
3.62392
3.55863
3.43803
3.25237
2.98915
2.63181
2.15776
1.53547
0.720746
-0.347282
-1.7479
-3.56991
-5.87515
-8.6228
-11.6128
-14.5973
-17.5522
-20.8034
-24.8121
-29.9115
-36.2519
-42.5855
-44.6875
-42.2629
-36.8217
-29.6655
-22.2007
-13.8444
-5.05366
4.10029
13.4353
22.7422
31.8567
40.215
46.35
45.9183
31.9011
15.2149
9.06289
15.2945
25.472
34.8073
40.8312
38.9772
46.4498
36.9826
10.9356
-31.1954
-50.023
-45.0464
-28.5307
-45.171
-40.7612
-34.3287
4.51942
50.1225
42.3021
15.835
-1.13762
16.4338
20.5781
23.2996
26.0333
0.262494
0.59241
0.975977
1.3362
1.65798
1.97612
2.26576
2.53844
2.78338
3.00244
3.19183
3.35137
3.47985
3.57645
3.63918
3.66487
3.64879
3.58473
3.46496
3.27989
3.01726
2.66089
2.18864
1.56969
0.760792
-0.297892
-1.68517
-3.49157
-5.78491
-8.5324
-11.5338
-14.53
-17.4849
-20.7068
-24.6329
-29.5637
-35.5987
-41.6113
-43.8035
-41.4425
-36.3756
-29.3198
-21.8572
-13.49
-4.62823
4.61226
14.0604
23.525
32.8679
41.4842
47.8686
46.5378
30.7383
12.1063
4.25102
12.7355
25.0426
35.5662
41.9399
40.6817
46.4775
38.3482
9.57188
-38.6408
-57.859
-48.0293
-23.0563
-33.011
-33.8088
-28.448
6.82671
49.6652
42.9555
22.8955
6.55575
19.1552
20.954
22.6555
24.8011
0.214339
0.646902
0.993145
1.36426
1.68339
2.00247
2.29069
2.56117
2.80344
3.01998
3.20765
3.36658
3.49559
3.59353
3.65792
3.6851
3.67008
3.60658
3.48695
3.30173
3.03888
2.68252
2.21105
1.59445
0.790684
-0.258564
-1.63082
-3.41742
-5.69219
-8.43301
-11.4438
-14.456
-17.4197
-20.6211
-24.4696
-29.2344
-34.9676
-40.6421
-42.8704
-40.6294
-35.8755
-28.9463
-21.4826
-13.106
-4.17829
5.14438
14.7016
24.3212
33.8623
42.6768
49.0083
45.8189
29.5998
10.8379
-0.0712526
9.96253
24.6036
36.5382
43.3872
42.9288
46.3172
39.1751
7.94596
-45.6451
-64.7902
-49.3598
-16.4361
-19.8926
-28.2468
-21.0235
9.3999
49.6686
44.0766
28.2889
12.6398
21.0999
20.9778
21.0219
23.3967
0.156588
0.706789
1.00877
1.3911
1.70564
2.02466
2.31062
2.57869
2.81859
3.0333
3.22008
3.37912
3.50905
3.6083
3.67396
3.70207
3.68749
3.62395
3.50383
3.31777
3.0539
2.69666
2.22502
1.6099
0.810697
-0.22896
-1.58461
-3.34755
-5.59746
-8.32518
-11.3433
-14.3755
-17.3567
-20.5471
-24.3249
-28.93
-34.3695
-39.6971
-41.914
-39.8383
-35.3249
-28.5466
-21.081
-12.6952
-3.70494
5.70021
15.3696
25.1359
34.8008
43.6442
49.3871
44.8864
29.1537
9.58293
-3.42904
7.22069
24.2063
37.6792
45.1132
45.4743
46.4539
39.2022
6.26206
-51.6228
-70.3661
-48.7543
-8.62715
-5.86074
-21.3075
-12.7774
11.8038
50.0716
45.7158
32.6048
17.481
22.4388
20.8801
19.8785
22.2637
0.0905458
0.770229
1.02234
1.41591
1.72424
2.04252
2.32586
2.59171
2.82978
3.04337
3.22992
3.38948
3.52036
3.62065
3.68711
3.7156
3.70093
3.6368
3.51562
3.32808
3.06248
2.70361
2.23108
1.61686
0.821949
-0.207771
-1.54538
-3.28149
-5.5013
-8.21014
-11.2333
-14.2893
-17.2961
-20.4859
-24.2021
-28.6566
-33.8159
-38.7968
-40.9592
-39.0659
-34.7309
-28.1219
-20.656
-12.2585
-3.20483
6.29011
16.0782
25.963
35.6275
44.2405
48.9883
44.1866
28.9925
7.82776
-5.1554
4.77221
23.937
38.9221
47.0269
48.0909
47.0619
38.6661
4.70631
-55.8849
-74.0386
-46.0522
0.143446
8.61383
-10.3211
-4.48722
14.7696
50.8016
48.0712
36.4685
21.4512
23.3598
20.6496
19.0578
21.3785
0.0184586
0.834735
1.0334
1.43795
1.73903
2.05625
2.337
2.60107
2.83791
3.05099
3.2377
3.39786
3.52951
3.63043
3.6972
3.7256
3.71037
3.64521
3.52249
3.33296
3.06509
2.70411
2.23035
1.61692
0.826522
-0.192609
-1.51098
-3.21821
-5.40446
-8.08991
-11.1158
-14.198
-17.2365
-20.4353
-24.1005
-28.4174
-33.3159
-37.9602
-40.0279
-38.3001
-34.1042
-27.6702
-20.206
-11.7897
-2.66524
6.93152
16.8354
26.7723
36.2765
44.3864
48.0326
43.54
28.9717
6.51018
-5.51075
2.76031
23.826
40.2326
48.9982
50.6719
48.0482
38.1224
3.52657
-57.6591
-75.3137
-41.039
9.43173
22.408
3.37724
4.77136
20.0922
52.5288
51.4919
40.3778
24.7697
23.994
20.3955
18.474
20.9047
-0.0563215
0.897262
1.0417
1.45674
1.75015
2.06635
2.34483
2.60764
2.84377
3.05671
3.24372
3.40436
3.53646
3.63761
3.70429
3.73222
3.7161
3.64955
3.52494
3.33308
3.06272
2.69956
2.22474
1.61259
0.827497
-0.180171
-1.47864
-3.15661
-5.30834
-7.96777
-10.9942
-14.1049
-17.1814
-20.3993
-24.0265
-28.2209
-32.882
-37.2095
-39.1517
-37.5504
-33.4637
-27.1897
-19.7247
-11.277
-2.07058
7.63354
17.6202
27.4985
36.6853
44.1106
46.8735
42.8046
29.0643
6.40571
-5.21667
1.38186
23.9619
41.6917
51.0187
53.1884
49.4284
38.1373
3.12631
-56.5419
-74.2447
-34.4884
18.6837
34.4444
16.5959
15.1129
27.7571
56.0406
56.012
44.3545
27.4994
24.4466
20.2096
18.1175
20.7397
-0.129377
0.954459
1.04726
1.47205
1.75802
2.07345
2.35013
2.61215
2.84791
3.06086
3.2481
3.40898
3.54119
3.64222
3.7085
3.73567
3.7184
3.65025
3.52359
3.32939
3.05669
2.69179
2.2167
1.60693
0.828293
-0.167196
-1.44619
-3.0967
-5.2158
-7.84829
-10.8715
-14.0087
-17.1242
-20.3669
-23.9693
-28.0604
-32.5129
-36.5532
-38.3541
-36.8366
-32.8339
-26.6878
-19.2147
-10.7217
-1.42964
8.35992
18.3505
28.0459
36.8171
43.553
45.779
41.9856
29.1997
7.23607
-4.73108
1.05427
24.3874
43.3454
53.1944
55.6957
51.238
39.0265
3.90649
-53.3588
-71.3758
-28.3075
27.4005
44.1007
27.1028
24.5473
35.7366
60.4622
60.8387
48.0245
29.6728
24.8089
20.0511
17.9253
20.4694
-0.195586
1.00323
1.05046
1.48402
1.76332
2.07829
2.35362
2.61518
2.85076
3.06373
3.25103
3.41191
3.54397
3.64465
3.71032
3.73661
3.71809
3.64833
3.51974
3.32349
3.04905
2.68335
2.2093
1.60335
0.832281
-0.151059
-1.41264
-3.04008
-5.13147
-7.73863
-10.7559
-13.9187
-17.0773
-20.3533
-23.9458
-27.9543
-32.2285
-36.0165
-37.6723
-36.1971
-32.2489
-26.1881
-18.7001
-10.1597
-0.803369
9.01272
18.9144
28.362
36.7236
42.9183
44.822
41.1659
29.3248
8.52808
-4.02901
1.80522
25.1033
45.1122
55.4573
58.193
53.4022
40.8522
6.03183
-49.5645
-67.4614
-22.4752
35.2912
51.2779
34.3803
31.7566
42.3224
64.4875
65.0962
51.1264
31.3639
25.1161
19.9816
17.8904
20.6467
-0.250221
1.0411
1.05178
1.49285
1.76663
2.08144
2.35579
2.61708
2.85249
3.06537
3.25256
3.41323
3.54496
3.64514
3.71013
3.7355
3.71581
3.64465
3.51456
3.31697
3.0418
2.6766
2.20491
1.60376
0.840168
-0.133025
-1.38181
-2.99319
-5.06394
-7.64768
-10.6516
-13.8281
-17.0213
-20.3293
-23.9236
-27.8729
-32.0035
-35.5808
-37.104
-35.6479
-31.7378
-25.7315
-18.2321
-9.66285
-0.291083
9.48182
19.2501
28.4717
36.5102
42.3302
43.9866
40.4277
29.4254
9.99032
-2.86119
3.33515
26.0787
46.8669
57.6506
60.5705
55.7575
43.2394
9.349
-45.8527
-63.0696
-16.3354
42.2528
56.1987
38.9066
36.6454
47.0351
67.5953
68.4258
53.6202
32.6296
25.394
20.031
18.0586
22.2673
-0.289633
1.06741
1.05213
1.49907
1.76865
2.08345
2.35712
2.61823
2.85348
3.0662
3.25318
3.41356
3.54491
3.64459
3.70897
3.73358
3.713
3.64086
3.50989
3.31179
3.03691
2.67327
2.20479
1.60859
0.851421
-0.114459
-1.35546
-2.95796
-5.01652
-7.58366
-10.5753
-13.7613
-16.9866
-20.328
-23.933
-27.8455
-31.8713
-35.286
-36.6943
-35.2325
-31.3392
-25.366
-17.8723
-9.31197
0.0307446
9.74415
19.4109
28.4762
36.3039
41.8634
43.3251
39.843
29.4906
11.3326
-1.37426
5.08174
27.1808
48.4654
59.5993
62.6518
58.0264
45.6273
12.9629
-42.0276
-58.5388
-10.373
48.0393
59.2216
41.4566
39.6649
50.0956
69.7917
70.8264
55.5848
33.5593
25.6788
20.2479
18.6698
25.6502
-0.313506
1.08253
1.05189
1.50289
1.76969
2.08456
2.35777
2.61871
2.85378
3.0663
3.25305
3.41314
3.54415
3.64343
3.70735
3.73146
3.71038
3.63785
3.50672
3.30894
3.03509
2.67333
2.20758
1.61462
0.860617
-0.102948
-1.34288
-2.94465
-4.99965
-7.55647
-10.5333
-13.7129
-16.9487
-20.3105
-23.9287
-27.8221
-31.7754
-35.076
-36.4079
-34.9497
-31.0806
-25.1443
-17.6734
-9.13175
0.188787
9.86463
19.4666
28.4429
36.149
41.5351
42.8782
39.4547
29.5422
12.3969
0.18602
6.72128
28.2916
49.7806
61.1547
64.2563
59.8701
47.5239
15.7936
-38.9644
-54.823
-5.27577
52.3099
60.7673
42.7029
41.3011
51.8472
71.1921
72.3717
56.9989
34.2399
25.9269
20.5695
19.8528
30.2752
-0.32303
1.08905
1.0519
1.50484
1.77023
2.08512
2.3581
2.61896
2.85393
3.06633
3.25293
3.41286
3.54367
3.64275
3.70646
3.73038
3.70917
3.63658
3.50555
3.30809
3.03487
2.67415
2.20984
1.61864
0.866383
-0.0958446
-1.33522
-2.93714
-4.99217
-7.54809
-10.5249
-13.7099
-16.9555
-20.3235
-23.9384
-27.817
-31.7418
-35.004
-36.3145
-34.8611
-30.9965
-25.0709
-17.6051
-9.06873
0.240733
9.90112
19.4844
28.4327
36.0878
41.3986
42.7035
39.313
29.5785
12.8484
0.880116
7.53262
29.0459
50.6048
62.0451
65.0994
60.7866
48.4861
17.2679
-37.3431
-52.5648
-2.14139
54.3582
61.3336
43.114
41.9306
52.6439
71.949
73.1473
57.8317
34.7811
26.0927
20.9302
21.2093
37.3477
)
;

boundaryField
{
    inletFace
    {
        type            zeroGradient;
    }
    inlet
    {
        type            zeroGradient;
    }
    inletWalls
    {
        type            zeroGradient;
    }
    outletInlet
    {
        type            cyclicAMI;
        value           nonuniform List<scalar> 
15
(
-1.40864
1.04855
4.0789
8.71652
14.015
20.9978
28.5619
33.8035
40.3209
42.0686
40.6102
40.6158
31.8989
26.4719
24.5688
)
;
    }
    fineSymmetryWall
    {
        type            symmetryPlane;
    }
    fineWalls
    {
        type            zeroGradient;
    }
    fineCyclicBoundary
    {
        type            fixedValue;
        value           uniform 0;
    }
    fineplug
    {
        type            cyclicAMI;
        value           nonuniform List<scalar> 
80
(
-1.19069
-2.24867
-0.0359708
-1.00296
-3.22687
0.249402
0.362158
0.810202
0.875543
1.37707
2.9268
5.00878
5.43472
1.88269
2.87285
5.06025
7.21737
7.53608
8.51882
9.23798
10.1656
11.0915
12.0849
13.7243
14.3542
15.794
18.223
20.1931
21.046
22.1135
21.5685
20.8558
26.6628
27.8002
28.3648
28.8467
30.0321
33.1019
34.5251
32.3769
29.9229
36.99
39.0148
41.0141
40.5554
40.0217
39.6295
40.2946
40.2813
39.8971
45.442
42.985
42.6443
43.9955
43.285
41.9862
40.2977
35.7393
40.1757
46.1756
42.4457
40.6033
37.9397
34.6884
34.4932
32.9649
30.6907
27.7943
33.7824
29.773
27.4126
27.1079
26.497
25.3653
22.2474
21.613
23.0399
28.4527
24.9833
23.8929
)
;
    }
    faceFine
    {
        type            zeroGradient;
    }
}


// ************************************************************************* //
