/*--------------------------------*- C++ -*----------------------------------*\
| =========                 |                                                 |
| \\      /  F ield         | OpenFOAM: The Open Source CFD Toolbox           |
|  \\    /   O peration     | Version:  4.1                                   |
|   \\  /    A nd           | Web:      www.OpenFOAM.org                      |
|    \\/     M anipulation  |                                                 |
\*---------------------------------------------------------------------------*/
FoamFile
{
    version     2.0;
    format      ascii;
    class       volScalarField;
    location    "19";
    object      p;
}
// * * * * * * * * * * * * * * * * * * * * * * * * * * * * * * * * * * * * * //

dimensions      [0 2 -2 0 0 0 0];

internalField   nonuniform List<scalar> 
6785
(
602.863
525.099
478.703
425.904
379.7
335.16
293.621
254.223
216.88
181.44
147.247
113.915
84.9131
55.0003
13.6825
3.40479
-14.1791
-3.96947
-10.8799
-9.93851
-12.1957
-12.6307
-13.0272
-12.4927
-11.0659
-8.45191
-4.96687
0.0315049
6.41452
9.10934
22.6528
17.5134
25.9606
20.632
23.7452
21.8699
21.9697
20.84
19.9124
18.6684
17.6245
17.2117
16.8941
15.964
14.7413
15.7772
11.0791
12.6119
6.19397
5.93579
1.21262
-1.01352
-4.61558
-7.52652
-10.5773
-13.0125
-14.3676
-15.3122
-16.4316
-15.7348
-13.0724
-16.1407
-13.8619
-17.3822
-15.1747
-17.4419
-16.6068
-17.4096
-17.2669
-17.3392
-16.9494
-16.0691
-14.449
-13.4079
-11.2745
5.04213
4.76924
8.14332
6.88216
10.412
10.112
12.478
13.4163
15.0626
16.4519
18.0075
19.4091
21.2184
22.5093
25.102
29.622
30.3664
33.0616
32.3569
35.2314
35.1963
37.0916
37.9523
39.2799
40.4518
41.7355
42.9195
44.3146
45.306
46.8093
46.1369
47.1025
49.1613
48.6685
50.9067
50.9195
52.3911
53.1098
54.145
55.0874
56.0512
56.9523
58.042
58.8463
60.1251
63.1648
64.3385
65.8685
65.7939
67.6013
67.7089
68.8702
68.9493
69.1016
68.8503
68.6725
68.9438
69.6638
70.3257
70.9863
71.8521
72.1409
72.8201
72.1405
72.8571
72.0735
72.0597
71.2904
70.7793
70.1436
69.6542
69.2609
68.7484
68.7084
67.8546
73.6961
70.782
70.7874
68.6339
68.193
66.3266
65.1306
62.9065
60.489
57.3176
53.9412
50.9278
49.3969
48.7639
45.1351
25.1761
19.186
16.8122
12.1273
8.92486
4.51612
1.17196
-2.256
-4.67273
-6.50371
-7.31483
-7.13976
-6.67106
-7.03226
-8.54182
-6.43732
-10.5898
-12.5079
-15.6812
-17.3788
-19.7835
-20.9152
-21.6826
-21.6622
-21.3068
-20.6358
-19.9359
-19.3622
-18.9309
-17.3147
0.531865
3.00078
3.09802
2.33841
2.39418
2.23798
2.60361
2.77245
2.88126
2.85072
2.88335
2.85564
3.40697
4.03772
6.25858
65.6894
65.6373
62.9236
57.6597
51.2515
46.1349
41.7965
37.6697
34.3205
32.1714
30.2256
28.8778
28.174
27.9274
27.1845
43.2865
43.2638
46.4059
43.1109
43.3118
44.2403
43.3945
42.7448
42.6535
42.5604
42.2991
41.3298
41.5096
41.2176
40.1962
39.9443
40.1957
40.1476
38.6884
39.3209
39.2967
38.0924
37.8495
38.5168
38.5896
37.4039
37.2098
37.8085
38.2457
36.8655
37.5415
38.0505
37.0377
36.8913
37.4221
38.0005
36.9465
37.4212
37.9919
37.2718
37.1359
37.602
37.7928
37.1741
37.0558
37.4599
37.4543
36.7696
37.2149
37.2623
36.8839
36.7953
37.127
37.4301
37.2429
37.168
37.3235
38.0169
37.8856
37.9065
38.4819
38.448
38.3937
38.2946
38.743
38.8781
39.9076
38.7623
37.2392
38.539
40.0661
32.7479
29.052
32.5679
37.1432
11.9936
21.9872
29.8838
-16.3743
-4.53435
1.12999
-1.33772
3.16229
-3.98949
-2.38032
3.20229
3.2916
4.27923
4.70193
5.6221
7.49741
11.3286
10.2236
6.19163
8.01508
11.1557
14.4027
14.971
16.5805
17.4266
19.6887
22.3496
20.6029
23.3028
24.0863
26.1577
29.2636
31.2887
32.2844
33.7111
33.3218
38.796
38.6657
40.6199
41.4536
42.1978
44.0662
46.893
48.2739
45.3856
49.5971
52.741
55.1206
55.9232
55.396
54.779
53.9461
55.8636
51.8338
57.9018
61.3928
57.4893
57.632
57.1714
54.3307
52.1444
50.0223
42.3415
49.9165
55.9678
49.1904
46.0192
41.0932
36.5736
31.9599
28.4461
24.3385
17.9539
15.5427
19.5157
13.5127
12.4799
10.5016
7.96634
0.927859
-1.26312
1.55423
-10.5733
4.50433
1.75479
1.09302
8.36767
0.71334
4.7711
2.97704
5.90989
9.51515
3.66857
7.26705
9.5233
5.68727
7.46999
6.41574
7.82106
9.9199
6.68004
8.03796
7.10053
8.1909
9.70055
6.74167
8.28597
9.22749
7.20475
7.93618
7.31343
7.85829
8.78055
7.0413
7.60501
7.04793
7.47192
8.12748
6.52406
7.19827
7.56977
6.44087
6.71853
6.32882
6.5023
6.87236
5.89625
6.09587
5.7455
5.86463
6.098
5.2041
5.45439
5.53927
4.88994
4.9491
4.69409
4.69381
4.77954
4.22806
4.2527
4.03051
4.00951
4.03706
3.55868
3.60582
3.57935
3.24625
3.22803
3.09782
3.06075
3.06676
2.79124
2.758
2.55766
2.55545
2.45525
1.94458
1.99752
1.8981
1.15377
1.00184
0.910031
0.464108
0.268572
0.00193874
0.00314504
0.00465108
0.00573689
0.00680435
0.00778503
0.00870949
0.00963881
0.0105533
0.0115059
0.0124798
0.013495
0.0145326
0.0155961
0.0166971
0.0179023
0.0193262
0.0211027
0.0232918
0.0258484
0.0287176
0.0318321
0.0350681
0.0383011
0.0413296
0.0438913
0.0456849
0.0464551
0.046193
0.0453689
0.0450386
0.0465725
0.0509405
0.0579181
0.0657354
0.0714589
0.072257
0.0667379
0.0554113
0.0400669
0.0225863
0.00408399
-0.0151408
-0.0345749
-0.0531423
-0.0757956
-0.129433
-0.193309
0.0437782
-0.800219
-0.691617
-0.774022
-0.913106
-1.04472
-1.18483
-1.28164
-1.32455
-1.28678
-1.1586
-0.932153
-0.633978
-0.353214
-0.106652
0.100018
0.260124
0.378584
0.459568
0.499797
0.518951
0.502863
0.474784
0.425121
0.349724
0.327642
0.121493
0.0911989
0.159527
0.134847
0.136831
0.00517335
0.00807435
0.0120633
0.0149338
0.0176077
0.0200915
0.0223479
0.0246278
0.0268366
0.0291489
0.0315066
0.0339731
0.0364908
0.0390689
0.0417374
0.0446837
0.0482315
0.0527577
0.0584166
0.0650545
0.072503
0.0805699
0.0889134
0.0972171
0.104976
0.111544
0.116119
0.117753
0.115498
0.10865
0.0971206
0.0817757
0.0644295
0.0474636
0.0331185
0.0225393
0.0156547
0.0114819
0.00839128
0.00448394
-0.00209462
-0.0128436
-0.0288832
-0.0512982
-0.082742
-0.127586
-0.187092
-0.209401
0.224543
-1.20688
-1.04906
-1.19508
-1.41587
-1.62312
-1.84108
-1.98504
-2.03359
-1.94247
-1.72025
-1.37969
-0.950403
-0.523695
-0.121562
0.233728
0.522966
0.745161
0.900746
0.985622
1.02164
0.996975
0.932862
0.843334
0.703655
0.6472
0.354067
0.325615
0.450327
0.389123
0.790356
0.00811731
0.0132904
0.0202129
0.0252054
0.0298956
0.0342422
0.0382175
0.0422249
0.0461173
0.0501825
0.0543272
0.0586559
0.0630721
0.0675896
0.0722576
0.077392
0.0835427
0.0913529
0.101087
0.112489
0.125282
0.139139
0.153488
0.167788
0.181179
0.192566
0.200637
0.203962
0.201377
0.192481
0.178179
0.160804
0.143413
0.128579
0.117232
0.107962
0.0981716
0.0855824
0.0687674
0.0469793
0.0195162
-0.0146006
-0.0566704
-0.107901
-0.171073
-0.25582
-0.36963
-0.425921
0.159437
-1.37177
-1.18499
-1.34159
-1.60495
-1.85247
-2.11177
-2.28205
-2.33746
-2.22457
-1.9624
-1.57061
-1.08021
-0.586438
-0.112299
0.312127
0.662113
0.934074
1.12618
1.23369
1.28078
1.25488
1.17969
1.07231
0.915327
0.840733
0.593378
0.602509
0.74624
0.669631
1.13302
0.0107795
0.0180605
0.0276833
0.0346938
0.0412237
0.0472949
0.0528249
0.0584019
0.0638102
0.0694582
0.0752143
0.0812252
0.0873535
0.093614
0.10007
0.107162
0.115665
0.126492
0.14001
0.155845
0.173612
0.192854
0.212777
0.232642
0.251256
0.267097
0.278313
0.282869
0.279077
0.266309
0.245702
0.220239
0.193719
0.169289
0.148367
0.130105
0.112667
0.0942499
0.0730474
0.0471255
0.0142323
-0.0280371
-0.0821487
-0.150388
-0.237295
-0.354934
-0.495365
-0.552196
-0.0900725
-1.71431
-1.47936
-1.60645
-1.93179
-2.23915
-2.55897
-2.77074
-2.84071
-2.7027
-2.3836
-1.90793
-1.3121
-0.709562
-0.128026
0.394441
0.82683
1.16408
1.40311
1.53812
1.59902
1.56971
1.48139
1.34929
1.168
1.0765
0.828287
0.892434
1.02425
0.94516
1.60215
0.0131799
0.0227633
0.0351116
0.0442372
0.0526763
0.0605522
0.0677091
0.0749301
0.0819272
0.0892328
0.0966769
0.104449
0.112367
0.120444
0.128751
0.137852
0.148761
0.162677
0.180076
0.200456
0.223327
0.248098
0.273762
0.299377
0.323403
0.343847
0.358242
0.363882
0.358622
0.341925
0.315743
0.28436
0.252714
0.224356
0.200366
0.179052
0.157689
0.133746
0.104889
0.0688798
0.0231908
-0.0349932
-0.108753
-0.200997
-0.317335
-0.473038
-0.651688
-0.752079
-0.564033
-2.03037
-1.81637
-1.88483
-2.27583
-2.64967
-3.03494
-3.29206
-3.37725
-3.21037
-2.82922
-2.26427
-1.55799
-0.840208
-0.143274
0.48522
1.00711
1.41528
1.70512
1.86995
1.94513
1.91153
1.8073
1.64761
1.43753
1.3269
1.06548
1.16927
1.2982
1.22288
1.9141
0.0153441
0.0272749
0.0422271
0.0534739
0.0637702
0.0734301
0.0821747
0.091007
0.0995549
0.108481
0.117576
0.127072
0.13674
0.146582
0.156672
0.167696
0.180914
0.197835
0.219043
0.243884
0.271775
0.301982
0.333296
0.364575
0.393914
0.418797
0.43605
0.442228
0.434759
0.413322
0.380793
0.342655
0.304601
0.270215
0.240353
0.213197
0.186116
0.156544
0.121723
0.0786436
0.0237931
-0.0466722
-0.13685
-0.250662
-0.395133
-0.586876
-0.799223
-0.97017
-1.18968
-2.23004
-2.16117
-2.1419
-2.59141
-3.03158
-3.48026
-3.78157
-3.88099
-3.68462
-3.2439
-2.59343
-1.78229
-0.955552
-0.149121
0.579653
1.1861
1.66112
1.99872
2.19165
2.28045
2.24302
2.1244
1.93825
1.70287
1.57211
1.30428
1.44117
1.56861
1.49745
2.19348
0.0172907
0.0316978
0.0491723
0.0625891
0.0747345
0.0862012
0.0965388
0.106995
0.117102
0.127661
0.13842
0.149654
0.161084
0.172695
0.184552
0.197459
0.212943
0.232849
0.25787
0.287181
0.320109
0.355774
0.392767
0.429739
0.464366
0.49351
0.513182
0.519198
0.508743
0.48207
0.443303
0.399219
0.356081
0.317288
0.283378
0.252244
0.220978
0.18655
0.145564
0.0943394
0.0286444
-0.0561248
-0.164911
-0.302559
-0.477317
-0.706154
-0.956588
-1.2239
-1.85644
-2.26519
-2.53792
-2.40649
-2.90858
-3.4191
-3.93301
-4.28113
-4.39554
-4.16841
-3.66709
-2.9281
-2.00875
-1.07056
-0.152808
0.677032
1.36815
1.90971
2.29461
2.51532
2.6179
2.57688
2.44497
2.23224
1.97299
1.82127
1.54429
1.71955
1.83716
1.77325
2.44704
0.0190354
0.0360216
0.0558992
0.0715161
0.0854732
0.0987475
0.110658
0.122728
0.13438
0.146559
0.158971
0.171935
0.185118
0.198473
0.21205
0.226767
0.244434
0.26727
0.296078
0.32983
0.367776
0.408874
0.451518
0.494117
0.533836
0.566789
0.58811
0.592993
0.578708
0.54645
0.501733
0.452332
0.404572
0.361367
0.323031
0.287439
0.25168
0.212432
0.165703
0.107041
0.0313158
-0.0670182
-0.193888
-0.35521
-0.560393
-0.825401
-1.11465
-1.47688
-2.39997
-2.15151
-2.94946
-2.68404
-3.22961
-3.81605
-4.3974
-4.79616
-4.92651
-4.66668
-4.10279
-3.27143
-2.23987
-1.1868
-0.15463
0.778379
1.55548
2.16419
2.59657
2.84513
2.9617
2.9172
2.77243
2.5326
2.24946
2.07527
1.78384
2.00153
2.10219
2.04912
2.67604
0.0205931
0.0402843
0.0624468
0.0803034
0.0960387
0.111129
0.1246
0.13828
0.151468
0.165265
0.17933
0.194027
0.208962
0.224049
0.239305
0.255759
0.275528
0.301249
0.333834
0.372021
0.414987
0.461514
0.509778
0.557869
0.602304
0.638332
0.660247
0.662915
0.644156
0.606473
0.556689
0.503107
0.451684
0.404778
0.36267
0.323316
0.283744
0.240183
0.187937
0.121748
0.035621
-0.0768771
-0.222604
-0.408511
-0.644922
-0.94592
-1.2755
-1.71424
-2.74329
-2.04166
-3.40196
-2.97708
-3.54917
-4.21877
-4.86834
-5.32112
-5.468
-5.173
-4.54478
-3.61772
-2.47102
-1.30095
-0.152507
0.884515
1.74777
2.42329
2.90255
3.17861
3.30911
3.26131
3.10419
2.83698
2.53007
2.33096
2.02242
2.2742
2.36385
2.32593
2.895
0.021975
0.0444969
0.068813
0.0889452
0.106415
0.123324
0.138333
0.153615
0.168325
0.18373
0.199442
0.215872
0.232556
0.249358
0.266241
0.284342
0.306114
0.334664
0.371015
0.413623
0.461609
0.513532
0.567302
0.620559
0.669009
0.707001
0.728199
0.727624
0.704186
0.661846
0.60828
0.551679
0.497293
0.446975
0.401219
0.358217
0.315001
0.267346
0.209833
0.136358
0.0400011
-0.0866001
-0.251254
-0.461925
-0.729598
-1.06592
-1.43604
-1.92877
-2.94453
-2.11213
-3.86518
-3.29292
-3.86636
-4.63035
-5.34888
-5.85893
-6.02295
-5.68983
-4.99502
-3.96829
-2.70282
-1.41308
-0.146171
0.995849
1.94542
2.68731
3.21274
3.51584
3.6602
3.60932
3.4404
3.14556
2.81493
2.5881
2.26058
2.54486
2.62418
2.60128
3.10718
0.0231911
0.0486799
0.0750138
0.09746
0.116618
0.135348
0.151873
0.168747
0.184964
0.201969
0.219325
0.237488
0.255923
0.274422
0.29288
0.312529
0.336192
0.367516
0.407629
0.454652
0.507651
0.564894
0.623915
0.681722
0.733094
0.771596
0.790692
0.786217
0.758615
0.713025
0.65723
0.59876
0.542057
0.488678
0.439596
0.393335
0.346911
0.29555
0.233037
0.152379
0.0457198
-0.095211
-0.279111
-0.514826
-0.813685
-1.18479
-1.59546
-2.12568
-3.09608
-2.50005
-4.27443
-3.63587
-4.17886
-5.05339
-5.84267
-6.41291
-6.59473
-6.2201
-5.45589
-4.32505
-2.93625
-1.5235
-0.135455
1.11288
2.14913
2.95697
3.5278
3.8575
4.01562
3.96192
3.78169
3.45898
3.10439
2.84717
2.4987
2.81556
2.8842
2.8726
3.33739
0.0242491
0.0528466
0.0810556
0.105854
0.126647
0.147199
0.165213
0.183666
0.201373
0.219967
0.23896
0.25886
0.279048
0.299229
0.319202
0.340284
0.365713
0.399749
0.443622
0.49505
0.553029
0.615399
0.679157
0.740492
0.793273
0.830606
0.846425
0.838112
0.807668
0.760664
0.704188
0.644798
0.58622
0.52997
0.477753
0.428497
0.37919
0.324439
0.257184
0.169501
0.0525802
-0.10274
-0.305969
-0.566647
-0.896129
-1.30113
-1.75158
-2.30966
-3.24948
-3.1791
-4.51721
-3.99751
-4.48334
-5.48863
-6.35376
-6.98593
-7.18519
-6.76524
-5.92834
-4.68863
-3.17161
-1.63197
-0.119774
1.23621
2.35937
3.23265
3.8479
4.20364
4.37535
4.31913
4.12803
3.77727
3.39835
3.10833
2.73728
3.08761
3.14496
3.14153
3.57921
0.0251553
0.0570116
0.0869483
0.114138
0.13651
0.158882
0.178356
0.198373
0.21755
0.237721
0.258346
0.279987
0.301933
0.323781
0.345205
0.367593
0.394645
0.431331
0.478968
0.534776
0.597628
0.664725
0.732324
0.795714
0.84805
0.882561
0.894572
0.883438
0.852125
0.805659
0.749851
0.690262
0.630109
0.571136
0.516007
0.464096
0.412324
0.354567
0.282855
0.188284
0.0610866
-0.108733
-0.331353
-0.61675
-0.975993
-1.41379
-1.90291
-2.48664
-3.41997
-3.94369
-4.4566
-4.3733
-4.77843
-5.93428
-6.88502
-7.58188
-7.79724
-7.32718
-6.41367
-5.05953
-3.4093
-1.73848
-0.098591
1.3667
2.57679
3.51463
4.17314
4.55423
4.73928
4.68089
4.47937
4.10047
3.6967
3.37182
2.97713
3.35793
3.40682
3.40638
3.82076
0.0259139
0.0611874
0.0926991
0.122321
0.146209
0.170398
0.191299
0.212865
0.233489
0.255223
0.277474
0.30086
0.324573
0.348077
0.370884
0.394434
0.422948
0.462217
0.513617
0.573737
0.6412
0.712282
0.782371
0.845924
0.8958
0.926305
0.935
0.922937
0.893006
0.84885
0.794761
0.735456
0.673884
0.612261
0.55442
0.500193
0.44638
0.386008
0.310122
0.208789
0.071295
-0.113097
-0.355046
-0.66467
-1.0525
-1.52176
-2.04826
-2.65947
-3.58782
-4.49501
-4.19681
-4.77965
-5.06927
-6.39022
-7.44092
-8.2046
-8.43341
-7.90825
-6.9136
-5.43847
-3.64944
-1.84282
-0.0713704
1.50529
2.80252
3.80356
4.50361
4.90933
5.10737
5.04719
4.83571
4.42867
3.99935
3.63801
3.21877
3.62396
3.66954
3.67035
4.0714
0.0265276
0.0653865
0.0983154
0.13041
0.15575
0.18175
0.204043
0.227137
0.249184
0.272464
0.296335
0.321475
0.346968
0.372119
0.396237
0.420788
0.450582
0.492363
0.547504
0.611762
0.683297
0.757184
0.827962
0.88948
0.935112
0.961425
0.968393
0.957783
0.931372
0.890962
0.839327
0.78059
0.717648
0.65341
0.593068
0.536915
0.48155
0.41899
0.339209
0.231191
0.0833186
-0.115748
-0.376907
-0.710128
-1.12524
-1.62455
-2.18727
-2.82903
-3.74235
-4.76328
-4.06758
-5.21137
-5.37442
-6.85793
-8.03154
-8.86425
-9.09781
-8.51023
-7.42981
-5.8263
-3.89216
-1.94464
-0.0374727
1.65274
3.03746
4.10052
4.83971
5.26881
5.47947
5.41797
5.19698
4.76194
4.30612
3.90686
3.46193
3.8894
3.93291
3.93404
4.32487
0.0269973
0.0696207
0.103803
0.138414
0.165135
0.192941
0.216586
0.241186
0.264628
0.289438
0.314921
0.341824
0.369117
0.39591
0.421263
0.446634
0.477503
0.521707
0.580508
0.64852
0.72319
0.798254
0.867536
0.924786
0.965234
0.988448
0.996019
0.989238
0.968131
0.932523
0.883805
0.825762
0.761405
0.694544
0.631921
0.57427
0.517881
0.453571
0.370129
0.255415
0.0969908
-0.116885
-0.397089
-0.753209
-1.19433
-1.72239
-2.32045
-2.99642
-3.89744
-4.93652
-4.38321
-5.54836
-5.70653
-7.33385
-8.66211
-9.57363
-9.80085
-9.13656
-7.96397
-6.22391
-4.13768
-2.04363
0.00376374
1.8098
3.28227
4.40626
5.18215
5.63275
5.85542
5.79307
5.5631
5.10026
4.61676
4.17772
3.70591
4.15159
4.19592
4.19521
4.59397
0.0273223
0.0739018
0.109169
0.146341
0.174369
0.20397
0.228927
0.255009
0.279816
0.306133
0.333221
0.3619
0.391017
0.419457
0.445967
0.471954
0.50366
0.550157
0.612394
0.683436
0.759875
0.834091
0.899432
0.950742
0.986446
1.00869
1.01935
1.01843
1.00398
0.973895
0.92834
0.870994
0.805098
0.73557
0.670898
0.612228
0.555391
0.489755
0.402796
0.281226
0.111938
-0.116953
-0.416048
-0.794407
-1.26044
-1.81624
-2.44899
-3.16257
-4.0659
-5.12691
-5.09219
-5.5523
-6.06056
-7.81324
-9.3304
-10.34
-10.5532
-9.79391
-8.51841
-6.63227
-4.38626
-2.1395
0.0530159
1.97734
3.53767
4.72123
5.53142
6.00141
6.23485
6.17228
5.93391
5.44361
4.93101
4.45001
3.95025
4.40891
4.45837
4.45712
4.8503
0.0275
0.0782419
0.114416
0.154197
0.183453
0.214841
0.241064
0.2686
0.294739
0.322541
0.351225
0.381695
0.412669
0.442768
0.470354
0.496725
0.528979
0.577547
0.642728
0.715669
0.79215
0.863108
0.922241
0.967269
1.00003
1.02382
1.03974
1.04622
1.0394
1.01531
0.972997
0.916255
0.848611
0.77633
0.709853
0.650695
0.594009
0.527402
0.436901
0.308097
0.127455
-0.116742
-0.434604
-0.834625
-1.32471
-1.90759
-2.57456
-3.32804
-4.24987
-5.33138
-5.7148
-5.24496
-6.47914
-8.30559
-10.0329
-11.1677
-11.3624
-10.49
-9.09664
-7.05242
-4.6382
-2.23193
0.111001
2.15622
3.80443
5.0459
5.88775
6.37494
6.6176
6.55534
6.30927
5.7919
5.24863
4.72343
4.19457
4.66427
4.72033
4.71942
5.11932
0.0275262
0.0826535
0.11955
0.161989
0.192391
0.225552
0.252995
0.281954
0.30939
0.33865
0.36892
0.401199
0.434074
0.465855
0.494435
0.520916
0.553344
0.60356
0.670822
0.744206
0.818631
0.883698
0.935421
0.975483
1.00781
1.03543
1.05826
1.07325
1.07473
1.05691
1.0178
0.961482
0.891792
0.816627
0.748608
0.689541
0.633594
0.566225
0.47189
0.335187
0.142508
-0.117361
-0.453869
-0.875021
-1.38854
-1.99815
-2.69902
-3.49351
-4.44489
-5.53301
-6.03445
-5.0709
-6.98185
-8.84421
-10.7667
-12.0593
-12.2345
-11.2318
-9.70348
-7.48559
-4.89382
-2.32062
0.178471
2.3474
4.08336
5.38078
6.25117
6.75355
7.00385
6.94192
6.68898
6.14502
5.56933
4.99765
4.43835
4.91677
4.981
4.97897
5.40002
0.0273945
0.0871497
0.124574
0.169724
0.201184
0.236105
0.264717
0.295067
0.32376
0.354448
0.386292
0.420403
0.455232
0.488733
0.518218
0.544474
0.576535
0.627649
0.69581
0.767937
0.83771
0.894806
0.939752
0.977297
1.01159
1.04476
1.07563
1.09992
1.1102
1.09882
1.06277
1.00661
0.934468
0.85624
0.786966
0.728616
0.67392
0.605733
0.506897
0.361298
0.155728
-0.12016
-0.475085
-0.91679
-1.45324
-2.0895
-2.82421
-3.66045
-4.64889
-5.74997
-6.30956
-5.47194
-7.40287
-9.45275
-11.5289
-13.0156
-13.1738
-12.0253
-10.3448
-7.93381
-5.15348
-2.40524
0.256204
2.55187
4.37528
5.72637
6.62171
7.13718
7.39329
7.33156
7.07282
6.50285
5.89283
5.27228
4.68112
5.1661
5.24
5.23976
5.65511
0.0270963
0.0917447
0.129491
0.177409
0.209836
0.246499
0.276228
0.307932
0.337839
0.369922
0.403328
0.439295
0.476145
0.511418
0.541705
0.567284
0.598145
0.649057
0.716834
0.785487
0.847881
0.896656
0.937116
0.974747
1.01284
1.05269
1.09237
1.12652
1.14601
1.14116
1.10794
1.05157
0.976457
0.894946
0.82475
0.767769
0.714661
0.645192
0.540703
0.38488
0.165533
-0.126517
-0.499371
-0.960903
-1.51981
-2.18279
-2.95164
-3.83056
-4.86167
-5.9953
-6.67319
-6.38573
-7.49527
-10.1441
-12.3202
-14.0379
-14.183
-12.8754
-11.0267
-8.4001
-5.41769
-2.48549
0.345007
2.77067
4.68106
6.08316
6.99933
7.52563
7.78578
7.72401
7.46054
6.86522
6.21879
5.54683
4.9224
5.41204
5.49695
5.49748
5.9418
0.0266206
0.096454
0.134302
0.18505
0.218346
0.256735
0.287524
0.320543
0.351618
0.385058
0.420009
0.457862
0.496813
0.533922
0.564864
0.589091
0.617523
0.667053
0.732946
0.795148
0.848619
0.890902
0.929755
0.969498
1.01256
1.05979
1.10879
1.15328
1.18236
1.1841
1.15338
1.09634
1.01758
0.932545
0.861829
0.806864
0.755356
0.683544
0.571701
0.404143
0.170366
-0.13756
-0.527483
-1.00791
-1.58872
-2.27855
-3.08218
-4.0053
-5.08354
-6.26811
-7.095
-7.21224
-7.30902
-10.9922
-13.1583
-15.1299
-15.2637
-13.7855
-11.7542
-8.88809
-5.68728
-2.56108
0.445717
3.00491
5.00161
6.45165
7.38392
7.91856
8.18133
8.11925
7.85194
7.23196
6.54686
5.82077
5.16173
5.65415
5.75129
5.75611
6.20334
0.0259538
0.101295
0.13901
0.192653
0.226716
0.26681
0.298603
0.332893
0.365087
0.39984
0.436318
0.476089
0.517232
0.556241
0.587575
0.609389
0.633948
0.681082
0.742666
0.795578
0.841043
0.87993
0.919577
0.9627
1.01139
1.06641
1.12513
1.18044
1.21952
1.22787
1.19921
1.14091
1.05769
0.968889
0.89816
0.845774
0.795331
0.719326
0.597953
0.417311
0.169032
-0.153886
-0.559623
-1.0578
-1.65986
-2.37662
-3.21596
-4.18557
-5.31589
-6.56444
-7.53625
-7.75917
-7.26461
-12.0477
-14.0834
-16.2974
-16.4183
-14.7574
-12.5315
-9.40139
-5.96367
-2.63172
0.5592
3.25578
5.33787
6.83234
7.77532
8.31558
8.57947
8.51686
8.24674
7.60289
6.87667
6.09354
5.39868
5.8919
6.00276
6.01468
6.47391
0.025079
0.106285
0.143615
0.200224
0.234947
0.276724
0.30946
0.344976
0.378233
0.414252
0.452232
0.493952
0.537384
0.578317
0.609505
0.627438
0.647039
0.690309
0.744097
0.786947
0.827527
0.865935
0.907897
0.955059
1.00969
1.07278
1.14162
1.20827
1.25781
1.27278
1.2456
1.18533
1.09665
1.00392
0.933821
0.884351
0.833555
0.750601
0.617427
0.423029
0.161019
-0.175402
-0.595349
-1.10992
-1.73242
-2.47613
-3.35236
-4.37153
-5.56066
-6.88569
-8.00331
-8.31328
-7.75307
-13.2131
-15.1361
-17.5456
-17.6508
-15.7917
-13.3621
-9.94319
-6.24883
-2.69713
0.68635
3.52454
5.69085
7.22571
8.17329
8.71621
8.97954
8.91623
8.64451
7.97776
7.20778
6.36452
5.63284
6.1247
6.25078
6.26733
6.75536
0.023976
0.111448
0.148117
0.207769
0.243039
0.286475
0.320092
0.356783
0.391047
0.428275
0.467726
0.51142
0.557217
0.599948
0.629975
0.642656
0.656666
0.692949
0.736243
0.771257
0.810595
0.850452
0.895506
0.946977
1.00772
1.07911
1.15851
1.23713
1.29767
1.31922
1.29282
1.22969
1.13438
1.03769
0.969053
0.922291
0.868403
0.775078
0.628466
0.420761
0.146663
-0.201272
-0.63355
-1.16299
-1.80498
-2.57566
-3.49018
-4.56271
-5.81903
-7.23422
-8.50632
-9.0126
-8.95625
-14.3975
-16.3358
-18.8807
-18.967
-16.8892
-14.2482
-10.5162
-6.54463
-2.75717
0.828091
3.8125
6.06161
7.63225
8.57751
9.1199
9.38085
9.31694
9.04536
8.35631
7.53975
6.63311
5.86382
6.35192
6.49494
6.51986
7.00296
0.0226202
0.116806
0.152515
0.215294
0.250992
0.29606
0.330493
0.368307
0.403514
0.441887
0.482767
0.528438
0.576593
0.620612
0.648067
0.654958
0.661731
0.686564
0.719949
0.751353
0.792093
0.834374
0.882845
0.938699
1.00566
1.08565
1.17613
1.26744
1.33966
1.36771
1.34121
1.27414
1.17086
1.07047
1.00427
0.9588
0.897503
0.790599
0.630337
0.411004
0.127149
-0.229961
-0.672477
-1.2151
-1.87558
-2.67333
-3.62793
-4.75818
-6.09096
-7.61041
-9.04894
-9.86709
-10.7265
-15.4844
-17.6759
-20.3092
-20.3732
-18.0519
-15.1907
-11.1224
-6.85267
-2.81211
0.985379
4.12108
6.45127
8.05245
8.98755
9.52601
9.7826
9.71859
9.44969
8.7383
7.87206
6.8986
6.09124
6.57284
6.73496
6.77085
7.27276
0.0209822
0.122387
0.156808
0.222804
0.258806
0.305477
0.34066
0.379539
0.415622
0.455063
0.497306
0.544902
0.595163
0.639365
0.663233
0.664279
0.660377
0.671568
0.698005
0.72937
0.773103
0.818195
0.870155
0.930418
1.00376
1.0927
1.19489
1.29978
1.38444
1.4189
1.39118
1.31884
1.20605
1.10278
1.03988
0.992022
0.918019
0.795912
0.623562
0.395243
0.104394
-0.25933
-0.70984
-1.26388
-1.94192
-2.76711
-3.76402
-4.95683
-6.37545
-8.01253
-9.6309
-10.8417
-12.7789
-16.3218
-19.1291
-21.8364
-21.8745
-19.2835
-16.1901
-11.7631
-7.17416
-2.8625
1.1592
4.45179
6.86101
8.48679
9.40292
9.9338
10.1839
10.1205
9.85749
9.12349
8.20414
7.16018
6.31468
6.78672
6.97022
7.01397
7.55453
0.0190269
0.128222
0.160995
0.230304
0.266479
0.314721
0.350587
0.39047
0.427352
0.467767
0.511268
0.560594
0.612165
0.65518
0.675697
0.669424
0.648405
0.646952
0.673433
0.706986
0.754029
0.802141
0.857622
0.922352
1.00228
1.10062
1.21529
1.3348
1.43285
1.47358
1.44324
1.36387
1.23992
1.13568
1.07554
1.01869
0.927635
0.791291
0.609862
0.375737
0.0808746
-0.286785
-0.743
-1.30678
-2.0017
-2.85511
-3.89698
-5.15742
-6.67072
-8.43715
-10.2477
-11.8781
-14.7127
-16.8595
-20.6884
-23.4736
-23.4736
-20.5877
-17.2473
-12.439
-7.5099
-2.909
1.3506
4.80624
7.29208
8.93574
9.82298
10.3424
10.5838
10.522
10.2685
9.51157
8.5353
7.41691
6.5337
6.99285
7.20037
7.25607
7.78896
0.0167125
0.134347
0.165072
0.2378
0.27401
0.323787
0.360269
0.401088
0.438683
0.479948
0.524525
0.575031
0.626442
0.66759
0.684659
0.665729
0.622375
0.619012
0.645927
0.68456
0.735144
0.786361
0.845435
0.914774
1.00159
1.10986
1.23792
1.37333
1.48592
1.5327
1.49787
1.40895
1.27266
1.17057
1.10891
1.03483
0.925768
0.778588
0.591826
0.355265
0.0594314
-0.309493
-0.769247
-1.34138
-2.05293
-2.93581
-4.02559
-5.35858
-6.97431
-8.8797
-10.8922
-12.9229
-16.2351
-17.281
-22.4076
-25.2414
-25.1708
-21.9672
-18.3634
-13.1501
-7.86055
-2.95217
1.56074
5.18617
7.74583
9.39978
10.247
10.7509
10.9811
10.922
10.6825
9.9021
8.86472
7.66772
6.74775
7.19046
7.42511
7.48893
8.06503
0.013989
0.140803
0.169037
0.245296
0.281398
0.332671
0.369697
0.411377
0.44958
0.491525
0.536809
0.587321
0.636973
0.676569
0.6891
0.648968
0.590668
0.591675
0.617104
0.662637
0.71654
0.771084
0.833872
0.908014
1.00207
1.12095
1.26351
1.41633
1.54488
1.59733
1.55529
1.45323
1.30527
1.20795
1.13491
1.03775
0.914088
0.760735
0.572523
0.33687
0.043022
-0.324689
-0.786159
-1.36574
-2.09421
-3.00817
-4.14885
-5.55878
-7.28327
-9.335
-11.5569
-13.9512
-17.3875
-17.8686
-24.3539
-27.1745
-26.9666
-23.4223
-19.5388
-13.896
-8.22676
-2.99196
1.79102
5.59353
8.22368
9.87936
10.6741
11.1582
11.3747
11.3197
11.0992
10.2945
9.19137
7.91146
6.95619
7.37889
7.64393
7.71872
8.3015
0.010797
0.147638
0.172885
0.252795
0.28864
0.341364
0.37886
0.421312
0.459991
0.502353
0.547581
0.596388
0.643758
0.68212
0.685588
0.620244
0.560095
0.5638
0.588105
0.64132
0.698413
0.756593
0.823251
0.902455
1.0042
1.13449
1.29287
1.46498
1.61117
1.6686
1.61492
1.49535
1.33994
1.24484
1.14733
1.02786
0.895945
0.74114
0.555183
0.32359
0.034411
-0.33002
-0.791935
-1.37867
-2.12479
-3.0716
-4.26585
-5.7563
-7.59429
-9.79757
-12.2345
-14.9607
-18.4022
-18.8679
-26.4021
-29.3208
-28.8658
-24.9518
-20.7725
-14.6751
-8.60879
-3.02684
2.04323
6.03054
8.72715
10.3749
11.1032
11.5632
11.7633
11.714
11.5187
10.6881
9.51394
8.14694
7.15832
7.55749
7.85686
7.94286
8.54352
0.00706542
0.154906
0.176614
0.260299
0.295732
0.349854
0.387741
0.430855
0.469828
0.512141
0.555996
0.60192
0.648927
0.686879
0.667345
0.590796
0.528665
0.535108
0.55918
0.620625
0.681035
0.743206
0.813921
0.898507
1.00847
1.15115
1.32695
1.52062
1.68648
1.74729
1.6745
1.53471
1.37843
1.27328
1.14255
1.00878
0.875285
0.723234
0.542893
0.318143
0.0358308
-0.323871
-0.785616
-1.37972
-2.14449
-3.12576
-4.37567
-5.94922
-7.90377
-10.2617
-12.9171
-15.9495
-19.4017
-20.456
-28.421
-31.7365
-30.8797
-26.5557
-22.0621
-15.4845
-9.00553
-3.05411
2.31938
6.49986
9.25794
10.8868
11.5332
11.9644
12.1456
12.1039
11.9411
11.0826
9.83079
8.37301
7.35335
7.72589
8.06362
8.15117
8.79244
0.00270899
0.162672
0.18022
0.267808
0.302669
0.358123
0.396308
0.439941
0.478931
0.520364
0.561402
0.60507
0.654783
0.684571
0.643233
0.562576
0.495633
0.506543
0.530792
0.600975
0.664708
0.73124
0.806243
0.896608
1.01544
1.17168
1.36685
1.58483
1.77257
1.83298
1.72974
1.57328
1.41763
1.28331
1.12245
0.985621
0.855866
0.710164
0.538304
0.322611
0.0486842
-0.305553
-0.767105
-1.36914
-2.15349
-3.17039
-4.47728
-6.13536
-8.20786
-10.7215
-13.5957
-16.913
-20.461
-22.6447
-30.3258
-34.4703
-33.0272
-28.238
-23.4054
-16.3197
-9.4143
-3.07181
2.6218
7.00471
9.81796
11.4155
11.9626
12.3604
12.5201
12.4879
12.3666
11.4774
10.1399
8.58856
7.54045
7.88405
8.26427
8.35306
8.97839
-0.00237495
0.17101
0.183698
0.275319
0.309438
0.366141
0.404511
0.448465
0.486998
0.526386
0.564297
0.608541
0.661664
0.670088
0.622324
0.532845
0.461888
0.477717
0.503169
0.582502
0.649734
0.721041
0.800592
0.897208
1.02567
1.19688
1.41374
1.65933
1.87099
1.92252
1.77611
1.61463
1.44618
1.26966
1.09349
0.963134
0.840913
0.704514
0.543325
0.33817
0.0733863
-0.275283
-0.736985
-1.34751
-2.15203
-3.20507
-4.56939
-6.31232
-8.50248
-11.1708
-14.2612
-17.8484
-21.6286
-25.3179
-31.9591
-37.5261
-35.3292
-30.0073
-24.8031
-17.1758
-9.83101
-3.07873
2.95356
7.54906
10.4095
11.9612
12.39
12.7496
12.8853
12.8645
12.7948
11.8713
10.4386
8.79246
7.71865
8.03236
8.45908
8.54603
9.18716
-0.00831096
0.180005
0.187043
0.282822
0.316019
0.37386
0.412267
0.456241
0.493583
0.530099
0.566789
0.615936
0.661465
0.6545
0.602614
0.501983
0.428158
0.448445
0.477123
0.565546
0.636457
0.712922
0.797334
0.900754
1.03976
1.22758
1.4689
1.74596
1.98205
2.00873
1.81299
1.65764
1.44863
1.23627
1.06306
0.944896
0.832932
0.708013
0.558885
0.364961
0.109425
-0.233951
-0.696179
-1.31544
-2.14014
-3.22911
-4.65047
-6.47748
-8.78341
-11.6035
-14.9055
-18.7563
-22.9013
-28.0991
-33.1506
-40.8925
-37.8019
-31.8733
-26.2601
-18.0493
-10.2504
-3.0732
3.31848
8.13794
11.0353
12.5243
12.8135
13.1303
13.2395
13.2321
13.2256
12.2626
10.7236
8.98331
7.88584
8.17208
8.64773
8.71896
9.40722
-0.0152515
0.189757
0.19025
0.290298
0.322379
0.381206
0.419444
0.462965
0.49832
0.53251
0.571119
0.625927
0.653275
0.643246
0.582077
0.471174
0.394754
0.418014
0.45313
0.550271
0.625207
0.707192
0.796814
0.907658
1.05824
1.26458
1.53359
1.84638
2.10288
2.08173
1.84529
1.68944
1.41637
1.19401
1.03643
0.93335
0.833446
0.721332
0.584849
0.402201
0.155653
-0.182733
-0.645573
-1.27331
-2.11755
-3.24154
-4.7188
-6.62811
-9.04643
-12.0144
-15.5231
-19.6398
-24.2329
-30.4751
-34.1048
-44.7173
-40.4622
-33.8428
-27.7827
-18.939
-10.667
-3.05264
3.72114
8.77759
11.6989
13.105
13.2311
13.5005
13.581
13.5891
13.6588
12.6485
10.9904
9.15319
8.03893
8.30349
8.83016
8.88014
9.54795
-0.0233844
0.200379
0.193306
0.297712
0.328458
0.388062
0.42583
0.468293
0.501493
0.535719
0.57998
0.630289
0.646972
0.633291
0.561485
0.440962
0.362438
0.385435
0.432007
0.536921
0.616324
0.704117
0.799329
0.918264
1.08156
1.30861
1.60902
1.96132
2.22499
2.1353
1.87625
1.68778
1.3547
1.15407
1.01617
0.929766
0.842795
0.744053
0.62018
0.448532
0.210715
-0.122679
-0.585711
-1.22105
-2.08358
-3.24113
-4.77263
-6.76152
-9.28763
-12.3994
-16.1115
-20.5035
-25.5878
-32.3428
-35.3124
-49.2029
-43.3295
-35.9127
-29.3749
-19.8458
-11.0759
-3.01344
4.16684
9.47575
12.405
13.7036
13.6405
13.8582
13.908
13.9335
14.0944
13.0251
11.2335
9.28826
8.1753
8.42606
9.00673
9.01564
9.73886
-0.0329426
0.211996
0.196193
0.305006
0.334165
0.394255
0.43114
0.472097
0.504216
0.54126
0.59177
0.62935
0.644803
0.623385
0.541682
0.411814
0.332576
0.350141
0.414306
0.525699
0.610134
0.703924
0.805111
0.932813
1.11007
1.36023
1.69621
2.08892
2.33387
2.17418
1.89793
1.64017
1.28003
1.12149
1.00294
0.934178
0.860228
0.774935
0.663359
0.502494
0.273482
-0.054415
-0.516652
-1.15817
-2.03728
-3.22661
-4.8103
-6.87515
-9.50394
-12.7566
-16.6713
-21.3542
-26.9627
-33.9991
-37.2593
-54.1841
-46.4372
-38.0726
-31.0352
-20.7705
-11.4732
-2.95131
4.66148
10.2416
13.1595
14.3206
14.0391
14.2011
14.2187
14.2632
14.5323
13.3865
11.4457
9.3765
8.29405
8.54188
9.17833
9.13314
9.8785
-0.0442138
0.224737
0.198876
0.31209
0.33936
0.399547
0.435141
0.47484
0.508091
0.550597
0.599916
0.630829
0.64396
0.614279
0.522854
0.384519
0.307024
0.313201
0.400671
0.516855
0.60695
0.706796
0.814307
0.951419
1.14392
1.41985
1.79556
2.22187
2.4146
2.20881
1.88337
1.54411
1.21021
1.09789
0.996263
0.945518
0.884344
0.812395
0.712894
0.562956
0.343325
0.021977
-0.437965
-1.08382
-1.97754
-3.19684
-4.83037
-6.96678
-9.69373
-13.086
-17.205
-22.1979
-28.3555
-35.5964
-40.2717
-59.4553
-49.7965
-40.2962
-32.7528
-21.7111
-11.8555
-2.86148
5.21159
11.0854
13.97
14.9566
14.4244
14.527
14.5112
14.5762
14.9731
13.724
11.6174
9.40743
8.39575
8.65227
9.34683
9.23146
10.0317
-0.0575488
0.238729
0.201298
0.318825
0.343849
0.403681
0.437876
0.477511
0.514045
0.562465
0.604571
0.63571
0.643624
0.60651
0.505103
0.359959
0.287518
0.2773
0.391566
0.510762
0.607064
0.71287
0.826973
0.974049
1.18308
1.48764
1.9059
2.34541
2.46258
2.2375
1.78925
1.43051
1.15112
1.08085
0.995142
0.962337
0.913608
0.855023
0.767732
0.629364
0.420205
0.106927
-0.348843
-0.996946
-1.90335
-3.15105
-4.83169
-7.03504
-9.85735
-13.3895
-17.7158
-23.0379
-29.7556
-37.2168
-44.4003
-64.8649
-53.4267
-42.5604
-34.5084
-22.6623
-12.2183
-2.7384
5.82421
12.0188
14.846
15.6126
14.7932
14.8331
14.7839
14.8701
15.418
14.0237
11.7343
9.36779
8.48135
8.75601
9.50817
9.29269
10.2324
-0.0733609
0.254066
0.203366
0.325021
0.347401
0.40652
0.439849
0.481176
0.522686
0.572311
0.611127
0.641744
0.644322
0.600116
0.488696
0.338975
0.275171
0.247107
0.387238
0.507852
0.610738
0.722233
0.84306
1.00051
1.22733
1.56347
2.02235
2.44082
2.49577
2.26105
1.61338
1.31786
1.10422
1.06812
0.998212
0.983145
0.946799
0.901928
0.827447
0.701774
0.504598
0.201244
-0.248251
-0.8965
-1.81407
-3.08895
-4.81342
-7.08005
-9.99704
-13.6699
-18.2067
-23.8734
-31.148
-38.9314
-49.658
-70.1799
-57.3025
-44.8371
-36.2765
-23.6157
-12.5557
-2.57518
6.50706
13.0544
15.7997
16.2901
15.1423
15.1169
15.035
15.1418
15.8716
14.2609
11.7783
9.23413
8.55234
8.85303
9.65063
9.31032
10.3761
-0.0921049
0.270778
0.204949
0.330431
0.349815
0.408213
0.441825
0.486331
0.533127
0.579843
0.620153
0.64831
0.646368
0.5951
0.47398
0.322215
0.268494
0.226866
0.387899
0.508684
0.618165
0.734913
0.862408
1.03046
1.27628
1.64641
2.13367
2.49582
2.53106
2.2152
1.44736
1.19653
1.06804
1.05709
1.00444
1.00692
0.98329
0.952883
0.892235
0.780746
0.59734
0.305957
-0.135099
-0.781692
-1.70975
-3.01069
-4.77551
-7.10393
-10.1161
-13.9298
-18.6797
-24.7
-32.5151
-40.8078
-55.9777
-75.0291
-61.3324
-47.0989
-38.0293
-24.5609
-12.8607
-2.36282
7.2691
14.206
16.846
16.9911
15.4684
15.3755
15.263
15.3874
16.3508
14.4376
11.7222
8.97233
8.60618
8.94398
9.76783
9.275
10.5619
-0.114216
0.288762
0.205876
0.33479
0.351048
0.409231
0.444484
0.493221
0.542512
0.588493
0.630009
0.655711
0.649741
0.591568
0.461431
0.310385
0.26267
0.219514
0.393351
0.513817
0.629459
0.750864
0.884737
1.0634
1.32933
1.73368
2.22268
2.52223
2.59915
2.03803
1.34608
1.07078
1.04037
1.04634
1.01345
1.03327
1.02314
1.00827
0.962772
0.867172
0.699467
0.42217
-0.0084296
-0.652361
-1.5913
-2.91674
-4.71948
-7.11054
-10.2179
-14.1712
-19.1351
-25.5098
-33.8411
-42.8877
-62.9983
-79.012
-65.4263
-49.3213
-39.7369
-25.4861
-13.1258
-2.09053
8.12074
15.4887
18.0024
17.7184
15.7679
15.6059
15.4663
15.597
16.8656
14.5774
11.5096
8.55961
8.62963
9.02816
9.87511
9.19381
10.8226
-0.13998
0.307704
0.205959
0.337899
0.351295
0.410154
0.448094
0.501354
0.550423
0.598761
0.640223
0.664118
0.654423
0.589634
0.451795
0.304597
0.249434
0.226646
0.403282
0.523707
0.644635
0.769956
0.909651
1.0987
1.38562
1.81845
2.27208
2.53771
2.65262
1.80849
1.28187
0.957123
1.01858
1.03585
1.02539
1.06246
1.06698
1.06889
1.04003
0.962119
0.81209
0.550932
0.132308
-0.509386
-1.46025
-2.80811
-4.64896
-7.10418
-10.3047
-14.3955
-19.5724
-26.2944
-35.1131
-45.1499
-70.075
-81.7934
-69.3572
-51.4608
-41.3665
-26.3769
-13.3439
-1.74709
9.07387
16.9185
19.2888
18.4753
16.0373
15.8051
15.6441
15.7528
17.2687
14.697
11.1511
8.03476
8.60557
9.10126
9.98965
9.09686
11.0677
-0.169304
0.326966
0.205052
0.339709
0.35094
0.411417
0.452716
0.509041
0.558849
0.609557
0.650958
0.673499
0.660464
0.589441
0.446398
0.307722
0.224744
0.246213
0.417365
0.538611
0.663605
0.79196
0.936651
1.13563
1.44354
1.8889
2.2818
2.57938
2.58311
1.62865
1.22482
0.862353
1.00118
1.02665
1.04093
1.09531
1.11582
1.13581
1.12512
1.06671
0.936293
0.693075
0.286841
-0.354899
-1.31829
-2.68735
-4.56923
-7.08809
-10.3779
-14.6031
-19.9901
-27.0458
-36.3216
-47.5012
-76.3041
-83.3441
-72.9569
-53.4812
-42.8889
-27.2192
-13.507
-1.32023
10.142
18.5116
20.7269
19.266
16.2726
15.9697
15.7981
15.8502
17.4282
14.7846
10.7066
7.46206
8.52297
9.1574
10.1113
9.00135
11.4671
-0.201393
0.345504
0.203114
0.340349
0.35038
0.41321
0.458175
0.515784
0.568222
0.62053
0.662302
0.683838
0.667902
0.591178
0.446985
0.322977
0.198594
0.274102
0.435608
0.558534
0.6862
0.816561
0.965152
1.17339
1.49959
1.93052
2.27257
2.65735
2.38869
1.49245
1.1679
0.785795
0.98859
1.02019
1.06118
1.13296
1.17086
1.21021
1.21921
1.18206
1.07305
0.848949
0.453527
-0.191861
-1.16722
-2.55937
-4.48525
-7.06368
-10.4378
-14.7937
-20.3865
-27.7579
-37.4579
-49.8072
-81.1049
-84.0227
-75.9811
-55.3221
-44.2647
-27.9916
-13.607
-0.795136
11.3406
20.2848
22.3408
20.0952
16.47
16.0962
15.9354
15.918
17.4185
14.8183
10.2431
6.88849
8.39049
9.19146
10.2378
8.9115
11.8358
-0.234414
0.361858
0.20025
0.340044
0.349864
0.4155
0.463573
0.522635
0.577917
0.63176
0.674236
0.69516
0.67671
0.594977
0.454506
0.346568
0.18959
0.307061
0.458414
0.583268
0.712185
0.843362
0.994526
1.21095
1.54692
1.93513
2.27017
2.69129
2.20247
1.36571
1.11071
0.723456
0.981606
1.01811
1.08749
1.17672
1.23339
1.29327
1.32342
1.30919
1.22308
1.01792
0.629031
-0.0230693
-1.01017
-2.4306
-4.39974
-7.0308
-10.4842
-14.967
-20.7599
-28.4263
-38.5132
-51.9425
-84.239
-84.0721
-78.3655
-56.9577
-45.4702
-28.6838
-13.6313
-0.157622
12.6868
22.2555
24.1568
20.9679
16.625
16.1801
16.0677
16.1047
17.3368
14.7556
9.8066
6.33826
8.23794
9.19948
10.3662
8.8276
12.3089
-0.265339
0.374281
0.196687
0.339011
0.349512
0.41823
0.468353
0.529936
0.587667
0.643294
0.686752
0.707486
0.686817
0.601079
0.468694
0.362466
0.209154
0.343254
0.486255
0.612465
0.74126
0.871904
1.02414
1.24665
1.57584
1.91607
2.31799
2.6005
2.07632
1.23876
1.05157
0.674153
0.98099
1.02243
1.12131
1.22798
1.3047
1.38612
1.43879
1.44895
1.38652
1.19765
0.808936
0.149209
-0.852888
-2.30647
-4.31259
-6.9885
-10.5165
-15.1225
-21.1093
-29.048
-39.4785
-53.8162
-85.8389
-83.7089
-80.0226
-58.389
-46.4929
-29.2912
-13.565
0.602443
14.1987
24.4417
26.2034
21.8881
16.7325
16.2166
16.1877
16.3593
17.2383
14.6573
9.37728
5.80353
8.09594
9.17738
10.4945
8.72039
12.8177
-0.290259
0.381044
0.192709
0.337363
0.349284
0.420996
0.472954
0.537381
0.597496
0.655128
0.699883
0.720824
0.698209
0.610524
0.490464
0.357607
0.252818
0.382313
0.519283
0.6457
0.773058
0.901691
1.05331
1.27711
1.57722
1.8912
2.39449
2.45277
1.98225
1.11907
0.986739
0.639674
0.987697
1.03508
1.16403
1.28809
1.38593
1.48976
1.56617
1.60185
1.56238
1.38356
0.98935
0.321732
-0.702807
-2.18879
-4.22181
-6.93572
-10.5343
-15.2597
-21.4335
-29.6207
-40.3444
-55.3705
-86.1847
-83.088
-80.8436
-59.5622
-47.3046
-29.7936
-13.4005
1.49579
15.894
26.8616
28.5101
22.8585
16.786
16.2008
16.2788
16.4786
17.1196
14.5483
8.90247
5.2718
7.9878
9.13895
10.6245
8.64811
13.349
-0.30528
0.380885
0.188606
0.33515
0.349146
0.423353
0.477651
0.544786
0.607428
0.667266
0.713664
0.735146
0.710955
0.625237
0.520677
0.345724
0.306553
0.424519
0.557274
0.682516
0.807157
0.932227
1.08124
1.2969
1.55327
1.88763
2.41192
2.35195
1.89775
1.01544
0.908999
0.622089
1.00291
1.05815
1.21695
1.35829
1.47809
1.60499
1.70615
1.76772
1.74753
1.56971
1.1678
0.488302
-0.565518
-2.07549
-4.12506
-6.87164
-10.5371
-15.3784
-21.7321
-30.1427
-41.1041
-56.5784
-85.5008
-82.1348
-80.8773
-60.4242
-47.8745
-30.1661
-13.1287
2.53339
17.7887
29.5326
31.1066
23.8782
16.7768
16.1254
16.3428
16.4091
16.9515
14.4192
8.30566
4.72328
7.92699
9.10338
10.7471
8.5656
13.5905
-0.307767
0.373425
0.184636
0.332371
0.348961
0.42536
0.482335
0.552132
0.617461
0.679734
0.728111
0.750321
0.725055
0.645602
0.545617
0.356021
0.361347
0.470327
0.599557
0.72242
0.843084
0.963035
1.10645
1.30024
1.52335
1.93273
2.33349
2.30233
1.82358
0.935749
0.809838
0.62538
1.0272
1.09359
1.28117
1.43965
1.58193
1.73235
1.85888
1.94504
1.93615
1.75111
1.34136
0.640805
-0.441614
-1.96262
-4.0206
-6.79564
-10.5243
-15.4782
-22.0044
-30.6126
-41.7538
-57.4389
-84.0809
-80.9273
-80.2206
-60.9423
-48.1803
-30.3834
-12.7381
3.72416
19.8963
32.469
34.0201
24.9419
16.6942
15.9807
16.3914
16.2069
16.7355
14.2762
7.4751
4.09893
7.89107
9.07238
10.8609
8.5724
14.286
-0.29734
0.359398
0.181027
0.329037
0.348558
0.427165
0.4869
0.559427
0.627603
0.692564
0.743217
0.766179
0.741122
0.671336
0.550154
0.396464
0.415766
0.519908
0.645342
0.764856
0.880356
0.993607
1.12619
1.28517
1.50423
1.99594
2.24602
2.27272
1.76861
0.893039
0.693063
0.652331
1.06177
1.14311
1.35754
1.53296
1.69792
1.87201
2.02371
2.12985
2.12072
1.92535
1.50381
0.773754
-0.326888
-1.84655
-3.9075
-6.70732
-10.4957
-15.5588
-22.2499
-31.0298
-42.2932
-57.9658
-82.164
-79.5375
-78.9961
-61.1046
-48.2068
-30.4206
-12.2161
5.07418
22.2263
35.6814
37.2755
26.0385
16.5216
15.7514
16.4328
15.9278
16.4711
14.1227
6.29257
3.29492
7.82257
9.03917
10.9221
8.68416
11.2748
-0.27607
0.340388
0.177927
0.325117
0.347966
0.428752
0.491319
0.566668
0.63787
0.705778
0.758891
0.782546
0.760604
0.698367
0.548266
0.450043
0.471351
0.572685
0.693885
0.809243
0.918507
1.0232
1.13713
1.26116
1.51556
2.01309
2.21047
2.2498
1.73848
0.902125
0.57284
0.705607
1.10743
1.20808
1.4466
1.63868
1.82614
2.02357
2.19846
2.31505
2.29545
2.09023
1.64678
0.888045
-0.215412
-1.72516
-3.78539
-6.60639
-10.4506
-15.6197
-22.4682
-31.3944
-42.7245
-58.181
-79.9246
-77.977
-77.3499
-60.9224
-47.9516
-30.2579
-11.551
6.58643
24.783
39.173
40.8903
27.1473
16.2353
15.4206
16.4689
15.593
16.1458
13.9456
4.65068
2.1712
7.68078
9.00753
10.9578
8.65619
10.0789
-0.247742
0.318254
0.17537
0.320623
0.347243
0.43008
0.495588
0.573858
0.648283
0.719361
0.774865
0.799283
0.783029
0.712324
0.566548
0.503604
0.529189
0.62781
0.744462
0.854992
0.957059
1.05043
1.13792
1.24649
1.56855
1.97945
2.21296
2.23618
1.73427
0.974126
0.469193
0.786886
1.16555
1.28932
1.54856
1.75691
1.9662
2.18578
2.3783
2.49196
2.45844
2.24001
1.76532
0.990082
-0.102576
-1.59767
-3.65423
-6.49246
-10.3884
-15.6606
-22.6591
-31.7078
-43.051
-58.1114
-77.5035
-76.2668
-75.4211
-60.4265
-47.427
-29.8827
-10.7339
8.25953
27.5628
42.9397
44.8763
28.2394
15.8026
14.9527
16.5033
15.2198
15.7549
13.7132
2.45457
0.598395
7.46238
8.99168
11.0064
8.4087
9.6335
-0.216529
0.295252
0.173129
0.315671
0.346374
0.431138
0.499707
0.581004
0.658852
0.733187
0.790756
0.816832
0.803514
0.714711
0.604252
0.556233
0.588641
0.684357
0.796385
0.901536
0.995383
1.07333
1.13221
1.25189
1.63589
1.95946
2.22926
2.23591
1.7544
1.11219
0.411302
0.893569
1.23779
1.38709
1.66328
1.88727
2.11714
2.35577
2.55517
2.65462
2.60867
2.36664
1.86204
1.08748
0.0138479
-1.46416
-3.51406
-6.36505
-10.3085
-15.6808
-22.8224
-31.9723
-43.2764
-57.7868
-75.009
-74.4464
-73.3267
-59.6567
-46.6556
-29.2899
-9.75976
10.086
30.5523
46.9613
49.2212
29.2576
15.1653
14.319
16.5358
14.8666
15.379
13.392
-0.36692
-1.44998
7.1789
9.00235
11.0003
8.80543
12.7664
-0.186362
0.273738
0.171131
0.310381
0.345328
0.431921
0.503671
0.588113
0.66953
0.746935
0.806356
0.834978
0.813091
0.725708
0.645391
0.610157
0.648618
0.741585
0.848973
0.948288
1.03247
1.09094
1.13095
1.28531
1.67724
1.97954
2.25252
2.24982
1.79516
1.29788
0.42159
1.02331
1.32576
1.50097
1.79026
2.02891
2.27705
2.52797
2.7199
2.80225
2.74128
2.46621
1.94536
1.18546
0.134267
-1.32502
-3.36483
-6.22356
-10.2099
-15.6801
-22.9588
-32.1915
-43.403
-57.2389
-72.5157
-72.5527
-71.1511
-58.6521
-45.6637
-28.4823
-8.62941
12.0498
33.7276
51.2094
53.9029
30.1627
14.1967
13.425
16.5912
14.5983
15.2655
12.9786
-3.83435
-3.84135
6.83442
8.90349
11.1186
9.77648
15.888
-0.160105
0.254518
0.169284
0.304823
0.34408
0.432424
0.507477
0.59516
0.68009
0.760031
0.821303
0.848576
0.816655
0.749348
0.685955
0.665125
0.708241
0.79884
0.901564
0.994497
1.06695
1.10534
1.14603
1.34833
1.69696
2.02303
2.2852
2.27735
1.85258
1.49214
0.510758
1.16997
1.43091
1.63
1.92862
2.18033
2.4424
2.69376
2.86725
2.93526
2.84903
2.54313
2.02406
1.28606
0.258194
-1.18068
-3.20638
-6.06742
-10.0924
-15.6583
-23.0694
-32.3695
-43.4322
-56.5001
-70.0694
-70.6126
-68.9457
-57.4468
-44.478
-27.47
-7.35045
14.128
37.0581
55.6174
58.825
30.8975
12.5863
12.1606
16.6256
14.3565
15.6513
12.5571
-7.89908
-6.30072
6.38924
8.58202
11.626
11.1834
20.7551
-0.138777
0.237498
0.167427
0.299025
0.3426
0.432633
0.511096
0.602009
0.69005
0.771871
0.833274
0.853861
0.826393
0.775615
0.727642
0.719691
0.767018
0.855456
0.953427
1.03909
1.09785
1.12177
1.17992
1.42334
1.73073
2.07438
2.329
2.31853
1.92516
1.64035
0.680444
1.32718
1.55388
1.77262
2.07702
2.33901
2.60698
2.84427
2.99804
3.04978
2.92944
2.60731
2.10344
1.38926
0.384878
-1.03142
-3.0385
-5.89627
-9.95546
-15.6157
-23.1558
-32.5099
-43.3653
-55.6046
-67.6958
-68.6431
-66.7379
-56.0694
-43.1238
-26.2701
-5.93701
16.2893
40.4993
60.1037
63.7832
31.4025
9.61543
10.2714
16.6458
14.0572
16.3391
12.34
-12.2088
-8.53882
5.77631
8.07763
12.3341
12.3797
27.1694
-0.122117
0.222457
0.165401
0.292985
0.340857
0.432525
0.514458
0.60836
0.698868
0.781624
0.839523
0.858101
0.840924
0.802513
0.770073
0.773094
0.824433
0.910736
1.00363
1.08076
1.12605
1.14681
1.23085
1.48823
1.78663
2.13012
2.38328
2.37481
2.01868
1.68838
0.910338
1.49039
1.69393
1.92684
2.23339
2.50075
2.76197
2.97575
3.11396
3.13969
2.98849
2.66794
2.18514
1.49425
0.513643
-0.877418
-2.86119
-5.71018
-9.7994
-15.5527
-23.2203
-32.6158
-43.2045
-54.5881
-65.4076
-66.6551
-64.5401
-54.5449
-41.6246
-24.9037
-4.40785
18.5034
44.0284
64.4992
68.5294
31.4578
4.12823
7.42566
16.8085
14.4471
17.3628
12.5492
-15.7671
-10.2292
5.02481
7.5089
13.0436
14.2909
33.7874
-0.109415
0.208988
0.16312
0.286666
0.338807
0.432054
0.517378
0.613875
0.706266
0.787872
0.842845
0.865412
0.85662
0.830746
0.812077
0.825036
0.879861
0.963838
1.05099
1.11856
1.15432
1.18398
1.29592
1.54389
1.85289
2.19132
2.44681
2.44953
2.15522
1.6462
1.16589
1.65622
1.8489
2.09014
2.3946
2.65874
2.89947
3.0907
3.21199
3.20402
3.03676
2.72989
2.26873
1.60009
0.643998
-0.718928
-2.67487
-5.50973
-9.62479
-15.4702
-23.265
-32.6885
-42.9548
-53.4869
-63.2118
-64.658
-62.3578
-52.8957
-40.0026
-23.3946
-2.78418
20.7375
47.5898
68.4634
71.5763
29.7713
-6.61303
2.30892
17.3238
17.4765
20.9859
13.2723
-17.6006
-11.3331
4.21583
6.97483
13.805
17.422
38.4914
-0.0997961
0.196515
0.160528
0.280012
0.336417
0.431169
0.519797
0.618635
0.711473
0.791317
0.847212
0.874111
0.873506
0.859603
0.853181
0.875009
0.932567
1.01373
1.09422
1.15263
1.18542
1.23052
1.36682
1.60405
1.9213
2.25816
2.51808
2.54407
2.34697
1.60079
1.41839
1.82447
2.01561
2.25937
2.55574
2.80432
3.01753
3.19162
3.28721
3.24977
3.08303
2.7942
2.35316
1.70599
0.775544
-0.556503
-2.48053
-5.29614
-9.4327
-15.3692
-23.2919
-32.7279
-42.6245
-52.3363
-61.1125
-62.662
-60.1953
-51.1437
-38.2797
-21.7683
-1.08186
22.984
51.1666
72.6182
72.0451
25.9636
-18.2975
-4.44156
18.1547
24.7626
29.4049
14.5176
-18.0584
-12.1233
3.25243
6.72428
14.9382
21.3713
37.9805
-0.0922429
0.184417
0.157603
0.272977
0.333684
0.430078
0.522026
0.622177
0.714758
0.794989
0.852698
0.883863
0.89155
0.888475
0.892985
0.922307
0.981679
1.05925
1.1325
1.18422
1.2204
1.2817
1.4335
1.67081
1.99034
2.32958
2.59484
2.65218
2.54814
1.65124
1.65734
1.99689
2.19007
2.43041
2.70959
2.93094
3.11986
3.27605
3.34004
3.28727
3.13128
2.86008
2.4374
1.8114
0.907751
-0.39121
-2.27984
-5.07129
-9.22456
-15.2507
-23.302
-32.7326
-42.2253
-51.1685
-59.1135
-60.6798
-58.0586
-49.312
-36.4781
-20.0471
0.693609
25.1653
54.6172
80.1322
71.8314
20.7694
-26.9423
-10.8687
19.3144
35.2101
40.9536
16.8701
-18.2043
-12.7658
2.14176
7.03227
16.793
25.9623
35.6985
-0.0857206
0.171976
0.154331
0.265609
0.330938
0.429497
0.523622
0.624735
0.71844
0.799479
0.859023
0.894869
0.910301
0.916937
0.930834
0.966159
1.02623
1.09938
1.16584
1.21471
1.25832
1.33416
1.49419
1.73898
2.0604
2.40436
2.67491
2.76303
2.66193
1.82075
1.88397
2.17437
2.36788
2.59747
2.84807
3.03832
3.20906
3.3404
3.37779
3.32413
3.18191
2.92633
2.52067
1.9158
1.03974
-0.224713
-2.07516
-4.83767
-9.00215
-15.1154
-23.2947
-32.7007
-41.7717
-50.011
-57.2185
-58.7264
-55.957
-47.4251
-34.6185
-18.2444
2.53464
27.1857
57.1709
84.6022
71.8407
13.8222
-33.1704
-16.673
20.4844
46.163
52.1299
20.8484
-17.0803
-12.9458
1.2313
8.08644
19.5323
30.1929
34.8626
-0.0790991
0.158468
0.150758
0.25824
0.328844
0.429151
0.525095
0.628279
0.722959
0.804773
0.866575
0.906952
0.929359
0.9444
0.965987
1.00575
1.06532
1.13364
1.19495
1.2445
1.29688
1.3858
1.55238
1.80559
2.13148
2.48154
2.75953
2.8826
2.66423
2.05182
2.10043
2.35524
2.54369
2.75301
2.96625
3.13058
3.28322
3.38618
3.40965
3.36325
3.23383
2.99192
2.60238
2.01856
1.17017
-0.0592697
-1.8695
-4.5984
-8.76747
-14.9635
-23.2682
-32.63
-41.2789
-48.8849
-55.4306
-56.8177
-53.9021
-45.5069
-32.7171
-16.3674
4.42593
29.0546
58.9088
83.4366
71.162
5.64299
-35.7068
-22.4732
21.1156
55.5989
60.8026
26.0999
-13.0928
-11.3603
1.67004
10.3907
22.8252
32.8722
38.4481
-0.0711832
0.143269
0.147087
0.251637
0.327389
0.4288
0.528498
0.63304
0.728431
0.811256
0.87527
0.919752
0.948225
0.970194
0.997726
1.04032
1.09839
1.16225
1.22068
1.27305
1.33394
1.43479
1.60927
1.87038
2.20308
2.55955
2.85058
3.0081
2.6424
2.27632
2.30799
2.53507
2.71081
2.88973
3.06513
3.21006
3.34018
3.4203
3.44163
3.40445
3.2858
3.05603
2.68198
2.11871
1.29722
0.102355
-1.66645
-4.35719
-8.52266
-14.7943
-23.2189
-32.5195
-40.7625
-47.8055
-53.7516
-54.9683
-51.9048
-43.5785
-30.7857
-14.4252
6.3171
30.6879
60.3793
79.9112
69.5611
1.05876
-35.8354
-28.2589
21.1887
62.5728
65.7103
31.7881
-6.82694
-7.09203
4.34886
13.9037
26.054
33.2452
38.778
-0.060729
0.126179
0.143958
0.246811
0.326134
0.430595
0.533696
0.638991
0.735139
0.818849
0.884843
0.9329
0.966345
0.993669
1.0254
1.06939
1.12546
1.18596
1.24354
1.29955
1.3684
1.48018
1.6642
1.93367
2.27421
2.6356
2.9413
3.08274
2.69661
2.4742
2.50663
2.70755
2.86167
3.00425
3.14871
3.27558
3.38226
3.45026
3.47557
3.44649
3.33677
3.11807
2.75878
2.21493
1.41874
0.257014
-1.47013
-4.11828
-8.26996
-14.6062
-23.1423
-32.3689
-40.2364
-46.783
-52.182
-53.1897
-49.9739
-41.6566
-28.8339
-12.4329
8.1604
32.0166
61.1528
75.4792
66.9208
1.2943
-35.3205
-32.5306
20.901
67.0093
67.6788
36.9717
0.0894514
-0.877262
8.58672
17.8841
28.7572
33.1963
36.5399
-0.0466036
0.107759
0.1423
0.243388
0.32684
0.435282
0.540335
0.646287
0.742927
0.827329
0.89501
0.945935
0.983146
1.01425
1.04858
1.09291
1.14711
1.20566
1.26367
1.32357
1.40013
1.52223
1.71672
1.99541
2.34341
2.70861
3.02572
3.08752
2.81814
2.65389
2.69374
2.86564
2.9902
3.09829
3.21908
3.32653
3.41548
3.48038
3.51089
3.48814
3.38594
3.17746
2.83185
2.30562
1.53235
0.401342
-1.28501
-3.88652
-8.01179
-14.3964
-23.0328
-32.1796
-39.7132
-45.8239
-50.7216
-51.4937
-48.1155
-39.755
-26.8725
-10.4144
9.92361
33.0073
60.5676
70.4773
63.3025
3.7702
-35.5945
-35.2774
20.2396
69.5887
67.8436
41.126
6.79271
6.04807
13.4244
21.6738
30.7331
33.5549
35.1258
-0.0279656
0.0896167
0.142805
0.240435
0.331526
0.441795
0.548366
0.654681
0.751561
0.836456
0.905396
0.958378
0.998119
1.03153
1.06718
1.11132
1.16426
1.22205
1.28114
1.3451
1.42945
1.56161
1.76681
2.05497
2.4086
2.77704
3.08162
3.08444
2.94366
2.82151
2.8645
3.00281
3.09462
3.17548
3.2762
3.36578
3.44545
3.51161
3.54635
3.52837
3.43269
3.23349
2.90001
2.38907
1.63564
0.53195
-1.1158
-3.66732
-7.75103
-14.1613
-22.8849
-31.9541
-39.2042
-44.9335
-49.3701
-49.8915
-46.3348
-37.8866
-24.9166
-8.4
11.586
33.6627
58.6284
65.1558
58.9587
7.24687
-36.034
-35.9374
19.5311
70.7513
67.1188
44.5114
13.2417
12.9378
18.2916
24.9627
31.9897
33.8262
34.5319
-0.00462638
0.0738467
0.14463
0.239871
0.339053
0.449723
0.557574
0.663873
0.760795
0.845898
0.915584
0.969762
1.01087
1.04538
1.08153
1.12545
1.1779
1.23569
1.29616
1.3643
1.45648
1.59857
1.81431
2.11089
2.46816
2.83604
3.09294
3.12268
3.05202
2.97464
3.01316
3.11507
3.17735
3.23813
3.32099
3.39819
3.47502
3.54322
3.58079
3.56644
3.47643
3.28529
2.962
2.46359
1.72638
0.645674
-0.967145
-3.46668
-7.49157
-13.8968
-22.6931
-31.6958
-38.7194
-44.116
-48.1271
-48.3917
-44.6382
-36.0653
-22.9853
-6.42008
13.1432
34.0218
55.7616
59.6652
54.0762
10.7904
-35.5797
-33.1962
19.0735
70.908
66.1801
47.4164
19.6175
19.6793
22.879
27.6122
32.706
33.8622
34.0265
0.0227003
0.0618919
0.146945
0.243521
0.348063
0.458871
0.567564
0.673582
0.770309
0.855271
0.925139
0.97969
1.0212
1.056
1.09228
1.13621
1.18874
1.24694
1.30904
1.38148
1.48127
1.63307
1.85844
2.16135
2.52054
2.87228
3.09228
3.17749
3.14904
3.1076
3.13523
3.20251
3.24211
3.28773
3.35656
3.42768
3.50455
3.57406
3.61329
3.60175
3.5165
3.3319
3.01657
2.52768
1.8027
0.739866
-0.843254
-3.29102
-7.23929
-13.5991
-22.451
-31.4098
-38.267
-43.3788
-46.9929
-46.9989
-43.0343
-34.3092
-21.1032
-4.50101
14.6081
34.1608
52.4151
54.1408
48.878
13.9586
-32.8333
-26.6271
18.9306
70.466
65.3202
49.9241
25.9114
26.1782
26.9913
29.63
33.0304
33.3209
33.3976
0.0521958
0.0532327
0.151991
0.250098
0.358168
0.468896
0.577998
0.683475
0.77972
0.864156
0.933656
0.987914
1.02921
1.06391
1.10032
1.14463
1.19757
1.25634
1.32015
1.39686
1.50383
1.66456
1.89799
2.20522
2.56046
2.88372
3.10882
3.22634
3.23603
3.21622
3.22958
3.26843
3.29213
3.32658
3.38666
3.45592
3.53328
3.60313
3.64319
3.63375
3.55214
3.37236
3.06261
2.58016
1.86326
0.812698
-0.747348
-3.1467
-7.00307
-13.267
-22.1475
-31.1053
-37.847
-42.7378
-45.9715
-45.7207
-41.5339
-32.6367
-19.2942
-2.6606
16.006
34.1917
48.9572
48.8096
43.7313
16.8307
-26.7178
-18.7084
18.8999
69.6704
64.6238
51.9631
32.0192
32.1795
30.4503
31.0746
33.1039
32.7381
32.7661
0.0811843
0.045491
0.161809
0.258137
0.36917
0.479377
0.588509
0.693148
0.788598
0.872133
0.940832
0.994385
1.03518
1.06966
1.10625
1.15105
1.20451
1.26402
1.32979
1.41069
1.52413
1.69245
1.93242
2.24187
2.58269
2.89151
3.13195
3.26888
3.30813
3.29916
3.29865
3.31712
3.33034
3.35788
3.41381
3.48294
3.56027
3.62969
3.66998
3.66188
3.58265
3.40585
3.09936
2.62032
1.90739
0.863372
-0.68119
-3.03899
-6.7949
-12.9065
-21.7609
-30.7933
-37.4495
-42.2077
-45.0616
-44.5599
-40.1535
-31.0756
-17.5878
-0.914461
17.3667
34.2466
45.6921
43.989
39.1022
19.6726
-17.4195
-11.3863
19.6257
68.3369
64.0309
53.5162
37.6735
37.3487
33.1567
32.0497
33.0458
32.3002
32.1997
0.106962
0.0383566
0.174891
0.2671
0.380677
0.489897
0.598669
0.702154
0.796509
0.878852
0.946511
0.999256
1.03962
1.07411
1.11113
1.15656
1.21046
1.27062
1.33819
1.42283
1.54167
1.71644
1.96222
2.26842
2.59591
2.90573
3.15257
3.30545
3.36237
3.35808
3.34716
3.35269
3.35985
3.38442
3.4389
3.50805
3.58472
3.65319
3.69322
3.68561
3.6074
3.43182
3.12638
2.64796
1.9352
0.892249
-0.644698
-2.97069
-6.62758
-12.5372
-21.2617
-30.447
-37.0863
-41.7694
-44.3178
-43.5496
-38.9013
-29.6402
-16.0047
0.727232
18.7164
34.4412
42.8667
40.0252
35.4448
22.6566
-6.43378
-3.27498
22.7928
66.7894
63.5513
54.8436
42.599
41.4412
35.1324
32.6672
32.9859
31.9218
31.7064
0.127049
0.0354113
0.188778
0.276759
0.392191
0.499989
0.607995
0.71005
0.803106
0.884141
0.950754
1.0028
1.04285
1.07735
1.11464
1.16053
1.21498
1.27611
1.34554
1.43331
1.5565
1.73718
1.98613
2.28644
2.61142
2.92087
3.17061
3.33342
3.3993
3.39698
3.38034
3.37881
3.3835
3.40776
3.46175
3.53054
3.6061
3.67331
3.71257
3.70457
3.62614
3.45023
3.14395
2.66371
1.94779
0.900965
-0.635996
-2.9416
-6.51101
-12.1923
-20.6446
-29.9331
-36.7549
-41.3946
-43.7289
-42.7172
-37.8298
-28.3704
-14.5654
2.26657
20.0861
34.8662
40.6957
37.203
33.0996
25.727
4.01321
6.05563
28.4359
66.2667
63.6242
56.2011
46.618
44.4269
36.5155
33.0246
32.9712
31.624
31.3723
0.138779
0.0398603
0.202337
0.286762
0.403153
0.509127
0.61599
0.716428
0.808094
0.887858
0.953617
1.00533
1.04555
1.08051
1.11835
1.16468
1.21947
1.281
1.35176
1.44172
1.56878
1.75462
2.00324
2.30377
2.62861
2.93477
3.18537
3.35171
3.42164
3.4211
3.40295
3.39854
3.40319
3.42825
3.48182
3.54985
3.62401
3.68971
3.72769
3.71847
3.63874
3.46116
3.15244
2.66839
1.94658
0.891774
-0.651946
-2.94877
-6.44937
-11.9097
-19.9818
-29.1406
-36.2003
-40.9584
-43.2313
-42.0481
-36.9487
-27.3075
-13.3186
3.66993
21.4647
35.5537
39.3419
35.5646
32.1507
28.5451
12.282
14.419
34.5485
66.6677
64.2262
57.5157
49.6737
46.4657
37.4893
33.2385
32.9918
31.4456
31.0964
0.141179
0.0507096
0.215107
0.296569
0.412986
0.516845
0.62234
0.721177
0.81159
0.890334
0.955537
1.00714
1.04753
1.08264
1.12057
1.1672
1.22281
1.28506
1.3571
1.44879
1.57939
1.76776
2.01798
2.32245
2.64508
2.94747
3.19578
3.3616
3.43327
3.43545
3.41866
3.41399
3.41971
3.44569
3.49866
3.5657
3.6384
3.70243
3.73876
3.72779
3.64606
3.46605
3.15398
2.66498
1.93566
0.870171
-0.685592
-2.98462
-6.43909
-11.7144
-19.3954
-28.2409
-35.3762
-40.2789
-42.6527
-41.4659
-36.2413
-26.4313
-12.2637
4.91835
22.8197
36.5025
38.9009
34.7965
32.3303
30.7177
17.9974
20.6456
39.6614
67.2583
64.9937
58.6448
51.8354
47.7908
38.2022
33.383
33.0023
31.4374
30.971
0.135958
0.0654256
0.226613
0.305423
0.421017
0.522639
0.626709
0.724077
0.813399
0.891348
0.956303
1.00827
1.0495
1.08553
1.12411
1.17102
1.2266
1.28875
1.36108
1.45392
1.58727
1.77731
2.03361
2.34056
2.66027
2.95771
3.20155
3.36528
3.4382
3.44396
3.42997
3.4262
3.43314
3.45973
3.51194
3.5779
3.64908
3.71132
3.74574
3.73262
3.64843
3.46539
3.14928
2.65448
1.91653
0.838584
-0.732751
-3.04236
-6.4717
-11.6081
-18.9529
-27.441
-34.5127
-39.4707
-41.8874
-40.7409
-35.5419
-25.6804
-11.3822
5.9988
24.0989
37.6252
39.2189
34.3766
33.0518
32.1004
21.5452
24.8274
43.4674
67.7742
65.7213
59.5162
53.2296
48.6325
38.7504
33.4916
33.0076
31.5332
31.3396
0.125798
0.0818135
0.236083
0.312772
0.427063
0.526651
0.629468
0.725707
0.81431
0.891846
0.956809
1.00914
1.05083
1.08703
1.1255
1.17277
1.229
1.29182
1.36457
1.45836
1.59254
1.78578
2.04831
2.35681
2.67352
2.9654
3.20426
3.3656
3.43974
3.44914
3.4381
3.43544
3.44329
3.47021
3.5217
3.58667
3.65651
3.71714
3.74979
3.73471
3.6483
3.46259
3.14302
2.64333
1.89814
0.809478
-0.776307
-3.09962
-6.52155
-11.573
-18.6825
-26.8869
-33.8682
-38.8325
-41.2392
-40.0509
-34.7918
-24.916
-10.5687
6.96558
25.3418
38.8729
39.9359
33.9239
33.682
32.8023
23.5317
27.4069
46.0451
68.2149
66.3609
60.1726
54.0471
49.1529
39.1393
33.6214
33.0346
31.7156
31.9877
0.113946
0.0971148
0.242803
0.317622
0.430572
0.528626
0.630542
0.725998
0.814074
0.891258
0.956192
1.00896
1.05169
1.08941
1.12919
1.17663
1.23201
1.29407
1.36604
1.45958
1.59485
1.7942
2.06166
2.37001
2.68265
2.96948
3.2046
3.3645
3.43996
3.45229
3.44353
3.44167
3.45005
3.47705
3.52791
3.59205
3.66077
3.72004
3.75119
3.73442
3.64608
3.45803
3.13538
2.63138
1.87985
0.781835
-0.816862
-3.15426
-6.57898
-11.5858
-18.5517
-26.5629
-33.4567
-38.3917
-40.7667
-39.5461
-34.2327
-24.2656
-9.75209
8.06054
26.7646
40.0629
40.4604
33.4368
34.0866
33.0342
24.5414
28.8148
47.5466
68.5797
66.8437
60.5812
54.3551
49.4892
39.4145
33.7819
33.072
32.0057
32.6091
0.10276
0.108218
0.246245
0.320473
0.43253
0.529657
0.631003
0.72607
0.814008
0.891208
0.956253
1.00911
1.05177
1.08926
1.12908
1.17717
1.23305
1.29503
1.367
1.46108
1.5977
1.79962
2.06908
2.37775
2.6884
2.97225
3.20493
3.36382
3.43991
3.45378
3.44622
3.4448
3.45342
3.48045
3.531
3.59471
3.66285
3.72143
3.75182
3.73423
3.64498
3.45591
3.13203
2.62642
1.87271
0.771753
-0.830633
-3.17148
-6.5954
-11.5861
-18.5042
-26.4576
-33.338
-38.268
-40.6239
-39.374
-33.9941
-23.9449
-9.31307
8.70616
27.6082
40.7022
40.8105
33.4509
34.3975
33.0166
24.9188
29.4074
48.2662
68.9051
67.1742
60.8326
54.473
49.6148
39.5891
33.8835
33.1347
32.2142
34.9841
)
;

boundaryField
{
    inletFace
    {
        type            zeroGradient;
    }
    inlet
    {
        type            zeroGradient;
    }
    inletWalls
    {
        type            zeroGradient;
    }
    outletInlet
    {
        type            cyclicAMI;
        value           nonuniform List<scalar> 
15
(
12.4661
14.6508
18.0983
22.2353
26.8895
32.928
38.5625
43.9742
49.4428
52.0547
50.9335
51.1694
41.8601
34.3546
30.3197
)
;
    }
    fineSymmetryWall
    {
        type            symmetryPlane;
    }
    fineWalls
    {
        type            zeroGradient;
    }
    fineCyclicBoundary
    {
        type            fixedValue;
        value           uniform 0;
    }
    fineplug
    {
        type            cyclicAMI;
        value           nonuniform List<scalar> 
80
(
12.2963
10.8862
13.4576
14.3385
10.2904
13.6928
13.8501
14.4144
14.656
15.1818
16.2885
18.548
20.7769
15.6125
16.6545
18.4491
20.6064
20.9311
21.8508
22.3343
23.6269
26.7159
24.727
26.2698
26.7175
27.9012
29.9539
31.667
32.236
33.0512
32.8288
34.9013
36.8035
37.9202
38.3965
38.8218
39.8895
42.4616
43.7291
42.0787
42.5846
46.2817
48.2311
49.869
49.5677
49.2152
48.7392
49.8349
49.3914
50.9839
54.8536
52.6231
52.7046
53.9033
53.011
51.7617
50.5491
46.1602
51.9572
56.6928
52.82
51.0079
48.193
45.6103
45.2301
43.2222
40.8751
37.2267
43.3991
38.8948
35.8524
35.2623
34.1318
32.6831
28.6683
27.4303
29.0403
34.2617
30.7261
29.1549
)
;
    }
    faceFine
    {
        type            zeroGradient;
    }
}


// ************************************************************************* //
