/*--------------------------------*- C++ -*----------------------------------*\
| =========                 |                                                 |
| \\      /  F ield         | OpenFOAM: The Open Source CFD Toolbox           |
|  \\    /   O peration     | Version:  4.1                                   |
|   \\  /    A nd           | Web:      www.OpenFOAM.org                      |
|    \\/     M anipulation  |                                                 |
\*---------------------------------------------------------------------------*/
FoamFile
{
    version     2.0;
    format      ascii;
    class       volScalarField;
    location    "18";
    object      p;
}
// * * * * * * * * * * * * * * * * * * * * * * * * * * * * * * * * * * * * * //

dimensions      [0 2 -2 0 0 0 0];

internalField   nonuniform List<scalar> 
6785
(
595.095
516.801
469.949
416.646
369.969
324.955
282.987
243.21
205.578
169.986
135.729
102.628
75.0944
46.8309
5.2776
-13.0484
-31.4126
-21.5587
-29.0102
-28.4823
-31.1098
-31.8495
-32.4437
-32.0192
-30.6495
-28.3109
-25.0512
-19.8998
-15.066
-13.4122
-10.4483
-15.9186
-7.77784
-13.5163
-10.9507
-13.4196
-13.965
-15.8116
-17.4727
-19.5451
-21.6766
-23.508
-24.1085
-24.2532
-23.1997
-4.87335
-8.12065
-5.31137
-10.8034
-9.45389
-12.9658
-13.7557
-15.7548
-17.0419
-18.3659
-19.2389
-19.6753
-18.4577
-17.0537
-14.2992
2.16495
1.33955
5.09958
3.02649
6.98373
6.65161
9.12245
10.473
12.4516
14.3988
16.5673
18.6478
21.0938
22.7371
25.2847
27.6209
28.27
31.6018
30.5683
34.0063
33.9739
36.1077
37.1509
38.5936
39.9126
41.2444
42.448
43.8306
44.8241
46.2407
46.4671
47.4824
49.6693
49.0535
51.5396
51.3968
53.0506
53.3291
53.8834
53.7667
53.5462
53.5589
54.0342
54.6373
55.2765
56.7621
56.5706
57.748
56.4517
57.7523
56.5608
56.9214
55.9257
55.3769
54.4857
53.8304
53.2935
52.7795
52.7824
51.8632
51.6726
48.362
48.7969
46.1643
46.3056
44.3046
43.8682
42.2023
40.8958
38.7623
36.4497
34.1368
32.9337
32.175
28.7189
8.70108
3.28544
1.8824
-2.19924
-4.39249
-8.40453
-11.2522
-14.7714
-17.2962
-19.5464
-20.7961
-21.0993
-21.1445
-21.8798
-22.7779
-23.9054
-26.9225
-27.3616
-29.8246
-30.4806
-32.5039
-33.3024
-34.3176
-34.3645
-34.0773
-33.351
-32.5128
-31.6035
-30.8354
-28.8702
-14.2646
-13.1773
-11.8878
-11.7511
-10.4382
-9.99959
-8.98833
-8.30839
-7.48785
-6.78096
-6.01755
-5.38994
-4.29689
-3.30378
-0.667389
14.6316
16.2816
17.2708
17.7659
18.7777
19.163
19.8564
20.3968
21.0356
21.6922
22.4812
23.2689
24.325
25.184
26.4187
24.2098
26.9171
26.7915
26.4835
26.4681
26.5558
27.0319
27.443
27.9767
28.4491
28.89
29.1921
29.4726
29.5883
29.6827
71.3799
69.9345
64.7556
57.0943
50.9568
46.2844
41.3454
37.251
34.033
31.1237
28.6024
26.627
24.78
23.5303
21.3166
42.0416
42.3261
42.4624
42.4553
42.5123
42.7442
43.1132
43.011
42.9606
42.9244
43.2352
42.9156
42.8571
43.032
42.5626
42.4301
42.4795
42.6159
41.8061
42.0788
42.1738
41.389
41.2618
41.6764
41.7459
40.8959
40.8157
41.2993
41.5882
40.5356
41.2231
41.5734
40.7515
40.7314
41.3041
41.769
40.8924
41.4839
41.981
41.3766
41.3691
41.8704
42.2156
41.7591
41.75
42.1722
42.2719
41.811
42.2029
42.1578
41.9206
41.9145
42.1894
42.3716
42.2645
42.252
42.3971
42.8884
42.8052
42.9418
42.9551
42.9536
42.9672
42.8565
43.2685
43.5364
44.2926
43.2173
41.7883
43.2643
44.9825
37.0047
33.2286
37.2322
41.844
14.874
25.9228
34.1405
-15.946
-1.88845
5.12682
2.31678
6.60796
0.221559
1.5984
6.12234
6.04791
6.66125
7.12766
7.73608
8.18545
11.3851
13.6072
7.53213
9.35043
10.8039
12.7132
13.1489
13.954
13.9162
15.891
22.1597
15.3134
16.917
16.4788
17.3885
19.2731
20.1557
19.9685
19.7354
19.0356
26.7052
22.3922
22.7586
22.2648
21.5289
22.1023
23.527
22.9332
19.4269
24.2999
25.6073
26.9739
27.0333
25.8622
24.9358
23.8674
25.3508
21.9656
24.5277
32.8269
29.9631
30.7397
30.7759
28.8947
27.388
25.8502
19.6165
26.1669
33.2507
27.4118
24.9589
21.1628
18.3137
15.5042
13.4273
11.3479
7.00409
2.04801
13.2487
8.51521
8.02778
6.4662
4.29926
-1.94692
-3.76049
-1.02145
-13.9843
2.72135
-0.234197
-1.44787
5.46632
-0.707102
2.7948
1.62125
3.96145
6.93694
2.56598
5.33675
7.10849
4.3043
5.65258
4.94423
5.98658
7.53867
5.20388
6.21405
5.56752
6.37719
7.45995
5.35795
6.49182
7.16004
5.73253
6.28038
5.85466
6.2757
6.92369
5.70771
6.13561
5.758
6.09326
6.5482
5.43926
5.94517
6.19883
5.41824
5.63124
5.36651
5.50502
5.74237
5.06282
5.19628
4.95733
5.03317
5.16134
4.54298
4.69588
4.71488
4.25923
4.28133
4.1083
4.08773
4.09187
3.7085
3.69987
3.54517
3.51336
3.47134
3.12766
3.13349
3.04086
2.75872
2.70816
2.60764
2.6059
2.57322
2.26237
2.20399
2.16942
1.9753
1.9368
1.67501
1.52383
1.50731
1.07245
0.883405
0.73265
0.418827
0.248695
0.0017196
0.00272152
0.00412929
0.00506219
0.00603012
0.00684885
0.00761662
0.0083254
0.00899184
0.00964008
0.0102795
0.0109338
0.0116125
0.01233
0.0130899
0.0138937
0.0147377
0.0156263
0.0165891
0.0177066
0.0191141
0.0209591
0.0232991
0.0260443
0.0290753
0.0322708
0.0354294
0.0383736
0.0408734
0.0426821
0.0435867
0.0434788
0.0425134
0.0412522
0.0406943
0.0420016
0.0458971
0.0519868
0.0584305
0.0624851
0.0616769
0.0548304
0.0422946
0.0252875
0.00502907
-0.0172954
-0.0397573
-0.062853
-0.0988475
-0.162161
-0.13163
-0.780684
-0.797866
-0.830911
-1.00603
-1.14009
-1.26148
-1.34896
-1.34355
-1.21788
-0.99314
-0.745284
-0.488864
-0.254885
-0.0449422
0.130962
0.266055
0.36013
0.422074
0.444675
0.456782
0.426379
0.40445
0.36057
0.278429
0.329798
0.20283
0.103471
0.311549
0.00467704
0.00713495
0.010897
0.0133903
0.0158558
0.0179432
0.0198261
0.0215486
0.0231253
0.0246475
0.0261329
0.0276556
0.0292399
0.030929
0.0327315
0.0346521
0.0366785
0.0388204
0.0411585
0.0439171
0.0474776
0.0522539
0.0583928
0.0656127
0.0735649
0.0819127
0.0901016
0.0976714
0.104033
0.108574
0.110744
0.110082
0.106333
0.0994691
0.0897072
0.0774868
0.0635001
0.0487464
0.0342801
0.0209959
0.00933873
-0.000999335
-0.0111472
-0.0228497
-0.0379584
-0.0581489
-0.0862768
-0.128151
-0.174866
-0.210567
-0.229811
-1.07945
-1.23126
-1.31269
-1.59112
-1.80133
-1.99281
-2.12447
-2.12825
-1.96956
-1.6659
-1.29734
-0.874277
-0.464047
-0.0778315
0.256122
0.516928
0.706181
0.824052
0.873375
0.881838
0.830576
0.7754
0.701032
0.576667
0.630648
0.472699
0.321222
0.915917
0.0073162
0.0116777
0.0181843
0.0225099
0.0268162
0.0304658
0.0337821
0.0368222
0.0396208
0.0423256
0.0449697
0.0476763
0.0504878
0.0534763
0.0566572
0.0600382
0.0635977
0.0673508
0.0714319
0.07622
0.0823634
0.0905697
0.101092
0.113458
0.127084
0.1414
0.15547
0.168511
0.179515
0.187439
0.191377
0.190683
0.185276
0.175765
0.163413
0.149753
0.136056
0.122908
0.109771
0.0953134
0.0779881
0.0564006
0.029387
-0.00423421
-0.0457656
-0.0965529
-0.159152
-0.240562
-0.336884
-0.467737
-0.654157
-1.05967
-1.42559
-1.50524
-1.8334
-2.08267
-2.31189
-2.46957
-2.48348
-2.31222
-1.97365
-1.54916
-1.04752
-0.554391
-0.0837355
0.325876
0.647098
0.882281
1.02816
1.09129
1.1017
1.03855
0.973864
0.87207
0.758371
0.766039
0.662164
0.548207
1.16644
0.00973647
0.0158808
0.0249303
0.031008
0.0370101
0.0421127
0.0467302
0.0509637
0.0548522
0.0586079
0.0622753
0.0660281
0.0699256
0.0740689
0.0784796
0.0831678
0.0881003
0.0932938
0.09893
0.105537
0.11403
0.125413
0.140041
0.157233
0.176178
0.196078
0.215634
0.233764
0.249068
0.26009
0.265551
0.26452
0.256847
0.243323
0.22558
0.205451
0.184262
0.162525
0.139793
0.115284
0.0882236
0.057601
0.0218611
-0.0212731
-0.074517
-0.140843
-0.225084
-0.335985
-0.465819
-0.658463
-1.04823
-0.98592
-1.78763
-1.82819
-2.21781
-2.52701
-2.80981
-3.00646
-3.03085
-2.82857
-2.42208
-1.90554
-1.2893
-0.681204
-0.098247
0.40996
0.808949
1.10184
1.28384
1.36375
1.37886
1.30014
1.22538
1.08952
0.975101
0.957418
0.871387
0.773401
1.41851
0.0119154
0.0199976
0.0316145
0.0395245
0.0472835
0.0539068
0.0598875
0.0653766
0.0704147
0.0752802
0.0800291
0.0848865
0.089929
0.0952877
0.100991
0.10705
0.113418
0.120108
0.127344
0.135806
0.146684
0.161309
0.180141
0.202276
0.22668
0.252319
0.277534
0.300941
0.320726
0.334983
0.341992
0.340491
0.330306
0.312649
0.289942
0.264823
0.239052
0.21312
0.186162
0.156771
0.123418
0.0843058
0.0372021
-0.0207355
-0.0927739
-0.182603
-0.295947
-0.442164
-0.617818
-0.888942
-1.37451
-0.855058
-2.21787
-2.18459
-2.62354
-2.99859
-3.33995
-3.57889
-3.61672
-3.38276
-2.90623
-2.29228
-1.55222
-0.819075
-0.113313
0.502795
0.986806
1.34294
1.56378
1.66189
1.68067
1.58535
1.49814
1.32823
1.20647
1.17381
1.08661
0.995905
1.60262
0.0138969
0.0239561
0.0380391
0.0477888
0.0572647
0.0653952
0.0727097
0.0794304
0.0855887
0.0915352
0.0973346
0.103265
0.109421
0.115962
0.122925
0.130321
0.138086
0.146224
0.154993
0.165219
0.178386
0.19617
0.219145
0.246157
0.275952
0.307261
0.338066
0.366694
0.390894
0.408271
0.416587
0.41419
0.400896
0.37841
0.349979
0.318918
0.287183
0.255129
0.221673
0.185309
0.144401
0.0968434
0.0398163
-0.0303892
-0.118101
-0.228329
-0.368244
-0.547633
-0.767054
-1.09782
-1.57881
-0.813046
-2.69244
-2.5471
-3.00195
-3.43961
-3.83858
-4.11848
-4.17122
-3.90632
-3.36355
-2.65624
-1.79714
-0.944605
-0.121293
0.597365
1.16187
1.57773
1.83484
1.94999
1.97213
1.86058
1.76233
1.55879
1.43332
1.38364
1.29516
1.22087
1.83624
0.0156896
0.0278292
0.0443134
0.0559443
0.0671348
0.0767941
0.0854501
0.0934151
0.100701
0.107737
0.114593
0.121604
0.128879
0.136612
0.144844
0.153588
0.162756
0.172336
0.182611
0.194552
0.209953
0.230875
0.25801
0.289921
0.325146
0.36217
0.398622
0.432527
0.461154
0.481533
0.490818
0.486954
0.469882
0.442042
0.407719
0.370975
0.33396
0.296922
0.258522
0.216908
0.169899
0.114673
0.0476113
-0.0358443
-0.140937
-0.273798
-0.442652
-0.65754
-0.924971
-1.31051
-1.75753
-1.00626
-3.20113
-2.95269
-3.38402
-3.88496
-4.34411
-4.66651
-4.73604
-4.43764
-3.82602
-3.0219
-2.04087
-1.06739
-0.125466
0.695714
1.34028
1.81519
2.10793
2.23982
2.2655
2.13746
2.02901
1.79108
1.6627
1.59684
1.50148
1.44458
2.00292
0.0173132
0.0316153
0.0504055
0.0639436
0.0768227
0.088015
0.0979999
0.107203
0.115606
0.123719
0.13162
0.139697
0.148081
0.156994
0.166487
0.176568
0.187127
0.198121
0.209847
0.22342
0.240964
0.26497
0.296253
0.333057
0.373718
0.416464
0.458569
0.497733
0.530664
0.553712
0.563354
0.557223
0.53562
0.501973
0.461674
0.41936
0.377151
0.335107
0.291655
0.244665
0.191509
0.128748
0.0519964
-0.0442191
-0.166201
-0.321375
-0.519144
-0.770016
-1.08608
-1.51902
-1.95196
-1.49876
-3.6989
-3.40722
-3.7735
-4.33859
-4.86148
-5.22913
-5.31814
-4.98349
-4.30013
-3.39478
-2.28735
-1.18955
-0.126124
0.799143
1.52457
2.05875
2.38691
2.53543
2.5645
2.41965
2.30106
2.02817
1.8962
1.8159
1.70923
1.67132
2.21524
0.0187802
0.0353441
0.0563476
0.0718263
0.0863724
0.099108
0.110415
0.120856
0.130369
0.139556
0.148494
0.157634
0.167119
0.17721
0.187961
0.199381
0.211325
0.223713
0.236841
0.25196
0.271553
0.298598
0.33404
0.375751
0.421882
0.470384
0.518157
0.562519
0.599493
0.624642
0.633787
0.62447
0.597697
0.558123
0.512185
0.464838
0.418013
0.371604
0.323831
0.272239
0.213628
0.143811
0.0575435
-0.051607
-0.191008
-0.369351
-0.597126
-0.885563
-1.25156
-1.72939
-2.19266
-2.25814
-4.11939
-3.90152
-4.16584
-4.79582
-5.3857
-5.80061
-5.91214
-5.5383
-4.7808
-3.77027
-2.53279
-1.30836
-0.121652
0.908083
1.71412
2.30699
2.66971
2.83451
2.86664
2.70481
2.57619
2.26791
2.13239
2.03796
1.91986
1.89997
2.48936
0.0201033
0.0390262
0.0621417
0.0795908
0.0957749
0.11006
0.122676
0.13435
0.144962
0.155211
0.165176
0.175366
0.185945
0.197204
0.20921
0.221964
0.235286
0.249043
0.263511
0.280073
0.301601
0.331631
0.371242
0.417877
0.469512
0.523786
0.577182
0.626529
0.667014
0.693371
0.700928
0.68752
0.655246
0.610065
0.559159
0.507437
0.456499
0.406128
0.354388
0.29851
0.234713
0.158067
0.0624513
-0.0595566
-0.216443
-0.418201
-0.676453
-1.00339
-1.41905
-1.94044
-2.47938
-3.15931
-4.35462
-4.42491
-4.55938
-5.25868
-5.91985
-6.38373
-6.5211
-6.10454
-5.2698
-4.14918
-2.7773
-1.4235
-0.111487
1.02308
1.90937
2.56017
2.95645
3.13713
3.17196
2.99306
2.85443
2.51023
2.37127
2.26213
2.13622
2.1285
2.6543
0.0212925
0.0426783
0.0678027
0.0872539
0.105045
0.120885
0.134797
0.147699
0.159399
0.170701
0.18168
0.19291
0.204571
0.216993
0.230249
0.244337
0.259033
0.274134
0.289877
0.307768
0.331103
0.364061
0.407863
0.459446
0.516626
0.576658
0.635525
0.6894
0.732518
0.758874
0.763664
0.745529
0.707964
0.658012
0.603094
0.547758
0.49327
0.439439
0.38423
0.324559
0.256011
0.17286
0.06806
-0.0668376
-0.241459
-0.467081
-0.756428
-1.12274
-1.58739
-2.1528
-2.78894
-3.97765
-4.35059
-4.9818
-4.95851
-5.72848
-6.46663
-6.98206
-7.15006
-6.6857
-5.76986
-4.53314
-3.02169
-1.53505
-0.0952298
1.14478
2.11108
2.819
3.24777
3.4439
3.48098
3.28493
3.13614
2.75537
2.61289
2.48788
2.35661
2.35664
2.78418
0.0223568
0.0463116
0.0733385
0.0948226
0.114187
0.131586
0.146777
0.1609
0.173672
0.186015
0.197994
0.21025
0.222982
0.236558
0.251061
0.266484
0.28255
0.29897
0.315915
0.335004
0.359999
0.395824
0.443847
0.500406
0.563154
0.628844
0.692808
0.750391
0.794866
0.819784
0.820773
0.797842
0.755864
0.702381
0.644511
0.586272
0.528715
0.471832
0.413548
0.350459
0.277483
0.188074
0.0742351
-0.0735352
-0.26602
-0.515751
-0.836513
-1.24254
-1.75479
-2.36459
-3.08854
-4.52609
-4.24418
-5.57412
-5.37303
-6.20772
-7.03463
-7.60061
-7.80299
-7.2841
-6.28257
-4.92278
-3.2659
-1.64254
-0.0722006
1.2738
2.31969
3.08379
3.54373
3.75484
3.79357
3.58037
3.4211
3.00309
2.85693
2.71468
2.57576
2.5863
3.02321
0.0233036
0.0499378
0.0787596
0.102308
0.123208
0.14217
0.158622
0.173957
0.187787
0.201155
0.214119
0.227387
0.241177
0.255897
0.271644
0.288403
0.305837
0.323554
0.341625
0.361762
0.38825
0.426879
0.479162
0.540718
0.609008
0.680079
0.748423
0.808454
0.852661
0.874688
0.871359
0.84437
0.799462
0.743885
0.684066
0.623536
0.563323
0.503778
0.442821
0.37672
0.299674
0.204285
0.0815663
-0.0790596
-0.289531
-0.563568
-0.915893
-1.36152
-1.91974
-2.5743
-3.36449
-4.82886
-4.255
-6.16576
-5.81189
-6.6952
-7.63387
-8.24813
-8.48374
-7.90249
-6.80988
-5.31888
-3.51018
-1.7457
-0.0416534
1.41104
2.53578
3.35475
3.84443
4.0699
4.10962
3.87932
3.70912
3.25314
3.10308
2.94228
2.79418
2.81644
3.28656
0.0241389
0.0535666
0.0840742
0.109718
0.132114
0.152642
0.170334
0.186871
0.20174
0.216118
0.230048
0.244312
0.259147
0.275001
0.291987
0.310086
0.328891
0.347883
0.366996
0.388016
0.415805
0.457172
0.513761
0.580304
0.653983
0.729853
0.801409
0.862185
0.904299
0.922349
0.915067
0.885583
0.839567
0.783285
0.722355
0.66001
0.597472
0.535606
0.472349
0.40362
0.322847
0.221747
0.0903091
-0.0831329
-0.311652
-0.610041
-0.993776
-1.47833
-2.08074
-2.78058
-3.61991
-5.02772
-4.58772
-6.6991
-6.28221
-7.18434
-8.26666
-8.93261
-9.19776
-8.54418
-7.35423
-5.72273
-3.75516
-1.84433
-0.00285315
1.55754
2.76048
3.63238
4.14988
4.38912
4.42903
4.18176
4.00003
3.50535
3.35104
3.17033
3.01461
3.04423
3.50763
0.0248677
0.0572074
0.0892906
0.117061
0.140913
0.163006
0.181917
0.199643
0.215531
0.230901
0.245779
0.261022
0.276884
0.293861
0.312085
0.331527
0.351711
0.371958
0.392027
0.413742
0.442616
0.486648
0.547582
0.619021
0.697696
0.777351
0.850463
0.90992
0.94826
0.962106
0.952275
0.922412
0.877128
0.821313
0.759909
0.696092
0.631495
0.567631
0.502456
0.431505
0.347369
0.240847
0.100861
-0.08535
-0.331938
-0.654606
-1.06932
-1.59167
-2.23639
-2.98187
-3.86136
-5.21847
-5.30774
-7.08558
-6.78169
-7.66909
-8.93263
-9.66115
-9.95253
-9.21294
-7.91824
-6.13579
-4.00113
-1.9379
0.0449901
1.71409
2.99474
3.91753
4.46029
4.71244
4.75167
4.48762
4.29361
3.7595
3.60044
3.39852
3.23618
3.27177
3.73957
0.0254938
0.0608687
0.0944161
0.124345
0.149609
0.173268
0.193373
0.212274
0.229161
0.245503
0.261307
0.277508
0.294381
0.312469
0.331926
0.352721
0.374293
0.395782
0.416715
0.438916
0.468628
0.515241
0.58052
0.656587
0.739488
0.821416
0.893969
0.949927
0.98352
0.994142
0.983973
0.955978
0.913032
0.858579
0.797136
0.73208
0.665639
0.60009
0.53339
0.460646
0.373529
0.261877
0.113502
-0.0854408
-0.350091
-0.69683
-1.14181
-1.70051
-2.38568
-3.17682
-4.09563
-5.43959
-6.21965
-7.15369
-7.30311
-8.1464
-9.62901
-10.4403
-10.7567
-9.91367
-8.5048
-6.55936
-4.24826
-2.02588
0.102718
1.88152
3.2392
4.21089
4.77605
5.03969
5.0773
4.79679
4.58961
4.01533
3.85083
3.62658
3.45726
3.49814
3.96955
0.0260198
0.0645584
0.0994578
0.131577
0.158209
0.183431
0.204706
0.224766
0.242628
0.25992
0.276627
0.293765
0.31163
0.330816
0.351502
0.373661
0.396637
0.419362
0.441065
0.463516
0.49378
0.54286
0.61238
0.692495
0.778384
0.860587
0.930115
0.980819
1.00997
1.01945
1.01147
0.98737
0.948024
0.895547
0.834335
0.768179
0.700077
0.633165
0.565369
0.491297
0.401603
0.285106
0.128461
-0.0832276
-0.365934
-0.736447
-1.21084
-1.80428
-2.52822
-3.36487
-4.32694
-5.67413
-6.93801
-6.93667
-7.86591
-8.62305
-10.3504
-11.2755
-11.6189
-10.6526
-9.11739
-6.99476
-4.49681
-2.10774
0.171212
2.0607
3.4945
4.51289
5.0976
5.37094
5.40573
5.1091
4.88771
4.27255
4.10169
3.85402
3.6786
3.72012
4.18886
0.0264473
0.0682844
0.104422
0.138765
0.166717
0.1935
0.215917
0.23712
0.255931
0.274149
0.291735
0.309787
0.328622
0.348889
0.370803
0.394339
0.418744
0.442705
0.465084
0.487519
0.517995
0.569356
0.64279
0.725953
0.813141
0.893128
0.957205
1.0021
1.02854
1.03951
1.03605
1.01749
0.982663
0.932539
0.871687
0.804503
0.734904
0.666974
0.598554
0.52366
0.431797
0.310692
0.145796
-0.0787524
-0.379553
-0.773509
-1.27641
-1.90312
-2.66445
-3.54645
-4.55603
-5.89995
-7.29803
-6.7967
-8.47605
-9.12345
-11.0908
-12.171
-12.5472
-11.4371
-9.7604
-7.44352
-4.74711
-2.18291
0.25141
2.25257
3.76137
4.82387
5.42536
5.7064
5.73655
5.42438
5.18758
4.53082
4.35246
4.08031
3.90082
3.9425
4.42898
0.0267771
0.0720543
0.109314
0.145916
0.175138
0.203479
0.227009
0.249335
0.269068
0.288186
0.306624
0.325565
0.345348
0.36668
0.389817
0.414748
0.440615
0.465823
0.488783
0.510898
0.541164
0.594459
0.671132
0.755937
0.842253
0.917171
0.974276
1.0145
1.04082
1.05584
1.05882
1.04703
1.01734
0.96975
0.909283
0.84108
0.770144
0.701574
0.633058
0.557878
0.464222
0.338635
0.16534
-0.0723449
-0.391371
-0.808489
-1.3391
-1.99788
-2.79567
-3.72306
-4.78418
-6.12759
-7.53616
-7.13417
-9.01854
-9.6709
-11.8447
-13.1294
-13.5487
-12.2742
-10.4392
-7.90758
-4.99958
-2.25081
0.344308
2.45807
4.04051
5.14415
5.75935
6.04599
6.06955
5.74238
5.48887
4.7898
4.60252
4.30507
4.1216
4.16661
4.66627
0.0270085
0.0758756
0.11414
0.153034
0.183478
0.213371
0.237983
0.261411
0.282038
0.302029
0.32129
0.341093
0.361798
0.384176
0.408532
0.43488
0.46225
0.488732
0.51218
0.533611
0.5631
0.617691
0.696575
0.781262
0.863905
0.931248
0.981663
1.01967
1.04859
1.06974
1.08059
1.07645
1.0523
1.00728
0.94713
0.877865
0.805752
0.736964
0.668932
0.594009
0.498843
0.368699
0.186597
-0.06472
-0.402245
-0.842352
-1.40005
-2.09004
-2.9238
-3.89686
-5.0129
-6.37141
-7.81667
-8.03403
-9.25486
-10.2655
-12.607
-14.1523
-14.6299
-13.1709
-11.1601
-8.38943
-5.25476
-2.31081
0.450957
2.67823
4.33265
5.47401
6.09947
6.38973
6.40501
6.06288
5.79121
5.0491
4.85115
4.52771
4.34058
4.38645
4.88676
0.0271404
0.0797561
0.118903
0.160126
0.191739
0.223179
0.248842
0.27335
0.294839
0.315673
0.335726
0.356361
0.377962
0.401364
0.426935
0.454724
0.483653
0.511452
0.53529
0.555578
0.583461
0.638354
0.718238
0.800431
0.87623
0.935102
0.980983
1.01963
1.05338
1.08218
1.10193
1.10608
1.0877
1.04516
0.985175
0.914751
0.841626
0.773087
0.706163
0.631989
0.535405
0.400317
0.208666
-0.0570383
-0.413486
-0.876488
-1.46075
-2.18134
-3.05098
-4.07011
-5.24333
-6.63599
-8.14492
-8.95424
-9.07087
-10.9355
-13.3817
-15.2413
-15.7962
-14.1331
-11.9295
-8.89224
-5.51334
-2.36229
0.572469
2.91409
4.63853
5.81372
6.44559
6.7375
6.7428
6.38561
6.09423
5.30833
5.09761
4.74737
4.55836
4.60536
5.14555
0.0271701
0.0837035
0.123608
0.167199
0.199927
0.232906
0.259587
0.285149
0.307468
0.329113
0.349926
0.371363
0.393829
0.41823
0.44501
0.474272
0.504826
0.534
0.558112
0.576615
0.60168
0.655726
0.735151
0.811485
0.878191
0.930055
0.974462
1.01618
1.05632
1.09381
1.12319
1.13612
1.12365
1.08338
1.02332
0.951578
0.877616
0.809837
0.744656
0.671589
0.573358
0.432509
0.230176
-0.0509137
-0.426768
-0.912501
-1.52276
-2.27345
-3.17911
-4.24483
-5.47665
-6.91788
-8.47954
-9.47217
-8.87182
-11.7406
-14.2054
-16.4005
-17.0527
-15.1663
-12.7537
-9.41977
-5.77632
-2.40459
0.710017
3.16674
4.9589
6.16349
6.7975
7.08904
7.08253
6.71031
6.39753
5.56711
5.34108
4.96329
4.77185
4.82236
5.37334
0.027094
0.0877261
0.128259
0.174257
0.208044
0.242555
0.270219
0.296809
0.319923
0.342344
0.363883
0.386089
0.409388
0.434761
0.462742
0.493511
0.52577
0.556386
0.58059
0.596324
0.617076
0.669279
0.74578
0.812585
0.870467
0.91846
0.964184
1.01062
1.05817
1.10506
1.14464
1.16676
1.16024
1.1219
1.06145
0.988151
0.913539
0.847068
0.784223
0.712353
0.611773
0.463823
0.249289
-0.0482976
-0.443868
-0.951875
-1.58735
-2.36764
-3.30957
-4.42258
-5.71446
-7.21468
-8.82585
-9.85003
-9.1838
-12.579
-15.1346
-17.6368
-18.405
-16.2754
-13.6389
-9.97614
-6.04516
-2.43707
0.864838
3.43734
5.29453
6.52347
7.15494
7.44405
7.4244
7.03696
6.70075
5.82504
5.58074
5.17453
4.97993
5.02668
5.61354
0.0269075
0.0918327
0.132859
0.181305
0.216093
0.252127
0.280738
0.308329
0.332201
0.355362
0.37759
0.400529
0.424626
0.450939
0.480113
0.512427
0.546479
0.578587
0.602506
0.614053
0.629281
0.678298
0.747911
0.803302
0.855317
0.902726
0.951694
1.00385
1.0594
1.11618
1.16647
1.19816
1.19756
1.16072
1.09943
1.02425
0.9492
0.884607
0.824549
0.753528
0.64927
0.492311
0.263804
-0.0511887
-0.466292
-0.995648
-1.6553
-2.46458
-3.44301
-4.60423
-5.95828
-7.5263
-9.20259
-10.3486
-10.3008
-13.2127
-16.1728
-18.9572
-19.8601
-17.4647
-14.5908
-10.5655
-6.32191
-2.45906
1.03824
3.72708
5.64621
6.89377
7.51755
7.80206
7.76831
7.36559
7.00361
6.08176
5.81573
5.38009
5.18055
5.2139
5.84176
0.0266044
0.0960325
0.137409
0.188349
0.224077
0.261626
0.291146
0.319706
0.344299
0.368162
0.391039
0.414675
0.439531
0.466748
0.4971
0.530997
0.566924
0.600473
0.623316
0.629206
0.638362
0.680962
0.739869
0.785332
0.835498
0.884672
0.937985
0.996357
1.06029
1.12739
1.1889
1.23056
1.23579
1.19982
1.13712
1.05967
0.984418
0.922252
0.86515
0.793993
0.683966
0.515598
0.271466
-0.0611942
-0.494907
-1.04418
-1.72671
-2.56421
-3.57926
-4.78985
-6.20898
-7.85263
-9.61617
-10.9785
-11.7035
-13.4022
-17.3196
-20.3729
-21.4265
-18.7386
-15.6147
-11.1921
-6.60865
-2.46992
1.23158
4.0372
6.01474
7.27443
7.88491
8.16256
8.1137
7.69611
7.30577
6.33692
6.04528
5.57936
5.37004
5.37326
6.02036
0.0261773
0.100336
0.141912
0.195392
0.232
0.271051
0.301442
0.33094
0.356212
0.380736
0.404224
0.428517
0.45409
0.482169
0.513677
0.549185
0.587023
0.62165
0.642148
0.641757
0.64362
0.674347
0.721881
0.761625
0.813211
0.865438
0.923645
0.988465
1.06105
1.13891
1.21218
1.26423
1.27513
1.23924
1.17443
1.09419
1.01904
0.959767
0.905323
0.832168
0.713457
0.531153
0.270463
-0.0791041
-0.529729
-1.09707
-1.8009
-2.66564
-3.71725
-4.97852
-6.46641
-8.19379
-10.0649
-11.6691
-12.8007
-13.4171
-18.6596
-21.9108
-23.114
-20.1024
-16.7154
-11.8599
-6.90709
-2.46922
1.44629
4.36898
6.40093
7.66538
8.25648
8.52496
8.45998
8.02848
7.60675
6.59014
6.26871
5.77205
5.54719
5.49739
6.17834
0.0256171
0.104753
0.14637
0.202441
0.239861
0.280404
0.311626
0.342029
0.367938
0.393078
0.417135
0.442044
0.46829
0.497181
0.529809
0.566925
0.60653
0.641252
0.65837
0.652059
0.643052
0.657879
0.696775
0.734732
0.789851
0.845685
0.908995
0.980378
1.0619
1.15097
1.23664
1.29958
1.31589
1.27907
1.21128
1.12766
1.05296
0.996865
0.944052
0.865885
0.734969
0.536829
0.259953
-0.104657
-0.569878
-1.1531
-1.8764
-2.76711
-3.855
-5.16831
-6.72932
-8.54996
-10.5476
-12.3919
-13.6653
-13.7078
-20.1979
-23.6149
-24.9287
-21.5614
-17.8969
-12.5729
-7.21888
-2.45691
1.68385
4.72376
6.80561
8.06651
8.63164
8.88856
8.80652
8.36265
7.90629
6.841
6.48548
5.95859
5.71026
5.58442
6.30204
0.0249131
0.109298
0.150784
0.209498
0.247664
0.289686
0.321697
0.352969
0.37947
0.405183
0.429765
0.455247
0.482116
0.511756
0.545441
0.584067
0.624823
0.658092
0.672241
0.659608
0.632611
0.629278
0.667717
0.706764
0.766008
0.825749
0.894249
0.972294
1.06306
1.1639
1.26271
1.3371
1.35846
1.31946
1.24761
1.15995
1.08612
1.03319
0.979814
0.892312
0.745878
0.531547
0.24037
-0.136547
-0.613628
-1.21026
-1.9509
-2.86599
-3.98965
-5.35643
-6.99544
-8.92051
-11.0653
-13.1579
-14.5985
-14.6463
-21.8231
-25.5336
-26.8726
-23.119
-19.1625
-13.3347
-7.54567
-2.43317
1.94579
5.10289
7.22963
8.47756
9.00965
9.25258
9.15267
8.69858
8.20484
7.08903
6.6952
6.14039
5.86221
5.64211
6.36412
0.0240523
0.113982
0.155152
0.216568
0.255408
0.298896
0.331655
0.363757
0.390805
0.417041
0.442103
0.468113
0.495547
0.525854
0.56048
0.600254
0.640758
0.671353
0.683278
0.659728
0.605873
0.595205
0.634733
0.678165
0.742081
0.805782
0.879581
0.964449
1.06484
1.17811
1.29093
1.37743
1.40339
1.36061
1.28342
1.19093
1.11858
1.06822
1.0102
0.908255
0.744572
0.51575
0.213379
-0.172578
-0.658495
-1.26576
-2.02128
-2.95886
-4.11767
-5.53956
-7.26193
-9.30357
-11.6166
-13.9713
-15.6755
-16.3233
-23.5087
-27.7123
-28.9469
-24.7746
-20.5141
-14.1486
-7.88905
-2.39825
2.23372
5.50776
7.67384
8.89817
9.38966
9.61613
9.49774
9.03632
8.50286
7.33369
6.89758
6.31936
6.0107
5.68884
6.48367
0.0230195
0.118822
0.159476
0.223655
0.263095
0.308035
0.341499
0.374391
0.401936
0.428646
0.454139
0.480628
0.50856
0.539416
0.574735
0.614703
0.653078
0.680819
0.68923
0.646733
0.569546
0.56129
0.599321
0.649683
0.718165
0.786017
0.865237
0.957136
1.06762
1.1941
1.32198
1.42138
1.45131
1.40279
1.31862
1.22052
1.15062
1.10074
1.03167
0.911134
0.731213
0.491379
0.181613
-0.209838
-0.701329
-1.31618
-2.08382
-3.04191
-4.2354
-5.71442
-7.52592
-9.69636
-12.1972
-14.8299
-16.9135
-18.6921
-25.1953
-30.1943
-31.1601
-26.5257
-21.9509
-15.017
-8.25082
-2.3522
2.54939
5.93983
8.13911
9.32785
9.7707
9.97821
9.84101
9.3761
8.80023
7.57431
7.09234
6.49742
6.16018
5.73852
6.60981
0.0217966
0.123834
0.163754
0.230762
0.270724
0.317102
0.351225
0.384867
0.412858
0.439987
0.465862
0.492774
0.521114
0.55234
0.58777
0.626211
0.661593
0.687769
0.68883
0.616751
0.533275
0.526659
0.562873
0.621632
0.694432
0.766725
0.851518
0.950723
1.07185
1.21247
1.35668
1.46993
1.50303
1.44625
1.35293
1.24878
1.18264
1.12789
1.04025
0.900273
0.707877
0.46148
0.148373
-0.244874
-0.738479
-1.35767
-2.13466
-3.11149
-4.33969
-5.87843
-7.78504
-10.0956
-12.8008
-15.7262
-18.2911
-21.5085
-26.7267
-33.0004
-33.5342
-28.3715
-23.4699
-15.9402
-8.63281
-2.29471
2.89483
6.4006
8.62629
9.76596
10.1517
10.3377
10.1817
9.7183
9.0966
7.81
7.27917
6.67582
6.30901
5.80521
6.76259
0.0203625
0.129038
0.167985
0.237893
0.278295
0.326094
0.360833
0.395179
0.423563
0.451054
0.477253
0.504519
0.533146
0.56441
0.598755
0.633957
0.668113
0.695662
0.674009
0.582853
0.496231
0.490504
0.525497
0.593945
0.671146
0.748249
0.838776
0.945627
1.07807
1.23396
1.39603
1.5243
1.55949
1.49104
1.38564
1.27642
1.21412
1.14461
1.0334
0.877535
0.678023
0.429739
0.117374
-0.273901
-0.766091
-1.38645
-2.17037
-3.16482
-4.42849
-6.03
-8.03744
-10.4977
-13.4194
-16.6492
-19.7586
-24.3026
-27.9439
-36.1349
-36.0982
-30.3174
-25.0685
-16.9168
-9.0367
-2.22501
3.27246
6.89173
9.13627
10.2117
10.5313
10.6933
10.519
10.0634
9.39163
8.03962
7.45763
6.85513
6.45694
5.88816
6.93364
0.0186918
0.134455
0.172165
0.245049
0.285806
0.33501
0.370319
0.405322
0.434043
0.461831
0.488288
0.515818
0.544542
0.575167
0.606736
0.638609
0.674302
0.699099
0.648597
0.550923
0.456695
0.454362
0.48783
0.567163
0.648607
0.730924
0.827392
0.942321
1.08687
1.25942
1.44123
1.58595
1.62166
1.5365
1.41583
1.30506
1.24142
1.14523
1.01181
0.846794
0.645769
0.400117
0.0924871
-0.29312
-0.780572
-1.39939
-2.18856
-3.20038
-4.50095
-6.16837
-8.28145
-10.8985
-14.0441
-17.5873
-21.2646
-26.6819
-29.0304
-39.7474
-38.8859
-32.3723
-26.746
-17.944
-9.46368
-2.14162
3.68532
7.41507
9.66994
10.6639
10.9081
11.0437
10.852
10.4121
9.68493
8.26182
7.62721
7.03557
6.60398
5.98597
7.06706
0.016755
0.140111
0.176292
0.252233
0.293256
0.343845
0.379679
0.41529
0.444285
0.472296
0.498925
0.526593
0.555064
0.58389
0.611713
0.643581
0.684101
0.687476
0.62533
0.517503
0.415411
0.418271
0.450147
0.54146
0.627135
0.715149
0.817785
0.941326
1.09897
1.28985
1.49372
1.65657
1.69017
1.58053
1.44359
1.33547
1.25666
1.12695
0.979575
0.812765
0.615356
0.37655
0.0774161
-0.29916
-0.77912
-1.39453
-2.18819
-3.21788
-4.55705
-6.29306
-8.51514
-11.2932
-14.6662
-18.5299
-22.7809
-28.6744
-30.3652
-44.0808
-41.9418
-34.5436
-28.503
-19.0189
-9.91422
-2.04135
4.1372
7.97282
10.2283
11.1215
11.2807
11.3875
11.1799
10.765
9.97608
8.47506
7.78722
7.21665
6.75025
6.09533
7.23666
0.0145168
0.146034
0.180363
0.259447
0.300642
0.352597
0.388909
0.425072
0.454271
0.482414
0.509102
0.536703
0.564277
0.590056
0.615169
0.651079
0.690329
0.670446
0.604556
0.481949
0.373352
0.382363
0.413239
0.517288
0.607097
0.701309
0.810401
0.943215
1.11513
1.3264
1.55517
1.73802
1.76444
1.61953
1.47146
1.36324
1.2509
1.09242
0.9425
0.780092
0.590804
0.362628
0.0752855
-0.289561
-0.760153
-1.37122
-2.16944
-3.21788
-4.5971
-6.40337
-8.736
-11.6765
-15.2771
-19.4695
-24.3022
-30.5114
-32.3228
-49.0021
-45.3012
-36.826
-30.3374
-20.1378
-10.3875
-1.91918
4.63256
8.56772
10.8123
11.583
11.6472
11.723
11.5017
11.1229
10.2646
8.67761
7.9369
7.39709
6.89586
6.21082
7.42434
0.0119353
0.152256
0.184371
0.26669
0.307962
0.361259
0.398002
0.434655
0.463973
0.492128
0.518715
0.545889
0.571646
0.594295
0.620517
0.663099
0.684569
0.658181
0.582858
0.445558
0.33072
0.346506
0.377654
0.494897
0.58888
0.689816
0.80571
0.948598
1.13622
1.37035
1.6275
1.83189
1.84121
1.65042
1.50267
1.37622
1.22052
1.04876
0.906172
0.752915
0.575604
0.361215
0.0882124
-0.263134
-0.723457
-1.33006
-2.13327
-3.20117
-4.62116
-6.49807
-8.94097
-12.0428
-15.8693
-20.401
-25.8261
-32.3006
-35.1517
-54.3165
-48.9929
-39.2087
-32.2406
-21.2946
-10.8809
-1.77019
5.17663
9.20323
11.4234
12.0465
12.0058
12.0484
11.8162
11.487
10.5497
8.86764
8.0753
7.57546
7.04031
6.33291
7.55857
0.00896113
0.158817
0.188312
0.273963
0.315209
0.369824
0.406947
0.444014
0.473343
0.501353
0.527589
0.553765
0.577057
0.598387
0.629629
0.672578
0.676984
0.648476
0.560375
0.409001
0.287944
0.310419
0.344444
0.474576
0.572907
0.681064
0.804193
0.958104
1.16313
1.42311
1.71276
1.93844
1.91329
1.67477
1.53412
1.35966
1.1711
1.00391
0.87511
0.734635
0.572368
0.374076
0.117002
-0.220049
-0.669977
-1.27237
-2.08088
-3.16836
-4.62879
-6.57539
-9.12661
-12.387
-16.4371
-21.3212
-27.3475
-34.1117
-38.9131
-59.9185
-53.0301
-41.6757
-34.1979
-22.4794
-11.389
-1.59073
5.77587
9.88377
12.0631
12.51
12.3543
12.3621
12.1223
11.8582
10.8306
9.0431
8.20131
7.74892
7.18243
6.45182
7.76508
0.00553494
0.165759
0.192179
0.281262
0.322379
0.378279
0.415724
0.453111
0.482308
0.509951
0.535454
0.560001
0.581428
0.60501
0.643391
0.673833
0.674534
0.638686
0.538312
0.372536
0.245828
0.273108
0.314537
0.45658
0.559612
0.67544
0.806315
0.972346
1.19676
1.48617
1.81288
2.05437
1.97157
1.69855
1.55006
1.30728
1.11421
0.963799
0.852695
0.727604
0.582508
0.401627
0.161117
-0.161581
-0.601331
-1.19964
-2.01322
-3.11949
-4.61907
-6.63326
-9.28952
-12.7045
-16.9767
-22.2274
-28.8603
-36.0074
-43.67
-65.687
-57.4118
-44.2151
-36.1904
-23.6782
-11.9032
-1.37665
6.43831
10.6149
12.7335
12.9712
12.6905
12.662
12.4188
12.2379
11.106
9.20175
8.31356
7.91392
7.32068
6.57148
7.92688
0.00158581
0.173135
0.195966
0.288584
0.329462
0.386606
0.424302
0.46188
0.490752
0.517718
0.541992
0.564752
0.586306
0.615081
0.655973
0.674944
0.674587
0.629245
0.51703
0.336682
0.205525
0.232885
0.288926
0.441127
0.549435
0.673289
0.812497
0.991873
1.23799
1.56099
1.92872
2.17018
2.01235
1.7227
1.52656
1.22768
1.0614
0.931906
0.841008
0.732815
0.606043
0.442969
0.218995
-0.0895757
-0.519213
-1.11303
-1.93063
-3.0541
-4.59076
-6.66964
-9.42692
-12.9925
-17.4866
-23.1171
-30.3572
-38.0411
-49.4398
-71.414
-62.0941
-46.8167
-38.198
-24.8751
-12.4115
-1.1215
7.17313
11.4034
13.4376
13.4277
13.012
12.9461
12.704
12.6275
11.3737
9.34092
8.41033
8.06671
7.45369
6.69209
8.13163
-0.00297194
0.181004
0.199664
0.29592
0.336443
0.394773
0.432626
0.470223
0.498505
0.524384
0.547058
0.568972
0.593568
0.629083
0.66293
0.680412
0.675097
0.621024
0.496585
0.302288
0.168826
0.188142
0.268525
0.428454
0.542818
0.674904
0.823078
1.01712
1.28755
1.64885
2.05795
2.27035
2.04373
1.73584
1.4533
1.1379
1.01744
0.909793
0.840599
0.74981
0.641734
0.496286
0.288634
-0.00583313
-0.424889
-1.01306
-1.83292
-2.97147
-4.5428
-6.68299
-9.5372
-13.2499
-17.9666
-23.9872
-31.8295
-40.2515
-56.1632
-76.9462
-66.9816
-49.4565
-40.1994
-26.054
-12.8997
-0.817315
7.98993
12.2573
14.1791
13.8766
13.3163
13.2124
12.9765
13.0287
11.6308
9.45725
8.48944
8.20637
7.58113
6.81182
8.37615
-0.00824285
0.189437
0.203266
0.303254
0.3433
0.402731
0.44061
0.477988
0.505336
0.529713
0.550965
0.573854
0.603474
0.64296
0.669976
0.687976
0.676392
0.614208
0.477187
0.270437
0.138496
0.139662
0.254049
0.418834
0.540157
0.680505
0.838276
1.04835
1.34601
1.75038
2.19171
2.34003
2.07358
1.69578
1.33254
1.0573
0.984825
0.897284
0.850455
0.777047
0.687588
0.559489
0.36822
0.0883736
-0.318944
-0.899651
-1.71954
-2.87101
-4.47465
-6.67276
-9.62045
-13.4776
-18.4178
-24.833
-33.2671
-42.6569
-63.6644
-81.797
-71.9054
-52.1171
-42.1719
-27.1998
-13.3528
-0.456025
8.89839
13.1861
14.9631
14.3153
13.6006
13.4586
13.2343
13.4431
11.8728
9.54587
8.5479
8.33334
7.70229
6.94256
8.56911
-0.0143561
0.198517
0.206759
0.310564
0.349991
0.410398
0.448119
0.484964
0.510991
0.533703
0.554553
0.58053
0.61616
0.653005
0.680254
0.696063
0.679036
0.6088
0.459144
0.242306
0.117601
0.0919547
0.245973
0.412704
0.541789
0.690222
0.85816
1.08564
1.41375
1.86428
2.31268
2.37837
2.10276
1.56218
1.20461
0.988505
0.960957
0.893608
0.868826
0.812476
0.741543
0.630839
0.456574
0.192509
-0.201294
-0.772293
-1.59004
-2.75275
-4.38656
-6.63976
-9.67849
-13.6776
-18.8413
-25.6491
-34.6598
-45.2337
-71.4302
-85.6923
-76.6694
-54.7586
-44.0867
-28.2963
-13.7521
-0.0253579
9.90906
14.2012
15.7959
14.7408
13.8622
13.6826
13.4752
13.8723
12.0932
9.59914
8.58195
8.44767
7.81486
7.0817
8.84537
-0.0214736
0.208338
0.210128
0.317808
0.356451
0.41765
0.454962
0.490896
0.515308
0.536735
0.558731
0.589094
0.629241
0.662718
0.692075
0.704815
0.683087
0.604904
0.442748
0.218996
0.107907
0.0520777
0.244512
0.41058
0.547968
0.704083
0.882624
1.12884
1.49075
1.98461
2.40024
2.4061
2.11196
1.35605
1.07784
0.938299
0.943849
0.896869
0.893617
0.854236
0.80204
0.709326
0.553293
0.306725
-0.0713978
-0.630432
-1.44449
-2.61753
-4.27982
-6.58642
-9.71438
-13.852
-19.2377
-26.4298
-35.9977
-47.9069
-78.6639
-88.0066
-80.941
-57.3204
-45.9106
-29.3264
-14.0727
0.491025
11.0336
15.316
16.6855
15.1503
14.0983
13.8821
13.6963
14.317
12.2829
9.60337
8.58661
8.55088
7.91476
7.22703
9.17352
-0.0297996
0.219005
0.213348
0.324923
0.362577
0.424309
0.460891
0.495547
0.518366
0.539503
0.564202
0.599683
0.640023
0.674579
0.70427
0.714578
0.68851
0.602657
0.428332
0.201344
0.107224
0.0266132
0.249593
0.413123
0.558803
0.722
0.911376
1.17759
1.57608
2.09812
2.44445
2.44626
2.01737
1.18938
0.934389
0.90223
0.929889
0.905642
0.923182
0.901087
0.868318
0.794743
0.658659
0.431649
0.0714614
-0.473858
-1.28387
-2.46705
-4.15695
-6.51667
-9.73141
-14.0027
-19.607
-27.1697
-37.273
-50.5469
-84.1931
-89.0411
-84.6793
-59.7479
-47.5992
-30.2687
-14.2879
1.10647
12.2852
16.5455
17.641
15.5409
14.306
14.0551
13.8934
14.7755
12.4301
9.53291
8.55635
8.64582
7.99766
7.40938
9.43076
-0.0395931
0.23063
0.216378
0.331808
0.368217
0.430138
0.465634
0.498799
0.520518
0.542635
0.570931
0.611062
0.650141
0.687539
0.716848
0.725355
0.695348
0.602158
0.416417
0.190223
0.10812
0.0205849
0.260605
0.420985
0.574267
0.743756
0.943943
1.23134
1.66643
2.18533
2.46263
2.51939
1.77977
1.09666
0.79152
0.877735
0.917613
0.918968
0.956592
0.952662
0.940406
0.887531
0.773405
0.56813
0.227847
-0.303156
-1.11014
-2.30378
-4.02196
-6.43498
-9.7321
-14.1308
-19.9487
-27.8648
-38.4772
-53.0144
-87.9172
-89.7439
-87.6172
-61.9439
-49.1056
-31.0946
-14.378
1.83286
13.6784
17.9056
18.6729
15.91
14.4822
14.2
14.0582
15.2353
12.5142
9.32967
8.48394
8.73619
8.0635
7.60398
9.83637
-0.0511765
0.243317
0.219156
0.338318
0.373163
0.434858
0.468969
0.500743
0.522268
0.546524
0.578898
0.621272
0.661418
0.700736
0.730011
0.737106
0.703677
0.60349
0.407913
0.187139
0.0977497
0.035927
0.276859
0.434655
0.594185
0.769002
0.979694
1.28916
1.75369
2.22881
2.47827
2.54984
1.51746
1.03814
0.669271
0.859891
0.906859
0.936561
0.993819
1.00932
1.01893
0.98855
0.898492
0.716998
0.397788
-0.12008
-0.926063
-2.13123
-3.88011
-6.3451
-9.7177
-14.2366
-20.2618
-28.5118
-39.6014
-55.2264
-90.1246
-90.3022
-89.7027
-63.8736
-50.3947
-31.778
-14.3263
2.68379
15.2269
19.4135
19.7923
16.2547
14.6235
14.3154
14.1704
15.6789
12.5258
8.81159
8.35857
8.82858
8.11273
7.85417
10.1983
-0.0649366
0.257138
0.221584
0.344248
0.377157
0.438194
0.470797
0.501649
0.524023
0.551153
0.587713
0.630594
0.673456
0.7141
0.743762
0.749853
0.713552
0.606781
0.404522
0.19631
0.0691396
0.0687673
0.297767
0.454324
0.61826
0.797259
1.01788
1.34924
1.82406
2.23344
2.53814
2.42635
1.31755
0.983144
0.574653
0.84718
0.89876
0.958776
1.03549
1.07193
1.10486
1.09885
1.03492
0.878803
0.580305
0.0723818
-0.734884
-1.95433
-3.73676
-6.24899
-9.68834
-14.3202
-20.5456
-29.1087
-40.636
-57.1442
-91.1304
-90.4925
-90.944
-65.4966
-51.4284
-32.2913
-14.1147
3.67221
16.9432
21.087
21.0106
16.5722
14.7254
14.4018
14.1888
15.9805
12.4143
7.86949
8.15434
8.93065
8.14561
8.15451
10.6092
-0.0813025
0.272095
0.223525
0.349344
0.379926
0.439949
0.471187
0.501847
0.525975
0.556301
0.596313
0.640175
0.685636
0.727726
0.758075
0.763641
0.725002
0.612218
0.408592
0.222752
0.0358605
0.112002
0.323215
0.479793
0.646096
0.827935
1.05762
1.40745
1.86093
2.2192
2.62799
2.19232
1.1566
0.921602
0.505124
0.839202
0.894762
0.98651
1.08266
1.14162
1.19931
1.21954
1.18354
1.05346
0.772937
0.270514
-0.540494
-1.7793
-3.59559
-6.1466
-9.6435
-14.3812
-20.7994
-29.6547
-41.5726
-58.7538
-91.2925
-90.3269
-91.2506
-66.7249
-52.1656
-32.6108
-13.727
4.80882
18.8376
22.9459
22.3382
16.8592
14.7823
14.4723
14.1925
16.116
12.1527
6.78568
7.87875
9.04659
8.16061
8.50777
11.156
-0.100679
0.288059
0.224801
0.353315
0.38123
0.44005
0.470327
0.501604
0.528134
0.561816
0.604138
0.65011
0.697822
0.741625
0.772963
0.778508
0.737997
0.619888
0.421404
0.26094
0.0252998
0.160001
0.353642
0.510592
0.677213
0.86036
1.09782
1.45598
1.85764
2.2195
2.64264
1.99173
1.00251
0.848354
0.455365
0.836041
0.896649
1.02093
1.1366
1.2196
1.30342
1.35164
1.34492
1.23969
0.971686
0.470618
-0.348209
-1.61215
-3.45746
-6.03662
-9.58256
-14.4197
-21.023
-30.1491
-42.4043
-60.0491
-90.7408
-89.7509
-90.6853
-67.503
-52.5751
-32.7154
-13.1497
6.10189
20.9189
25.012
23.7832
17.1113
14.785
14.5314
14.2705
16.2543
11.8091
5.75674
7.54934
9.18983
8.16199
8.98726
11.4883
-0.123311
0.304685
0.225215
0.355881
0.380918
0.438569
0.468467
0.501065
0.530353
0.567432
0.61152
0.660075
0.710035
0.755781
0.788462
0.794477
0.752435
0.629964
0.442419
0.286718
0.0545868
0.210294
0.38962
0.54608
0.711067
0.893826
1.13658
1.48384
1.8312
2.27638
2.51533
1.85547
0.853098
0.756686
0.422321
0.838233
0.90638
1.06331
1.19866
1.30707
1.41827
1.49601
1.51888
1.43438
1.17185
0.668917
-0.164917
-1.45631
-3.32061
-5.9174
-9.50503
-14.4358
-21.2165
-30.5919
-43.1274
-61.028
-89.5544
-88.6795
-89.3637
-67.8139
-52.6414
-32.5858
-12.3728
7.55632
23.1936
27.3084
25.3487
17.3229
14.7234
14.5583
14.2782
16.565
11.4157
4.72955
7.14546
9.38095
8.16384
9.52614
12.0461
-0.149045
0.321325
0.224576
0.356814
0.378963
0.4357
0.46585
0.500284
0.532455
0.572704
0.618761
0.669911
0.722279
0.770202
0.804614
0.811577
0.768301
0.643826
0.473709
0.28252
0.116351
0.263039
0.431321
0.585557
0.747063
0.927579
1.17013
1.48127
1.8015
2.35084
2.34897
1.74841
0.720647
0.638855
0.406462
0.846372
0.925915
1.11487
1.27013
1.40511
1.54477
1.6531
1.70387
1.6324
1.36934
0.860237
0.00281439
-1.31122
-3.18206
-5.78768
-9.41074
-14.4297
-21.38
-30.9828
-43.7413
-61.6962
-87.8393
-87.1338
-87.4434
-67.6706
-52.3617
-32.2076
-11.3932
9.17215
25.6654
29.8604
27.0318
17.4847
14.5755
14.5384
14.0634
16.9781
10.9743
3.73495
6.65661
9.61463
8.20153
10.0949
12.0106
-0.177019
0.336952
0.222742
0.355987
0.37549
0.431732
0.462709
0.499287
0.534346
0.577403
0.625831
0.679589
0.734544
0.784911
0.821464
0.829796
0.785622
0.664042
0.516815
0.269031
0.189512
0.318516
0.478177
0.628329
0.784581
0.960691
1.19244
1.45252
1.80126
2.347
2.2416
1.65229
0.62051
0.496305
0.409382
0.861656
0.957176
1.17675
1.35217
1.51461
1.68358
1.82256
1.89605
1.82783
1.56082
1.0373
0.151881
-1.17319
-3.03912
-5.64679
-9.29972
-14.4015
-21.5135
-31.322
-44.2492
-62.0655
-85.7184
-85.2032
-85.1057
-67.1097
-51.7463
-31.5763
-10.2168
10.9435
28.3331
32.6913
28.8139
17.5857
14.3223
14.4746
13.5791
17.3904
10.3513
2.81168
6.08596
9.81507
8.19337
11.1931
12.5627
-0.205352
0.350171
0.219659
0.3534
0.370754
0.42699
0.45923
0.498084
0.535997
0.581594
0.632641
0.689102
0.746828
0.799936
0.839039
0.848945
0.804236
0.690764
0.549757
0.2855
0.261434
0.377334
0.529188
0.67367
0.822998
0.991504
1.19706
1.41874
1.85365
2.24666
2.18463
1.57201
0.568201
0.342885
0.434185
0.885408
1.00189
1.2499
1.44572
1.63619
1.83485
2.00243
2.08897
2.01601
1.74166
1.19297
0.284325
-1.03756
-2.8901
-5.49461
-9.17206
-14.351
-21.6167
-31.6098
-44.6564
-62.1525
-83.3157
-83.0031
-82.5119
-66.185
-50.8214
-30.7001
-8.85944
12.8583
31.1907
35.8306
30.6681
17.5987
13.8928
14.3622
12.8356
17.7204
9.24032
1.98671
5.42876
9.92024
8.12454
11.2208
12.1146
-0.231073
0.359335
0.215389
0.349219
0.365134
0.421802
0.455563
0.496676
0.537344
0.585378
0.63915
0.698442
0.759142
0.815314
0.857338
0.868779
0.824927
0.724306
0.553736
0.340298
0.330983
0.439516
0.583237
0.720849
0.861649
1.01698
1.18205
1.39785
1.91699
2.15172
2.14486
1.51595
0.577671
0.199004
0.48436
0.919481
1.06148
1.33503
1.55143
1.77008
1.99779
2.188
2.27519
2.19416
1.90447
1.32445
0.405897
-0.900742
-2.73444
-5.33134
-9.02774
-14.278
-21.6892
-31.8474
-44.9695
-61.9768
-80.7412
-80.6427
-79.7918
-64.9588
-49.6261
-29.5979
-7.343
14.8999
34.2271
39.2992
32.5215
17.4997
13.2457
14.1893
11.8481
17.8804
7.5385
1.37541
4.69132
9.90955
8.09948
11.0176
15.1263
-0.250482
0.362899
0.210116
0.343706
0.359043
0.416426
0.451797
0.495068
0.53829
0.58879
0.645345
0.707604
0.771506
0.831078
0.876248
0.889015
0.849546
0.757805
0.551708
0.408301
0.40096
0.504167
0.639348
0.769156
0.89962
1.0334
1.15842
1.41229
1.92392
2.11478
2.11136
1.48657
0.656249
0.0868287
0.560971
0.96603
1.13689
1.43256
1.66954
1.9159
2.16984
2.37147
2.4495
2.35863
2.04173
1.43534
0.522822
-0.76092
-2.5723
-5.15725
-8.86648
-14.1817
-21.7306
-32.037
-45.1944
-61.56
-78.0864
-78.2177
-77.038
-63.4895
-48.2023
-28.2927
-5.69167
17.0463
37.4241
43.1316
34.2478
17.2244
12.1357
13.921
10.6633
17.9143
5.75094
1.01454
3.91534
9.80985
8.00233
11.0687
17.5024
-0.26019
0.359882
0.20437
0.337207
0.352815
0.411043
0.447991
0.493258
0.5388
0.591829
0.65122
0.716594
0.783944
0.847205
0.895366
0.909349
0.877423
0.772382
0.577721
0.473281
0.472414
0.570125
0.696681
0.817885
0.935285
1.03903
1.14527
1.47102
1.88179
2.1153
2.0884
1.48132
0.797708
0.0291759
0.662916
1.02737
1.22853
1.54258
1.79982
2.07224
2.34544
2.5442
2.61003
2.50243
2.1511
1.53337
0.639335
-0.617773
-2.40425
-4.9725
-8.68782
-14.0614
-21.7405
-32.1821
-45.3354
-60.9266
-75.4209
-75.7981
-74.3052
-61.8237
-46.5871
-26.8086
-3.93036
19.2722
40.7581
47.3824
35.7174
16.6253
10.1512
13.5032
9.37389
17.9984
4.58168
0.799122
3.22284
9.67961
7.67885
11.4507
21.1803
-0.2581
0.349798
0.198283
0.330103
0.346706
0.405706
0.444137
0.49119
0.538908
0.594478
0.656772
0.725424
0.796468
0.863512
0.914055
0.930002
0.900337
0.775091
0.624807
0.536322
0.544164
0.63632
0.754428
0.866203
0.966333
1.03756
1.15329
1.5411
1.86159
2.12924
2.08048
1.49638
0.980556
0.0479282
0.785967
1.10581
1.33618
1.6648
1.94137
2.23591
2.51589
2.701
2.75464
2.61818
2.23777
1.62612
0.757165
-0.47184
-2.23089
-4.77708
-8.49121
-13.9164
-21.7189
-32.2865
-45.3947
-60.1037
-72.7928
-73.4112
-71.6191
-59.9977
-44.8129
-25.1715
-2.08643
21.5479
44.1912
52.1493
36.6445
15.0019
6.37454
12.9021
8.09675
18.4506
4.46872
0.618428
2.92631
9.53867
7.25548
12.0843
24.7407
-0.244406
0.332912
0.192504
0.322466
0.340692
0.400367
0.440199
0.488814
0.538625
0.596728
0.662005
0.734108
0.809017
0.879543
0.932074
0.950232
0.90806
0.790781
0.672532
0.600213
0.614861
0.701992
0.8118
0.912866
0.991391
1.04059
1.19101
1.5808
1.88443
2.15128
2.08906
1.52908
1.16199
0.150212
0.925882
1.20281
1.459
1.79843
2.09223
2.40071
2.67212
2.84154
2.87738
2.70439
2.31126
1.71816
0.876299
-0.323971
-2.05266
-4.57088
-8.27627
-13.7462
-21.6664
-32.3545
-45.3727
-59.1218
-70.2344
-71.0605
-68.989
-58.0419
-42.9104
-23.411
-0.186656
23.857
47.6563
58.1877
36.6073
10.8427
0.0494095
11.8588
7.13028
19.7421
5.25339
0.449998
3.16519
9.28606
7.04854
12.6283
30.2037
-0.221897
0.31217
0.18744
0.314557
0.334892
0.394998
0.436098
0.486107
0.537941
0.598569
0.666919
0.742617
0.821297
0.894639
0.949069
0.963592
0.911557
0.818535
0.718777
0.66391
0.683712
0.766382
0.867851
0.956157
1.01222
1.05997
1.25856
1.6
1.9301
2.18431
2.11485
1.5814
1.2857
0.328324
1.07672
1.31883
1.59551
1.94201
2.2486
2.55749
2.80987
2.96558
2.9716
2.76779
2.38008
1.81095
0.995918
-0.174958
-1.86987
-4.35397
-8.04297
-13.5506
-21.5838
-32.3898
-45.269
-58.0145
-67.769
-68.7477
-66.4173
-55.984
-40.9092
-21.5579
1.74416
26.1539
50.8873
65.572
35.4628
3.92304
-8.95054
10.2019
7.4238
22.3943
6.77876
0.207699
3.64687
8.8374
7.48266
14.3297
37.258
-0.195398
0.291126
0.183132
0.306578
0.329304
0.38959
0.431811
0.48305
0.536832
0.599988
0.671492
0.750776
0.832683
0.908089
0.96178
0.968482
0.92382
0.847218
0.765858
0.725756
0.75025
0.828681
0.921312
0.99474
1.03393
1.09767
1.33563
1.63657
1.98326
2.22971
2.15971
1.6646
1.30467
0.564564
1.23322
1.45303
1.74361
2.09299
2.40379
2.69759
2.93075
3.06844
3.0369
2.8192
2.4488
1.90415
1.11504
-0.0253797
-1.68284
-4.12679
-7.79184
-13.3301
-21.4726
-32.3948
-45.0836
-56.8175
-65.4131
-66.4772
-63.9045
-53.8504
-38.8379
-19.6393
3.68975
28.4269
53.3712
69.3977
33.698
-2.53354
-18.9988
7.8325
10.4883
27.3842
9.45376
-0.127328
3.81108
8.48334
8.64563
17.7752
43.2435
-0.168175
0.270567
0.179587
0.298584
0.323871
0.384094
0.427308
0.479615
0.535268
0.600953
0.675615
0.758159
0.842596
0.918613
0.967609
0.973956
0.939859
0.876517
0.812776
0.785168
0.81383
0.88786
0.970643
1.02916
1.06309
1.15179
1.39995
1.69592
2.0413
2.28656
2.22724
1.80624
1.23716
0.825558
1.39289
1.60294
1.90059
2.24702
2.5486
2.81828
3.03628
3.14442
3.08118
2.86741
2.51845
1.99675
1.23288
0.124333
-1.49217
-3.89041
-7.52412
-13.0856
-21.3344
-32.3702
-44.8177
-55.5661
-63.1774
-64.2552
-61.4532
-51.6674
-36.7231
-17.6757
5.63651
30.7131
55.6616
68.8226
32.399
-6.77976
-27.7547
5.05256
16.6739
34.2066
13.9305
0.0892345
3.58511
8.60261
10.7693
22.717
43.4503
-0.141114
0.250401
0.176789
0.290685
0.318622
0.378507
0.422551
0.475752
0.533204
0.601395
0.679074
0.764556
0.850699
0.924567
0.971189
0.982401
0.956719
0.906952
0.858314
0.841766
0.873589
0.942658
1.01466
1.06204
1.10294
1.2185
1.45545
1.76474
2.10538
2.35286
2.3182
2.01976
1.17603
1.0836
1.55588
1.76517
2.06283
2.39702
2.67532
2.92303
3.12287
3.19412
3.11569
2.91655
2.58834
2.08778
1.34888
0.273664
-1.29901
-3.64671
-7.24186
-12.8186
-21.1705
-32.3145
-44.4744
-54.293
-61.0688
-62.0918
-59.0688
-49.4617
-34.5888
-15.6823
7.55941
33.0331
59.2635
66.4495
32.3066
-9.77743
-35.2016
2.09559
24.5454
40.0435
20.4753
1.98642
4.08863
9.69165
13.9714
28.2642
40.0743
-0.114448
0.230815
0.174609
0.282906
0.313487
0.37276
0.417469
0.471398
0.530579
0.601236
0.681986
0.770029
0.855862
0.928118
0.97652
0.992043
0.974918
0.937562
0.902025
0.894794
0.92852
0.991744
1.05334
1.09619
1.15055
1.2882
1.51676
1.83515
2.17536
2.42607
2.42552
2.2553
1.22484
1.3298
1.7241
1.93555
2.22501
2.5341
2.7829
3.01439
3.18581
3.2259
3.14875
2.96712
2.65739
2.17651
1.46266
0.421768
-1.10514
-3.39838
-6.94791
-12.5308
-20.9814
-32.2242
-44.0594
-53.0263
-59.0903
-60.001
-56.7589
-47.2588
-32.4555
-13.6731
9.42216
35.2312
63.6675
63.9522
33.1567
-13.5233
-41.4254
-0.933848
32.1747
43.1232
28.0497
5.66918
6.33066
12.0621
17.7756
32.9874
40.0604
-0.0884813
0.211914
0.172983
0.27534
0.308466
0.366811
0.411984
0.466478
0.527393
0.600825
0.684684
0.773666
0.859498
0.932836
0.982957
1.00292
0.994155
0.967675
0.943299
0.94334
0.977543
1.03427
1.08802
1.13294
1.2017
1.35154
1.58447
1.90611
2.24995
2.50388
2.53757
2.40248
1.40862
1.56504
1.89856
2.10896
2.37953
2.65189
2.8759
3.08958
3.22641
3.25041
3.18366
3.01813
2.72461
2.26249
1.57367
0.567297
-0.913083
-3.14895
-6.64588
-12.2244
-20.7667
-32.0945
-43.5801
-51.788
-57.2412
-57.994
-54.5316
-45.0809
-30.3394
-11.6635
11.2001
37.0485
66.6582
62.006
34.5174
-18.9928
-45.9511
-3.93726
37.796
44.4188
35.167
10.2106
9.98528
15.2533
21.5278
35.6145
43.2026
-0.0634301
0.193743
0.171827
0.268
0.303486
0.360568
0.40601
0.461033
0.524133
0.600904
0.6865
0.776887
0.864449
0.938612
0.990575
1.01518
1.01384
0.996704
0.981288
0.986513
1.01976
1.07035
1.12031
1.17154
1.25365
1.40911
1.65287
1.97813
2.32793
2.58763
2.66207
2.41592
1.66744
1.78986
2.07728
2.27869
2.51788
2.75078
2.95711
3.14491
3.25262
3.27479
3.22037
3.06839
2.78936
2.34535
1.68108
0.70838
-0.725956
-2.90271
-6.34014
-11.9015
-20.5247
-31.9198
-43.0455
-50.5942
-55.5174
-56.0778
-52.3943
-42.9462
-28.2536
-9.67189
12.8724
38.4117
67.5393
60.4223
35.8918
-25.1359
-47.9656
-6.69767
41.0991
44.7905
40.8899
14.8503
14.1843
18.6831
24.8562
36.1858
42.9544
-0.0394605
0.176392
0.171083
0.26092
0.29851
0.353983
0.399579
0.455517
0.521871
0.601121
0.688772
0.782106
0.870621
0.945543
0.999592
1.02837
1.03345
1.02391
1.01518
1.02355
1.05489
1.10097
1.15096
1.20963
1.30366
1.46543
1.71933
2.05101
2.40781
2.68023
2.80868
2.37897
1.924
2.00436
2.25478
2.43638
2.63505
2.8356
3.02439
3.18213
3.27363
3.30138
3.25765
3.11695
2.85121
2.42459
1.78364
0.842724
-0.547352
-2.66455
-6.03577
-11.5644
-20.2523
-31.6948
-42.4651
-49.4554
-53.9134
-54.2584
-50.3526
-40.869
-26.2093
-7.7183
14.4218
39.3814
66.7423
58.8597
36.8838
-29.3513
-46.5826
-8.94934
42.7341
44.9269
45.0679
19.5963
18.5211
21.9974
27.5945
36.4529
40.9227
-0.0167596
0.159961
0.170677
0.254112
0.293503
0.347106
0.393069
0.451046
0.52081
0.602021
0.693902
0.788914
0.878034
0.95382
1.0097
1.04209
1.05239
1.04855
1.04432
1.05411
1.08344
1.12739
1.17979
1.24543
1.34927
1.52088
1.78377
2.12377
2.48668
2.77596
2.91709
2.41514
2.14847
2.20851
2.4232
2.57411
2.73229
2.90896
3.0753
3.20816
3.295
3.32966
3.29428
3.16316
2.90978
2.49943
1.8798
0.967798
-0.381112
-2.43988
-5.73856
-11.2154
-19.9453
-31.4151
-41.8492
-48.3783
-52.4228
-52.5382
-48.4102
-38.8605
-24.2171
-5.82132
15.8384
40.0029
64.8606
57.1384
37.4352
-29.5323
-42.2002
-10.6946
43.0793
45.5021
48.1574
24.5432
22.9307
25.076
29.6908
36.9258
39.7979
0.00449881
0.144554
0.170558
0.247621
0.288525
0.340252
0.387512
0.448859
0.520273
0.60618
0.70123
0.797125
0.886768
0.963142
1.02056
1.05584
1.07001
1.06999
1.06832
1.07843
1.10652
1.15055
1.20631
1.27849
1.39085
1.5741
1.84645
2.19506
2.56305
2.86986
2.93646
2.54499
2.3479
2.39941
2.57416
2.68814
2.81398
2.96959
3.11189
3.23023
3.31816
3.3583
3.32931
3.20659
2.96457
2.56883
1.96786
1.08106
-0.231078
-2.23434
-5.45519
-10.8575
-19.5986
-31.078
-41.2074
-47.3678
-51.0413
-50.9199
-46.5709
-36.9315
-22.2888
-3.99743
17.1203
40.2935
62.3532
55.1357
37.5352
-25.4357
-36.6622
-11.4143
42.9654
46.369
50.4586
29.3242
27.3443
27.8126
31.2207
37.1611
39.0958
0.0241816
0.130252
0.170673
0.241503
0.283735
0.334105
0.384227
0.448269
0.522104
0.613504
0.710042
0.806652
0.896469
0.97321
1.03177
1.06909
1.08572
1.08782
1.08728
1.09739
1.12542
1.17092
1.2301
1.30873
1.42991
1.62453
1.90699
2.26308
2.63784
2.95011
2.91753
2.69344
2.53132
2.57164
2.70127
2.7803
2.88254
3.01654
3.13975
3.25227
3.34233
3.38614
3.36212
3.24682
3.01486
2.6316
2.04615
1.18017
-0.100813
-2.05362
-5.19328
-10.4949
-19.2063
-30.6833
-40.5489
-46.4301
-49.765
-49.4034
-44.8381
-35.0924
-20.4377
-2.26127
18.2729
40.2815
59.5524
52.7652
37.1075
-18.8328
-31.9271
-10.6462
42.8371
47.2303
52.1817
33.7635
31.5156
30.1048
32.2872
36.5384
38.3404
0.0422226
0.117129
0.171001
0.235869
0.279449
0.329637
0.383779
0.448046
0.52821
0.622589
0.720185
0.817122
0.906819
0.983663
1.04283
1.08125
1.09907
1.10199
1.10178
1.11211
1.14109
1.18862
1.25116
1.33603
1.46684
1.67213
1.96424
2.3257
2.70747
2.98306
2.94222
2.81889
2.69616
2.71849
2.80281
2.8546
2.93805
3.05215
3.16411
3.27501
3.36627
3.41229
3.39225
3.28336
3.05981
2.68656
2.11318
1.26319
0.00672362
-1.90286
-4.96132
-10.1346
-18.7618
-30.2327
-39.8805
-45.5769
-48.5999
-47.9959
-43.22
-33.3557
-18.6781
-0.622997
19.3131
40.0318
56.6788
49.9355
36.1268
-11.1179
-27.1269
-7.73712
42.4033
48.0843
53.3975
37.8893
35.1485
31.8753
32.9312
35.6884
37.61
0.0586137
0.105203
0.171492
0.230805
0.276034
0.327496
0.384587
0.45026
0.537138
0.632899
0.731292
0.828127
0.917451
0.994031
1.05321
1.09185
1.10987
1.11285
1.11279
1.12386
1.15444
1.20406
1.26997
1.36084
1.50125
1.71651
2.01662
2.38246
2.76068
2.97953
3.00487
2.9264
2.83667
2.83602
2.8814
2.91389
2.9813
3.08074
3.18752
3.29767
3.38894
3.43619
3.41934
3.31564
3.09859
2.73272
2.16783
1.32874
0.0895046
-1.78605
-4.768
-9.7884
-18.26
-29.7254
-39.2177
-44.8023
-47.5441
-46.6957
-41.728
-31.7439
-17.0358
0.899189
20.2583
39.6308
53.8291
46.591
34.7094
-3.21064
-18.6775
-1.05569
42.2384
49.4964
54.6499
41.867
38.0626
33.1683
33.2225
35.1482
37.0795
0.0734381
0.0945012
0.172151
0.226466
0.2739
0.327695
0.38475
0.456644
0.547379
0.644196
0.742895
0.83927
0.927894
1.00378
1.0624
1.10058
1.11822
1.121
1.12118
1.13327
1.16553
1.21722
1.28662
1.38372
1.53282
1.75678
2.06313
2.43233
2.78214
2.98563
3.06367
3.02039
2.94849
2.92495
2.94126
2.96004
3.01507
3.10581
3.21025
3.31921
3.40963
3.45746
3.44297
3.34305
3.13046
2.76931
2.20937
1.37612
0.146668
-1.70526
-4.62049
-9.47318
-17.703
-29.1396
-38.6194
-44.1023
-46.6558
-45.5312
-40.3662
-30.2634
-15.5206
2.30365
21.1394
39.1748
51.0544
42.9367
33.0882
3.89243
-7.22056
8.99875
44.2741
52.5099
56.6031
45.5531
40.2245
34.1086
33.2482
34.7625
36.6676
0.0868213
0.0849491
0.172877
0.222886
0.273175
0.329301
0.385771
0.465792
0.558441
0.656044
0.754514
0.850058
0.937613
1.01239
1.06998
1.10733
1.1245
1.12728
1.12809
1.14152
1.17539
1.22906
1.30143
1.4046
1.56099
1.79204
2.10393
2.46771
2.78528
3.00975
3.11064
3.09683
3.03136
2.98948
2.98614
2.99541
3.04268
3.12885
3.23165
3.3388
3.42787
3.47579
3.46273
3.36507
3.15494
2.79597
2.23762
1.40547
0.178663
-1.66027
-4.52245
-9.20742
-17.1097
-28.3984
-38.0863
-43.4963
-45.9329
-44.5517
-39.1904
-28.9629
-14.167
3.57835
21.978
38.769
48.5018
39.3585
31.3983
9.76539
4.01851
19.5005
47.9457
56.4339
58.8729
48.6487
41.7394
34.8082
33.1267
34.4455
36.3015
0.0989845
0.0765554
0.173704
0.22019
0.273588
0.330324
0.390138
0.476068
0.570055
0.667896
0.765626
0.859937
0.946078
1.01944
1.07578
1.11228
1.12914
1.1321
1.1335
1.14799
1.18326
1.2392
1.31463
1.42323
1.58543
1.82254
2.13789
2.48361
2.79519
3.03358
3.14916
3.15243
3.08868
3.03496
3.01932
3.02295
3.06641
3.14995
3.25096
3.35595
3.44343
3.49095
3.47836
3.38151
3.172
2.81293
2.25319
1.41789
0.187286
-1.64888
-4.4739
-9.00711
-16.529
-27.4361
-37.3282
-42.8922
-45.3133
-43.7676
-38.22
-27.8825
-13.0212
4.68799
22.7767
38.555
46.4587
36.2317
29.6428
14.5473
13.3643
28.2676
51.5922
60.0661
60.9037
51.0536
42.7816
35.3263
33.0071
34.2747
36.1114
0.110117
0.0691332
0.174402
0.218215
0.274499
0.330211
0.39758
0.486759
0.581746
0.679154
0.775627
0.86833
0.952807
1.02461
1.07972
1.11563
1.1327
1.13646
1.13894
1.15463
1.19107
1.24847
1.3265
1.43911
1.60587
1.84872
2.16038
2.49356
2.81172
3.05238
3.17797
3.18859
3.1259
3.0664
3.04393
3.04517
3.0871
3.16859
3.2676
3.37033
3.45608
3.50269
3.48959
3.39224
3.18175
2.82063
2.257
1.4151
0.175399
-1.66698
-4.47112
-8.88044
-16.0282
-26.3744
-36.188
-41.9807
-44.5659
-43.0806
-37.4504
-27.0185
-12.0835
5.62998
23.5334
38.6318
45.1118
33.8536
27.89
18.5321
20.4303
34.6819
54.5515
62.9859
62.5229
52.8445
43.5165
35.7493
32.9931
34.2504
36.2195
0.120492
0.0627942
0.175154
0.217033
0.275182
0.331019
0.406258
0.4975
0.592863
0.689188
0.78398
0.874884
0.957689
1.02807
1.08222
1.11788
1.13536
1.13979
1.14282
1.15919
1.19704
1.25602
1.33689
1.4525
1.62311
1.86886
2.17306
2.50844
2.82715
3.06725
3.19601
3.20952
3.14883
3.08803
3.06256
3.06345
3.10473
3.18432
3.28133
3.38191
3.46589
3.51117
3.49685
3.39811
3.18556
2.82115
2.25208
1.40144
0.148995
-1.7068
-4.50574
-8.82577
-15.6539
-25.4149
-34.9356
-40.8413
-43.5508
-42.1954
-36.6376
-26.2479
-11.3418
6.33319
24.1538
38.9458
44.3127
32.2962
26.2882
21.8
25.3372
38.8662
56.7552
65.1871
63.7659
54.1652
44.0699
36.1133
33.0623
34.3083
36.6007
0.13016
0.0572101
0.175458
0.215936
0.274858
0.334407
0.415033
0.507713
0.602605
0.69727
0.790131
0.87923
0.960473
1.02961
1.08307
1.11889
1.13745
1.14348
1.14798
1.1654
1.20414
1.26328
1.34549
1.46288
1.63652
1.88071
2.1849
2.5248
2.84011
3.07738
3.20487
3.2199
3.16249
3.1031
3.07687
3.0782
3.11898
3.19681
3.29196
3.39056
3.47269
3.5163
3.50022
3.39937
3.18396
2.81532
2.23973
1.37896
0.111634
-1.76216
-4.56794
-8.83141
-15.4124
-24.6608
-33.8244
-39.7505
-42.527
-41.2297
-35.6498
-25.281
-10.4445
7.13427
24.9203
39.6115
43.7234
31.4876
25.1264
24.2933
28.4019
41.2797
58.3287
66.7757
64.7044
55.1337
44.5341
36.4131
33.1956
34.4812
37.3157
0.139176
0.0528987
0.175897
0.215019
0.274395
0.339124
0.423102
0.516566
0.610414
0.703238
0.794264
0.881835
0.961912
1.03026
1.08344
1.11959
1.13898
1.14584
1.15067
1.16844
1.20863
1.26896
1.3525
1.47119
1.64552
1.88784
2.19792
2.53915
2.85089
3.0834
3.20818
3.22428
3.17056
3.11355
3.08753
3.08935
3.12967
3.20604
3.29968
3.39663
3.47713
3.51914
3.50134
3.39845
3.18039
2.808
2.2268
1.35738
0.0769656
-1.81433
-4.6338
-8.87212
-15.2953
-24.1753
-33.0441
-38.9525
-41.7446
-40.4608
-34.8254
-24.3941
-9.49958
8.15459
26.1629
41.0469
43.6173
31.6556
24.6698
26.0203
30.1368
42.6585
59.4301
67.8915
65.4206
55.8456
44.9507
36.7009
33.4006
34.8092
37.9918
0.146867
0.0492023
0.175372
0.213591
0.275276
0.34403
0.429824
0.522927
0.615355
0.706547
0.796173
0.882661
0.961912
1.02966
1.08255
1.11893
1.13934
1.14814
1.15535
1.17461
1.21453
1.27386
1.35673
1.47511
1.64888
1.89466
2.21013
2.55046
2.8576
3.08532
3.20816
3.22559
3.1752
3.12037
3.09472
3.09682
3.13672
3.212
3.30449
3.40014
3.47925
3.51984
3.50046
3.3957
3.1752
2.79943
2.21326
1.33629
0.0444792
-1.86262
-4.69776
-8.92982
-15.2631
-23.9063
-32.5576
-38.4268
-41.2144
-39.9361
-34.2644
-23.7852
-8.81617
9.00065
27.4018
42.5924
43.5751
32.0416
25.0587
27.0721
31.0365
43.5628
60.1242
68.623
65.9364
56.3304
45.2768
36.9674
33.618
35.2686
38.4262
0.15183
0.047693
0.175597
0.213293
0.276681
0.346766
0.433538
0.52653
0.618199
0.708381
0.797106
0.882961
0.961879
1.02955
1.08254
1.11911
1.13962
1.14827
1.15525
1.17507
1.21605
1.2758
1.35859
1.47716
1.65125
1.89966
2.21707
2.55741
2.8621
3.08683
3.20814
3.22605
3.17739
3.12375
3.09831
3.10054
3.14022
3.21494
3.30686
3.40185
3.48027
3.52015
3.50001
3.39437
3.17281
2.79567
2.20764
1.32803
0.0325127
-1.87944
-4.71914
-8.94914
-15.2549
-23.8246
-32.4193
-38.2911
-41.0611
-39.7513
-34.0305
-23.5048
-8.4726
9.45935
28.0945
43.4364
43.7033
32.2141
26.044
27.6198
31.4449
44.0793
60.5009
69.0327
66.2714
56.6469
45.4881
37.1547
33.8149
35.7187
40.5675
)
;

boundaryField
{
    inletFace
    {
        type            zeroGradient;
    }
    inlet
    {
        type            zeroGradient;
    }
    inletWalls
    {
        type            zeroGradient;
    }
    outletInlet
    {
        type            cyclicAMI;
        value           nonuniform List<scalar> 
15
(
11.7487
14.0609
17.1115
19.8272
22.5906
25.7315
27.3238
29.9848
32.2949
36.6379
37.4605
39.238
35.6232
33.7057
31.6583
)
;
    }
    fineSymmetryWall
    {
        type            symmetryPlane;
    }
    fineWalls
    {
        type            zeroGradient;
    }
    fineCyclicBoundary
    {
        type            fixedValue;
        value           uniform 0;
    }
    fineplug
    {
        type            cyclicAMI;
        value           nonuniform List<scalar> 
80
(
12.0653
10.4596
12.9117
12.6239
10.0491
13.2668
13.5406
13.891
14.1576
14.5052
14.9404
17.1257
20.1759
14.924
15.963
16.7936
18.6763
18.9253
19.3853
19.3637
20.4922
25.5604
21.0088
21.9252
21.6747
22.1946
23.6316
24.8562
24.7492
24.616
24.2161
29.3029
27.3811
27.5905
27.3083
26.8878
27.2155
28.9491
29.0696
27.066
31.9143
30.5976
31.9634
33.167
32.4978
31.9684
31.3579
32.2055
32.388
37.3187
38.5944
36.958
37.4017
38.7575
38.3501
37.4892
36.6105
33.0484
41.944
43.4692
40.1326
38.731
36.5618
34.9337
36.6121
35.4253
34.237
31.7549
38.9154
36.8033
34.8385
34.56
33.6677
32.4294
29.0663
28.442
30.0072
36.2016
32.146
30.4571
)
;
    }
    faceFine
    {
        type            zeroGradient;
    }
}


// ************************************************************************* //
