/*--------------------------------*- C++ -*----------------------------------*\
| =========                 |                                                 |
| \\      /  F ield         | OpenFOAM: The Open Source CFD Toolbox           |
|  \\    /   O peration     | Version:  4.1                                   |
|   \\  /    A nd           | Web:      www.OpenFOAM.org                      |
|    \\/     M anipulation  |                                                 |
\*---------------------------------------------------------------------------*/
FoamFile
{
    version     2.0;
    format      ascii;
    class       volScalarField;
    location    "27";
    object      p;
}
// * * * * * * * * * * * * * * * * * * * * * * * * * * * * * * * * * * * * * //

dimensions      [0 2 -2 0 0 0 0];

internalField   nonuniform List<scalar> 
6785
(
533.911
480.514
428.682
380.271
335.38
293.363
254.009
217.005
181.91
148.547
117.605
89.4661
60.4372
25.5184
-3.63355
67.4763
45.2154
39.4569
35.7466
30.2726
24.5652
19.4123
15.0236
11.5397
9.08104
7.88979
8.39148
10.4879
12.3595
12.6197
-35.3049
-41.9479
-36.1808
-32.0339
-28.9433
-25.3479
-21.4616
-17.5242
-13.6198
-9.90388
-6.55831
-3.49117
-0.414283
2.23858
3.47292
10.8309
8.41282
13.0055
13.3296
13.3831
13.5982
13.5089
13.1314
12.5497
11.7903
10.8334
9.72394
8.81361
8.66151
8.97206
27.2638
24.9304
26.4836
24.3851
22.9657
21.7217
20.3111
18.9287
17.6708
16.5792
15.6778
14.9649
14.4871
14.4544
14.6994
18.0481
16.0232
16.995
15.7742
15.5692
15.5519
15.4626
15.4945
15.6488
15.8912
16.2094
16.5715
16.8906
17.1471
17.3218
14.6058
13.4464
14.5256
14.198
14.5794
14.9692
15.2638
15.6104
15.9633
16.2847
16.5714
16.8228
16.9991
17.0792
17.0944
16.3329
15.7689
16.6084
16.3679
16.5537
16.6561
16.6702
16.7063
16.7227
16.7106
16.6804
16.647
16.6092
16.5608
16.5108
16.7399
16.4038
16.8823
16.5794
16.5945
16.5419
16.4457
16.3792
16.3062
16.2301
16.157
16.092
16.036
15.9836
15.928
15.5292
15.3086
15.5941
15.3635
15.3839
15.352
15.2996
15.2716
15.2369
15.2012
15.166
15.1292
15.0894
15.0423
14.976
14.4573
14.3128
14.4991
14.3415
14.3624
14.3293
14.2801
14.2435
14.1954
14.143
14.088
14.029
13.9669
13.9006
13.813
13.4998
13.4421
13.5439
13.3717
13.328
13.2439
13.1525
13.0672
12.9711
12.8729
12.773
12.6724
12.5753
12.4872
12.3828
14.3302
14.2018
14.0463
13.6784
13.4232
13.1282
12.8187
12.5195
12.2261
11.9493
11.6919
11.457
11.2524
11.0902
10.9405
11.8388
12.2878
12.6464
12.4734
12.1134
11.6769
11.2634
10.881
10.5038
10.1259
9.74813
9.37262
9.00685
8.6687
8.3314
28.665
28.279
27.4595
24.9303
21.4327
17.9291
14.6921
11.7915
9.15966
6.90934
4.98315
3.37767
2.10589
1.16201
0.378876
32.8277
31.7
32.3526
31.3207
30.5537
28.8278
29.0569
27.3273
26.0417
24.3955
24.6234
22.1242
19.2171
20.3716
18.1578
16.3701
16.0397
17.2626
13.9714
11.9095
14.5356
12.2719
10.3775
11.561
14.1592
11.3116
9.43918
11.3618
14.7859
11.8709
10.8467
15.1611
13.7542
12.2638
13.7096
17.3762
15.3945
14.6662
18.5706
17.7729
16.7562
17.7604
20.764
19.7945
18.9689
19.8623
22.4664
21.677
21.1618
23.2368
23.0225
22.6712
23.0563
24.6362
24.417
24.2143
24.6243
26.2907
26.3136
26.2366
27.9451
28.163
28.0049
27.8753
28.7784
28.8413
28.5651
28.7741
28.5421
29.0406
29.296
26.5406
25.643
25.856
22.903
17.4263
19.3776
12.6815
-4.39015
1.32037
5.18352
5.45046
6.03899
1.08174
3.24944
6.61015
7.43935
7.69194
7.62762
8.26133
10.0974
11.6977
13.0243
7.48558
8.10507
9.94791
11.4344
11.6258
11.9166
12.072
12.5625
16.4153
13.1276
13.328
13.1857
13.7951
15.0459
15.7629
15.7857
15.4342
15.1131
20.1168
18.1372
17.9486
17.3367
16.9314
17.7233
18.6269
17.8133
16.214
19.3266
20.7587
21.3745
21.2249
20.222
19.3087
18.4633
17.7026
16.8881
23.0065
22.5176
20.5293
19.7824
19.0384
17.809
15.9639
13.0861
11.0246
16.5948
18.5373
15.6422
13.5324
10.7927
7.46194
5.08909
3.46869
1.70559
1.2126
1.13742
4.18176
2.15714
1.77561
1.23275
-0.614078
-3.34697
-3.75698
-2.2578
-5.61619
1.45289
0.632843
-0.296931
1.63706
1.89714
2.58034
3.15413
3.77322
4.31862
4.53829
4.8845
5.09515
5.23264
5.37447
5.40039
5.48467
5.4564
5.53997
5.54845
5.39267
5.3961
5.28642
5.40073
5.26421
4.93129
5.16167
4.97171
4.62881
4.60349
4.49308
4.99261
4.58769
4.05923
4.0182
3.9008
4.6332
4.1482
3.28834
4.12721
3.66908
2.93503
2.85354
2.69318
3.852
3.15816
2.2703
2.21518
2.08504
3.38956
2.69894
1.46262
2.77348
2.19786
1.24003
1.16083
1.00303
2.6002
1.77415
0.707998
0.687474
0.602033
2.26102
1.48578
0.0726102
1.66923
1.06307
0.0192317
-0.0366371
-0.164888
1.67985
0.779892
-0.374484
-0.368684
-0.411848
1.45163
0.596104
-0.944477
0.823353
0.143285
-0.97272
-1.09584
-1.03507
-0.00382473
-0.00169238
0.00282228
0.0105593
0.0227573
0.043058
0.0778598
0.13931
0.223419
0.179242
0.120929
0.157154
0.0290164
0.0677219
0.0146903
0.00772406
0.058064
0.111788
0.083755
-0.0522097
-0.120215
-0.0947049
-0.00761367
-0.0352629
-0.0203896
0.0667816
0.0995191
0.104422
0.0808961
0.0772567
0.0220826
0.0516855
-0.0925417
-0.144785
-0.136921
-0.06573
0.0110742
0.104072
0.213069
0.29137
0.13718
0.0940929
0.0439345
0.0104096
0.0284154
0.0313378
0.0939782
0.0320907
0.0498096
0.0337228
0.037054
0.0348685
0.0380226
0.0715101
0.0947201
-0.40642
0.160389
0.197294
0.0887039
0.0372016
0.0603126
0.0758447
0.0821271
0.067055
0.0457696
0.0243316
0.0302421
0.101063
0.0254019
-0.0261799
-0.0611582
-0.0819548
-0.0771221
-0.0493413
-0.0153093
0.0123515
0.0167166
0.0156039
0.00955012
-0.00668667
-0.000291489
0.00985261
0.024937
0.046689
0.0796441
0.132924
0.223637
0.348019
0.251184
0.149339
0.178223
0.0652132
0.105519
0.0765593
0.0640226
0.108323
0.117806
0.166703
-0.0240271
-0.115224
-0.0953456
0.00844077
-0.0395959
-0.0365714
0.0450452
0.0740132
0.0935261
0.0821173
0.107145
0.0574793
0.249859
-0.0314886
-0.189656
-0.190919
-0.109276
-0.0124478
0.107184
0.241592
0.302335
0.126469
0.0659255
0.00684048
-0.0364235
0.0119476
0.00277468
0.0570407
0.0168357
0.0637329
0.0935317
0.12142
0.11142
0.0884816
0.155737
0.196098
-0.538964
0.257107
0.332241
0.16808
0.0918072
0.129226
0.124675
0.147245
0.0924854
0.0653987
0.0355163
0.0518351
0.150119
0.0441314
-0.0346559
-0.080036
-0.101658
-0.0946568
-0.0814548
-0.0334734
0.00374393
0.0192167
0.039383
0.054796
-0.00415507
0.00777085
0.0231514
0.0433928
0.0702065
0.107876
0.165735
0.260851
0.390241
0.289259
0.181983
0.173873
0.0862923
0.112758
0.128732
0.105194
0.119921
0.111977
0.165637
-0.0120748
-0.106677
-0.0972588
-0.00862053
-0.0441109
-0.0644413
-0.00144069
0.0300487
0.0633754
0.073323
0.136508
0.102745
0.319762
0.053807
-0.114781
-0.112119
-0.0438872
0.041259
0.14904
0.269635
0.28303
0.0777533
0.00809239
-0.0268566
-0.0820776
-0.0324295
-0.0360555
0.0247738
0.0119836
0.0832634
0.155503
0.201765
0.192559
0.154569
0.225229
0.324643
-0.284369
0.434222
0.398136
0.247499
0.131833
0.163075
0.156327
0.169404
0.112657
0.0800387
0.0537917
0.0652027
0.149497
0.0501468
-0.0205186
-0.060288
-0.0785905
-0.0743464
-0.0808354
-0.0650144
-0.0165806
0.0131209
0.058199
0.121596
-0.000139801
0.0170939
0.0367432
0.0607562
0.0906681
0.130518
0.189931
0.285959
0.411814
0.322433
0.22157
0.183073
0.108189
0.123221
0.17745
0.150705
0.138206
0.122588
0.160347
0.0121683
-0.0783869
-0.0827914
-0.0134018
-0.0285894
-0.0740236
-0.0336627
0.00110691
0.0455003
0.069305
0.155337
0.138502
0.347882
0.107247
-0.0289292
-0.0207248
0.0361724
0.10644
0.196359
0.299305
0.296985
0.0610578
-0.0141926
-0.0505839
-0.104564
-0.0605699
-0.0564217
0.010432
0.014611
0.105557
0.216329
0.286368
0.277166
0.225867
0.307093
0.458842
0.0061249
0.56494
0.443912
0.311592
0.175672
0.1976
0.193452
0.193084
0.142143
0.105413
0.0807202
0.0872482
0.151994
0.063569
0.00255552
-0.033952
-0.0537851
-0.0579972
-0.0836263
-0.0895973
-0.0355282
0.0109936
0.0844434
0.164757
0.00292472
0.0248817
0.0483113
0.075475
0.107775
0.149149
0.209934
0.309251
0.432491
0.341915
0.252877
0.198797
0.127159
0.139263
0.219025
0.192007
0.156879
0.128918
0.156586
0.0374135
-0.048179
-0.0660578
-0.0145991
-0.0167826
-0.0790624
-0.0576235
-0.022702
0.0278668
0.0661672
0.16727
0.170128
0.381759
0.129869
0.0290398
0.0411019
0.0952121
0.156741
0.233075
0.319485
0.317687
0.0692201
-0.00904139
-0.0605562
-0.113912
-0.0726143
-0.066356
0.00682647
0.0258096
0.132697
0.276707
0.372569
0.364971
0.303261
0.392904
0.572638
0.22629
0.654951
0.470056
0.359332
0.217572
0.230784
0.224433
0.216501
0.167669
0.13163
0.104972
0.108681
0.157587
0.0786021
0.022969
-0.0143879
-0.038528
-0.0511153
-0.0944978
-0.108888
-0.0540263
0.00980227
0.107476
0.240757
0.00539077
0.0319516
0.0592605
0.0896246
0.124468
0.167508
0.229914
0.334236
0.455587
0.358144
0.281853
0.219112
0.144548
0.15672
0.253341
0.225326
0.172131
0.13268
0.148237
0.0527534
-0.0278178
-0.0563807
-0.0210324
-0.01298
-0.0834684
-0.077194
-0.0433617
0.0110943
0.0623352
0.173752
0.19569
0.421704
0.150299
0.0771472
0.0902168
0.144105
0.199144
0.264841
0.336364
0.344465
0.0938499
0.0108898
-0.0575579
-0.114106
-0.0745904
-0.066277
0.0112915
0.043725
0.165689
0.338907
0.462136
0.457723
0.387316
0.477526
0.671363
0.403864
0.71891
0.469418
0.394577
0.253229
0.25966
0.247768
0.23429
0.185772
0.15243
0.123854
0.12527
0.161977
0.0923318
0.0409162
0.00206116
-0.0263538
-0.0461601
-0.105327
-0.126083
-0.0705126
0.0110287
0.138723
0.275194
0.00802453
0.0392716
0.0706145
0.104288
0.141792
0.186499
0.250173
0.359561
0.478328
0.370792
0.306571
0.240258
0.160511
0.172734
0.281666
0.250698
0.183435
0.132372
0.134866
0.0556559
-0.0198993
-0.0556756
-0.0332322
-0.017285
-0.0894683
-0.0945305
-0.0624569
-0.00518627
0.0579478
0.177243
0.215728
0.458464
0.181956
0.130713
0.141225
0.192839
0.239763
0.295612
0.353777
0.373706
0.126179
0.0365251
-0.0447139
-0.109613
-0.0709244
-0.0607715
0.0210471
0.0676506
0.204688
0.403345
0.552648
0.553922
0.478489
0.564119
0.767783
0.560921
0.747661
0.448529
0.420881
0.282048
0.282957
0.266018
0.247664
0.200271
0.169089
0.138926
0.138675
0.165521
0.10524
0.0582283
0.0184115
-0.014138
-0.0408876
-0.113617
-0.140841
-0.083782
0.0136611
0.175123
0.33164
0.0110241
0.0469773
0.0823774
0.119342
0.159484
0.205653
0.26997
0.383454
0.497992
0.3806
0.328136
0.260765
0.176949
0.186888
0.305313
0.268746
0.190686
0.127046
0.116568
0.0475522
-0.0234765
-0.0634643
-0.0502092
-0.0283027
-0.0979441
-0.110694
-0.0808196
-0.0213761
0.0526698
0.178905
0.23231
0.488605
0.217162
0.188156
0.195164
0.243362
0.280447
0.327017
0.372883
0.404469
0.162527
0.0658453
-0.0246086
-0.0990444
-0.0629103
-0.0516597
0.0350347
0.0967738
0.249912
0.471328
0.645062
0.655205
0.57685
0.656387
0.869986
0.70581
0.751822
0.413911
0.438854
0.305803
0.302102
0.282208
0.260043
0.214363
0.18388
0.152346
0.150986
0.169485
0.118098
0.0757979
0.0349603
-0.00163681
-0.0356082
-0.11851
-0.151283
-0.0926046
0.0197415
0.208475
0.418909
0.0140566
0.0544505
0.0938184
0.133861
0.1763
0.223371
0.287208
0.403285
0.51286
0.388202
0.34666
0.27918
0.194699
0.200037
0.322092
0.280617
0.194
0.116295
0.0944094
0.0313052
-0.0362567
-0.0782176
-0.0704181
-0.0441337
-0.1089
-0.126223
-0.0985878
-0.0370819
0.0469018
0.180036
0.247559
0.511186
0.247362
0.242458
0.246735
0.292506
0.319443
0.357535
0.391916
0.432695
0.198992
0.0977441
-0.0014624
-0.0841843
-0.0525239
-0.0414397
0.0515859
0.129922
0.299447
0.541702
0.73711
0.760125
0.680276
0.755752
0.981009
0.844618
0.753012
0.370842
0.448302
0.324974
0.317868
0.296719
0.271948
0.228102
0.197337
0.16484
0.162595
0.173996
0.130506
0.092968
0.0502438
0.00995746
-0.0318921
-0.121432
-0.158202
-0.0973338
0.02873
0.249379
0.469773
0.0168904
0.0613507
0.104545
0.147399
0.191818
0.239327
0.301888
0.419056
0.522908
0.394148
0.363026
0.294645
0.21271
0.211983
0.330805
0.288643
0.193046
0.0996576
0.0681388
0.00870334
-0.0565236
-0.0988873
-0.0937373
-0.0639035
-0.12245
-0.142072
-0.11633
-0.0529571
0.0397613
0.179705
0.261704
0.528743
0.27131
0.29267
0.295628
0.340733
0.357727
0.387989
0.411517
0.45683
0.235236
0.13232
0.024432
-0.0666897
-0.0397128
-0.0299281
0.0703732
0.166653
0.352537
0.61439
0.830496
0.870297
0.789422
0.865283
1.10212
0.985448
0.762605
0.325628
0.452715
0.341283
0.332626
0.310693
0.284442
0.242195
0.21054
0.1774
0.174031
0.179518
0.142825
0.109787
0.0651566
0.0211948
-0.0288563
-0.12095
-0.161403
-0.0978298
0.0421269
0.298198
0.54645
0.0194443
0.0676087
0.114525
0.159922
0.205955
0.253426
0.313829
0.430457
0.528221
0.398513
0.377042
0.307539
0.229985
0.221746
0.332518
0.292713
0.18801
0.0779427
0.0392608
-0.0179391
-0.0821442
-0.12364
-0.119075
-0.0860454
-0.138379
-0.15837
-0.133802
-0.0685621
0.0315408
0.177466
0.272848
0.543139
0.292476
0.340684
0.342903
0.388527
0.395609
0.41797
0.431213
0.477695
0.269985
0.166275
0.0515471
-0.0501023
-0.0265131
-0.0168954
0.0907131
0.206074
0.40806
0.687562
0.924024
0.984401
0.904696
0.986224
1.2337
1.13153
0.788409
0.284652
0.4551
0.355455
0.346856
0.324107
0.29736
0.256428
0.223512
0.189856
0.185088
0.185957
0.154862
0.125699
0.0802387
0.0318127
-0.0254558
-0.11677
-0.160717
-0.0946149
0.0590628
0.347019
0.648176
0.0219039
0.0735935
0.124181
0.171955
0.219431
0.26662
0.324416
0.438831
0.529181
0.401166
0.389095
0.318389
0.245853
0.228133
0.327689
0.289882
0.18035
0.0534983
0.00727628
-0.0482778
-0.112079
-0.15174
-0.146398
-0.110498
-0.156958
-0.175579
-0.151759
-0.0847001
0.0213861
0.172411
0.279879
0.553985
0.311895
0.389089
0.391404
0.438274
0.435129
0.449084
0.452201
0.498743
0.30519
0.198921
0.0800841
-0.0337434
-0.0118308
-1.9462e-05
0.114217
0.248934
0.466932
0.761563
1.02022
1.10459
1.02766
1.11955
1.37707
1.28571
0.829953
0.251707
0.456854
0.368911
0.36181
0.338167
0.31147
0.271515
0.236881
0.202502
0.196329
0.193796
0.167188
0.141236
0.0961145
0.0424103
-0.0197145
-0.108994
-0.155362
-0.0869795
0.0808456
0.403671
0.731205
0.0244118
0.079589
0.13392
0.184025
0.232835
0.279518
0.334038
0.444338
0.526142
0.40212
0.39917
0.327398
0.259082
0.230851
0.316473
0.278121
0.17406
0.0279823
-0.0276043
-0.0811699
-0.144686
-0.181757
-0.174685
-0.136233
-0.177696
-0.193483
-0.170051
-0.100952
0.00974175
0.165211
0.282809
0.55858
0.329147
0.437867
0.441284
0.489875
0.476211
0.480987
0.474115
0.520267
0.340061
0.229146
0.10845
-0.0140287
0.00336732
0.0202648
0.140738
0.294733
0.528074
0.83579
1.11773
1.22896
1.15877
1.26196
1.52784
1.44796
0.883059
0.227248
0.458027
0.381908
0.377613
0.352886
0.326266
0.286765
0.250546
0.215091
0.207546
0.202683
0.179551
0.156053
0.111765
0.0528459
-0.0122943
-0.0992386
-0.1461
-0.0752119
0.106333
0.460052
0.849004
0.0271375
0.0858786
0.144061
0.196539
0.246743
0.292861
0.343782
0.448176
0.519678
0.401428
0.407515
0.33439
0.26854
0.23195
0.299764
0.260946
0.169008
-0.000213106
-0.0653001
-0.117276
-0.179717
-0.213594
-0.204343
-0.163733
-0.200789
-0.212703
-0.189356
-0.118083
-0.00383062
0.155336
0.281115
0.555831
0.342847
0.487679
0.493745
0.544518
0.520067
0.515006
0.497891
0.543074
0.375517
0.259468
0.137622
0.0106064
0.0199271
0.0444741
0.170769
0.343803
0.590997
0.911806
1.21852
1.35783
1.29992
1.41268
1.68412
1.61871
0.954369
0.211484
0.461021
0.396025
0.39529
0.369286
0.34272
0.302634
0.265209
0.22804
0.218889
0.212789
0.192486
0.170419
0.127208
0.0648065
-0.00311731
-0.0875339
-0.133069
-0.0594666
0.13729
0.526762
0.931635
0.0300699
0.0924538
0.154658
0.209597
0.261244
0.306697
0.353412
0.450116
0.510319
0.399381
0.413728
0.340481
0.275028
0.232994
0.279727
0.240878
0.16091
-0.0320356
-0.103764
-0.155998
-0.216189
-0.246163
-0.234399
-0.192063
-0.225575
-0.232872
-0.209215
-0.135571
-0.0185759
0.143126
0.274823
0.543611
0.353215
0.538196
0.548224
0.601422
0.56606
0.550565
0.523114
0.566346
0.410158
0.289262
0.166777
0.0366773
0.0370501
0.0703272
0.202843
0.39384
0.65342
0.988655
1.32045
1.4883
1.44828
1.57053
1.85153
1.79644
1.05531
0.206556
0.46711
0.411336
0.413456
0.386858
0.360274
0.318808
0.280181
0.240954
0.229861
0.223534
0.205794
0.184408
0.142232
0.0780546
0.00755965
-0.0743485
-0.117342
-0.0413887
0.172563
0.60114
1.03772
0.0332303
0.0993257
0.165679
0.223162
0.276362
0.321155
0.363426
0.451029
0.498642
0.396127
0.417972
0.346641
0.280638
0.235207
0.256811
0.218438
0.147154
-0.0664692
-0.143107
-0.198511
-0.254525
-0.279771
-0.265355
-0.221853
-0.25242
-0.25467
-0.23038
-0.154374
-0.0351682
0.127829
0.264254
0.523018
0.360855
0.590795
0.605918
0.661606
0.615132
0.588771
0.550636
0.5909
0.44574
0.319679
0.197096
0.0654148
0.0560927
0.097423
0.237192
0.443699
0.715731
1.06782
1.42495
1.6213
1.60295
1.73891
2.03797
1.98531
1.19218
0.214198
0.476851
0.428034
0.432038
0.406232
0.379594
0.336382
0.295442
0.254402
0.241184
0.235034
0.219861
0.198761
0.157785
0.0927881
0.0204725
-0.0591795
-0.0989202
-0.0208608
0.21343
0.675503
1.17369
0.0365237
0.106361
0.177023
0.237132
0.291956
0.336048
0.373354
0.450542
0.485197
0.392266
0.419608
0.352242
0.286313
0.237717
0.233441
0.19522
0.127242
-0.101439
-0.182855
-0.243089
-0.293483
-0.313446
-0.296295
-0.2522
-0.280601
-0.277647
-0.252246
-0.173993
-0.053287
0.110189
0.24886
0.496988
0.366918
0.645242
0.666276
0.724274
0.666558
0.628946
0.580058
0.616097
0.480936
0.34987
0.227594
0.0953534
0.0764821
0.123472
0.272526
0.491982
0.777811
1.14839
1.53032
1.75413
1.7598
1.91452
2.24293
2.1865
1.36816
0.233553
0.487515
0.445074
0.450888
0.426608
0.399542
0.354936
0.311106
0.268253
0.252781
0.246664
0.233831
0.212774
0.173321
0.108378
0.0346827
-0.0425409
-0.0787216
0.00178607
0.259126
0.759369
1.27758
0.0399713
0.11358
0.188665
0.251472
0.308042
0.351509
0.383734
0.449631
0.470742
0.388147
0.419464
0.356557
0.291333
0.238477
0.210209
0.171955
0.101831
-0.136568
-0.222654
-0.289229
-0.333253
-0.34768
-0.327841
-0.284053
-0.310627
-0.302454
-0.275606
-0.195438
-0.0740996
0.0892673
0.227813
0.468306
0.37195
0.702751
0.730342
0.790411
0.721199
0.672001
0.611943
0.642413
0.516581
0.382068
0.259629
0.127598
0.0994555
0.149522
0.308771
0.540387
0.84164
1.23167
1.6379
1.88738
1.91891
2.09241
2.46095
2.39929
1.58217
0.264124
0.497763
0.462185
0.470904
0.448097
0.420559
0.37521
0.32844
0.282712
0.264805
0.258606
0.247931
0.226425
0.188495
0.124633
0.0498421
-0.024162
-0.057042
0.0276817
0.311247
0.853406
1.40726
0.0435152
0.120935
0.200606
0.266207
0.324633
0.367545
0.394302
0.448065
0.456073
0.38385
0.418522
0.360235
0.294947
0.236512
0.189207
0.147991
0.0710079
-0.171288
-0.260894
-0.335155
-0.372598
-0.381647
-0.359216
-0.31661
-0.341553
-0.328368
-0.299702
-0.218022
-0.0974948
0.0647968
0.203059
0.436714
0.37607
0.762586
0.7974
0.859221
0.778338
0.717214
0.645755
0.669036
0.550397
0.414563
0.292916
0.160708
0.12355
0.174488
0.34371
0.588732
0.906328
1.31493
1.7437
2.01954
2.07872
2.26977
2.68134
2.61784
1.82105
0.301981
0.506235
0.478742
0.491233
0.469873
0.441863
0.396096
0.347009
0.297417
0.276824
0.270217
0.261191
0.239163
0.202105
0.140251
0.0650001
-0.00575377
-0.0349891
0.0562013
0.368866
0.950078
1.56164
0.0472255
0.128526
0.21292
0.28142
0.341877
0.384444
0.405794
0.446946
0.442304
0.379059
0.417918
0.364267
0.297259
0.232955
0.171184
0.122111
0.0350811
-0.205673
-0.297258
-0.380977
-0.412076
-0.415946
-0.391278
-0.350857
-0.373989
-0.356037
-0.325521
-0.242782
-0.124464
0.0365451
0.174477
0.401654
0.379533
0.825938
0.868471
0.931744
0.838837
0.765409
0.681976
0.696685
0.583621
0.447645
0.327604
0.194968
0.149661
0.200832
0.378339
0.637769
0.972309
1.39816
1.84839
2.15339
2.24128
2.44926
2.8996
2.83785
2.07435
0.343094
0.512382
0.495354
0.511912
0.492392
0.464227
0.417785
0.366961
0.313163
0.289454
0.282185
0.274075
0.251451
0.214438
0.155157
0.0809766
0.0126123
-0.0119287
0.0883502
0.433901
1.05689
1.70104
0.0510664
0.136349
0.225652
0.297187
0.359849
0.402284
0.41806
0.44604
0.429605
0.373898
0.417259
0.367718
0.29824
0.228897
0.156212
0.0940897
-0.00483778
-0.23932
-0.332546
-0.425101
-0.450605
-0.449704
-0.423276
-0.385974
-0.407002
-0.384579
-0.352232
-0.268924
-0.154236
0.00663989
0.142696
0.362567
0.382431
0.892017
0.942984
1.00733
0.90211
0.815985
0.720253
0.725016
0.615423
0.479689
0.360221
0.227998
0.176962
0.228496
0.41183
0.685877
1.03783
1.47958
1.95005
2.28648
2.40501
2.62771
3.10591
3.05409
2.32369
0.37918
0.513618
0.512803
0.532241
0.515148
0.486825
0.43941
0.387314
0.329886
0.302609
0.294455
0.286623
0.263081
0.225305
0.168441
0.096994
0.0303366
0.0111688
0.123783
0.505699
1.16621
1.86874
0.055115
0.14451
0.238882
0.3136
0.378698
0.421346
0.431882
0.446478
0.418286
0.369505
0.415763
0.369607
0.299099
0.224996
0.142332
0.062785
-0.0470918
-0.272692
-0.369309
-0.467656
-0.488681
-0.48355
-0.456078
-0.422922
-0.441315
-0.414738
-0.380908
-0.297555
-0.18705
-0.0243489
0.108681
0.319923
0.385887
0.962246
1.02213
1.08713
0.969063
0.86975
0.761142
0.754594
0.647697
0.511454
0.391145
0.260655
0.206499
0.258412
0.445563
0.733791
1.10332
1.56021
2.05021
2.41903
2.57227
2.80686
3.29142
3.25481
2.56119
0.411462
0.510589
0.532978
0.552962
0.538608
0.510253
0.461898
0.408287
0.34788
0.317072
0.30748
0.299607
0.274711
0.235424
0.180515
0.112854
0.0478119
0.0345095
0.16447
0.58647
1.28731
2.0096
0.0593209
0.152986
0.252626
0.330701
0.398456
0.441656
0.447103
0.448077
0.40929
0.366444
0.413061
0.370622
0.300175
0.221049
0.128265
0.0304325
-0.0893029
-0.306139
-0.40859
-0.507464
-0.525226
-0.516661
-0.488934
-0.4606
-0.475908
-0.445486
-0.4105
-0.327881
-0.221116
-0.0554685
0.0742992
0.274312
0.390614
1.03586
1.10555
1.1706
1.03922
0.9262
0.804465
0.78467
0.679445
0.541491
0.419885
0.291751
0.236725
0.288385
0.478682
0.780399
1.1667
1.63778
2.14592
2.54718
2.73916
2.98358
3.45669
3.42764
2.7896
0.444382
0.504714
0.555003
0.57387
0.562176
0.533576
0.484564
0.429211
0.365952
0.332475
0.320594
0.312248
0.286055
0.244619
0.190994
0.126934
0.0639413
0.0568884
0.210135
0.675034
1.41715
2.16782
0.0637513
0.161864
0.266954
0.348576
0.419261
0.463469
0.464512
0.451978
0.403847
0.364995
0.410697
0.372156
0.301354
0.216538
0.11238
-0.00310757
-0.13119
-0.340027
-0.449363
-0.544793
-0.56093
-0.549754
-0.522627
-0.499606
-0.511425
-0.477613
-0.44188
-0.360783
-0.256671
-0.0882024
0.040103
0.227411
0.398706
1.11446
1.19457
1.25896
1.11348
0.986074
0.85075
0.816271
0.712227
0.57196
0.448109
0.321856
0.268091
0.318855
0.512173
0.826186
1.22804
1.71278
2.23741
2.67073
2.90422
3.15693
3.61401
3.58943
3.02076
0.486872
0.499567
0.578609
0.595546
0.586167
0.557406
0.508008
0.450423
0.383793
0.348094
0.333841
0.324511
0.297309
0.253668
0.200757
0.138782
0.0793855
0.0794053
0.262567
0.772343
1.54887
2.34906
0.0683407
0.171103
0.28184
0.367215
0.441078
0.486712
0.483901
0.457986
0.402303
0.364888
0.4089
0.37432
0.301509
0.210437
0.0950021
-0.0373799
-0.172836
-0.374154
-0.490219
-0.578168
-0.595148
-0.582232
-0.556167
-0.538557
-0.546591
-0.509915
-0.473592
-0.394763
-0.292895
-0.122107
0.00583294
0.178204
0.41089
1.19728
1.28896
1.35169
1.19146
1.049
0.899808
0.849229
0.745036
0.601997
0.474862
0.349405
0.298852
0.349106
0.544951
0.869429
1.28517
1.78305
2.32203
2.78544
3.06064
3.322
3.77014
3.76919
3.25537
0.541357
0.497503
0.60095
0.61688
0.60997
0.580848
0.531087
0.471097
0.401156
0.363171
0.346611
0.335752
0.307485
0.262348
0.209637
0.148645
0.0941389
0.101708
0.320698
0.876727
1.68951
2.50378
0.0731513
0.180782
0.297352
0.386704
0.464036
0.5116
0.505984
0.467184
0.404322
0.366176
0.40732
0.376598
0.300796
0.203558
0.0760012
-0.0716791
-0.213322
-0.408599
-0.529751
-0.608213
-0.628551
-0.615394
-0.589869
-0.577972
-0.581965
-0.543153
-0.506291
-0.430439
-0.330883
-0.157894
-0.0321157
0.123196
0.428867
1.28598
1.39008
1.44993
1.27398
1.11567
0.952098
0.884156
0.77888
0.632987
0.502042
0.376104
0.329079
0.380393
0.578039
0.910979
1.33892
1.8493
2.40096
2.89085
3.20775
3.47924
3.92387
3.97435
3.49209
0.617764
0.500604
0.620781
0.638966
0.63384
0.604417
0.554212
0.491458
0.418561
0.377665
0.35923
0.346873
0.317563
0.270919
0.218154
0.159464
0.110284
0.126552
0.385976
0.98894
1.83925
2.67535
0.07811
0.19085
0.313438
0.406991
0.488046
0.537959
0.53042
0.479422
0.409844
0.368739
0.404214
0.377642
0.298899
0.196345
0.056436
-0.104251
-0.251393
-0.442964
-0.566216
-0.635011
-0.659726
-0.648539
-0.621896
-0.616453
-0.616415
-0.576001
-0.538653
-0.466397
-0.369478
-0.196963
-0.0742526
0.0624091
0.453358
1.37988
1.4977
1.55313
1.36069
1.18583
1.00739
0.920879
0.811812
0.662965
0.528059
0.401156
0.356757
0.410818
0.609928
0.949938
1.38835
1.90937
2.47193
2.98419
3.34201
3.62522
4.0664
4.18928
3.72469
0.726509
0.508817
0.638501
0.662633
0.656984
0.627254
0.576338
0.510471
0.435256
0.391382
0.371428
0.357545
0.326292
0.277905
0.226876
0.171436
0.12838
0.154701
0.457137
1.10695
1.99053
2.86314
0.0832795
0.201391
0.330181
0.428186
0.513259
0.566005
0.557813
0.495724
0.419584
0.372926
0.399461
0.376801
0.296568
0.188918
0.0354945
-0.134788
-0.287574
-0.477453
-0.59944
-0.660285
-0.688738
-0.681071
-0.652644
-0.654498
-0.650664
-0.609111
-0.572086
-0.503665
-0.408263
-0.240526
-0.119621
-0.00282724
0.487294
1.48102
1.61311
1.66237
1.45233
1.26013
1.06593
0.960394
0.844856
0.692672
0.552983
0.425214
0.382535
0.440306
0.641043
0.987312
1.43534
1.96485
2.53561
3.06687
3.46443
3.76121
4.19815
4.40296
3.96356
0.8775
0.528306
0.655879
0.689191
0.679897
0.649905
0.598197
0.528216
0.450891
0.404869
0.383648
0.368284
0.334992
0.28556
0.237961
0.184627
0.149846
0.189774
0.535776
1.23138
2.1477
3.03753
0.0885789
0.212338
0.347488
0.450181
0.539514
0.595455
0.587661
0.515882
0.433979
0.379719
0.394784
0.375064
0.293728
0.180701
0.0148312
-0.161921
-0.321706
-0.511589
-0.629179
-0.684529
-0.714157
-0.711402
-0.682417
-0.69107
-0.683552
-0.641002
-0.605516
-0.541106
-0.445342
-0.285429
-0.164617
-0.0701948
0.531639
1.58927
1.73602
1.77705
1.54859
1.33836
1.12744
1.00244
0.8774
0.721268
0.575237
0.446622
0.405292
0.466621
0.670003
1.02176
1.47847
2.01411
2.59022
3.13789
3.57234
3.88502
4.31833
4.60819
4.19919
1.06985
0.564573
0.671076
0.71774
0.702863
0.671404
0.618936
0.544667
0.465484
0.418292
0.39556
0.378809
0.343628
0.294
0.249506
0.198402
0.172194
0.232041
0.620373
1.35944
2.30259
3.2231
0.0940673
0.223774
0.365453
0.473093
0.56697
0.626515
0.620415
0.540743
0.453191
0.390659
0.392024
0.373784
0.289917
0.172187
-0.00481106
-0.186376
-0.353684
-0.54473
-0.656271
-0.707289
-0.736267
-0.739901
-0.712765
-0.727137
-0.715749
-0.672336
-0.639541
-0.579612
-0.48269
-0.329779
-0.206892
-0.136553
0.588672
1.70636
1.86758
1.89822
1.65012
1.42104
1.19243
1.0475
0.911061
0.75021
0.596425
0.466795
0.42587
0.490112
0.697672
1.05452
1.51847
2.058
2.6372
3.19891
3.66668
3.99915
4.42678
4.79192
4.41647
1.3029
0.625045
0.685412
0.747341
0.727158
0.692325
0.638847
0.560984
0.480565
0.432532
0.407214
0.389158
0.353115
0.303474
0.260185
0.215112
0.195765
0.284143
0.712544
1.48985
2.45948
3.39061
0.0996536
0.235614
0.383939
0.496756
0.595393
0.65881
0.655404
0.569996
0.477231
0.405886
0.391539
0.373276
0.284459
0.162589
-0.0227761
-0.207633
-0.381897
-0.575153
-0.680521
-0.727487
-0.755519
-0.765364
-0.743053
-0.76155
-0.746112
-0.701692
-0.672415
-0.617248
-0.520594
-0.372137
-0.242003
-0.19709
0.658576
1.83177
2.00739
2.02525
1.75667
1.50799
1.26102
1.09489
0.945164
0.778449
0.615661
0.483493
0.442523
0.510058
0.722695
1.08481
1.55381
2.09509
2.67637
3.24974
3.74622
4.10415
4.52434
4.94012
4.59755
1.56943
0.715254
0.70239
0.775288
0.752469
0.711886
0.65727
0.577601
0.496924
0.447081
0.418048
0.398852
0.362762
0.311863
0.270353
0.233892
0.220303
0.345265
0.810344
1.61815
2.61434
3.55822
0.105395
0.247944
0.403055
0.521304
0.624962
0.692568
0.69294
0.604223
0.506557
0.4252
0.393103
0.373231
0.277977
0.151885
-0.0397689
-0.225838
-0.405718
-0.602543
-0.702567
-0.744823
-0.772981
-0.787951
-0.773552
-0.794867
-0.775168
-0.729617
-0.704921
-0.654508
-0.559965
-0.415531
-0.268061
-0.24774
0.743226
1.96755
2.1565
2.15912
1.86879
1.59964
1.33347
1.14499
0.980902
0.807049
0.634004
0.497192
0.455435
0.527612
0.745677
1.11342
1.58531
2.12643
2.70949
3.29213
3.81252
4.2022
4.61373
5.05078
4.74832
1.86625
0.836512
0.726705
0.800539
0.779054
0.731714
0.675088
0.594745
0.514511
0.461482
0.428625
0.408358
0.372877
0.319917
0.283241
0.255108
0.250507
0.416461
0.9141
1.74341
2.76009
3.72988
0.111193
0.260653
0.422611
0.54649
0.655346
0.727307
0.732154
0.642633
0.541375
0.447957
0.397012
0.373114
0.271209
0.140475
-0.0546183
-0.239995
-0.42465
-0.626855
-0.722766
-0.758902
-0.788618
-0.806268
-0.802861
-0.825703
-0.801862
-0.755298
-0.735489
-0.689529
-0.598448
-0.460447
-0.294503
-0.290004
0.842176
2.1139
2.31445
2.29916
1.98623
1.6958
1.40909
1.19737
1.01751
0.834197
0.650075
0.506788
0.46317
0.540751
0.764635
1.13781
1.61117
2.15109
2.73629
3.32668
3.86639
4.29124
4.6937
5.11767
4.85597
2.18479
0.98906
0.763477
0.821187
0.806752
0.752915
0.691876
0.611655
0.531915
0.475502
0.43968
0.417743
0.381655
0.328982
0.29885
0.276274
0.287984
0.495243
1.01962
1.86292
2.89849
3.88087
0.117108
0.273835
0.442733
0.572465
0.686734
0.763276
0.773269
0.685448
0.581535
0.474688
0.404371
0.372398
0.264062
0.128596
-0.0673365
-0.250643
-0.439061
-0.64828
-0.742717
-0.771455
-0.802116
-0.821361
-0.830926
-0.854849
-0.827073
-0.780157
-0.764914
-0.722779
-0.635624
-0.507188
-0.329605
-0.324155
0.956839
2.27265
2.48216
2.44626
2.1094
1.79665
1.48812
1.25253
1.05606
0.860543
0.664611
0.512999
0.467108
0.549851
0.77977
1.1575
1.63145
2.16951
2.75689
3.35472
3.91037
4.36812
4.76285
5.14321
4.92698
2.52398
1.176
0.81854
0.840305
0.835431
0.777313
0.708774
0.627807
0.548439
0.489614
0.451682
0.427005
0.390927
0.34167
0.31734
0.299526
0.336591
0.58167
1.12506
1.97611
3.02719
4.0236
0.123042
0.287355
0.463182
0.598908
0.718701
0.799904
0.815264
0.731654
0.624679
0.503657
0.416114
0.372453
0.2571
0.11716
-0.0770371
-0.257379
-0.448553
-0.665775
-0.761374
-0.783278
-0.815618
-0.835486
-0.856466
-0.881062
-0.850342
-0.803136
-0.791463
-0.752561
-0.669134
-0.552258
-0.369371
-0.34954
1.08707
2.44381
2.65903
2.59967
2.23807
1.90192
1.5708
1.31019
1.09592
0.885291
0.676344
0.514576
0.467094
0.55374
0.78916
1.17029
1.64433
2.18056
2.77138
3.37757
3.94614
4.42948
4.82511
5.13902
5.00742
2.87755
1.39466
0.89655
0.864219
0.863376
0.804047
0.72687
0.643595
0.564299
0.504118
0.463529
0.435018
0.400261
0.355868
0.334807
0.326316
0.394782
0.671771
1.22607
2.08009
3.14015
4.16235
0.129064
0.30132
0.484112
0.625997
0.751464
0.837508
0.858377
0.781641
0.668399
0.533414
0.432274
0.375031
0.251028
0.106832
-0.084074
-0.260708
-0.453368
-0.678298
-0.778779
-0.796334
-0.830787
-0.850776
-0.880304
-0.905681
-0.872261
-0.824684
-0.816416
-0.779653
-0.699116
-0.590928
-0.407194
-0.364252
1.23487
2.62868
2.84583
2.7602
2.37247
2.01171
1.65738
1.37122
1.13833
0.909898
0.685672
0.512835
0.463789
0.552651
0.792863
1.17642
1.64952
2.18497
2.78163
3.39631
3.9758
4.47731
4.88426
5.12628
5.13569
3.23856
1.64157
0.999201
0.89915
0.890652
0.832745
0.748273
0.660015
0.580267
0.518759
0.475607
0.444438
0.411482
0.371705
0.35129
0.360407
0.462535
0.764387
1.32197
2.17351
3.23764
4.2841
0.135082
0.315558
0.50523
0.653332
0.784493
0.87541
0.901564
0.833712
0.711578
0.565678
0.452888
0.381206
0.247189
0.0989539
-0.0881422
-0.260477
-0.453796
-0.685855
-0.79489
-0.810965
-0.846763
-0.866737
-0.901475
-0.927503
-0.891723
-0.84383
-0.838142
-0.802163
-0.72629
-0.620915
-0.437557
-0.363763
1.40096
2.82718
3.04173
2.92695
2.51237
2.12565
1.74759
1.43498
1.18192
0.933324
0.690949
0.507851
0.455752
0.545165
0.78934
1.17479
1.6464
2.18502
2.78988
3.41221
4.00043
4.51554
4.9372
5.13087
5.28744
3.58829
1.91084
1.1259
0.947877
0.919534
0.861692
0.772524
0.677642
0.596936
0.533458
0.488454
0.455475
0.422647
0.385219
0.36739
0.40155
0.536025
0.855427
1.40959
2.25282
3.31377
4.38522
0.141171
0.330173
0.526711
0.68112
0.818029
0.913976
0.94544
0.887519
0.757937
0.603506
0.476827
0.389697
0.246286
0.0944967
-0.0900133
-0.257352
-0.451112
-0.689469
-0.809598
-0.826817
-0.862314
-0.882195
-0.919789
-0.947093
-0.909977
-0.860983
-0.857747
-0.820325
-0.750052
-0.647908
-0.460579
-0.3408
1.58739
3.04014
3.24729
3.10058
2.65789
2.24344
1.84114
1.50175
1.22648
0.955705
0.692628
0.500144
0.442882
0.531684
0.77865
1.1656
1.63725
2.18394
2.79809
3.42768
4.02212
4.54657
4.97808
5.16691
5.43688
3.91392
2.19598
1.27928
1.01141
0.953348
0.891356
0.79847
0.696651
0.61505
0.54931
0.503549
0.470095
0.435593
0.397692
0.389009
0.452114
0.615208
0.943875
1.48874
2.31706
3.36799
4.46707
0.147234
0.344925
0.548186
0.708879
0.851393
0.952233
0.98925
0.942586
0.809492
0.646182
0.50305
0.399166
0.248279
0.0939829
-0.0887281
-0.25087
-0.445496
-0.689646
-0.822446
-0.843542
-0.876076
-0.895509
-0.934775
-0.964084
-0.926235
-0.875683
-0.875025
-0.834318
-0.766937
-0.67402
-0.483435
-0.294842
1.79443
3.26733
3.46142
3.28006
2.80847
2.36404
1.93634
1.571
1.27025
0.974659
0.69055
0.48783
0.423597
0.511414
0.759798
1.14806
1.62501
2.18231
2.80621
3.44412
4.04342
4.57329
5.00942
5.22335
5.56188
4.20181
2.48817
1.46031
1.09066
0.993458
0.922815
0.824531
0.717528
0.634795
0.56738
0.521132
0.486268
0.446186
0.409121
0.418592
0.511175
0.697146
1.02738
1.55804
2.36467
3.39898
4.51411
0.153299
0.359864
0.569805
0.736791
0.884727
0.990433
1.0337
0.998427
0.866229
0.690806
0.530657
0.408421
0.252471
0.0971678
-0.0839593
-0.240985
-0.436684
-0.686891
-0.832943
-0.86119
-0.888158
-0.906578
-0.947805
-0.979799
-0.941434
-0.889963
-0.891238
-0.84617
-0.776966
-0.695333
-0.505118
-0.224551
2.0233
3.50901
3.68445
3.466
2.96421
2.48731
2.03272
1.64275
1.31361
0.989814
0.68562
0.470624
0.398002
0.485082
0.732701
1.12213
1.61018
2.1789
2.81327
3.46081
4.06577
4.59741
5.03443
5.27938
5.6521
4.44941
2.78017
1.66859
1.1906
1.04122
0.95767
0.850667
0.74079
0.658223
0.589841
0.54155
0.502714
0.455492
0.42743
0.462073
0.581471
0.783557
1.10817
1.61857
2.39665
3.40604
4.53204
0.159161
0.374613
0.591109
0.764232
0.917219
1.02751
1.07624
1.05112
0.923875
0.735284
0.559873
0.418077
0.258413
0.103344
-0.0757715
-0.228463
-0.425178
-0.681753
-0.840674
-0.878374
-0.898508
-0.915617
-0.958687
-0.993529
-0.954853
-0.903187
-0.905327
-0.855733
-0.781591
-0.707851
-0.520541
-0.128894
2.27416
3.76451
3.91493
3.65707
3.1243
2.6138
2.13101
1.71572
1.35516
1.00016
0.676111
0.447148
0.366289
0.451923
0.696797
1.08873
1.59044
2.17176
2.81794
3.47688
4.08873
4.6218
5.0593
5.32655
5.70693
4.65639
3.06296
1.90044
1.31735
1.09986
0.995287
0.877696
0.766153
0.685099
0.615458
0.562317
0.517013
0.467065
0.457753
0.519841
0.661263
0.872452
1.18631
1.66917
2.41416
3.38793
4.53178
0.165454
0.389304
0.612155
0.791325
0.949317
1.06395
1.11681
1.09977
0.98109
0.777574
0.588913
0.427972
0.266359
0.112057
-0.0651474
-0.215313
-0.411987
-0.674067
-0.845456
-0.893567
-0.908349
-0.923886
-0.967897
-1.00565
-0.966865
-0.915378
-0.917459
-0.863981
-0.785567
-0.707262
-0.52313
-0.0102105
2.54844
4.03343
4.15302
3.85383
3.28841
2.74348
2.23263
1.78947
1.39408
1.00656
0.661112
0.41699
0.328746
0.410064
0.650845
1.04797
1.56325
2.15887
2.81926
3.49146
4.11237
4.64824
5.08707
5.36537
5.73559
4.82659
3.33179
2.15204
1.47619
1.17793
1.03852
0.908178
0.795212
0.715839
0.644021
0.584514
0.534078
0.491263
0.506426
0.593973
0.751563
0.965044
1.26302
1.71112
2.41711
3.33857
4.49157
0.173019
0.403968
0.632769
0.817737
0.980888
1.09994
1.15664
1.14531
1.03711
0.818483
0.616846
0.43834
0.277229
0.123171
-0.0527752
-0.201838
-0.397324
-0.664021
-0.847435
-0.906415
-0.918918
-0.931087
-0.974938
-1.01571
-0.97686
-0.926082
-0.927009
-0.86953
-0.790179
-0.69574
-0.506689
0.132769
2.84656
4.31454
4.39692
4.05485
3.4556
2.87483
2.33608
1.86211
1.42842
1.00833
0.639835
0.380974
0.28425
0.356878
0.592443
0.997863
1.52672
2.1387
2.81645
3.50388
4.13664
4.67729
5.11924
5.40078
5.74461
4.96608
3.5824
2.41571
1.66682
1.28316
1.09211
0.943207
0.829058
0.750379
0.674267
0.60776
0.558375
0.532917
0.573358
0.681936
0.849322
1.05852
1.33639
1.74537
2.40501
3.25603
4.39687
0.181941
0.419185
0.653841
0.844277
1.01247
1.13573
1.19596
1.18895
1.09001
0.856852
0.643407
0.449442
0.29105
0.13657
-0.0393315
-0.187119
-0.381225
-0.651954
-0.847028
-0.917473
-0.930113
-0.936468
-0.980467
-1.02548
-0.986225
-0.936397
-0.93476
-0.87277
-0.793577
-0.680999
-0.472805
0.310445
3.16967
4.60675
4.64653
4.26092
3.62513
3.00688
2.43934
1.93203
1.45756
1.00451
0.612349
0.339756
0.229897
0.289992
0.519022
0.933977
1.47789
2.10884
2.80811
3.51376
4.16092
4.7083
5.15283
5.43415
5.74384
5.08346
3.81414
2.68601
1.8881
1.42326
1.16757
0.989691
0.870745
0.7918
0.710145
0.640432
0.601272
0.596569
0.659179
0.783747
0.955053
1.15364
1.40613
1.7739
2.3775
3.14266
4.24274
0.191262
0.434937
0.675399
0.870571
1.04265
1.16844
1.23109
1.2273
1.13349
0.891493
0.668958
0.462722
0.307269
0.151537
-0.0254272
-0.171892
-0.364879
-0.638828
-0.844857
-0.926932
-0.939588
-0.939227
-0.983971
-1.03471
-0.994886
-0.946129
-0.939695
-0.872268
-0.792586
-0.665409
-0.418253
0.531823
3.51684
4.90815
4.89958
4.47007
3.79591
3.13975
2.54196
1.99775
1.48089
0.994262
0.579654
0.291587
0.162474
0.207941
0.429707
0.852623
1.41369
2.06693
2.79232
3.52049
4.18404
4.74115
5.18709
5.46521
5.73779
5.17838
4.02627
2.95435
2.13201
1.5972
1.2708
1.05674
0.928972
0.846012
0.760071
0.693247
0.665113
0.678804
0.758737
0.894474
1.06495
1.248
1.47129
1.7976
2.33546
3.00406
4.0508
0.200174
0.450762
0.696674
0.895692
1.07062
1.1977
1.26244
1.26049
1.1639
0.922401
0.69377
0.479219
0.324723
0.166262
-0.0120797
-0.157586
-0.348795
-0.624746
-0.841244
-0.934379
-0.946226
-0.940428
-0.986171
-1.04399
-1.00344
-0.954283
-0.940985
-0.86751
-0.785688
-0.64403
-0.335127
0.802342
3.88722
5.21708
5.15586
4.68047
3.96696
3.27445
2.64572
2.05884
1.49866
0.978319
0.542694
0.233503
0.079316
0.108227
0.322453
0.750399
1.32973
2.00966
2.76664
3.52129
4.20454
4.77554
5.22258
5.49367
5.72771
5.25294
4.22292
3.21703
2.39247
1.8037
1.40831
1.15615
1.0164
0.923018
0.834557
0.770997
0.749774
0.776806
0.869473
1.01188
1.17903
1.34233
1.5334
1.81577
2.27748
2.84067
3.81761
0.208232
0.465168
0.715646
0.917877
1.09497
1.22323
1.29074
1.29034
1.18249
0.950126
0.717937
0.497584
0.341058
0.178499
-0.000152768
-0.144483
-0.333445
-0.610495
-0.836669
-0.938755
-0.950102
-0.940522
-0.986505
-1.05244
-1.01055
-0.95794
-0.936964
-0.857465
-0.772045
-0.611824
-0.217777
1.12379
4.27753
5.53107
5.41331
4.88963
4.13621
3.40926
2.74818
2.11329
1.50976
0.957837
0.500162
0.163472
-0.0196177
-0.00950036
0.197459
0.626801
1.22456
1.93633
2.73084
3.51496
4.22184
4.80993
5.25991
5.51926
5.71063
5.30937
4.40378
3.46853
2.65865
2.03277
1.57657
1.2898
1.13715
1.02732
0.933895
0.867974
0.848521
0.883242
0.984539
1.12953
1.29318
1.43498
1.59367
1.82728
2.20543
2.64797
3.52957
0.215235
0.477111
0.731469
0.936704
1.11544
1.24449
1.31372
1.31627
1.19586
0.974885
0.739618
0.516046
0.356531
0.18934
0.0103822
-0.132586
-0.319511
-0.596605
-0.830835
-0.93928
-0.951617
-0.939783
-0.985339
-1.06016
-1.01609
-0.957827
-0.927936
-0.843188
-0.752613
-0.561282
-0.0588682
1.49632
4.68494
5.84786
5.67162
5.09891
4.30438
3.54367
2.84624
2.15927
1.51327
0.934532
0.450571
0.0801217
-0.134403
-0.145135
0.0543844
0.480914
1.09647
1.84516
2.68402
3.50197
4.23699
4.84287
5.29576
5.54193
5.69017
5.35354
4.5697
3.70979
2.92669
2.27986
1.77485
1.45993
1.29314
1.16151
1.05666
0.980403
0.958081
0.995225
1.10119
1.24586
1.40578
1.52537
1.6534
1.83185
2.11918
2.42352
3.18875
0.220759
0.48593
0.743543
0.951337
1.13123
1.2603
1.33065
1.33466
1.20915
0.995377
0.75773
0.533924
0.371616
0.200672
0.0196725
-0.122536
-0.307721
-0.583368
-0.822771
-0.935373
-0.950103
-0.937252
-0.981982
-1.06472
-1.01714
-0.952596
-0.912689
-0.825138
-0.72835
-0.486161
0.147511
1.91713
5.10425
6.16467
5.92814
5.30568
4.47156
3.67922
2.93709
2.19695
1.51134
0.90908
0.393908
-0.0150836
-0.261883
-0.293436
-0.103663
0.315603
0.947768
1.73814
2.62659
3.48373
4.25051
4.87532
5.3283
5.56207
5.67274
5.38999
4.71867
3.93786
3.18966
2.53504
1.99311
1.65845
1.4767
1.31899
1.19292
1.09988
1.07112
1.10629
1.21342
1.35737
1.51315
1.6137
1.71309
1.83362
2.02184
2.17924
2.78593
0.224199
0.491398
0.751616
0.961595
1.14256
1.27202
1.3434
1.3453
1.22298
1.01194
0.771796
0.551235
0.386408
0.212947
0.0291865
-0.114306
-0.298051
-0.570064
-0.810896
-0.926382
-0.944384
-0.932249
-0.976816
-1.0637
-1.01143
-0.940897
-0.89209
-0.803342
-0.696003
-0.381634
0.403722
2.38203
5.53134
6.47887
6.17966
5.5054
4.6351
3.81317
3.01608
2.22475
1.50742
0.881612
0.330972
-0.118794
-0.399358
-0.449543
-0.275385
0.132871
0.780686
1.61656
2.5585
3.46062
4.26163
4.90766
5.36042
5.58432
5.66578
5.4257
4.85369
4.15237
3.44539
2.79454
2.22963
1.88306
1.6823
1.49403
1.33701
1.22435
1.186
1.21475
1.31934
1.46488
1.61764
1.70171
1.77288
1.83692
1.9233
1.90308
2.19343
0.225104
0.493519
0.755812
0.968008
1.1504
1.28071
1.35269
1.35243
1.23573
1.02532
0.783396
0.567705
0.40023
0.225444
0.0401278
-0.107385
-0.29004
-0.555823
-0.7943
-0.911295
-0.932599
-0.923529
-0.969768
-1.05608
-0.99966
-0.922976
-0.866329
-0.775827
-0.647923
-0.24757
0.70688
2.88416
5.96001
6.78765
6.42366
5.69683
4.79496
3.94011
3.07971
2.24138
1.50354
0.853256
0.264224
-0.223483
-0.540371
-0.607346
-0.453897
-0.0604274
0.602167
1.48574
2.48335
3.43501
4.2717
4.93906
5.39493
5.61154
5.67186
5.46585
4.97767
4.34955
3.68586
3.04481
2.47013
2.11814
1.8948
1.67391
1.4806
1.34745
1.29677
1.31521
1.41447
1.56556
1.71743
1.78944
1.83361
1.84519
1.80599
1.56735
1.62377
0.223752
0.493341
0.757672
0.972169
1.15583
1.28654
1.35798
1.35645
1.24259
1.03277
0.792929
0.582349
0.412774
0.238021
0.0530789
-0.100255
-0.282304
-0.539488
-0.772336
-0.889338
-0.914049
-0.910932
-0.961042
-1.04248
-0.981488
-0.898566
-0.835498
-0.740123
-0.574782
-0.078335
1.05604
3.41551
6.38557
7.08767
6.65977
5.88177
4.95815
4.05699
3.127
2.24913
1.50036
0.825775
0.198809
-0.324857
-0.676076
-0.759469
-0.631015
-0.256936
0.418578
1.34924
2.40453
3.40876
4.28354
4.97061
5.43297
5.64562
5.69305
5.51577
5.09576
4.53081
3.91019
3.27966
2.70732
2.35608
2.10789
1.85379
1.62391
1.46923
1.40167
1.40576
1.4989
1.65856
1.81303
1.87824
1.89989
1.85634
1.65464
1.32866
1.10594
0.221334
0.492193
0.758142
0.974292
1.15841
1.28894
1.3594
1.35574
1.24301
1.0352
0.801565
0.594874
0.423847
0.250748
0.0677052
-0.0916552
-0.273882
-0.52115
-0.745597
-0.860949
-0.88903
-0.893926
-0.948669
-1.02144
-0.954999
-0.867231
-0.798979
-0.694094
-0.472153
0.131319
1.45346
3.96592
6.8019
7.37478
6.88486
6.0566
5.1224
4.15655
3.15697
2.25431
1.4988
0.800687
0.141564
-0.417199
-0.794784
-0.892661
-0.792356
-0.440197
0.244476
1.21677
2.32754
3.38476
4.29824
5.00496
5.47498
5.68695
5.72921
5.57645
5.20983
4.69647
4.11634
3.49398
2.93347
2.58717
2.31182
2.02488
1.76132
1.58553
1.49602
1.48153
1.5701
1.74133
1.90258
1.96671
1.97761
1.86353
1.51252
1.10251
0.149314
0.218769
0.49033
0.757018
0.974081
1.1584
1.28904
1.35788
1.35068
1.23826
1.03596
0.808719
0.605581
0.434652
0.26483
0.0839751
-0.0810082
-0.263718
-0.500493
-0.714321
-0.826733
-0.85825
-0.872057
-0.930989
-0.992568
-0.920672
-0.830417
-0.756703
-0.634924
-0.338348
0.385309
1.89552
4.52448
7.20322
7.64669
7.09248
6.22411
5.27867
4.23074
3.17031
2.26061
1.50019
0.780617
0.0964695
-0.493879
-0.887122
-1.00083
-0.923075
-0.591355
0.0945849
1.09769
2.25778
3.36599
4.31644
5.04442
5.52265
5.73817
5.78139
5.649
5.32263
4.84984
4.30393
3.69053
3.15141
2.80783
2.50385
2.18583
1.89349
1.69761
1.58132
1.54342
1.62918
1.81405
1.98545
2.05478
2.06444
1.86783
1.43934
0.798004
-0.678595
0.21597
0.487314
0.754149
0.972342
1.15739
1.28772
1.35401
1.34316
1.2308
1.03519
0.814684
0.615842
0.446717
0.280208
0.100843
-0.0687534
-0.251623
-0.477711
-0.679618
-0.788156
-0.82287
-0.844857
-0.906378
-0.955943
-0.88045
-0.790155
-0.709165
-0.5599
-0.175149
0.680614
2.37156
5.07938
7.5842
7.90191
7.28205
6.39322
5.41333
4.27683
3.17638
2.2711
1.50729
0.770692
0.0671188
-0.548495
-0.949605
-1.07659
-1.00854
-0.695018
-0.0185293
1.00163
2.20226
3.35591
4.33991
5.09041
5.5785
5.80074
5.84844
5.73165
5.4343
4.9923
4.47094
3.86787
3.35456
3.00846
2.67795
2.3308
2.01635
1.80163
1.65671
1.59288
1.67629
1.87681
2.06019
2.14437
2.14484
1.87653
1.39844
0.503108
-0.0625265
0.212614
0.483713
0.750987
0.970781
1.15602
1.28485
1.34784
1.33338
1.22216
1.03306
0.820334
0.626912
0.460548
0.296666
0.118638
-0.0542294
-0.236906
-0.452356
-0.641649
-0.745723
-0.783279
-0.81225
-0.874737
-0.91326
-0.837822
-0.749556
-0.657196
-0.466107
0.0155987
1.0105
2.86766
5.61987
7.94277
8.13554
7.4561
6.56778
5.51649
4.29706
3.181
2.2868
1.52233
0.770628
0.0491526
-0.584625
-0.988396
-1.12583
-1.0544
-0.749953
-0.0880214
0.936275
2.16573
3.35675
4.37078
5.1441
5.6446
5.87603
5.92968
5.8238
5.54664
5.12609
4.61991
4.02883
3.54204
3.19022
2.83661
2.46217
2.13334
1.89732
1.72363
1.63443
1.71387
1.93066
2.12715
2.23503
2.21179
1.9356
1.31624
0.428007
1.96052
0.209106
0.480748
0.748734
0.969534
1.15358
1.28001
1.33988
1.3229
1.21323
1.03069
0.826378
0.638878
0.475244
0.313532
0.137114
-0.0377693
-0.219739
-0.424743
-0.601425
-0.700683
-0.740666
-0.775668
-0.838087
-0.868078
-0.796994
-0.711613
-0.601896
-0.354865
0.229064
1.36471
3.36823
6.13494
8.27013
8.34158
7.62186
6.73553
5.58222
4.30266
3.18994
2.31062
1.54269
0.777051
0.0387113
-0.604576
-1.01286
-1.15531
-1.07679
-0.769122
-0.116873
0.90334
2.14958
3.36973
4.41076
5.20591
5.72076
5.96219
6.02178
5.9227
5.65902
5.25186
4.75302
4.17233
3.70988
3.34996
2.97695
2.58034
2.24485
1.9827
1.78138
1.67026
1.74458
1.97779
2.18881
2.32187
2.27458
2.02634
1.19826
0.591996
5.04238
0.206053
0.479042
0.747201
0.967547
1.14921
1.27271
1.32998
1.31174
1.20428
1.02906
0.833603
0.65239
0.49161
0.331834
0.157408
-0.0183479
-0.199196
-0.394061
-0.558772
-0.653336
-0.695968
-0.736937
-0.799444
-0.824869
-0.762008
-0.679185
-0.544511
-0.229531
0.459625
1.73141
3.85722
6.61461
8.56447
8.52426
7.77724
6.86682
5.61167
4.30409
3.20347
2.33577
1.56025
0.782518
0.0332694
-0.612466
-1.02503
-1.17042
-1.08787
-0.769591
-0.118946
0.897008
2.15204
3.39385
4.45965
5.27622
5.8068
6.05842
6.12346
6.02812
5.77263
5.37273
4.87266
4.30418
3.86173
3.49264
3.10153
2.6891
2.35385
2.06126
1.83128
1.70071
1.77065
2.02117
2.24828
2.3971
2.35909
2.07434
1.13071
0.701569
10.3283
0.203654
0.477836
0.745002
0.96365
1.14232
1.26315
1.31905
1.30083
1.19661
1.0294
0.843127
0.668148
0.510055
0.352117
0.1799
0.00423842
-0.175022
-0.360467
-0.514604
-0.605572
-0.651852
-0.699323
-0.763104
-0.788531
-0.736237
-0.654273
-0.487204
-0.0963661
0.697349
2.09529
4.31963
7.04936
8.82216
8.68612
7.92383
6.93576
5.6054
4.29658
3.21719
2.35537
1.57273
0.78876
0.0328962
-0.611075
-1.02161
-1.16504
-1.08436
-0.755263
-0.103684
0.909912
2.16817
3.42592
4.51415
5.35237
5.89942
6.16168
6.23134
6.13709
5.88541
5.48818
4.9828
4.42652
3.99541
3.61818
3.20974
2.78777
2.45732
2.13676
1.87551
1.72577
1.79353
2.06196
2.30298
2.4532
2.47065
2.06229
1.02713
0.869832
18.8427
0.201223
0.475656
0.741007
0.957467
1.13328
1.25231
1.30809
1.29118
1.19155
1.03311
0.85618
0.687499
0.53227
0.37629
0.206507
0.0317307
-0.145737
-0.323361
-0.469347
-0.558912
-0.610431
-0.6652
-0.732607
-0.762574
-0.721771
-0.637371
-0.431829
0.0385449
0.93149
2.44118
4.74344
7.43453
9.04929
8.82607
8.04008
6.94156
5.57828
4.28447
3.22931
2.36801
1.57962
0.796587
0.0377941
-0.600091
-1.00221
-1.14679
-1.063
-0.726509
-0.0735428
0.937509
2.19427
3.46302
4.57181
5.43221
5.99657
6.27002
6.34358
6.24917
5.99813
5.59795
5.08738
4.54052
4.11306
3.731
3.30491
2.87995
2.55267
2.21011
1.91539
1.74383
1.80788
2.08979
2.33947
2.50196
2.53531
2.11672
0.909995
1.46653
25.8662
0.198217
0.471516
0.735066
0.949462
1.12318
1.24151
1.29836
1.28407
1.19001
1.04083
0.873519
0.711175
0.55901
0.405175
0.237895
0.0645185
-0.111311
-0.28351
-0.424852
-0.515707
-0.574191
-0.637234
-0.710472
-0.748542
-0.719392
-0.628066
-0.381789
0.16569
1.14859
2.75451
5.11795
7.76556
9.24993
8.94753
8.09663
6.91051
5.55201
4.27864
3.23715
2.37362
1.58471
0.806933
0.0498176
-0.57957
-0.975549
-1.12519
-1.03827
-0.69567
-0.0366107
0.974694
2.22836
3.50276
4.6288
5.51078
6.09322
6.37837
6.45514
6.35865
6.10617
5.69914
5.18906
4.6436
4.21418
3.83481
3.39271
2.9699
2.637
2.27652
1.94885
1.75321
1.80712
2.09638
2.36166
2.57526
2.52843
2.28676
0.911211
2.25802
26.2919
0.19463
0.465398
0.727756
0.940646
1.11319
1.23176
1.29057
1.2799
1.19251
1.05317
0.895737
0.740241
0.591781
0.440497
0.275877
0.104054
-0.0707594
-0.240412
-0.381217
-0.476552
-0.544322
-0.617256
-0.698435
-0.746862
-0.728762
-0.627509
-0.34214
0.274867
1.33702
3.02407
5.43159
8.03237
9.4188
9.04052
8.10313
6.89454
5.54099
4.27873
3.23961
2.37466
1.59061
0.819314
0.0660154
-0.555661
-0.948702
-1.1042
-1.01602
-0.664391
0.00706688
1.02148
2.27211
3.54765
4.68593
5.58795
6.18741
6.48315
6.56416
6.46324
6.2091
5.79108
5.29095
4.7395
4.30094
3.92984
3.47984
3.06259
2.71845
2.33689
1.97341
1.74993
1.78492
2.08853
2.38974
2.65046
2.54871
2.51587
1.04696
2.92936
22.2463
0.190902
0.457899
0.719717
0.931819
1.10405
1.22364
1.28508
1.27886
1.19872
1.06957
0.922304
0.774195
0.63008
0.481815
0.319999
0.149801
-0.0245492
-0.194104
-0.337918
-0.441234
-0.520894
-0.605955
-0.69755
-0.758078
-0.749727
-0.638882
-0.319583
0.35579
1.48675
3.23788
5.66879
8.21896
9.53485
9.11069
8.11631
6.91391
5.54009
4.28558
3.2476
2.38001
1.59697
0.832563
0.087028
-0.528183
-0.922074
-1.08245
-0.993882
-0.630311
0.0574905
1.07664
2.32362
3.59557
4.73924
5.65806
6.27499
6.58187
6.66393
6.55695
6.30265
5.87998
5.38961
4.82186
4.37667
4.00636
3.56055
3.15835
2.80477
2.39431
1.99143
1.73163
1.74626
2.06737
2.42412
2.67398
2.77388
2.81778
1.10231
3.29543
19.6679
0.187143
0.449625
0.711442
0.923417
1.09602
1.21713
1.28156
1.28027
1.20799
1.08927
0.95222
0.812115
0.673227
0.528668
0.370061
0.201716
0.0275906
-0.143398
-0.292584
-0.406865
-0.501435
-0.601915
-0.707858
-0.783223
-0.784929
-0.66785
-0.321496
0.398894
1.58447
3.37858
5.81301
8.31912
9.59098
9.15888
8.14046
6.93657
5.54102
4.30443
3.2661
2.38744
1.60593
0.850453
0.112485
-0.499233
-0.894543
-1.05838
-0.968843
-0.592659
0.112519
1.13675
2.37714
3.64049
4.78646
5.72029
6.35585
6.67343
6.75439
6.64212
6.38967
5.96866
5.4764
4.89405
4.46073
4.07786
3.64263
3.26309
2.90237
2.45356
2.01045
1.70814
1.71168
2.03486
2.44397
2.68845
3.30413
3.28932
0.868077
2.83869
18.201
0.183267
0.440881
0.703037
0.915401
1.08886
1.21179
1.27938
1.2832
1.21873
1.11022
0.983156
0.851009
0.7179
0.577777
0.422912
0.257113
0.0838441
-0.0885768
-0.243677
-0.370289
-0.482172
-0.601411
-0.726217
-0.82013
-0.835471
-0.718661
-0.354806
0.394632
1.61715
3.43716
5.87047
8.35353
9.60836
9.17789
8.15228
6.93646
5.54741
4.3342
3.28782
2.39604
1.61679
0.869321
0.137669
-0.47161
-0.867372
-1.03236
-0.941091
-0.551818
0.171855
1.20269
2.43456
3.68862
4.83568
5.78193
6.43074
6.75386
6.83787
6.72227
6.46861
6.04886
5.55014
4.9686
4.54809
4.14431
3.72679
3.3743
3.00764
2.51802
2.03631
1.70261
1.68973
1.99963
2.44661
2.88967
4.24984
4.00466
0.45549
1.38001
14.9401
0.178922
0.431897
0.694492
0.907615
1.08222
1.20706
1.27769
1.28643
1.22963
1.13084
1.01319
0.888739
0.761656
0.626736
0.47654
0.314349
0.143209
-0.0294688
-0.189588
-0.32818
-0.458067
-0.598168
-0.745425
-0.861863
-0.896269
-0.787611
-0.418229
0.345403
1.59048
3.4307
5.87254
8.35214
9.60708
9.1743
8.15371
6.92664
5.56594
4.36703
3.30496
2.40064
1.62355
0.885081
0.163067
-0.441805
-0.838172
-1.00367
-0.91016
-0.507852
0.236251
1.27768
2.50254
3.74605
4.88968
5.84335
6.49679
6.82265
6.91123
6.79601
6.53682
6.11981
5.61495
5.05247
4.62808
4.2062
3.80329
3.47724
3.10782
2.58755
2.0601
1.69125
1.66693
1.98258
2.48972
3.56459
5.84167
4.93896
0.0432659
-0.200375
11.014
0.174057
0.423145
0.685978
0.900066
1.0759
1.20266
1.27617
1.28947
1.23961
1.14967
1.04073
0.923429
0.802048
0.672369
0.527402
0.369735
0.201932
0.0303754
-0.133131
-0.281722
-0.427662
-0.587743
-0.757402
-0.897764
-0.953905
-0.859472
-0.495946
0.271273
1.53286
3.39361
5.8503
8.32672
9.58118
9.15373
8.13751
6.91595
5.59497
4.39601
3.31318
2.4001
1.62624
0.897122
0.187998
-0.40936
-0.805462
-0.971791
-0.877452
-0.465594
0.296498
1.35356
2.57582
3.80569
4.94232
5.90003
6.55266
6.87909
6.97124
6.85736
6.59125
6.17456
5.66565
5.12359
4.69673
4.27663
3.8864
3.58097
3.21546
2.66987
2.09267
1.68723
1.65573
1.99297
2.77079
5.04131
8.31401
6.02633
-0.287879
-1.27183
7.44835
0.16873
0.415364
0.67804
0.893154
1.0701
1.19856
1.27456
1.29178
1.24819
1.16606
1.06489
0.954175
0.838083
0.71311
0.572953
0.419681
0.255434
0.085579
-0.0801014
-0.236428
-0.395271
-0.571767
-0.759979
-0.920695
-0.996319
-0.918376
-0.567641
0.194772
1.46772
3.34619
5.8102
8.26691
9.512
9.11409
8.10747
6.9153
5.61717
4.40674
3.31369
2.39735
1.62604
0.906178
0.211062
-0.377039
-0.771243
-0.937094
-0.839835
-0.418104
0.359349
1.42818
2.64676
3.8604
4.98837
5.94829
6.59988
6.92544
7.01408
6.8962
6.62602
6.21098
5.69697
5.16642
4.74283
4.33597
3.972
3.68887
3.3307
2.75259
2.12799
1.71721
1.6766
2.11852
3.62716
7.7148
11.74
7.26596
-0.605851
-2.4579
3.92197
0.162906
0.408853
0.671025
0.887114
1.06495
1.19484
1.27284
1.29324
1.25471
1.17908
1.08453
0.979458
0.867846
0.746623
0.609933
0.459756
0.29809
0.129709
-0.0374755
-0.199543
-0.367845
-0.555775
-0.755889
-0.929163
-1.01818
-0.953661
-0.616058
0.134817
1.40926
3.29924
5.75978
8.18319
9.41311
9.0607
8.08532
6.92164
5.61701
4.40506
3.31137
2.39473
1.62597
0.913958
0.231453
-0.347091
-0.738654
-0.903429
-0.801425
-0.368185
0.423439
1.49927
2.71031
3.9084
5.03068
5.99116
6.63798
6.96062
7.04417
6.9217
6.64939
6.24488
5.72627
5.19219
4.75549
4.35544
4.01453
3.73953
3.36719
2.77852
2.14567
1.7527
1.75677
2.59718
5.57109
11.9054
16.0187
8.6967
-1.14789
-4.42352
0.238977
0.155956
0.403341
0.664775
0.881803
1.06044
1.19166
1.27139
1.29441
1.2601
1.18975
1.10045
0.999898
0.89193
0.77368
0.639397
0.490981
0.330596
0.162823
-0.00595226
-0.172667
-0.347894
-0.543163
-0.749544
-0.928512
-1.02439
-0.966254
-0.636561
0.10278
1.37053
3.26143
5.70488
8.07901
9.29274
8.98327
8.05623
6.91227
5.60948
4.40106
3.31334
2.39705
1.63002
0.924343
0.252015
-0.318147
-0.706666
-0.869804
-0.76231
-0.318197
0.483517
1.56018
2.76106
3.9501
5.07372
6.02971
6.66218
6.97824
7.06165
6.94083
6.66729
6.26809
5.74855
5.20605
4.74806
4.33709
3.99634
3.7159
3.34055
2.76892
2.1611
1.83856
2.09797
3.92551
9.11347
17.6247
20.9181
10.2914
-1.85534
-6.55104
-3.35564
0.148248
0.399538
0.660445
0.878532
1.05796
1.19054
1.27185
1.29719
1.26642
1.20048
1.11551
1.01841
0.912907
0.796267
0.662911
0.514753
0.354061
0.185493
0.0144384
-0.156704
-0.33762
-0.53798
-0.747263
-0.927261
-1.02355
-0.964308
-0.635167
0.0988159
1.36043
3.24346
5.6528
7.95661
9.14357
8.88129
8.00351
6.88957
5.61202
4.41186
3.33149
2.41603
1.64818
0.946207
0.281823
-0.28133
-0.667332
-0.828755
-0.716166
-0.264257
0.540571
1.60996
2.79925
3.98653
5.11406
6.0529
6.6549
6.95708
7.04244
6.93041
6.65188
6.24869
5.72541
5.18536
4.7278
4.31659
3.9735
3.68888
3.32639
2.80981
2.29234
2.18105
3.09234
6.55292
14.3716
24.5538
26.1424
12.0231
-2.50814
-8.3094
-6.5302
0.140117
0.397153
0.657538
0.876632
1.05664
1.1904
1.27305
1.30038
1.27281
1.21067
1.12925
1.03478
0.930652
0.814228
0.680308
0.530863
0.368338
0.197555
0.023494
-0.151813
-0.337078
-0.539829
-0.747652
-0.922712
-1.01178
-0.942997
-0.606422
0.128388
1.38388
3.24627
5.59494
7.80119
8.94354
8.74699
7.93143
6.85468
5.61677
4.43621
3.36686
2.4547
1.68531
0.985794
0.330188
-0.224867
-0.607674
-0.76694
-0.649767
-0.194796
0.601905
1.65055
2.82146
4.00843
5.13708
6.04859
6.61283
6.89724
6.9834
6.88691
6.6166
6.21274
5.68217
5.14999
4.71512
4.32848
3.99895
3.72513
3.40929
3.00635
2.69977
3.01346
4.95774
10.5032
21.0008
32.1736
31.3922
13.8727
-2.97062
-9.55895
-8.97457
0.133531
0.394046
0.652796
0.872196
1.05233
1.18689
1.27069
1.29994
1.27537
1.21678
1.13836
1.04554
0.94154
0.823965
0.68816
0.536372
0.371289
0.197713
0.0204647
-0.158303
-0.345553
-0.546256
-0.746289
-0.908365
-0.980182
-0.891388
-0.538529
0.201634
1.44644
3.26772
5.52149
7.60412
8.69697
8.57559
7.83416
6.80492
5.61428
4.46153
3.40889
2.50318
1.73389
1.03771
0.393775
-0.148985
-0.524556
-0.677933
-0.554291
-0.0997532
0.678989
1.69601
2.84359
4.02876
5.15262
6.03236
6.56217
6.82937
6.90785
6.81759
6.56032
6.1629
5.63463
5.11064
4.69576
4.34019
4.03907
3.80313
3.5787
3.36784
3.3996
4.32644
7.56804
15.4193
28.4018
39.9
36.4052
15.8199
-3.12872
-10.3131
-10.3926
0.132651
0.390207
0.646291
0.864321
1.04371
1.17802
1.26226
1.29292
1.27114
1.21571
1.13966
1.04786
0.943315
0.824037
0.686136
0.532085
0.364797
0.188897
0.0090445
-0.1722
-0.359661
-0.555258
-0.742981
-0.886237
-0.933783
-0.817266
-0.440614
0.310858
1.54545
3.31486
5.45296
7.3941
8.42999
8.38085
7.72017
6.74615
5.60591
4.48361
3.44936
2.55076
1.78109
1.08813
0.456751
-0.0710742
-0.435132
-0.578078
-0.445181
0.00686123
0.761308
1.74125
2.86372
4.04486
5.15969
6.01234
6.52114
6.77827
6.8461
6.75127
6.50093
6.11101
5.59647
5.08705
4.686
4.35608
4.08639
3.90365
3.80347
3.84588
4.30593
5.96292
10.6179
20.7689
35.8952
47.1958
40.99
17.8346
-2.86003
-10.5798
-10.8159
0.138767
0.388587
0.642218
0.857708
1.03561
1.16875
1.25249
1.28361
1.26352
1.21027
1.13579
1.04423
0.938573
0.817264
0.677215
0.521209
0.352247
0.17462
-0.0073511
-0.19061
-0.377722
-0.567674
-0.742547
-0.866161
-0.888026
-0.742205
-0.33947
0.426807
1.65416
3.37144
5.39279
7.19419
8.17226
8.18514
7.60296
6.68689
5.59631
4.5045
3.48771
2.59464
1.82312
1.13148
0.510534
-0.00328286
-0.354716
-0.485098
-0.341982
0.105924
0.832964
1.77416
2.87053
4.04119
5.13977
5.96982
6.47049
6.72831
6.7935
6.6954
6.4469
6.06215
5.56572
5.07698
4.69187
4.3862
4.14906
4.02606
4.06478
4.38632
5.30707
7.71472
13.737
25.986
42.8552
53.6514
45.0318
19.8702
-2.11856
-10.4322
-10.3638
0.147699
0.388258
0.640569
0.853713
1.03022
1.16217
1.24522
1.27645
1.25768
1.20607
1.13268
1.04125
0.934647
0.81171
0.670119
0.512859
0.342997
0.164447
-0.0188382
-0.203514
-0.390195
-0.575252
-0.739176
-0.845914
-0.845587
-0.674482
-0.248796
0.531301
1.75287
3.42338
5.34101
7.02076
7.94821
8.01036
7.49634
6.63439
5.58933
4.52593
3.5253
2.63714
1.86352
1.17237
0.559483
0.0575054
-0.281662
-0.398781
-0.244803
0.199521
0.901468
1.80853
2.88083
4.03554
5.10986
5.91656
6.41279
6.67432
6.7424
6.64601
6.39913
6.01702
5.53532
5.06551
4.69588
4.41272
4.20788
4.14412
4.31788
4.90817
6.26532
9.35556
16.5642
30.5784
48.8124
59.0219
48.4917
21.8855
-1.13253
-9.88327
-9.03723
0.154755
0.386219
0.638082
0.849401
1.02491
1.15602
1.23859
1.26992
1.25211
1.20181
1.1294
1.03821
0.931065
0.807132
0.664714
0.507052
0.337198
0.158684
-0.0249163
-0.210026
-0.395829
-0.576772
-0.732083
-0.825803
-0.808498
-0.618347
-0.175427
0.615186
1.83178
3.46408
5.29897
6.88367
7.77158
7.86979
7.40897
6.59143
5.58347
4.54406
3.55748
2.67395
1.89924
1.20845
0.601282
0.10792
-0.221686
-0.327677
-0.164437
0.277293
0.959787
1.84151
2.89617
4.03488
5.08383
5.86911
6.36144
6.6253
6.69661
6.60383
6.35865
5.97828
5.50679
5.05029
4.69208
4.42491
4.24475
4.22921
4.5152
5.33201
7.0562
10.7002
18.8326
34.2178
53.504
63.2098
51.3754
23.8031
-0.0947892
-9.06918
-6.99457
0.159332
0.382953
0.634939
0.844971
1.01978
1.15028
1.23252
1.26394
1.24698
1.19765
1.1259
1.03496
0.927584
0.803169
0.660511
0.502925
0.333446
0.155366
-0.0279744
-0.212962
-0.397857
-0.575754
-0.72511
-0.809976
-0.781314
-0.578539
-0.124166
0.673324
1.88581
3.49041
5.26665
6.78535
7.64615
7.76829
7.34354
6.55728
5.57594
4.55397
3.57791
2.69834
1.92329
1.23305
0.629578
0.141406
-0.182388
-0.281496
-0.112673
0.326286
0.994849
1.85991
2.90307
4.02954
5.05879
5.83004
6.32225
6.58878
6.66342
6.57492
6.33298
5.95526
5.4918
5.04518
4.69323
4.43345
4.26722
4.28208
4.64528
5.62653
7.62115
11.6571
20.4149
36.7671
56.8621
66.2247
53.6921
25.4716
0.927623
-8.12915
-4.38018
0.162588
0.38028
0.63279
0.84199
1.01638
1.14648
1.22851
1.25996
1.24369
1.19503
1.12371
1.03307
0.925769
0.801334
0.658877
0.501659
0.332645
0.155034
-0.0279403
-0.212734
-0.397149
-0.573435
-0.719657
-0.799778
-0.765
-0.555307
-0.0944242
0.707115
1.91727
3.50563
5.24752
6.72793
7.57301
7.70851
7.30403
6.53576
5.57012
4.55843
3.58888
2.71218
1.93752
1.24837
0.647641
0.16281
-0.157357
-0.252396
-0.0803942
0.35679
1.01732
1.8734
2.91043
4.02971
5.04773
5.81332
6.30869
6.57846
6.65673
6.57269
6.33464
5.95943
5.50114
5.06046
4.70895
4.44752
4.28309
4.30801
4.70868
5.78296
7.93762
12.1956
21.299
38.2634
58.9731
68.1279
55.3914
26.8054
1.78139
-7.21634
-1.6367
0.164573
0.378865
0.631861
0.840622
1.01479
1.14462
1.2265
1.25793
1.2421
1.19377
1.1226
1.03218
0.925067
0.800812
0.658688
0.501812
0.333104
0.155763
-0.0269998
-0.211773
-0.396192
-0.572056
-0.717288
-0.795709
-0.758601
-0.546037
-0.0821106
0.721622
1.93135
3.51332
5.24058
6.70424
7.54189
7.68237
7.28567
6.52457
5.5656
4.55803
3.5912
2.71588
1.94156
1.25334
0.654362
0.171559
-0.146373
-0.239081
-0.0651323
0.371768
1.02915
1.88147
2.91551
4.03163
5.04531
5.80968
6.30754
6.57911
6.65936
6.57765
6.3417
5.96679
5.50918
5.06894
4.71322
4.44515
4.27512
4.29644
4.70472
5.81247
8.0325
12.3816
21.6354
38.9239
59.9841
69.0049
56.3568
27.6913
2.33125
-6.55919
0.329422
)
;

boundaryField
{
    inletFace
    {
        type            zeroGradient;
    }
    inlet
    {
        type            zeroGradient;
    }
    inletWalls
    {
        type            zeroGradient;
    }
    outletInlet
    {
        type            cyclicAMI;
        value           nonuniform List<scalar> 
15
(
2.49593
5.01498
6.34078
8.30173
9.87187
11.942
14.0277
15.5773
17.4444
19.273
18.0942
18.5002
14.2281
12.667
12.3277
)
;
    }
    fineSymmetryWall
    {
        type            symmetryPlane;
    }
    fineWalls
    {
        type            zeroGradient;
    }
    fineCyclicBoundary
    {
        type            fixedValue;
        value           uniform 0;
    }
    fineplug
    {
        type            cyclicAMI;
        value           nonuniform List<scalar> 
80
(
3.12438
3.27691
3.61321
0.668507
2.01919
4.16331
4.74898
4.89332
4.85657
5.21868
6.40276
7.587
6.60518
5.18004
5.53403
6.5871
7.98151
8.09086
8.25704
8.34584
8.6261
9.37951
9.637
9.75156
9.67023
10.0185
11.0084
11.9686
11.9816
11.7807
11.5973
12.3519
14.2896
14.1819
13.8323
13.6006
14.0531
15.3214
15.2324
14.3186
14.8965
16.9155
17.6818
18.4252
17.8521
17.3302
16.8471
16.4124
17.3343
20.0215
20.5511
19.4149
18.9881
19.564
19.3621
18.3077
16.6633
15.4853
20.1245
21.2771
19.6228
18.4171
16.8516
14.9483
14.6765
13.7505
12.743
12.4613
16.6128
14.3923
13.3525
13.1345
12.8243
11.769
10.2623
10.1379
10.9946
14.5378
13.115
12.6464
)
;
    }
    faceFine
    {
        type            zeroGradient;
    }
}


// ************************************************************************* //
