/*--------------------------------*- C++ -*----------------------------------*\
| =========                 |                                                 |
| \\      /  F ield         | OpenFOAM: The Open Source CFD Toolbox           |
|  \\    /   O peration     | Version:  4.1                                   |
|   \\  /    A nd           | Web:      www.OpenFOAM.org                      |
|    \\/     M anipulation  |                                                 |
\*---------------------------------------------------------------------------*/
FoamFile
{
    version     2.0;
    format      ascii;
    class       volScalarField;
    location    "14";
    object      epsilon;
}
// * * * * * * * * * * * * * * * * * * * * * * * * * * * * * * * * * * * * * //

dimensions      [0 2 -3 0 0 0 0];

internalField   nonuniform List<scalar> 
6785
(
0.0567065
0.313345
0.307502
0.307469
0.307502
0.307444
0.307483
0.307479
0.307412
0.307445
0.307437
0.307366
0.309221
0.519819
0.0801889
0.0829152
0.00949428
0.000179853
0.000168231
0.000160188
0.000152031
0.000144196
0.000136346
0.000128413
0.000120511
0.000113051
0.000109723
0.00113437
0.0206986
0.0142385
0.113569
0.00377439
1.16212e-06
1.22323e-06
1.7316e-05
4.55606e-05
5.21698e-05
6.25859e-05
6.64319e-05
6.91765e-05
0.000115578
0.000404788
0.00254313
0.00845847
0.00130957
0.153887
0.00433539
7.41837e-06
2.91803e-07
6.19442e-06
2.66656e-05
3.57503e-05
3.89597e-05
4.77151e-05
5.52427e-05
7.97502e-05
0.000215204
0.00107471
0.00307708
0.000514722
0.202296
0.00768939
4.41472e-05
8.81109e-07
4.15612e-06
2.32897e-05
4.11069e-05
5.60194e-05
6.64268e-05
7.32052e-05
9.75792e-05
0.000139832
0.000348021
0.00124492
0.00165767
0.258643
0.00731244
4.22749e-05
1.43647e-06
6.71327e-06
2.28161e-05
7.80577e-05
0.000240071
0.000854523
0.00108793
0.000332034
0.000119556
0.000336894
0.000997129
0.00202355
0.310043
0.0100703
9.32605e-05
1.32264e-08
1.74717e-05
8.48315e-05
0.000344026
0.00105114
0.00229929
0.00264845
0.00107328
0.000583282
0.00124394
0.00111901
0.000863621
0.344996
0.018605
0.000453609
2.09784e-05
2.90041e-05
9.18631e-05
0.000346627
0.000973766
0.00195371
0.00222741
0.00195112
0.00123501
0.000569127
0.000804505
0.000230846
0.359974
0.0402906
0.000921543
1.56716e-05
4.0881e-05
7.6185e-05
0.0002306
0.000612931
0.00122568
0.00147341
0.00164136
0.0017499
0.00208174
0.000460321
0.000202113
0.359844
0.0699736
0.00498696
0.000304191
6.06922e-05
7.5649e-05
0.000167618
0.000356913
0.000760943
0.000972032
0.00100936
0.00106395
0.0015016
0.00247013
0.000159946
0.353386
0.0920524
0.00935295
0.000925131
0.000140411
9.79903e-05
0.000147116
0.000277294
0.000565704
0.000749248
0.000782427
0.000777696
0.00102246
0.00248462
0.000191233
0.347508
0.110051
0.013417
0.00251727
0.000483483
0.000183184
0.000194013
0.000267545
0.000491797
0.000675675
0.000649547
0.000633737
0.000773715
0.0023391
0.000311418
0.35019
0.117561
0.0140608
0.00502
0.000827685
0.000245607
0.000215047
0.000243463
0.000432912
0.00053901
0.000610687
0.000535002
0.000642479
0.00183754
0.000685484
0.33456
0.144913
0.0248573
0.00671249
0.00799732
0.00536331
0.00338962
0.00229685
0.000591759
0.000671114
0.000391716
0.000468081
0.000423686
0.00193945
0.00210052
0.322551
0.873349
0.334277
0.0598586
0.01669
0.00420422
0.00387557
0.00291072
0.00193922
0.00112698
0.00086983
1.57212e-06
1.65459e-07
0.00165335
0.00304591
0.0381912
0.0228445
0.0371766
0.0364805
0.0362306
0.0215064
0.0351974
0.0345673
0.0343355
0.0203988
0.0337025
0.0332518
0.0194978
0.0319613
0.0312904
0.0309215
0.018177
0.0300107
0.0294876
0.0171497
0.0280752
0.0273767
0.0268737
0.0156073
0.0255152
0.024835
0.024312
0.0140679
0.0229544
0.0223314
0.0127906
0.0207706
0.0201571
0.0196441
0.0113271
0.0183464
0.0178176
0.0102557
0.0164592
0.015932
0.0154788
0.00898194
0.0143322
0.0138906
0.0135239
0.00797611
0.0127514
0.0124781
0.00754847
0.0120732
0.0119024
0.0118259
0.00752508
0.0115086
0.0110524
0.0106599
0.00652249
0.00964425
0.00921281
0.00542458
0.00776146
0.00725754
0.00684614
0.00382246
0.00564469
0.00538507
0.00299905
0.00515119
0.00522322
0.00536557
0.00316888
0.00573244
0.00581474
0.00591819
0.00337936
0.00603282
0.00608917
0.00343589
0.00609978
0.00613543
0.0133797
0.0131156
0.01319
0.0131824
0.0153367
0.0157084
0.0156666
0.0161588
0.0163273
0.0167549
0.0171248
0.0176154
0.0200418
0.0226932
0.0239367
0.0240546
0.0248572
0.0252583
0.0258976
0.0264111
0.0271354
0.0313846
0.0348684
0.0363838
0.0370582
0.0387062
0.0400189
0.041873
0.0435882
0.0457989
0.0484324
0.0642491
0.0669632
0.0702396
0.0751736
0.0814912
0.0889607
0.0977658
0.106657
0.116129
0.134667
0.139171
0.149588
0.153391
0.157169
0.153688
0.147947
0.157864
0.158689
0.166239
0.177608
0.184238
0.189918
0.206512
0.204112
0.211185
0.207399
0.217077
0.231396
0.230034
0.241609
0.24256
0.251275
0.258434
0.263814
0.262344
0.261967
0.261271
0.258934
0.258197
0.217557
0.186692
0.152271
0.111715
0.0723464
0.0465606
0.0504382
0.0263116
0.0210409
0.00762797
0.00141387
0.000873914
0.000709815
0.000911667
0.000560279
0.000755797
0.000474272
0.000409227
0.000572982
0.000361123
0.000325572
0.000476523
0.000300192
0.000449876
0.000287233
0.000270554
0.000413388
0.000262537
0.000406233
0.000260829
0.000252642
0.00039678
0.000253229
0.000248025
0.000394127
0.000251987
0.000402715
0.000259759
0.000259191
0.000419094
0.000268331
0.000435192
0.000280875
0.000282367
0.00045988
0.000295107
0.000297103
0.000483792
0.000309401
0.000504366
0.00032495
0.000328029
0.000535177
0.000341506
0.000558029
0.000358654
0.000362304
0.000592214
0.000379965
0.000383997
0.000627673
0.000398292
0.000652469
0.000416893
0.000420714
0.000688313
0.000434514
0.000712593
0.000452996
0.000455863
0.000746657
0.00047235
0.000474467
0.000776766
0.000485913
0.000797393
0.00050275
0.000503338
0.000824426
0.000513092
0.000842322
0.000528818
0.000527766
0.00086507
0.000538494
0.000536491
0.000878905
0.000543886
0.000892904
0.000558094
0.000353742
0.000332408
0.000292197
0.000274723
0.000258607
0.000243067
0.000225922
0.000208274
0.000199214
0.000203154
0.000222172
0.000251559
0.000296776
0.000356847
0.000427677
0.000512813
0.00061406
0.000705969
0.000763562
0.000882756
0.00106586
0.00125913
0.00142342
0.00143059
0.00157855
0.00206375
0.00277046
0.00375407
0.00432799
0.00457012
0.00442681
0.00384703
0.00296276
0.0022311
0.00177934
0.00154882
0.0014331
0.00133569
0.0012977
0.0013759
0.00156322
0.00188933
0.00245245
0.00331973
0.00459397
0.00632563
0.0084413
0.0109396
0.013972
0.0176942
0.02212
0.0272788
0.033201
0.039874
0.047198
0.0549677
0.0628548
0.0704056
0.0770692
0.0823041
0.0853854
0.0865369
0.0857683
0.0826879
0.0786547
0.0747767
0.0719456
0.0697508
0.064723
0.0544587
0.0403441
0.0272936
0.0182479
0.0117681
0.00912407
0.009894
0.00665243
0.00126029
0.000698804
0.000382777
0.000359404
0.000315457
0.000296152
0.000278169
0.000259669
0.000239136
0.000218228
0.00020623
0.000208277
0.000226958
0.000256613
0.000302923
0.000365507
0.000440425
0.000530762
0.000637824
0.000735198
0.000796489
0.00091404
0.00108623
0.00125801
0.00140715
0.00140723
0.00156524
0.00205517
0.00277376
0.00381287
0.00444858
0.00469764
0.00452527
0.0039045
0.00299376
0.00225093
0.00179765
0.00156648
0.00145059
0.00134539
0.00129817
0.0013681
0.00155236
0.0018776
0.00244142
0.00330934
0.00458196
0.00631143
0.00844142
0.0109998
0.0140863
0.017862
0.022352
0.0276028
0.0336485
0.0404825
0.0480098
0.0560264
0.064198
0.0720546
0.0790128
0.0844878
0.0877043
0.0889077
0.088022
0.0846421
0.0802288
0.0759845
0.0728656
0.0704595
0.0651472
0.0546207
0.0404324
0.0273467
0.0183273
0.0117832
0.00892058
0.00910582
0.00607699
0.00121712
0.000703468
0.000411985
0.000385241
0.000336544
0.000314601
0.000295168
0.000275387
0.000253294
0.000229763
0.000214142
0.000213153
0.000231455
0.000262871
0.00031174
0.000377537
0.000456433
0.000552174
0.000666342
0.000769728
0.000832452
0.000947093
0.00110916
0.00127193
0.00140123
0.00139019
0.00154302
0.00203158
0.00276851
0.00390719
0.00455637
0.00479102
0.00460556
0.00395488
0.00303103
0.00228268
0.00183011
0.00159894
0.0014842
0.0013698
0.00131163
0.00137079
0.00155052
0.00187913
0.00244779
0.00332188
0.0046038
0.00635533
0.00854491
0.0112007
0.0143974
0.0182629
0.0228754
0.028293
0.0345538
0.0416556
0.049507
0.0579015
0.0664925
0.0747824
0.0821391
0.0879114
0.0912559
0.0924835
0.0913969
0.0875891
0.082667
0.0779491
0.0744728
0.071807
0.0660825
0.0551237
0.0407335
0.0274841
0.0184199
0.0117672
0.0089766
0.00877705
0.00511686
0.00117203
0.000707174
0.000444276
0.000412892
0.000359239
0.000335058
0.00031455
0.000293412
0.000269444
0.000243503
0.00022394
0.000219383
0.000236409
0.000268778
0.000319961
0.000389049
0.000472241
0.000573811
0.000695536
0.000805549
0.000871015
0.000981015
0.00112904
0.00127302
0.00138817
0.0013676
0.00152058
0.00200742
0.00277595
0.00400423
0.00469911
0.00489488
0.00468921
0.0039971
0.00306216
0.00231382
0.00186483
0.00163434
0.00152127
0.00139911
0.00132948
0.00137634
0.0015502
0.00188131
0.00245686
0.00334129
0.00463927
0.00642446
0.00868968
0.0114552
0.0147661
0.0187486
0.023526
0.0291657
0.0357095
0.0431603
0.0514292
0.060305
0.0694241
0.0782539
0.0860999
0.0922227
0.0957009
0.0969438
0.0956117
0.0913065
0.0857962
0.0805252
0.0766304
0.0736664
0.0674405
0.0558997
0.0411613
0.027686
0.0185028
0.0117449
0.0090096
0.00834481
0.00423653
0.00114621
0.000706489
0.000481151
0.000443707
0.000383422
0.000356061
0.000333916
0.000311546
0.000286206
0.000258222
0.000234766
0.000226395
0.000241996
0.000275187
0.000328709
0.000401055
0.000488381
0.000595881
0.00072586
0.000842822
0.000910751
0.00101728
0.00114988
0.00127355
0.00137569
0.00134689
0.00149799
0.00198253
0.0027933
0.00411283
0.00484981
0.00499046
0.00476336
0.00403029
0.00309055
0.00234773
0.00190446
0.00167464
0.00156239
0.00143329
0.00135172
0.00138651
0.00155432
0.00188714
0.00246999
0.00336682
0.00468667
0.0065176
0.00887318
0.0117563
0.0151895
0.0193222
0.0243027
0.0302076
0.0370852
0.044942
0.0536903
0.0631116
0.0728214
0.082246
0.090617
0.097084
0.100651
0.101864
0.100235
0.0953896
0.0892483
0.0833783
0.0790304
0.0757709
0.0690413
0.0568411
0.0416746
0.0279234
0.0185615
0.0116891
0.00903668
0.00805317
0.0035995
0.00113311
0.000702464
0.000523674
0.000477917
0.000409269
0.000378062
0.000353904
0.000330082
0.000303449
0.000273851
0.000247109
0.000234536
0.000248139
0.000281659
0.000337482
0.000413131
0.000504614
0.000618196
0.000756986
0.00088138
0.000952352
0.00105465
0.00116906
0.00127682
0.00136096
0.00132614
0.0014788
0.0019603
0.00282436
0.0042215
0.00502467
0.00509364
0.00483283
0.00405477
0.0031157
0.00238336
0.00194759
0.00171791
0.00160516
0.00147033
0.0013762
0.00139886
0.00155976
0.00189456
0.00248541
0.00339695
0.00474364
0.00662795
0.00907871
0.0120824
0.0156571
0.0199694
0.0251823
0.0313886
0.0386428
0.0469539
0.056234
0.0662561
0.0766119
0.0866809
0.0956095
0.102404
0.106013
0.107154
0.105202
0.0997935
0.0929784
0.0864476
0.0815931
0.0780469
0.0708585
0.0579664
0.0422779
0.0281922
0.0185979
0.0116153
0.00905141
0.00770443
0.00321545
0.00111818
0.000696858
0.000571579
0.00051749
0.000437485
0.000401298
0.000374448
0.000348876
0.000320993
0.000290086
0.000260654
0.000243856
0.000255383
0.000288809
0.000346764
0.000425614
0.000521088
0.000640737
0.000788915
0.000921166
0.000995536
0.00109394
0.00118849
0.00127436
0.00134616
0.00130804
0.00146399
0.00194264
0.00286397
0.00433645
0.00520186
0.00520748
0.00489966
0.00407372
0.00314065
0.00242269
0.00199577
0.00176514
0.00164987
0.00151021
0.0014029
0.00141395
0.00156804
0.0019044
0.0025037
0.00343195
0.00481033
0.00675567
0.0093079
0.01244
0.016173
0.0206865
0.026158
0.0326963
0.040362
0.0491661
0.0590201
0.0696878
0.0807346
0.0914862
0.100992
0.108073
0.111662
0.112683
0.1104
0.104416
0.0968626
0.089572
0.0841299
0.0803142
0.0727695
0.0591941
0.0429439
0.0284847
0.0186165
0.0115351
0.00904127
0.00744024
0.0029868
0.00112231
0.000697078
0.000620735
0.000564532
0.00046869
0.00042609
0.000395704
0.000367886
0.000338525
0.000306538
0.000275185
0.00025403
0.000263611
0.000296641
0.000356612
0.000438567
0.00053787
0.000663487
0.000821528
0.000962126
0.00104059
0.00113505
0.00120842
0.00127327
0.00133095
0.00129262
0.00145336
0.00193347
0.00291131
0.00445789
0.00537844
0.00534117
0.00497075
0.00409335
0.00316862
0.00246697
0.00204955
0.0018163
0.001696
0.00155229
0.00143083
0.00143055
0.00157783
0.00191602
0.00252449
0.00347163
0.00488642
0.00689883
0.00955517
0.0128205
0.0167277
0.0214637
0.0272176
0.0341153
0.0422243
0.0515573
0.0620253
0.0733829
0.0851663
0.0966378
0.10674
0.114044
0.117558
0.118421
0.115837
0.109264
0.100862
0.0926527
0.0865082
0.0824483
0.0746978
0.0605131
0.0436631
0.0287888
0.0186188
0.0114618
0.00900714
0.00722379
0.00284952
0.00113133
0.000693626
0.000668823
0.000618614
0.000503935
0.000452925
0.00041788
0.000387312
0.00035615
0.000323082
0.000290336
0.00026513
0.000272002
0.00030554
0.000367355
0.000452242
0.000555115
0.000686452
0.000854748
0.0010042
0.00108749
0.00117849
0.00122973
0.00126932
0.00131628
0.0012812
0.00144804
0.00193182
0.00296848
0.00458995
0.00555875
0.00549603
0.0050567
0.00412371
0.00320451
0.00251841
0.00211023
0.00187215
0.00174373
0.00159636
0.00145982
0.00144897
0.00158962
0.00192957
0.00254794
0.00351627
0.00497204
0.00705662
0.00981979
0.0132263
0.0173227
0.0222985
0.0283564
0.0356381
0.0442191
0.0541139
0.0652337
0.0773247
0.0898896
0.102112
0.112812
0.120267
0.123652
0.124341
0.121524
0.114332
0.104903
0.0955521
0.0885636
0.0842928
0.0765242
0.0618632
0.0444084
0.0290936
0.0186054
0.0114173
0.00897928
0.00703733
0.00277097
0.00114112
0.000684094
0.000711486
0.000673034
0.000544784
0.000482493
0.000441189
0.000407257
0.000373861
0.000339552
0.000305763
0.000277775
0.000280575
0.000314275
0.000379231
0.000466882
0.00057301
0.000709684
0.000888523
0.00104744
0.00113642
0.00122464
0.00125325
0.00126698
0.00130296
0.00127497
0.00144754
0.00194013
0.00303769
0.00473598
0.0057455
0.00567584
0.00516839
0.00417744
0.00325418
0.0025793
0.00217884
0.00193322
0.00179306
0.00164184
0.00148955
0.00146828
0.0016028
0.00194501
0.00257432
0.00356636
0.00506738
0.00722781
0.0100996
0.0136542
0.0179521
0.0231851
0.0295677
0.0372572
0.0463379
0.0568271
0.0686377
0.0815084
0.0949016
0.1079
0.119174
0.126709
0.129929
0.130464
0.127514
0.11963
0.108925
0.098151
0.0901657
0.0857194
0.0781374
0.0632161
0.0451594
0.0293883
0.0185812
0.0113903
0.00893151
0.00686755
0.00272687
0.00115403
0.000680145
0.00074288
0.000723886
0.00059405
0.00051592
0.000466008
0.000427946
0.000391859
0.000355998
0.000321308
0.00029151
0.000289835
0.00032274
0.000390331
0.000482804
0.000591795
0.000733274
0.000922862
0.00109203
0.00118757
0.00127406
0.00128039
0.00127172
0.0012918
0.00127488
0.00145291
0.00196034
0.00312112
0.00490087
0.00594384
0.00588404
0.00531759
0.00426721
0.0033244
0.00265223
0.0022564
0.00200014
0.00184419
0.00168824
0.00151988
0.00148832
0.00161743
0.00196246
0.00260402
0.00362241
0.00517235
0.00741107
0.0103935
0.0141041
0.0186157
0.0241215
0.0308485
0.0389682
0.0485754
0.0596916
0.0722332
0.0859324
0.100201
0.113987
0.125779
0.13333
0.136391
0.136836
0.133861
0.125155
0.112853
0.100346
0.0911826
0.0865855
0.0794146
0.0645229
0.0458893
0.0296628
0.0185545
0.0113714
0.0088678
0.0067107
0.0027048
0.00116654
0.000672803
0.000754892
0.000764761
0.000643403
0.000555176
0.000492964
0.0004496
0.000410275
0.000372449
0.000336815
0.000305859
0.00029972
0.000331458
0.000400813
0.000497964
0.000611752
0.000757367
0.000957847
0.00113826
0.00124142
0.00132708
0.0013124
0.0012765
0.0012856
0.00128264
0.00146442
0.00199241
0.00322019
0.00509017
0.00616013
0.00609446
0.00550328
0.00440334
0.00342214
0.00273963
0.00234353
0.00207318
0.00189722
0.00173495
0.00155046
0.00150852
0.00163325
0.00198208
0.00263746
0.00368479
0.00528652
0.00760496
0.0107006
0.0145745
0.0193103
0.0251044
0.032195
0.0407678
0.0509283
0.0627048
0.0760201
0.0906
0.105789
0.120357
0.132572
0.140099
0.143067
0.143531
0.140619
0.130892
0.116633
0.102079
0.0915914
0.0868807
0.0802578
0.065725
0.0465732
0.0299082
0.0185161
0.0113525
0.00878928
0.00656354
0.00269631
0.00117766
0.000660383
0.000754916
0.00078432
0.000688105
0.000601276
0.000523192
0.000472627
0.00042934
0.000389055
0.000352237
0.000320425
0.000310611
0.000340553
0.000410749
0.000512386
0.000632724
0.000782141
0.00099364
0.00118655
0.00129863
0.0013841
0.00135103
0.00128669
0.00128657
0.00129752
0.00148461
0.00203641
0.00333658
0.00530391
0.00639891
0.00630698
0.00569726
0.00456835
0.0035537
0.00284345
0.00244031
0.00215231
0.00195216
0.00178142
0.00158108
0.00152862
0.00165018
0.00200406
0.00267502
0.00375357
0.00540909
0.00780818
0.0110201
0.0150644
0.0200347
0.0261319
0.0336052
0.0426535
0.0533945
0.0658657
0.0800001
0.0955156
0.111666
0.126983
0.13949
0.146995
0.150012
0.150637
0.147822
0.136825
0.120238
0.103344
0.0915661
0.0866354
0.0805974
0.06675
0.0471856
0.0301164
0.0184629
0.0113273
0.00869514
0.0064188
0.00269299
0.00118729
0.000650597
0.000732313
0.000787243
0.000719484
0.000644113
0.000558654
0.000497697
0.000449321
0.000405981
0.000367603
0.00033508
0.000322852
0.000350199
0.000420237
0.000525993
0.00065294
0.000807889
0.0010305
0.00123734
0.00136005
0.00144483
0.00139574
0.00130427
0.00129741
0.00132035
0.00151531
0.00209242
0.00345962
0.00549746
0.00661921
0.00652479
0.00590522
0.00475632
0.00370825
0.00296479
0.0025462
0.00223697
0.00200885
0.00182716
0.00161145
0.00154827
0.00166807
0.00202855
0.0027169
0.00382857
0.00553907
0.00801967
0.0113517
0.0155729
0.020787
0.0272019
0.0350768
0.0446238
0.0559727
0.0691747
0.0841765
0.100685
0.117825
0.133829
0.146476
0.154021
0.157306
0.15824
0.155491
0.142953
0.123675
0.104171
0.0909225
0.0857045
0.0804417
0.0675313
0.0477036
0.0302798
0.018395
0.0112908
0.00858484
0.0062729
0.00269335
0.00119722
0.000636092
0.000696178
0.000764301
0.000730895
0.000679036
0.00060062
0.000525954
0.000470638
0.00042346
0.000382996
0.000349775
0.000336859
0.000360493
0.000429486
0.000538733
0.000672599
0.000835135
0.00106876
0.00129104
0.00142633
0.0015083
0.00144646
0.00133066
0.0013175
0.00135231
0.0015578
0.00216026
0.00358173
0.0056647
0.00681938
0.00675898
0.00614065
0.00497491
0.00388497
0.0031046
0.00266003
0.00232614
0.00206702
0.00187168
0.00164139
0.00156725
0.00168677
0.00205563
0.00276317
0.00390937
0.00567551
0.00823869
0.0116947
0.0160987
0.021566
0.0283128
0.0366084
0.0466775
0.0586624
0.0726328
0.0885535
0.10611
0.124251
0.140843
0.153489
0.161205
0.165043
0.166413
0.163635
0.149298
0.126982
0.104583
0.0897208
0.084126
0.0797347
0.0679933
0.0481069
0.0303911
0.0183122
0.0112383
0.00845758
0.00612522
0.00268957
0.00119713
0.000625313
0.000653449
0.000720563
0.000729006
0.000695202
0.000636574
0.000559282
0.000493939
0.00044178
0.000398563
0.00036446
0.000351547
0.000371433
0.000438703
0.000550679
0.000691563
0.000864474
0.00110886
0.00134794
0.00149404
0.00157341
0.00150259
0.0013662
0.00134867
0.00139436
0.001613
0.00223951
0.00369852
0.00580183
0.0070006
0.00702387
0.00641943
0.00523674
0.00408784
0.0032628
0.00278006
0.00241828
0.00212627
0.00191445
0.00167074
0.00158539
0.00170612
0.00208525
0.00281374
0.00399552
0.00581763
0.00846476
0.0120485
0.016641
0.0223703
0.0294633
0.0381985
0.0488134
0.0614634
0.0762416
0.0931358
0.111793
0.130916
0.147962
0.160536
0.1686
0.173315
0.175208
0.172268
0.155908
0.130212
0.104712
0.088019
0.0819307
0.0784924
0.0680687
0.0483831
0.0304428
0.0182152
0.0111651
0.00831253
0.00597341
0.00268344
0.00120071
0.000613083
0.000609737
0.000667329
0.000699567
0.00069824
0.0006607
0.000597066
0.000520264
0.00046133
0.0004145
0.000379165
0.000366489
0.000383012
0.00044815
0.00056195
0.000709775
0.000896664
0.00115127
0.00140829
0.0015639
0.00163958
0.00156318
0.00141101
0.00139166
0.00144747
0.00168162
0.00232999
0.00380754
0.00591063
0.00716827
0.0073227
0.00675658
0.00555547
0.00432293
0.00343752
0.00290404
0.00251141
0.00218598
0.0019549
0.00169937
0.0016026
0.0017259
0.00211727
0.00286842
0.0040866
0.00596491
0.00869754
0.0124126
0.0171988
0.023199
0.030652
0.0398459
0.0510305
0.0643756
0.080003
0.0979271
0.117727
0.137777
0.155117
0.167628
0.176334
0.182203
0.184654
0.181419
0.162851
0.133421
0.104669
0.0858681
0.0791587
0.0767309
0.0677176
0.0485348
0.0304253
0.0180904
0.0110677
0.00814919
0.00581567
0.00267274
0.00120324
0.00059448
0.000569881
0.000613843
0.000657634
0.000683096
0.000668881
0.000627499
0.000551127
0.000482634
0.000431051
0.000393948
0.000381536
0.000395282
0.000458052
0.000572708
0.000727188
0.000928641
0.00119649
0.00147233
0.0016366
0.00170672
0.00162729
0.00146479
0.00144638
0.00151259
0.00176458
0.00243213
0.00390858
0.00599771
0.00732645
0.0076206
0.00713578
0.00592011
0.00459362
0.00362445
0.00302929
0.00260318
0.00224525
0.00199245
0.00172705
0.00161879
0.00174592
0.00215149
0.00292699
0.00418226
0.00611705
0.0089368
0.0127863
0.0177711
0.0240507
0.0318772
0.041549
0.0533274
0.0673988
0.0839191
0.10293
0.123897
0.144773
0.162238
0.1748
0.184561
0.191781
0.194773
0.191136
0.170207
0.136664
0.104343
0.0833173
0.0758616
0.074469
0.066902
0.0485265
0.0303533
0.0179277
0.0109418
0.00796739
0.00565141
0.0026549
0.00119402
0.000582131
0.000537083
0.000567251
0.000610919
0.000651298
0.000668438
0.000645996
0.000585601
0.0005064
0.000448536
0.000408921
0.000396606
0.0004083
0.000468619
0.000583146
0.000743843
0.000960391
0.00124539
0.00154028
0.00171319
0.00177543
0.00169442
0.00152702
0.00151219
0.00159059
0.00186313
0.00254699
0.00400362
0.00607181
0.00748337
0.00791113
0.00750999
0.0062963
0.00487911
0.003817
0.00315286
0.00269107
0.00230287
0.00202658
0.00175333
0.00163393
0.00176599
0.00218763
0.00298918
0.00428229
0.00627386
0.00918223
0.0131687
0.0183568
0.0249241
0.0331373
0.0433058
0.0557021
0.0705328
0.0879915
0.108144
0.130277
0.151831
0.169278
0.182132
0.193418
0.202096
0.205584
0.201486
0.178062
0.139998
0.103812
0.0804246
0.072106
0.0717314
0.065629
0.048352
0.0301848
0.0177187
0.0107836
0.00776664
0.00547456
0.00263616
0.00119393
0.000565939
0.000512887
0.000531402
0.000566828
0.000612372
0.000651222
0.000652187
0.000613473
0.000533621
0.000467367
0.000424238
0.000411671
0.000422103
0.000480026
0.000593467
0.000759879
0.00099184
0.00129903
0.00161239
0.00179485
0.00184681
0.00176469
0.00159722
0.00158821
0.00168212
0.00197845
0.00267619
0.00409645
0.00614298
0.00764883
0.00819818
0.00786638
0.00666311
0.00516288
0.00400797
0.00327172
0.00277267
0.00235736
0.00205681
0.00177752
0.00164794
0.00178596
0.00222545
0.00305476
0.00438651
0.00643524
0.00943347
0.0135591
0.0189548
0.0258177
0.0344303
0.0451141
0.0581532
0.0737767
0.0922212
0.113563
0.136826
0.15887
0.176222
0.189741
0.203009
0.213182
0.217115
0.212551
0.186513
0.143491
0.103148
0.0772544
0.0679757
0.0685547
0.0639017
0.0479225
0.0299162
0.0174583
0.0105902
0.0075465
0.00528622
0.00261689
0.00118587
0.000551139
0.000497615
0.000507631
0.000531062
0.00057269
0.000621995
0.000651933
0.000632628
0.000565386
0.000488092
0.000440108
0.000426746
0.0004367
0.000492347
0.000603873
0.000775537
0.00102291
0.00135869
0.00168894
0.00188286
0.00192223
0.00183883
0.00167523
0.00167363
0.00178722
0.00211147
0.00282186
0.00419198
0.00621931
0.00783256
0.00849417
0.00820849
0.00701085
0.00543288
0.00419052
0.00338286
0.00284583
0.00240705
0.00208269
0.00179887
0.00166077
0.00180571
0.00226474
0.00312349
0.00449474
0.006601
0.00969003
0.0139566
0.0195639
0.0267301
0.0357546
0.0469721
0.0606791
0.0771294
0.096608
0.119176
0.143489
0.165813
0.183097
0.197755
0.213397
0.22506
0.229409
0.224421
0.195665
0.147217
0.10242
0.0738748
0.0635485
0.0649763
0.061773
0.0472369
0.0295545
0.0171454
0.0103601
0.00730635
0.00508938
0.00259573
0.00118223
0.00053921
0.000490465
0.00049546
0.000506927
0.00053801
0.000588613
0.000639301
0.000639164
0.000592363
0.000511341
0.000456802
0.000441904
0.000452055
0.000505581
0.000614565
0.00079114
0.00105362
0.00141912
0.00177008
0.00197848
0.00200313
0.00191794
0.00176158
0.00176864
0.00190511
0.00226313
0.00298491
0.00429713
0.00630408
0.00804272
0.00881561
0.00855095
0.00734137
0.00568305
0.00435908
0.00348353
0.00290882
0.00245028
0.00210367
0.00181669
0.00167243
0.00182519
0.00230536
0.00319516
0.00460679
0.0067709
0.00995128
0.0143601
0.0201827
0.0276596
0.0371082
0.0488777
0.0632774
0.0805881
0.101149
0.124961
0.150198
0.172599
0.189976
0.2063
0.224605
0.237757
0.24252
0.237195
0.205637
0.151266
0.101693
0.0703584
0.0589255
0.0610554
0.0593279
0.0463218
0.0290989
0.0167885
0.0100932
0.0070484
0.00488636
0.00257077
0.0011748
0.00053001
0.000488265
0.000491079
0.000494791
0.000513039
0.000556464
0.000614534
0.000640524
0.000611976
0.000538531
0.000474696
0.000457247
0.000468078
0.000519634
0.000625763
0.000807093
0.00108419
0.00148065
0.00185669
0.00208286
0.00209085
0.00200326
0.0018568
0.00187278
0.00203509
0.00243506
0.00316592
0.00441878
0.00640071
0.00828446
0.00917823
0.00891328
0.00766488
0.00591355
0.0045102
0.00357134
0.00296037
0.0024855
0.00211923
0.00183037
0.00168304
0.00184444
0.00234727
0.00326958
0.00472238
0.00694454
0.0102165
0.0147685
0.0208097
0.0286043
0.0384891
0.050828
0.065944
0.0841498
0.10584
0.130886
0.156875
0.179195
0.196959
0.215476
0.236625
0.2513
0.256519
0.250974
0.216565
0.155736
0.101028
0.066785
0.0542369
0.0568919
0.0566751
0.0451866
0.0285513
0.0163862
0.00979033
0.00677489
0.0046794
0.00254173
0.001165
0.000518346
0.000489333
0.00049101
0.000490838
0.000499305
0.000529834
0.000585345
0.000635442
0.000620855
0.000564985
0.000494143
0.000472927
0.00048462
0.000534257
0.000637722
0.000823867
0.00111496
0.00154334
0.00194985
0.00219103
0.00218663
0.00209602
0.0019618
0.00198617
0.00217712
0.00262675
0.00336897
0.00456265
0.0065124
0.0085567
0.00959512
0.00931171
0.00799534
0.00612864
0.00464253
0.00364443
0.00299961
0.00251145
0.00212872
0.00183934
0.00169272
0.00186358
0.00239047
0.00334658
0.00484115
0.00712143
0.0104848
0.0151805
0.0214433
0.0295623
0.0398949
0.0528198
0.0686744
0.0878105
0.110668
0.136906
0.163442
0.1856
0.204167
0.22535
0.249427
0.265728
0.271482
0.265861
0.228598
0.160732
0.100509
0.0632435
0.0496405
0.0526189
0.0539767
0.0438483
0.0279186
0.015937
0.00945386
0.00648835
0.00447054
0.00250792
0.00115322
0.000510772
0.000494627
0.000495586
0.000492049
0.000494346
0.000511894
0.000557473
0.000618252
0.000623576
0.000585227
0.000515934
0.000489164
0.000501501
0.000549194
0.000650593
0.000841959
0.00114646
0.00160715
0.0020511
0.00230318
0.0022923
0.00219747
0.00207768
0.00210904
0.00233188
0.00283903
0.00359511
0.00473356
0.00664332
0.00885625
0.0100698
0.009759
0.00834308
0.00633306
0.00475612
0.00370148
0.00302573
0.00252678
0.0021322
0.00184329
0.00170155
0.00188289
0.00243503
0.00342599
0.00496264
0.0073009
0.0107552
0.015595
0.022082
0.0305316
0.0413229
0.0548494
0.0714645
0.0915655
0.115617
0.142964
0.169825
0.191853
0.21172
0.235946
0.262971
0.281083
0.287493
0.28196
0.241904
0.166371
0.100167
0.0598324
0.0453137
0.0484744
0.0512817
0.042485
0.0272122
0.0154402
0.00909213
0.0061917
0.00426167
0.00246919
0.00114083
0.000505562
0.000501826
0.000502619
0.000498984
0.000493886
0.000502364
0.000534994
0.00059521
0.000623472
0.000598818
0.000538962
0.00050618
0.000518381
0.000564128
0.000664544
0.000861882
0.00117932
0.00167215
0.00216259
0.00241915
0.00241091
0.00230896
0.00220555
0.00224156
0.00250054
0.00307353
0.00384579
0.00493569
0.00679915
0.00918237
0.0105698
0.0102643
0.00871183
0.00652898
0.00485141
0.00374157
0.00303779
0.00253219
0.00213024
0.00184233
0.00170952
0.00190276
0.00248108
0.00350761
0.0050863
0.00748217
0.0110267
0.0160105
0.0227237
0.0315098
0.0427702
0.056913
0.0743097
0.0954074
0.120661
0.148994
0.175973
0.198025
0.219722
0.247256
0.277218
0.297414
0.304635
0.299377
0.256667
0.172779
0.100059
0.0566612
0.0414361
0.0447253
0.0486966
0.0411232
0.026436
0.0148974
0.00872952
0.00588758
0.00405461
0.00242634
0.0011267
0.000495858
0.000509954
0.00051063
0.000507139
0.000498742
0.000499996
0.000520412
0.000569573
0.000617526
0.000602693
0.000558108
0.000524318
0.000534737
0.000578737
0.000679776
0.000884176
0.00121427
0.00173844
0.00228042
0.0025379
0.00254043
0.00243148
0.00234132
0.00238352
0.00268486
0.00333225
0.004124
0.0051726
0.00698692
0.00953853
0.011104
0.0108359
0.00909775
0.00671469
0.00492822
0.00376267
0.0030396
0.0025291
0.00212096
0.00183589
0.00171644
0.00192366
0.00252879
0.0035912
0.00521147
0.00766437
0.0112981
0.0164255
0.0233666
0.0324945
0.0442335
0.0590066
0.0772052
0.0993261
0.125768
0.154926
0.18186
0.204212
0.228251
0.259243
0.292131
0.314763
0.322991
0.318216
0.273086
0.179215
0.100021
0.0538305
0.0381636
0.0416907
0.0464346
0.0397853
0.0255884
0.0143097
0.00836132
0.00557711
0.00385159
0.0023797
0.0011117
0.000490834
0.000518415
0.000518916
0.00051546
0.000508026
0.000500343
0.000511282
0.000547188
0.000603515
0.000603578
0.000573123
0.000540516
0.00054962
0.00059279
0.000696375
0.000909545
0.00125212
0.00180625
0.00240402
0.00265976
0.00267125
0.00256128
0.00248213
0.00253505
0.00288709
0.00361732
0.00443364
0.00544725
0.00721418
0.00993124
0.0116847
0.0114268
0.00949227
0.00688534
0.0049855
0.0037688
0.00302974
0.0025142
0.00210446
0.0018243
0.00172212
0.00194608
0.00257839
0.00367647
0.00533744
0.00784652
0.0115681
0.0168384
0.0240087
0.0334829
0.0457096
0.0611259
0.0801454
0.10331
0.1309
0.1607
0.187503
0.210523
0.237353
0.271856
0.30768
0.333168
0.342644
0.338586
0.2904
0.185544
0.0996445
0.0514316
0.0356016
0.0395967
0.0447458
0.0384653
0.0246617
0.0136781
0.00798684
0.00528448
0.003654
0.00233014
0.00109619
0.000484217
0.00052681
0.000527108
0.000523668
0.000517417
0.000505367
0.000508273
0.000531506
0.000586043
0.000602991
0.000582432
0.000553729
0.000562491
0.000606205
0.000714308
0.000938815
0.00129369
0.00187593
0.00253339
0.00278539
0.0028041
0.00269384
0.00262693
0.00269684
0.00311028
0.00393107
0.00477932
0.00576198
0.00748814
0.0103688
0.0123276
0.0120351
0.00989238
0.00703478
0.00501927
0.00376104
0.00300464
0.00248824
0.00208085
0.00180795
0.00172647
0.00197047
0.00263017
0.00376305
0.00546345
0.00802758
0.0118356
0.0172475
0.0246477
0.0344725
0.0471948
0.0632666
0.083125
0.107346
0.136021
0.16628
0.192954
0.217063
0.247042
0.28504
0.32384
0.352648
0.363676
0.360665
0.308524
0.191849
0.0992153
0.0494446
0.0337654
0.0380426
0.0434118
0.0371266
0.0236451
0.0130038
0.00760583
0.00500793
0.00346262
0.00227778
0.00108071
0.000477797
0.000534895
0.000535115
0.000531331
0.000525702
0.000514029
0.000508562
0.000522281
0.000566253
0.000599225
0.000584515
0.000564099
0.000573245
0.000618814
0.000733817
0.000972575
0.00133982
0.0019479
0.00266818
0.00291563
0.0029386
0.00282838
0.00277541
0.00287014
0.00335706
0.00427762
0.00516238
0.00611853
0.00781503
0.0108599
0.0130512
0.0126631
0.0102598
0.00715652
0.00503111
0.00373279
0.00296541
0.00245172
0.00205043
0.0017874
0.00172953
0.00199719
0.0026844
0.00385052
0.00558866
0.00820649
0.012099
0.0176513
0.0252816
0.0354602
0.0486856
0.0654243
0.0861386
0.111421
0.141096
0.171648
0.198287
0.223919
0.257304
0.298747
0.340598
0.373201
0.386167
0.384663
0.327583
0.198281
0.098712
0.0476176
0.0323549
0.0366958
0.0421756
0.0357407
0.0225246
0.0122906
0.00721808
0.00474323
0.00327832
0.00222378
0.00106607
0.00047224
0.000542552
0.000543097
0.000538244
0.000533198
0.000523473
0.000512133
0.000518408
0.000550155
0.000589272
0.000585038
0.000571071
0.00058143
0.000630575
0.000755279
0.00101144
0.00139142
0.00202269
0.00280802
0.00305201
0.00307457
0.00296449
0.00292744
0.00305673
0.00363113
0.00466156
0.00558467
0.0065185
0.00820004
0.0114122
0.0138463
0.0133116
0.010582
0.00724655
0.00502447
0.0036856
0.00291265
0.00240522
0.00201364
0.00176337
0.0017316
0.00202645
0.00274128
0.00393841
0.00571226
0.00838215
0.0123572
0.018048
0.025908
0.0364431
0.0501781
0.0675946
0.0891803
0.115521
0.146094
0.176804
0.203574
0.231146
0.268102
0.312936
0.357957
0.394792
0.410192
0.41036
0.347749
0.205029
0.0983055
0.0459865
0.0312786
0.0353826
0.0408068
0.0342396
0.021283
0.0115509
0.00682374
0.00448723
0.00310212
0.00216931
0.00105202
0.00046164
0.000549743
0.000550824
0.000544684
0.000540364
0.000531528
0.000517931
0.000518381
0.000539032
0.000578335
0.000584305
0.000573074
0.000586754
0.000641523
0.000779176
0.00105601
0.00144942
0.00210097
0.00295253
0.00319665
0.00321199
0.00310193
0.00308285
0.00325894
0.00393697
0.00508811
0.00604889
0.00696386
0.00864755
0.0120327
0.0147129
0.0139834
0.0108551
0.0072952
0.00498594
0.00361949
0.00284706
0.00234948
0.00197107
0.00173671
0.00173303
0.00205852
0.00280092
0.00402617
0.00583339
0.0085535
0.0126087
0.0184358
0.0265246
0.0374181
0.0516684
0.0697731
0.0922442
0.119628
0.150987
0.181755
0.208878
0.238771
0.279388
0.327573
0.375957
0.41744
0.435761
0.437465
0.369204
0.212323
0.0982518
0.0446536
0.0303902
0.0341166
0.0392123
0.0325931
0.0199177
0.0107904
0.00642371
0.0042377
0.00293509
0.00211565
0.00103918
0.000455318
0.000556471
0.000557822
0.000550756
0.000546992
0.000537937
0.000526426
0.000522272
0.000533138
0.00056579
0.000579753
0.00057466
0.000588593
0.000651647
0.000806195
0.00110687
0.00151474
0.00218349
0.00310131
0.00335248
0.00335095
0.00324053
0.00324135
0.00347927
0.00427936
0.00556312
0.00655825
0.00745699
0.00916165
0.0127273
0.0156574
0.0146835
0.0110771
0.00730765
0.00491833
0.00353505
0.00276959
0.00228547
0.00192346
0.00170836
0.00173432
0.00209368
0.00286325
0.00411322
0.00595124
0.00871949
0.0128522
0.018813
0.027129
0.0383822
0.0531527
0.0719552
0.0953233
0.123724
0.155749
0.186521
0.21426
0.246798
0.291102
0.342626
0.394622
0.441196
0.462838
0.466035
0.392141
0.220488
0.0983719
0.0437082
0.0296375
0.032954
0.0374011
0.0307962
0.0184384
0.0100146
0.00602113
0.0039931
0.0027784
0.002064
0.00102782
0.000445635
0.000562778
0.000563948
0.000556693
0.00055314
0.000544377
0.000535078
0.000525937
0.000530354
0.000553978
0.000571776
0.00057463
0.000593279
0.000661866
0.000837386
0.00116454
0.0015883
0.00227112
0.00325397
0.00352335
0.00349159
0.00338057
0.00340543
0.00371974
0.00466289
0.00609286
0.00711611
0.00800076
0.00973864
0.0135086
0.0166867
0.0154196
0.0112475
0.00727769
0.00482188
0.00343326
0.00268141
0.00221439
0.00187174
0.00167917
0.00173638
0.00213217
0.00292799
0.00419888
0.00606499
0.00887913
0.0130864
0.0191778
0.027719
0.0393321
0.054627
0.0741363
0.0984097
0.127791
0.160362
0.191127
0.219766
0.255214
0.303182
0.358058
0.413971
0.466056
0.491532
0.496187
0.416805
0.229879
0.0996692
0.0432316
0.0289569
0.0317559
0.03542
0.0288443
0.0168606
0.00923009
0.00561657
0.00375238
0.00263349
0.00201547
0.00101751
0.000437351
0.000568776
0.000569822
0.000562184
0.000558985
0.000550334
0.00054269
0.000532911
0.000530101
0.000545539
0.000563931
0.000569773
0.0005929
0.000672323
0.000873917
0.00122926
0.00167103
0.00236493
0.00341009
0.00371543
0.00363295
0.00352125
0.00357562
0.00398318
0.00509213
0.00668383
0.00772555
0.00859832
0.0103775
0.0143857
0.0178063
0.0162033
0.0113677
0.00719704
0.00469778
0.00331567
0.00258397
0.00213761
0.00181709
0.00165012
0.00174027
0.00217418
0.00299467
0.0042824
0.00617393
0.00903148
0.0133101
0.0195287
0.028292
0.0402646
0.0560871
0.0763114
0.101494
0.131809
0.164812
0.195601
0.225428
0.263989
0.31556
0.373827
0.434036
0.491956
0.521997
0.528054
0.44347
0.240788
0.101938
0.0430858
0.0282893
0.0304281
0.0333777
0.0267231
0.0152101
0.00844369
0.00521043
0.00351285
0.00250225
0.00197116
0.00100873
0.000429639
0.000574625
0.000575582
0.000567521
0.000564777
0.000555368
0.000549268
0.000542767
0.000531392
0.000540486
0.000553187
0.000561927
0.000592764
0.000683519
0.000917149
0.00130223
0.00176394
0.00246601
0.00356939
0.00391331
0.00377067
0.00366282
0.00375301
0.00427134
0.00557137
0.00734267
0.00838896
0.0092505
0.0110793
0.0153686
0.0190193
0.0170548
0.0114353
0.00707688
0.00454833
0.00318453
0.00247903
0.00205668
0.00176082
0.00162223
0.00174713
0.00221984
0.00306262
0.00436303
0.00627737
0.0091757
0.0135222
0.0198638
0.0288458
0.0411764
0.0575289
0.0784752
0.104567
0.135756
0.169088
0.199972
0.231267
0.273082
0.328175
0.389877
0.454692
0.518934
0.55442
0.561781
0.47244
0.253544
0.105366
0.0431186
0.0276028
0.0289643
0.0313955
0.0244142
0.0135274
0.00766239
0.00480325
0.00327426
0.00238648
0.0019318
0.0010018
0.00042261
0.000580475
0.000581371
0.000572762
0.000570294
0.000560133
0.000556336
0.000550088
0.000534177
0.000537687
0.000542664
0.000551399
0.000589763
0.000697349
0.000967376
0.00138481
0.00186798
0.00257552
0.00373192
0.00411666
0.00390679
0.00380408
0.00393837
0.00458654
0.00610539
0.00807633
0.00910754
0.0099553
0.0118463
0.0164691
0.0203251
0.0179025
0.0114618
0.00692119
0.00437629
0.00304274
0.00236866
0.00197331
0.00170437
0.00159659
0.00175814
0.00226921
0.003131
0.00443999
0.00637477
0.00931106
0.0137217
0.0201817
0.0293778
0.0420642
0.0589483
0.0806217
0.107616
0.139614
0.173188
0.204268
0.237291
0.282448
0.340966
0.406159
0.475855
0.546907
0.588698
0.597528
0.504056
0.268477
0.109922
0.0434247
0.026841
0.027376
0.029401
0.0219256
0.0118791
0.006897
0.00439614
0.00303955
0.00228579
0.00189811
0.000996493
0.000418965
0.000586419
0.00058724
0.000578078
0.000575134
0.000565145
0.000563532
0.000556413
0.000540941
0.000539029
0.000532756
0.000541117
0.000589091
0.000715483
0.00102601
0.00147818
0.00198405
0.00269459
0.00389789
0.0043245
0.00404145
0.00394452
0.00413265
0.00493191
0.00670009
0.00889224
0.00988072
0.0107101
0.0126791
0.0176996
0.0217222
0.0187022
0.0114587
0.00672415
0.00418522
0.00289388
0.00225521
0.00188927
0.0016493
0.00157435
0.00177449
0.00232212
0.00319884
0.0045126
0.00646574
0.00943699
0.0139075
0.0204808
0.0298859
0.0429247
0.0603406
0.0827443
0.110628
0.143362
0.17711
0.208514
0.2435
0.292037
0.35388
0.422626
0.497465
0.575801
0.624729
0.635481
0.538692
0.285951
0.115439
0.0439903
0.0259646
0.0257085
0.0273477
0.0193694
0.0103955
0.00617687
0.00399258
0.00281774
0.00220058
0.00187097
0.000993756
0.00042179
0.000592449
0.00059312
0.000583644
0.000578379
0.000571585
0.000570302
0.000561957
0.000546426
0.000539186
0.000522202
0.00053125
0.000590858
0.000740442
0.00109417
0.00158356
0.00211441
0.00282498
0.00406757
0.00453552
0.0041755
0.00408379
0.00433687
0.0053113
0.00736291
0.00979824
0.0107059
0.0115101
0.0135779
0.0190737
0.0232052
0.0194036
0.011363
0.00648411
0.00398035
0.00274204
0.00214127
0.00180644
0.00159717
0.00155672
0.00179709
0.0023783
0.00326512
0.00458039
0.00655012
0.00955312
0.0140789
0.0207596
0.0303676
0.0437546
0.0617013
0.0848356
0.113588
0.146984
0.180857
0.21273
0.249884
0.301801
0.36687
0.43924
0.519476
0.605575
0.662575
0.675859
0.57677
0.306437
0.122015
0.0448739
0.0249984
0.0239906
0.0252151
0.0168808
0.00909503
0.00552616
0.00360699
0.00262608
0.00212896
0.00185124
0.000993164
0.000423811
0.000598439
0.000598845
0.000589385
0.000584617
0.000576959
0.000576168
0.000564977
0.00054979
0.000539773
0.000514577
0.000522212
0.000598359
0.000773271
0.00117463
0.00170247
0.00226058
0.0029696
0.00424137
0.00474814
0.00431073
0.00422153
0.00455201
0.00572926
0.00810276
0.0108023
0.011578
0.0123479
0.0145417
0.0206045
0.024762
0.0199497
0.0111736
0.00620778
0.0037688
0.00259148
0.0020295
0.00172676
0.00154957
0.00154495
0.00182659
0.00243728
0.00332884
0.00464319
0.00662806
0.00965936
0.0142354
0.0210169
0.0308207
0.0445504
0.0630254
0.0868873
0.116483
0.150464
0.184436
0.216935
0.256429
0.311692
0.379894
0.455971
0.541847
0.636183
0.70232
0.718923
0.618754
0.330493
0.129817
0.0461446
0.02406
0.0222215
0.0229983
0.014521
0.00795877
0.00494109
0.00327453
0.00246641
0.00207095
0.00184002
0.00099692
0.000428606
0.000604138
0.000604152
0.000595119
0.000592334
0.000581355
0.00057972
0.000565724
0.000552302
0.000537385
0.000505433
0.000514366
0.000614392
0.000817095
0.00126947
0.00183641
0.00242436
0.00313067
0.00441967
0.00496033
0.00444925
0.00435727
0.00477902
0.00619106
0.00893013
0.01189
0.0124898
0.0132137
0.0155693
0.0223039
0.0263719
0.020275
0.0108929
0.00590777
0.00355859
0.00244617
0.00192253
0.0016522
0.00150805
0.00154037
0.00186323
0.00249831
0.00338915
0.00470132
0.00670021
0.00975607
0.0143766
0.0212513
0.0312431
0.0453088
0.0643075
0.0888904
0.119296
0.153788
0.187854
0.221143
0.263114
0.321666
0.392925
0.472801
0.564547
0.667571
0.744036
0.764977
0.665164
0.358772
0.139066
0.0479205
0.0232374
0.0204159
0.0207089
0.0123542
0.00697201
0.00442428
0.00299476
0.00233681
0.00202651
0.00183718
0.00100189
0.000438167
0.000609194
0.000608684
0.000600614
0.000596758
0.00058941
0.000581133
0.000567273
0.00055364
0.000530948
0.000495088
0.000510359
0.000642622
0.000875648
0.00138141
0.00198717
0.00260767
0.00331056
0.00460266
0.00516952
0.00459413
0.00449039
0.005019
0.00669852
0.00985433
0.013033
0.0134345
0.014096
0.0166603
0.0241797
0.0280025
0.0203918
0.0105301
0.00560026
0.00335732
0.00230938
0.00182285
0.00158471
0.00147407
0.00154425
0.00190688
0.0025604
0.00344555
0.00475585
0.00676797
0.00984428
0.0145025
0.0214618
0.0316326
0.0460262
0.0655418
0.090835
0.122013
0.156945
0.191122
0.225363
0.269918
0.331684
0.405947
0.489722
0.587555
0.699682
0.787765
0.814395
0.716586
0.392039
0.150038
0.050358
0.0226642
0.0186028
0.0183609
0.0104437
0.00612536
0.00397829
0.00276514
0.00223512
0.00199502
0.0018322
0.00101145
0.000455379
0.000612468
0.000611434
0.000604012
0.00059957
0.000590723
0.000581248
0.000566263
0.000554586
0.000517109
0.000485477
0.000510248
0.000685573
0.000953087
0.00151361
0.00215795
0.00281274
0.00351163
0.00479026
0.00537233
0.00475077
0.00462007
0.00527333
0.00725589
0.0108518
0.0142045
0.0144097
0.0149807
0.0178172
0.0262324
0.029601
0.0203277
0.0101122
0.00530183
0.0031709
0.00218368
0.00173286
0.00152615
0.00144915
0.00155824
0.00195746
0.00262239
0.00349817
0.00480884
0.00683389
0.00992611
0.0146136
0.0216479
0.0319873
0.046699
0.0667221
0.0927103
0.124617
0.159927
0.194248
0.229599
0.276816
0.341721
0.418959
0.506741
0.610857
0.732067
0.833485
0.867644
0.773699
0.43097
0.163069
0.0536458
0.0224569
0.0168235
0.0159468
0.00883844
0.00541622
0.00360351
0.00258278
0.0021589
0.00197566
0.0018347
0.00102652
0.000478192
0.000613457
0.00061168
0.000607087
0.000600216
0.000591943
0.000580578
0.000565807
0.000548609
0.00049725
0.000478557
0.000517329
0.000744277
0.00105475
0.00166957
0.00235263
0.00304216
0.0037364
0.00498538
0.00556443
0.00489997
0.00474399
0.00554351
0.00786856
0.0119045
0.0153805
0.0153965
0.0158716
0.0190525
0.0284491
0.0310951
0.0199941
0.00966876
0.00502611
0.00300347
0.00207136
0.00165483
0.00147835
0.00143452
0.00158328
0.00201448
0.00268313
0.00354799
0.00486396
0.00690254
0.0100056
0.0147116
0.0218089
0.0323054
0.0473234
0.0678414
0.0945051
0.127094
0.162727
0.197243
0.233852
0.283788
0.351768
0.43198
0.523878
0.63449
0.764458
0.881072
0.925322
0.837322
0.476
0.178591
0.0580029
0.0226807
0.0152546
0.0135796
0.00756463
0.00483695
0.00329858
0.00244453
0.00210544
0.00196633
0.00184233
0.00104907
0.000511534
0.000612425
0.000610481
0.000607163
0.000598642
0.000589823
0.000575338
0.000559351
0.000536234
0.000471815
0.000474816
0.000540944
0.000816411
0.00118718
0.00185453
0.00257531
0.0032988
0.00398721
0.0051883
0.00574208
0.00503588
0.00486098
0.00583122
0.00854002
0.0129964
0.0165389
0.0163863
0.0167903
0.0203817
0.0307962
0.0324008
0.0194494
0.00923088
0.00478281
0.00285812
0.00197507
0.00159087
0.00144277
0.00143106
0.00161887
0.00207694
0.0027417
0.00359713
0.00492732
0.00698041
0.0100898
0.014799
0.021945
0.0325851
0.0478955
0.0688928
0.0962078
0.129429
0.165342
0.200114
0.23812
0.290822
0.361838
0.445045
0.541143
0.658552
0.79677
0.930197
0.988223
0.90853
0.52831
0.19717
0.0637349
0.0235005
0.0140548
0.0114658
0.00657267
0.00437165
0.00306121
0.00234722
0.00207184
0.00196458
0.00185244
0.00108188
0.000565476
0.000607811
0.000604241
0.00060129
0.000592065
0.000581793
0.000565187
0.000546683
0.000512393
0.000450616
0.000478832
0.000580401
0.000907505
0.00136145
0.00207536
0.00283067
0.00358584
0.00426614
0.00539881
0.00590133
0.00515525
0.00497084
0.00613233
0.00926878
0.0141133
0.01767
0.0173919
0.0177198
0.0218087
0.033211
0.0334128
0.018768
0.00882748
0.00457687
0.00273776
0.00189733
0.00154244
0.00141991
0.00143912
0.00166521
0.00214341
0.00279775
0.00364881
0.00500195
0.00706533
0.0101779
0.0148805
0.0220565
0.0328247
0.048411
0.0698685
0.0978064
0.13161
0.167766
0.202868
0.242403
0.297915
0.371962
0.458198
0.558528
0.683199
0.829133
0.98014
1.05742
0.988714
0.589386
0.21954
0.0712554
0.0250933
0.0133549
0.0097637
0.00581608
0.00400823
0.00288835
0.00228753
0.00205572
0.00196896
0.00187063
0.00112865
0.000650761
0.000598856
0.000595755
0.000590644
0.000581168
0.000567997
0.000551203
0.000526086
0.000473521
0.000439223
0.000501008
0.000642095
0.00102627
0.00158747
0.00233941
0.0031241
0.00390693
0.00457489
0.00561607
0.00604113
0.00525456
0.00507466
0.00643994
0.0100454
0.0152421
0.0187638
0.0183733
0.0186456
0.0233413
0.0355987
0.0339246
0.0180527
0.00847858
0.00441363
0.00264574
0.00183991
0.00151017
0.00140993
0.00146063
0.00172181
0.00221202
0.00285174
0.00370802
0.00508494
0.00715519
0.010268
0.0149627
0.0221442
0.0330226
0.0488658
0.070761
0.099289
0.133624
0.17
0.205513
0.246704
0.305081
0.382193
0.471483
0.575986
0.708206
0.861776
1.02963
1.1313
1.07975
0.66107
0.246691
0.0811172
0.0276878
0.0132081
0.00854541
0.00526405
0.00373782
0.00277691
0.00226218
0.00205799
0.00197898
0.00191609
0.0011938
0.000820912
0.000584486
0.000581872
0.000574269
0.000564395
0.000548326
0.00053127
0.000494976
0.00043771
0.000427339
0.000549762
0.000739809
0.00119648
0.00186846
0.00265345
0.00346161
0.00426617
0.00491473
0.00583838
0.00616274
0.00532993
0.00517462
0.00674922
0.0108533
0.0163683
0.0198058
0.0193178
0.0195684
0.0249857
0.0378815
0.0340099
0.0173665
0.00820368
0.00430225
0.00258653
0.00180403
0.00149413
0.001413
0.00149545
0.00178736
0.00228073
0.002905
0.00378125
0.00517388
0.007248
0.010358
0.0150416
0.0222084
0.0331774
0.0492555
0.0715622
0.100644
0.13546
0.172042
0.208058
0.251029
0.312348
0.392596
0.484944
0.593458
0.73326
0.89392
1.07774
1.20887
1.18056
0.745647
0.280042
0.0940434
0.0316217
0.013688
0.00782531
0.00489591
0.00355526
0.00272464
0.00227055
0.00208932
0.00202453
0.00195448
0.00128859
0.00113245
0.000563808
0.000560825
0.00055087
0.000540059
0.000521921
0.000501953
0.000443631
0.000419768
0.000431787
0.000625156
0.000886504
0.00145484
0.00220336
0.00302384
0.00384977
0.00466816
0.00528622
0.0060629
0.00626471
0.0053769
0.0052704
0.00705493
0.0116712
0.0174745
0.0207882
0.0202292
0.020499
0.0267362
0.0399114
0.033643
0.0167298
0.00803492
0.00425356
0.00256282
0.00178983
0.0014936
0.00142927
0.00154281
0.00185966
0.0023477
0.00295922
0.00386412
0.00526638
0.00734182
0.0104461
0.0151144
0.0222503
0.0332876
0.0495758
0.0722642
0.101861
0.13711
0.173895
0.210512
0.255396
0.31976
0.403243
0.498599
0.610897
0.758228
0.925199
1.12321
1.28954
1.28824
0.845804
0.321794
0.110968
0.0373889
0.0148988
0.00761813
0.00469927
0.00346011
0.00273207
0.00231788
0.00214809
0.0020794
0.00199828
0.00141179
0.00224161
0.000536073
0.000532998
0.000515681
0.000508142
0.000483619
0.000456333
0.000396498
0.000424606
0.000475985
0.000732017
0.00111321
0.00180088
0.00261505
0.00346151
0.00429684
0.00511821
0.00568866
0.00628501
0.00634632
0.00539149
0.00534447
0.00734953
0.0124787
0.0185439
0.0217152
0.0211282
0.0214561
0.0285758
0.0414764
0.032947
0.0161912
0.00798006
0.00426404
0.0025738
0.00179619
0.00150838
0.00145886
0.00160164
0.00193573
0.00241197
0.00301714
0.0039529
0.00536024
0.00743488
0.0105306
0.0151789
0.022272
0.0333517
0.0498224
0.0728591
0.102928
0.138565
0.175562
0.212888
0.259828
0.327368
0.414188
0.512432
0.628262
0.783041
0.955446
1.16457
1.37322
1.40144
0.964119
0.375592
0.133153
0.0456957
0.0170973
0.00786527
0.00467186
0.00345849
0.00280072
0.00240717
0.00222732
0.00214668
0.00206111
0.00170969
0.00780535
0.00050093
0.000497546
0.000474214
0.00046616
0.000433013
0.00039109
0.000376102
0.000455965
0.000561132
0.000901484
0.00145057
0.00224638
0.00311561
0.00397683
0.00481258
0.00562207
0.00611878
0.00649797
0.00640893
0.00541976
0.00538982
0.00762497
0.0132601
0.019568
0.0226033
0.0220547
0.0224661
0.0304496
0.0424395
0.0320142
0.0158011
0.00806892
0.0043545
0.00262561
0.00182404
0.00153772
0.00150051
0.00166967
0.0020123
0.00247382
0.00308329
0.00404441
0.00545351
0.00752561
0.0106099
0.0152338
0.0222782
0.0333677
0.0499912
0.0733392
0.103837
0.139821
0.177049
0.215202
0.264351
0.335224
0.425449
0.526367
0.64553
0.807625
0.984698
1.20295
1.45485
1.51911
1.10213
0.445357
0.162636
0.0574595
0.0206664
0.0085969
0.0048152
0.0035586
0.00294941
0.00253898
0.00233481
0.00223635
0.00218756
0.00229801
0.0293282
0.000458772
0.000454995
0.000429992
0.000420017
0.000377291
0.000358725
0.000366611
0.00052767
0.00072235
0.00118529
0.00190985
0.00280874
0.00371748
0.00458141
0.00540864
0.00618471
0.00656853
0.00670505
0.00643607
0.00538297
0.00541058
0.00787182
0.0140065
0.0205531
0.0234785
0.0230708
0.0235545
0.0322742
0.0427609
0.0309551
0.0156173
0.0083684
0.0045409
0.00272411
0.00187448
0.00158078
0.00155274
0.00174354
0.00208662
0.00253458
0.00316063
0.004136
0.00554467
0.00761271
0.010683
0.0152784
0.0222716
0.0333425
0.0500787
0.073697
0.104577
0.140871
0.178363
0.217472
0.268999
0.34336
0.436974
0.540261
0.662717
0.831842
1.01298
1.23882
1.53157
1.63806
1.25886
0.52964
0.203519
0.0738435
0.0261747
0.0099339
0.00518304
0.0038013
0.00318855
0.00272425
0.00248488
0.00238698
0.00247146
0.00550502
0.087583
0.000410997
0.000406729
0.000381021
0.000366315
0.000321059
0.000363965
0.000420104
0.000650881
0.000991724
0.00162276
0.00251115
0.00350236
0.00443166
0.00528824
0.00609789
0.00680745
0.00702289
0.00691792
0.00645374
0.00531266
0.00541134
0.00808243
0.0147124
0.0215225
0.02437
0.0242658
0.0247344
0.0339258
0.0425325
0.0298742
0.0156137
0.00893328
0.00484459
0.00287701
0.00194868
0.00163612
0.00161305
0.00181937
0.00215732
0.00259615
0.00324391
0.00422569
0.00563273
0.00769526
0.0107489
0.0153121
0.0222615
0.0332872
0.0500795
0.0739246
0.105139
0.141713
0.179512
0.219715
0.273797
0.351775
0.448623
0.553906
0.679903
0.855457
1.04026
1.27293
1.60072
1.75423
1.43212
0.628947
0.259769
0.0966886
0.0344181
0.0121233
0.00584999
0.00422234
0.00355061
0.00298496
0.00272344
0.00266094
0.00318346
0.0130798
0.121161
0.000360168
0.000356996
0.000325024
0.000309526
0.000298461
0.000412083
0.000548998
0.000879486
0.00141984
0.00224104
0.00328528
0.00434012
0.00526876
0.00611208
0.00689202
0.00748237
0.00747381
0.00712543
0.00637735
0.00521903
0.00540314
0.00824778
0.0153726
0.022514
0.0253043
0.0255839
0.0259941
0.035191
0.0419453
0.0288932
0.0159104
0.00982259
0.00529355
0.00309223
0.00204835
0.00170192
0.00167843
0.00189386
0.00222493
0.00266102
0.00332932
0.0043125
0.00571728
0.00777278
0.0108071
0.0153338
0.0222311
0.033185
0.05001
0.0740144
0.105516
0.142344
0.180505
0.221951
0.278758
0.360404
0.460162
0.567018
0.697285
0.878127
1.0665
1.30645
1.65975
1.86318
1.61737
0.746336
0.330873
0.129806
0.0465103
0.0156065
0.00696554
0.00490679
0.00410588
0.00337706
0.00311953
0.00318109
0.00619377
0.0401958
0.121466
0.000309654
0.000304023
0.000278197
0.000309936
0.000332414
0.000522016
0.000794749
0.00129373
0.00204624
0.00307707
0.00424911
0.00532858
0.0062394
0.00706841
0.00779594
0.00816799
0.00796388
0.00724443
0.00625172
0.00510185
0.00536303
0.00835734
0.0159782
0.0235774
0.0263118
0.0269111
0.0272598
0.035989
0.0411154
0.0281224
0.0165839
0.0111202
0.00591568
0.00337778
0.00217588
0.00177663
0.0017463
0.00196535
0.00229167
0.00273198
0.00341474
0.00439657
0.0057986
0.00784536
0.0108577
0.0153425
0.0221844
0.0330409
0.0498675
0.0739723
0.105696
0.142759
0.18135
0.224191
0.283867
0.369112
0.471279
0.579222
0.714273
0.899389
1.09148
1.33869
1.70905
1.96072
1.80546
0.894535
0.416013
0.176758
0.0642966
0.0211149
0.00885802
0.00604526
0.00500993
0.00400809
0.00374836
0.00416387
0.0110402
0.0726938
0.101298
0.000274081
0.000269199
0.000257204
0.000369645
0.00045973
0.000760146
0.00123286
0.00194122
0.00293555
0.00416093
0.00540716
0.0064695
0.00735506
0.0081697
0.00879324
0.00888023
0.00841903
0.00728528
0.00609029
0.00496179
0.00528962
0.00840641
0.0165154
0.0247742
0.0274213
0.0281796
0.0284217
0.0363709
0.0401769
0.0276639
0.0177061
0.0129347
0.00674031
0.00374463
0.00233323
0.00185971
0.00181548
0.00203451
0.00236087
0.00281056
0.00350018
0.00447925
0.00587771
0.00791376
0.0109016
0.0153395
0.0221176
0.0328579
0.0496407
0.0738232
0.105676
0.142956
0.182056
0.226435
0.289066
0.37769
0.481621
0.590097
0.730073
0.918707
1.11499
1.36929
1.74928
2.04382
1.9836
1.10064
0.51467
0.243097
0.0907344
0.0299679
0.0122641
0.00804113
0.00658237
0.00496813
0.0047052
0.00789577
0.0307612
0.0735372
0.0775519
0.00026988
0.000283989
0.000317033
0.000510893
0.000759428
0.00123628
0.0019281
0.00289254
0.00413443
0.00550094
0.00675019
0.00776255
0.00862756
0.00941662
0.00983881
0.00962723
0.00875038
0.00725792
0.00589856
0.00480441
0.0051954
0.00841381
0.0169678
0.0260389
0.0286712
0.0293531
0.0294291
0.036392
0.039224
0.0275833
0.0193503
0.0154056
0.00780909
0.00420815
0.00252393
0.00195208
0.00188653
0.00210372
0.00243591
0.00289574
0.003588
0.00456304
0.00595636
0.00797948
0.0109404
0.0153352
0.0220335
0.0326403
0.0493375
0.0735296
0.105507
0.142935
0.182625
0.228665
0.294248
0.385869
0.490815
0.59922
0.74397
0.935509
1.13692
1.39864
1.78089
2.11153
2.13659
1.34406
0.632541
0.331446
0.130186
0.0442519
0.0188133
0.0117499
0.00939919
0.00646565
0.00648681
0.0160851
0.0573382
0.0683399
0.0554707
0.000345047
0.000408916
0.000542649
0.00086284
0.0013426
0.00202338
0.00297195
0.00421117
0.00566251
0.00707998
0.00826036
0.00920923
0.0100659
0.0107816
0.0108823
0.0103295
0.00891337
0.00715765
0.00568607
0.00463607
0.00508402
0.00836995
0.0173193
0.0272243
0.0299138
0.0304209
0.0302546
0.0362298
0.0383382
0.0279374
0.0215609
0.0185846
0.00918023
0.00479055
0.00275354
0.00205593
0.00196124
0.00217582
0.00251951
0.00298925
0.00368256
0.0046515
0.00603708
0.00804485
0.0109764
0.0153211
0.0219351
0.0323941
0.0489633
0.073099
0.105127
0.142753
0.183053
0.230836
0.299261
0.393347
0.498488
0.606185
0.755284
0.949255
1.15729
1.42757
1.8065
2.16138
2.25277
1.6055
0.78627
0.439215
0.189817
0.0657092
0.0318816
0.0193379
0.0166118
0.0118848
0.0174522
0.047106
0.0593883
0.0579543
0.0409123
0.000662913
0.000787961
0.00111327
0.0016081
0.00229598
0.00321138
0.00443494
0.00592832
0.00750153
0.00886113
0.00992089
0.0108159
0.0116678
0.0121872
0.0119312
0.0108359
0.00891395
0.00699929
0.00546264
0.00446393
0.00496085
0.00828399
0.0175368
0.0282983
0.0310597
0.0313891
0.0308992
0.0358634
0.0375648
0.0287904
0.0243416
0.0224434
0.0109411
0.00552417
0.00303016
0.00217315
0.00204168
0.00225314
0.00261319
0.00309372
0.00378907
0.00474929
0.00612327
0.00811307
0.0110129
0.0153057
0.0218276
0.0321277
0.0485259
0.0725366
0.104538
0.142333
0.183319
0.232875
0.303913
0.3998
0.504265
0.61064
0.763387
0.959537
1.17629
1.4572
1.83056
2.18765
2.32284
1.85531
1.00889
0.568248
0.271138
0.0957021
0.0565297
0.0351685
0.0345265
0.0346185
0.049218
0.057382
0.0553371
0.0431754
0.025725
0.00147266
0.00167158
0.00218014
0.00283552
0.00372162
0.00486844
0.00635261
0.00802947
0.00959952
0.0108036
0.0117267
0.0125934
0.0133977
0.0135527
0.0128763
0.0110751
0.00881096
0.00680321
0.00523901
0.00429555
0.00483178
0.00816165
0.0176207
0.0292362
0.0320931
0.0322497
0.0313943
0.0354297
0.0368704
0.0302419
0.0276578
0.0269166
0.013227
0.00645569
0.00336511
0.00230579
0.00212932
0.00233681
0.00271704
0.0032083
0.00390685
0.00486097
0.0062192
0.00818829
0.0110545
0.015291
0.0217185
0.0318517
0.0480366
0.0718495
0.103751
0.141676
0.18339
0.234686
0.307986
0.404892
0.507783
0.612348
0.767464
0.966234
1.19444
1.48857
1.85492
2.19721
2.35004
2.03488
1.27336
0.746855
0.374287
0.143312
0.0879339
0.0612311
0.0516215
0.0513962
0.0555521
0.0545553
0.0455744
0.0320668
0.0170245
0.00289174
0.00316453
0.0038034
0.00459997
0.00566052
0.00701696
0.00871169
0.0104555
0.0118912
0.0128832
0.0136914
0.0145464
0.0151576
0.0148795
0.0135452
0.0110592
0.0086131
0.00658391
0.00502502
0.00413837
0.00470298
0.00801133
0.0175964
0.030014
0.0330131
0.033003
0.0317838
0.0350312
0.0364002
0.0322066
0.031447
0.0318384
0.0162477
0.00763396
0.00377179
0.00245622
0.00222455
0.00242674
0.0028301
0.00333179
0.00403527
0.00498661
0.00633019
0.00827557
0.011107
0.0152852
0.0216177
0.0315791
0.0475102
0.0710491
0.102766
0.14079
0.183276
0.236155
0.311247
0.408279
0.508718
0.611356
0.767885
0.969606
1.2127
1.52261
1.88052
2.19809
2.35078
2.13556
1.5133
0.997204
0.510171
0.199023
0.109039
0.0737409
0.0598901
0.0522151
0.0523729
0.0462071
0.0329887
0.0223632
0.0111279
0.00488221
0.00522046
0.00597982
0.00689707
0.00810515
0.00963569
0.0114538
0.0131234
0.0143284
0.0151087
0.0158425
0.0166409
0.0168443
0.0160489
0.0138318
0.010906
0.00835365
0.00635832
0.00483062
0.00399913
0.00458032
0.00784082
0.0174565
0.0306039
0.0338203
0.0336643
0.0321247
0.0347261
0.0363571
0.0344199
0.0357402
0.037142
0.0201642
0.00909282
0.0042571
0.00262459
0.00232667
0.00252185
0.0029508
0.00346288
0.00417382
0.0051265
0.00646156
0.00838091
0.0111775
0.015297
0.0215373
0.0313252
0.0469657
0.0701531
0.101593
0.13966
0.182885
0.237155
0.313455
0.409607
0.50723
0.607928
0.764584
0.970809
1.23275
1.55991
1.90794
2.1933
2.32674
2.17339
1.6834
1.23933
0.747864
0.274155
0.146364
0.0496576
0.0562846
0.0479231
0.0425801
0.0312081
0.0226635
0.0184637
0.0113822
0.00742201
0.00782395
0.0086832
0.00969891
0.0110249
0.0126756
0.0144937
0.0159601
0.0169075
0.0175225
0.0181998
0.0187644
0.0184489
0.0168536
0.013763
0.0106143
0.00806239
0.00614495
0.00466612
0.00388321
0.00446892
0.00765812
0.0171978
0.0309461
0.0345052
0.0342551
0.0324721
0.034467
0.0366131
0.0367193
0.0405134
0.0427831
0.0250757
0.0108672
0.0048289
0.00281034
0.0024341
0.0026205
0.00307731
0.00360038
0.00432201
0.0052808
0.00661385
0.00851119
0.0112742
0.0153438
0.0214909
0.0311074
0.0464268
0.0691871
0.100245
0.138278
0.182116
0.237549
0.314362
0.408852
0.503252
0.602446
0.758329
0.971505
1.25738
1.60047
1.93737
2.18664
2.28951
2.17385
1.7735
1.4161
1.01691
0.423539
0.204193
0.0503571
0.0366593
0.0335315
0.0263777
0.0219406
0.020949
0.0202148
0.0172777
0.0105245
0.0109805
0.0119092
0.0129862
0.0143901
0.0160724
0.0177438
0.0189393
0.019679
0.0201784
0.0207258
0.0207933
0.0198196
0.0171314
0.0134971
0.0102425
0.00777691
0.00596736
0.00453955
0.00379369
0.00437246
0.00747076
0.0168345
0.0310672
0.0350625
0.0347778
0.0328184
0.0341103
0.0371577
0.0392743
0.0455362
0.0486038
0.031028
0.012996
0.00549602
0.00301245
0.00254488
0.00272091
0.00320788
0.00374325
0.0044794
0.00544947
0.00678765
0.00867399
0.0114056
0.0154343
0.0214937
0.0309449
0.0459212
0.0681864
0.098752
0.136646
0.180979
0.23733
0.313943
0.406059
0.496795
0.595673
0.750551
0.974171
1.28682
1.64325
1.96898
2.18203
2.24625
2.14193
1.80822
1.50367
1.23173
0.687921
0.287412
0.0731195
0.0461403
0.0198913
0.0216382
0.0221441
0.0239616
0.0311565
0.0411523
0.014226
0.0147291
0.0156739
0.0167619
0.0181802
0.0197562
0.0211512
0.0221064
0.0227253
0.0230932
0.0232717
0.0227019
0.0206582
0.0169486
0.0130402
0.00985235
0.00754846
0.00585661
0.00445528
0.00373057
0.00429273
0.00728424
0.0163823
0.0309842
0.0354836
0.0352241
0.0331696
0.0338487
0.0377292
0.0418725
0.0503933
0.0544668
0.03801
0.015526
0.00626806
0.00322961
0.00265694
0.00282142
0.0033409
0.00389054
0.00464538
0.00563223
0.00698318
0.00886999
0.0115801
0.0155755
0.0215636
0.0308576
0.0454804
0.0671977
0.0971612
0.134784
0.179451
0.236389
0.312155
0.400692
0.488607
0.588465
0.743263
0.981326
1.31561
1.6862
2.00257
2.1809
2.20148
2.09068
1.81252
1.53492
1.34203
1.00438
0.451125
0.123314
0.0687827
0.0212699
0.024722
0.0274615
0.037737
0.0550644
0.0621771
0.0185983
0.0191413
0.0200303
0.0210698
0.0223878
0.0236689
0.0247333
0.025567
0.0260999
0.0261695
0.0257298
0.0241489
0.0207725
0.0164582
0.0124892
0.00953476
0.00737985
0.00578706
0.00440887
0.00369014
0.00422952
0.00710217
0.0158562
0.0306535
0.0357354
0.0355832
0.0335175
0.0336669
0.038216
0.0442482
0.0549891
0.060349
0.0459835
0.0185166
0.00715495
0.00346033
0.00276838
0.00292061
0.00347496
0.00404131
0.00481918
0.00582848
0.00720033
0.00909983
0.0118065
0.0157791
0.0217219
0.030866
0.0451394
0.0662788
0.0955477
0.132753
0.177541
0.234476
0.308539
0.393433
0.479553
0.581605
0.73866
0.986738
1.33921
1.72653
2.03741
2.18414
2.15809
2.02704
1.79238
1.53681
1.37214
1.1957
0.738874
0.26018
0.121367
0.0497103
0.0415381
0.0493984
0.0778182
0.113406
0.0423699
0.0237935
0.0243539
0.0251149
0.0260099
0.0269937
0.0277877
0.0286053
0.0294393
0.0297376
0.029258
0.0277612
0.0247422
0.0203796
0.0157254
0.0119682
0.00927553
0.00724212
0.00573163
0.00437661
0.00366674
0.00418128
0.00692632
0.0152714
0.0300787
0.0358274
0.0358462
0.0338346
0.033568
0.0385254
0.0462581
0.0593772
0.0663901
0.0549557
0.0220405
0.00816631
0.00370295
0.00287758
0.00301737
0.00360877
0.00419452
0.00499971
0.00603717
0.00743839
0.00936357
0.0120856
0.0160549
0.0219756
0.0309909
0.0449362
0.065498
0.094014
0.130662
0.175336
0.231833
0.303664
0.3851
0.470608
0.575597
0.734584
0.987808
1.35344
1.76084
2.07231
2.19055
2.11812
1.95532
1.75055
1.51714
1.35462
1.25436
1.01121
0.500423
0.245447
0.128966
0.102581
0.106667
0.146244
0.1326
0.0255012
0.0299294
0.0304816
0.0310334
0.031552
0.0318803
0.0322107
0.0329939
0.0337428
0.0334685
0.0319148
0.0288414
0.0245189
0.0195142
0.0148967
0.0115418
0.00904611
0.00711365
0.00567165
0.00433733
0.00365623
0.00414623
0.00675724
0.0146418
0.0292711
0.035784
0.0359675
0.0341331
0.0335673
0.0385712
0.0476717
0.0632416
0.0729319
0.0650818
0.0261727
0.00931049
0.00395546
0.00298321
0.00311093
0.00374117
0.004349
0.0051856
0.00625681
0.0076961
0.0096606
0.0124184
0.0164115
0.0223394
0.0312652
0.0449092
0.0649316
0.0926898
0.128684
0.173037
0.228775
0.298208
0.376802
0.46271
0.57067
0.729902
0.983252
1.35778
1.78588
2.10481
2.19813
2.08257
1.87952
1.68857
1.47869
1.30731
1.22741
1.12216
0.791979
0.454003
0.29804
0.226267
0.220655
0.215695
0.0986785
0.0178231
0.0374847
0.0379778
0.038127
0.0378766
0.0373719
0.0374185
0.0381245
0.0382304
0.0368201
0.0333984
0.0288033
0.023598
0.018348
0.0141843
0.0111535
0.00882116
0.00697668
0.00559361
0.00428233
0.00365485
0.00412143
0.00659512
0.0139801
0.0282439
0.0355573
0.0359492
0.0344463
0.0336594
0.0384538
0.0482758
0.0657755
0.0804514
0.0760369
0.0309863
0.010593
0.00421522
0.00308413
0.00320072
0.00387091
0.00450333
0.00537503
0.00648536
0.00797143
0.00998945
0.0128054
0.0168557
0.0228275
0.0316982
0.0450782
0.0646616
0.0917262
0.127051
0.170975
0.225873
0.293164
0.369753
0.456621
0.566807
0.724072
0.97371
1.35273
1.79779
2.13122
2.20425
2.05125
1.80375
1.60932
1.42156
1.24708
1.14634
1.10495
0.939623
0.677321
0.494362
0.37613
0.307094
0.203963
0.060867
0.0144593
0.0474587
0.0477354
0.0471844
0.0456986
0.0441453
0.0436662
0.0436356
0.042332
0.0386536
0.0334106
0.0277601
0.0220708
0.0170999
0.0135326
0.0107649
0.0085771
0.00681658
0.0054885
0.00421142
0.00365564
0.00410939
0.00644174
0.0133001
0.0270149
0.035129
0.0357697
0.0348063
0.0339154
0.0381728
0.0481224
0.0664874
0.0870398
0.0872761
0.0365711
0.0120125
0.00447857
0.00317942
0.00328644
0.00399683
0.00465593
0.00556589
0.00672034
0.00826178
0.0103478
0.0132457
0.0173903
0.0234521
0.0323139
0.0455174
0.0647604
0.0912871
0.126044
0.169603
0.223892
0.289616
0.364977
0.452796
0.563617
0.716519
0.959949
1.33976
1.79909
2.1462
2.20647
2.02288
1.73141
1.51904
1.34679
1.1784
1.05288
0.996821
0.928349
0.763838
0.596829
0.441965
0.303298
0.152918
0.0402976
0.013189
0.0600693
0.0599337
0.058363
0.0550312
0.052019
0.0503079
0.0485689
0.0446222
0.0386858
0.0320719
0.0258005
0.0202619
0.0160327
0.0128815
0.0103433
0.00829386
0.00662272
0.00535188
0.00413035
0.0036642
0.00410981
0.0062973
0.0126179
0.0256084
0.0344793
0.0354687
0.0351889
0.0344443
0.0380419
0.0474744
0.0652271
0.0913946
0.0982321
0.0430374
0.0135527
0.00474057
0.00326821
0.00336783
0.00411747
0.00480481
0.0057555
0.0069585
0.00856352
0.0107319
0.0137374
0.0180181
0.0242213
0.0331428
0.0462638
0.0652992
0.0914952
0.12595
0.169421
0.223572
0.288397
0.363019
0.45111
0.55997
0.706106
0.942576
1.32143
1.78943
2.14954
2.20215
1.99464
1.66401
1.42522
1.25965
1.10172
0.963045
0.872124
0.810465
0.708838
0.56813
0.41131
0.252219
0.102011
0.0307144
0.0128877
0.07383
0.0731615
0.0700471
0.0644635
0.0596017
0.0559626
0.0515701
0.0448323
0.0370506
0.0296569
0.02339
0.0184838
0.0149778
0.0121806
0.00986109
0.00795652
0.00639069
0.00518494
0.00405118
0.003685
0.00412286
0.00616403
0.0119435
0.0240703
0.0335777
0.0350743
0.0355459
0.0352995
0.0382514
0.0466474
0.062999
0.0929811
0.108801
0.0502927
0.0151751
0.00499507
0.00334985
0.00344503
0.00423158
0.00494808
0.0059412
0.0071965
0.00887274
0.0111378
0.0142774
0.0187412
0.0251344
0.0341971
0.0473583
0.0664157
0.0924528
0.126812
0.170488
0.224867
0.289408
0.363556
0.450652
0.55405
0.691201
0.921537
1.30038
1.77217
2.13955
2.18668
1.96315
1.60101
1.33448
1.16718
1.01969
0.878813
0.762633
0.675514
0.585318
0.469185
0.326437
0.182127
0.0727788
0.0266335
0.0130317
0.0865804
0.0851486
0.0799133
0.0721055
0.065452
0.0594037
0.0520791
0.0430267
0.0342313
0.0267241
0.0208955
0.0168668
0.013881
0.0114039
0.00930741
0.0075624
0.00612212
0.00499412
0.00398165
0.00372337
0.0041533
0.00604553
0.0112934
0.0224625
0.0324231
0.0345461
0.0358249
0.0364797
0.0389905
0.0460887
0.0606005
0.0925444
0.118653
0.0579958
0.0168243
0.00523458
0.00342353
0.00351808
0.00433748
0.00508326
0.00611946
0.00742981
0.00918396
0.0115593
0.0148602
0.0195496
0.0261803
0.0354718
0.0488451
0.0681402
0.0943614
0.128951
0.173163
0.228059
0.292403
0.365649
0.449747
0.543769
0.670474
0.896513
1.27866
1.75118
2.11658
2.15754
1.92483
1.54024
1.25083
1.0763
0.936812
0.799265
0.671342
0.564186
0.466757
0.362452
0.244542
0.133663
0.0578087
0.024875
0.0134291
0.0973099
0.094561
0.0868512
0.0772426
0.0687795
0.0599276
0.0500461
0.0397742
0.0308397
0.0237141
0.0185794
0.0152923
0.0127282
0.0105511
0.00868627
0.00712091
0.00582838
0.00479408
0.00394139
0.00378713
0.0042056
0.00594553
0.0106833
0.020859
0.031036
0.0338666
0.0359589
0.0379203
0.0404421
0.0459982
0.0583051
0.0902387
0.127285
0.0658236
0.0184341
0.00545049
0.00348893
0.00358763
0.0044342
0.00520862
0.00628764
0.00765479
0.00949253
0.0119909
0.0154805
0.0204211
0.0273334
0.0369505
0.0507526
0.0704936
0.0971575
0.132332
0.177247
0.232629
0.296519
0.367832
0.446384
0.527857
0.64412
0.867979
1.25796
1.73023
2.084
2.11419
1.87661
1.47927
1.17545
0.992443
0.857703
0.725437
0.594273
0.478768
0.378011
0.282963
0.188116
0.105164
0.0500878
0.0241719
0.0139584
0.106746
0.10213
0.0918842
0.0799306
0.0689488
0.0574643
0.0461773
0.0358332
0.0273768
0.0209039
0.0165562
0.0137667
0.0115515
0.00965799
0.00803016
0.0066566
0.00552357
0.00460612
0.00394396
0.00388515
0.00428642
0.00586661
0.010123
0.0193343
0.0294578
0.033021
0.0359162
0.039491
0.0424214
0.0463062
0.0562528
0.0872513
0.134404
0.0734835
0.0199188
0.00563171
0.0035436
0.00365193
0.0045201
0.00532148
0.00644179
0.00786602
0.0097914
0.0124234
0.0161222
0.0213257
0.0285656
0.0386254
0.0530602
0.0734188
0.100713
0.136611
0.18208
0.237546
0.300176
0.368049
0.438501
0.506667
0.614552
0.838232
1.24049
1.7124
2.04575
2.05853
1.81669
1.41636
1.10755
0.918449
0.786133
0.659158
0.529196
0.412545
0.314518
0.229384
0.152365
0.0884756
0.0457873
0.0239616
0.0145643
0.116867
0.109382
0.0950748
0.0792391
0.0657768
0.0527056
0.0414442
0.0317948
0.0241348
0.0184229
0.0147711
0.012345
0.0104149
0.00877679
0.00737773
0.0062031
0.00524058
0.00447868
0.00402578
0.00404196
0.00441591
0.00580989
0.00960734
0.0179266
0.0277981
0.0320413
0.0356853
0.0410241
0.0447322
0.0469574
0.0545428
0.084104
0.140542
0.0807367
0.0211737
0.00576715
0.0035848
0.00370875
0.00459534
0.00542127
0.00658068
0.00806112
0.0100761
0.0128483
0.0167522
0.0222283
0.0298548
0.0405119
0.0556814
0.0767694
0.104776
0.141341
0.186974
0.241848
0.302117
0.365228
0.425809
0.483023
0.585843
0.81257
1.23087
1.69974
2.00542
1.99515
1.74566
1.35139
1.04628
0.854955
0.724221
0.601939
0.475437
0.361117
0.268391
0.192979
0.129264
0.0781002
0.0432032
0.0239965
0.0151686
0.127687
0.114249
0.0938631
0.075027
0.0602248
0.0472371
0.0368405
0.0281647
0.021355
0.0163888
0.0132264
0.0110689
0.00937266
0.00796545
0.0067841
0.00580344
0.00501671
0.00445381
0.00423574
0.00431393
0.00461713
0.00576395
0.0091218
0.0166561
0.0261837
0.0309978
0.0352465
0.0423395
0.0470732
0.0477656
0.053213
0.0813829
0.145913
0.0874785
0.0220379
0.00583857
0.00361182
0.00375734
0.00465852
0.00550557
0.00670048
0.00823372
0.0103355
0.0132462
0.0173534
0.0231245
0.0311857
0.0424706
0.0584031
0.0802448
0.108945
0.146007
0.191382
0.245064
0.301998
0.358717
0.410794
0.461324
0.562473
0.799989
1.23062
1.69264
1.96574
1.92923
1.66732
1.28612
0.991663
0.801621
0.672626
0.55453
0.432597
0.322326
0.235185
0.1679
0.113848
0.0713339
0.0416093
0.0241725
0.0157477
0.132356
0.110877
0.0876387
0.0686322
0.0540676
0.0421901
0.0328279
0.0250995
0.0190637
0.0147941
0.0120061
0.0100448
0.00853696
0.00732575
0.00632544
0.00551716
0.0049279
0.00461007
0.0046769
0.00483322
0.00490965
0.00570521
0.0086455
0.0155298
0.0247123
0.0299641
0.034691
0.0432977
0.0490807
0.0485047
0.052361
0.0793634
0.15108
0.0937393
0.0223941
0.00584248
0.00362326
0.00379568
0.00471074
0.00557484
0.00680061
0.00838006
0.0105578
0.0135894
0.0178793
0.0239251
0.0324031
0.0442911
0.0609535
0.0835084
0.112821
0.15021
0.195082
0.247281
0.300424
0.351686
0.399921
0.446648
0.55057
0.804724
1.24216
1.68928
1.92941
1.86575
1.58985
1.22508
0.945261
0.75813
0.631279
0.516992
0.400134
0.294845
0.212818
0.151528
0.103995
0.0671328
0.0407577
0.0244568
0.0162861
0.135234
0.106755
0.0832641
0.0645894
0.0503835
0.0392167
0.0304043
0.0231597
0.0175513
0.0136627
0.0111306
0.00930048
0.00793223
0.00687994
0.00602653
0.0053625
0.0049936
0.00502868
0.00534148
0.00545643
0.00516029
0.00560805
0.00818436
0.014573
0.0234987
0.029184
0.0342616
0.0439334
0.0505734
0.0491772
0.0520072
0.0779666
0.156703
0.0988579
0.0222278
0.00576297
0.00362356
0.00382386
0.00474983
0.00562463
0.00687411
0.00849013
0.0107287
0.0138591
0.0183083
0.0246182
0.0335403
0.0461111
0.0636403
0.0870972
0.117296
0.155445
0.200551
0.252404
0.30366
0.353792
0.397944
0.439141
0.553408
0.829674
1.25781
1.68534
1.8989
1.81139
1.52461
1.1754
0.910622
0.724668
0.599954
0.488979
0.377046
0.276989
0.199512
0.142333
0.0986946
0.0650339
0.0405016
0.0247771
0.0167173
0.127283
0.0985299
0.0775096
0.0601979
0.0470263
0.0366455
0.0283942
0.0216999
0.0166027
0.0130329
0.0106225
0.00886631
0.00758978
0.00659979
0.00581562
0.00522855
0.00494793
0.0050419
0.00537344
0.00536511
0.00496458
0.00541727
0.00782079
0.0138778
0.0225073
0.0284477
0.0337728
0.0439962
0.051163
0.049438
0.0515536
0.0772229
0.161394
0.101869
0.0217733
0.00563662
0.00361521
0.00383918
0.00477982
0.00565685
0.0069129
0.00853692
0.010787
0.0139319
0.0183975
0.024733
0.0336998
0.0463249
0.0638732
0.0872696
0.117248
0.154989
0.199291
0.249951
0.299263
0.346877
0.386303
0.437643
0.571526
0.856348
1.26358
1.68042
1.88042
1.77801
1.48709
1.14784
0.890531
0.705118
0.581205
0.471933
0.363142
0.266727
0.192381
0.137688
0.0961543
0.064107
0.0404603
0.0249839
0.0169804
)
;

boundaryField
{
    inletFace
    {
        type            zeroGradient;
    }
    inlet
    {
        type            fixedValue;
        value           uniform 2040;
    }
    inletWalls
    {
        Cmu             0.09;
        kappa           0.41;
        E               9.8;
        type            epsilonWallFunction;
        value           nonuniform List<scalar> 
30
(
0.0801889
0.0142385
0.00130957
0.000514722
0.00165767
0.00202355
0.000863621
0.000230846
0.000202113
0.000159946
0.000191233
0.000311418
0.000685484
0.00210052
0.00304591
0.322551
0.33456
0.35019
0.347508
0.353386
0.359844
0.359974
0.344996
0.310043
0.258643
0.202296
0.153887
0.113569
0.0829152
0.0567065
)
;
    }
    outletInlet
    {
        type            cyclicAMI;
        value           nonuniform List<scalar> 
15
(
0.00875984
0.010008
0.0113945
0.0146487
0.0202855
0.0262294
0.0453394
0.0674476
0.0895098
0.0964179
0.123253
0.162569
0.295473
0.469507
0.168292
)
;
    }
    fineSymmetryWall
    {
        type            symmetryPlane;
    }
    fineWalls
    {
        Cmu             0.09;
        kappa           0.41;
        E               9.8;
        type            epsilonWallFunction;
        value           nonuniform List<scalar> 
160
(
0.00141387
0.000873914
0.000709815
0.000911667
0.000560279
0.000755797
0.000474272
0.000409227
0.000572982
0.000361123
0.000325572
0.000476523
0.000300192
0.000449876
0.000287233
0.000270554
0.000413388
0.000262537
0.000406233
0.000260829
0.000252642
0.00039678
0.000253229
0.000248025
0.000394127
0.000251987
0.000402715
0.000259759
0.000259191
0.000419094
0.000268331
0.000435192
0.000280875
0.000282367
0.00045988
0.000295107
0.000297103
0.000483792
0.000309401
0.000504366
0.00032495
0.000328029
0.000535177
0.000341506
0.000558029
0.000358654
0.000362304
0.000592214
0.000379965
0.000383997
0.000627673
0.000398292
0.000652469
0.000416893
0.000420714
0.000688313
0.000434514
0.000712593
0.000452996
0.000455863
0.000746657
0.00047235
0.000474467
0.000776766
0.000485913
0.000797393
0.00050275
0.000503338
0.000824426
0.000513092
0.000842322
0.000528818
0.000527766
0.00086507
0.000538494
0.000536491
0.000878905
0.000543886
0.000892904
0.000558094
0.0381912
0.0228445
0.0371766
0.0364805
0.0362306
0.0215064
0.0351974
0.0345673
0.0343355
0.0203988
0.0337025
0.0332518
0.0194978
0.0319613
0.0312904
0.0309215
0.018177
0.0300107
0.0294876
0.0171497
0.0280752
0.0273767
0.0268737
0.0156073
0.0255152
0.024835
0.024312
0.0140679
0.0229544
0.0223314
0.0127906
0.0207706
0.0201571
0.0196441
0.0113271
0.0183464
0.0178176
0.0102557
0.0164592
0.015932
0.0154788
0.00898194
0.0143322
0.0138906
0.0135239
0.00797611
0.0127514
0.0124781
0.00754847
0.0120732
0.0119024
0.0118259
0.00752508
0.0115086
0.0110524
0.0106599
0.00652249
0.00964425
0.00921281
0.00542458
0.00776146
0.00725754
0.00684614
0.00382246
0.00564469
0.00538507
0.00299905
0.00515119
0.00522322
0.00536557
0.00316888
0.00573244
0.00581474
0.00591819
0.00337936
0.00603282
0.00608917
0.00343589
0.00609978
0.00613543
)
;
    }
    fineCyclicBoundary
    {
        type            zeroGradient;
    }
    fineplug
    {
        type            cyclicAMI;
        value           nonuniform List<scalar> 
80
(
0.00895091
0.00879997
0.00884253
0.00722292
0.0100692
0.00988361
0.00966077
0.00994203
0.0100383
0.0102826
0.0102579
0.0100662
0.00825899
0.0129678
0.0136784
0.0137457
0.0142047
0.0144339
0.0147993
0.0150927
0.0155065
0.0132743
0.0202972
0.0211631
0.0215484
0.0224902
0.0232772
0.0244107
0.0253908
0.0266541
0.028159
0.0271386
0.0390956
0.0409678
0.0437872
0.0473973
0.0516656
0.056974
0.062193
0.0676056
0.0572028
0.0807719
0.0868635
0.0893137
0.0914728
0.0894837
0.0862033
0.0918701
0.0924808
0.0709769
0.103292
0.10708
0.110326
0.123375
0.123786
0.127828
0.125664
0.131194
0.113627
0.157103
0.163717
0.164261
0.169241
0.173332
0.294013
0.293172
0.292957
0.292559
0.30323
0.444827
0.498619
0.480982
0.461313
0.438139
0.336951
0.16484
0.167056
0.200472
0.150258
0.142593
)
;
    }
    faceFine
    {
        type            zeroGradient;
    }
}


// ************************************************************************* //
