/*--------------------------------*- C++ -*----------------------------------*\
| =========                 |                                                 |
| \\      /  F ield         | OpenFOAM: The Open Source CFD Toolbox           |
|  \\    /   O peration     | Version:  4.1                                   |
|   \\  /    A nd           | Web:      www.OpenFOAM.org                      |
|    \\/     M anipulation  |                                                 |
\*---------------------------------------------------------------------------*/
FoamFile
{
    version     2.0;
    format      ascii;
    class       volScalarField;
    location    "14";
    object      p;
}
// * * * * * * * * * * * * * * * * * * * * * * * * * * * * * * * * * * * * * //

dimensions      [0 2 -2 0 0 0 0];

internalField   nonuniform List<scalar> 
6785
(
1028.6
962.183
911.222
861.241
814.987
771.518
730.698
692.271
656.077
621.645
588.522
558.001
530.179
496.592
462.339
479.862
462.122
465.838
461.112
457.971
454.614
451.712
449.433
447.977
447.472
447.849
449.317
452.706
456.746
458.081
437.038
431.483
441.422
440.305
443.812
445.919
448.314
450.493
452.517
454.372
455.984
457.183
458.053
459.326
461.118
491.874
489.93
495.106
491.51
492.596
491.399
490.821
490.066
489.438
488.914
488.5
488.092
487.515
487.278
488.779
497.131
495.415
498.435
495.525
497.395
496.788
497.43
497.804
498.406
498.973
499.445
499.752
499.902
500.123
500.728
488.78
486.853
488.954
486.57
488.336
487.435
488.01
487.929
488.043
487.924
487.713
487.338
486.521
485.557
484.924
476.252
474.396
475.499
473.039
473.839
472.11
471.765
470.657
469.758
468.762
467.929
467.231
466.322
465.705
465.998
466.821
465.753
466.762
464.748
465.524
464.106
463.935
463.177
462.611
462.078
461.752
461.69
461.805
462.217
463.299
468.447
468.586
469.851
468.733
469.912
469.402
469.853
469.944
470.149
470.395
470.719
471.107
471.643
472.136
473.186
476.481
477.457
478.73
478.282
479.579
479.587
480.32
480.791
481.333
481.894
482.482
483.049
483.699
484.209
484.953
485.991
487.273
488.289
488.031
489.161
489.226
489.864
490.279
490.743
491.218
491.712
492.184
492.74
493.156
493.807
494.438
495.782
496.499
496.292
497.209
497.226
497.742
498.062
498.446
498.843
499.27
499.699
500.218
500.607
501.27
509.205
509.899
509.736
509.263
509.645
509.134
509.072
508.715
508.426
508.171
508.026
508.039
508.237
508.42
508.741
512.721
513.803
512.431
510.279
508.709
507.003
506.048
505.275
505.042
504.972
505.072
505.202
505.248
505.105
504.787
549.28
546.859
540.366
532.96
526.629
520.644
515.853
512.186
508.904
505.593
502.007
498.862
496.393
494.763
492.735
498.766
498.735
498.771
498.762
498.766
498.74
498.774
498.759
498.774
498.739
498.775
498.725
498.803
498.761
498.727
498.745
498.742
498.774
498.684
498.844
498.756
498.697
498.713
498.767
498.761
498.683
498.702
498.749
498.779
498.628
498.861
498.758
498.645
498.674
498.735
498.784
498.602
498.866
498.77
498.647
498.685
498.827
498.788
498.675
498.733
498.86
498.927
498.735
499.033
499.105
499.025
499.158
499.338
499.635
499.629
499.833
499.921
500.401
500.418
500.401
501.125
501.094
501.282
501.115
501.747
501.823
501.992
502.145
501.692
502.605
502.133
498.411
497.066
499.172
496.487
484.74
491.424
486.832
457.548
469.819
478.713
479.761
482.517
466.848
475.642
479.831
480.81
482.21
483.245
483.409
483.6
485.37
477.771
476.102
476.589
477.124
477.723
477.693
477.391
477.14
479.148
475.322
472.671
472.836
471.834
472.089
473.886
474.162
472.972
472.181
472.724
474.842
473.736
472.884
471.452
469.803
470.589
471.967
470.744
468.517
467.475
475.045
475.985
475.553
473.171
471.136
469.296
469.127
467.824
471.475
481.013
477.535
476.975
475.702
473.909
472.418
469.988
466.563
469.535
484.926
481.407
480.335
478.256
475.577
473.781
473.037
471.58
470.763
466.16
480.018
477.598
478.032
478.087
477.159
473.488
473.172
476.552
466.384
481.445
480.266
481.736
483.632
483.887
484.035
478.448
478.798
472.114
473.864
465.443
450.31
461.761
447.137
432.028
433.424
422.525
444.579
424.426
406.937
413.094
404.665
433.228
417.358
393.106
428.426
415.864
400.022
409.442
405.593
430.795
419.371
408.674
416.917
415.369
432.35
426.714
418.034
432.859
430.241
425.686
429.523
429.382
435.353
433.344
431.658
433.197
433.177
436.035
433.972
433.104
435.781
431.69
428.186
428.096
424.638
430.438
428.753
422.771
427.631
425.424
435.762
441.698
437.19
454.88
461.415
456.432
479.034
482.695
491.102
499.971
449.997
533.99
568.468
281.385
453.86
635.379
20.4508
-54.4493
-470.783
-368.436
611.948
-0.00102134
-0.00458432
-0.000215702
0.00141738
0.00289242
0.00456767
0.006299
0.00826948
0.0105132
0.0130651
0.0160184
0.0186413
0.0205385
0.0215539
0.0191067
0.0158823
0.0324468
0.0716233
0.112121
0.131544
0.142356
0.145439
0.116607
0.0736827
0.0522559
0.0443069
0.0354455
0.0303668
0.0343174
0.0498766
0.0855082
0.132183
0.170623
0.189531
0.205308
0.235261
0.260871
0.260336
0.242255
0.226561
0.225601
0.234015
0.24979
0.268376
0.28964
0.315287
0.352811
0.406732
0.483393
0.597278
0.752062
0.902387
0.971703
0.950685
0.917393
0.926767
0.962405
0.993087
1.01662
1.03531
1.0379
1.03116
1.21671
1.9837
3.11143
3.86499
3.83904
3.27773
2.63404
2.95817
2.93077
2.2612
2.24994
3.63904
7.72472
17.5635
40.9451
72.1197
110.917
-8.92704e-05
-0.00774969
0.00488038
0.00972068
0.0142835
0.0196114
0.0252472
0.0317467
0.039237
0.0476615
0.0570567
0.0657706
0.0721483
0.0773819
0.0853561
0.100041
0.128059
0.141339
0.15292
0.213514
0.291207
0.336125
0.347936
0.339949
0.31494
0.284285
0.245839
0.207456
0.193996
0.199736
0.242134
0.304279
0.374047
0.437225
0.484929
0.528521
0.569085
0.587515
0.592937
0.603595
0.63449
0.67712
0.731563
0.79402
0.870622
0.966352
1.09318
1.25869
1.47417
1.74737
2.05989
2.3609
2.60672
2.83454
3.14569
3.57493
4.0808
4.61122
5.10512
5.44585
5.49566
5.16346
5.00067
6.35486
8.84242
10.5875
10.6936
8.97918
5.02077
3.37653
4.61678
5.22061
5.18913
5.05637
5.17169
5.13633
4.7557
-8.86638
254.257
-0.001074
-0.0130717
0.00659756
0.0151206
0.0231189
0.0323597
0.0420453
0.0530835
0.0657054
0.0797929
0.095391
0.110226
0.121954
0.132215
0.144271
0.159747
0.19424
0.231081
0.280764
0.388886
0.519664
0.601804
0.620718
0.610713
0.572095
0.517246
0.44694
0.374141
0.354945
0.367915
0.44331
0.557941
0.687065
0.805162
0.902374
0.9921
1.06917
1.10773
1.12501
1.15387
1.21884
1.30695
1.41815
1.54483
1.69825
1.89154
2.14709
2.47566
2.89349
3.40777
3.99099
4.5707
5.06992
5.51775
6.04732
6.71504
7.46791
8.22077
8.88264
9.30265
9.30065
8.7645
8.71142
11.3978
16.0183
19.2905
19.5832
16.3946
9.17888
5.5871
7.50608
8.56861
8.90706
9.90037
11.3078
13.6704
20.4335
18.9297
446.364
-0.00106415
-0.0162633
0.0100843
0.0223924
0.0338353
0.0470607
0.0609439
0.0767065
0.0947167
0.114721
0.136606
0.157587
0.174507
0.189781
0.209559
0.235098
0.277662
0.319238
0.383624
0.532048
0.715239
0.836434
0.879186
0.882551
0.833574
0.754327
0.652633
0.542548
0.513223
0.529501
0.628483
0.779863
0.953338
1.11534
1.24714
1.36211
1.46282
1.52106
1.55776
1.61167
1.71139
1.83979
1.99886
2.18014
2.39993
2.67546
3.03524
3.49567
4.07905
4.78762
5.57602
6.3562
7.05631
7.73844
8.56051
9.56505
10.6734
11.7746
12.7432
13.3722
13.4141
12.7128
12.7075
16.4176
22.5981
26.9238
27.3906
23.1168
13.0939
7.63092
9.97804
11.6582
12.7911
15.3737
20.5418
31.8145
62.8191
103.547
526.512
-0.00141369
-0.0192783
0.0130362
0.0293098
0.0443827
0.0617427
0.0799884
0.100617
0.124136
0.150145
0.178315
0.205475
0.227976
0.248595
0.274258
0.306617
0.359936
0.419162
0.50765
0.691317
0.921684
1.08152
1.14282
1.15244
1.09139
0.987743
0.853324
0.70434
0.666784
0.693934
0.823942
1.0176
1.23529
1.43684
1.60297
1.74846
1.87767
1.95772
2.01583
2.09721
2.2341
2.40622
2.61736
2.85791
3.14877
3.51175
3.98202
4.58191
5.3382
6.24903
7.25467
8.25138
9.16227
10.0681
11.1475
12.4416
13.8565
15.2562
16.4859
17.3024
17.4073
16.6093
16.782
21.6135
29.3629
34.785
35.5323
30.3024
17.7651
10.5337
13.0162
15.1024
16.8501
20.6813
28.8475
47.2173
96.089
161.395
493.602
-0.00138044
-0.0212873
0.0166528
0.0370334
0.0558086
0.0773548
0.100079
0.125717
0.154902
0.187082
0.221628
0.255057
0.283276
0.309548
0.342409
0.384008
0.447999
0.522196
0.632316
0.848507
1.12307
1.32154
1.40524
1.42267
1.34946
1.22144
1.05188
0.861388
0.812964
0.853366
1.01516
1.24868
1.50613
1.74113
1.93465
2.10401
2.25854
2.36036
2.4422
2.55329
2.7276
2.94187
3.20221
3.49896
3.85732
4.30246
4.87516
5.60447
6.52129
7.61871
8.82028
10.0073
11.1099
12.2417
13.599
15.2091
16.9577
18.6854
20.2125
21.2665
21.4952
20.6643
21.0736
26.9606
36.0473
42.396
43.4756
37.5358
22.8465
13.8782
16.1859
18.605
21.2553
26.5857
37.9311
62.6836
124.735
209.721
490.305
-0.00138436
-0.0228135
0.0203784
0.0449969
0.0676161
0.0934488
0.120776
0.151564
0.186552
0.225041
0.266059
0.305865
0.340083
0.372309
0.41205
0.462697
0.539023
0.631537
0.764864
1.01089
1.3266
1.56337
1.66927
1.6921
1.60558
1.45339
1.2461
1.012
0.951296
1.00922
1.20706
1.4814
1.77581
2.03912
2.25667
2.44957
2.63071
2.75569
2.864
3.00745
3.22069
3.47821
3.78848
4.14223
4.56868
5.09627
5.77118
6.62878
7.7033
8.98276
10.3746
11.747
13.0391
14.3945
16.0225
17.9392
20.0136
22.0645
23.8918
25.2077
25.6084
24.8143
25.5481
32.481
42.787
50.0313
51.5572
45.1251
28.6123
17.9573
19.8572
22.4647
26.0682
33.2829
48.7118
81.0736
156.423
257.092
450.897
-0.00122773
-0.0237403
0.0244736
0.0534773
0.0800683
0.110269
0.142295
0.178346
0.219259
0.264204
0.311824
0.358153
0.398593
0.43713
0.484371
0.544887
0.633823
0.744775
0.901469
1.17596
1.53037
1.80498
1.93434
1.9612
1.86025
1.68404
1.43628
1.15566
1.08023
1.15762
1.39475
1.71031
2.03905
2.32557
2.56249
2.77626
2.98367
3.13237
3.26907
3.44642
3.69892
3.99904
4.35791
4.76723
5.25996
5.86734
6.64064
7.62142
8.8469
10.2994
11.8698
13.4142
14.8873
16.4676
18.3735
20.6059
23.0158
25.4005
27.5457
29.163
29.7949
29.1132
30.2523
38.1883
49.5592
57.6404
59.7205
53.0489
35.0751
22.7729
24.0082
26.7087
31.4441
40.8805
61.062
101.588
188.531
300.979
426.015
-0.00101646
-0.0242426
0.0287802
0.0623204
0.0930369
0.12772
0.164554
0.205967
0.252911
0.304444
0.358811
0.411827
0.458748
0.503912
0.558814
0.629554
0.731961
0.862361
1.04296
1.34491
1.73594
2.04774
2.20097
2.2295
2.11272
1.91251
1.6215
1.2914
1.19939
1.29768
1.57772
1.93568
2.29655
2.60164
2.85446
3.08825
3.32286
3.4964
3.66383
3.8769
4.16947
4.5124
4.91953
5.38405
5.94239
6.62861
7.49869
8.59976
9.97169
11.5907
13.3312
15.0396
16.6902
18.4954
20.6788
23.2269
25.9734
28.6947
31.169
33.1239
34.0454
33.5578
35.1876
44.0836
56.3977
65.3077
68.0783
61.4328
42.375
28.5071
28.8789
31.5525
37.594
49.6399
75.0294
123.437
219.295
341.802
397.733
-0.000622447
-0.0242924
0.0333284
0.071577
0.106582
0.145868
0.187619
0.234479
0.287537
0.345775
0.407063
0.466944
0.520578
0.572713
0.635714
0.717141
0.833403
0.983561
1.18845
1.51747
1.94342
2.29165
2.46925
2.49692
2.36314
2.13864
1.80096
1.41824
1.30775
1.42714
1.75308
2.15495
2.54642
2.86581
3.13118
3.38401
3.64652
3.84578
4.04581
4.2957
4.62859
5.01385
5.46824
5.98689
6.60946
7.37265
8.33689
9.55443
11.0676
12.8457
14.7471
16.6103
18.4341
20.465
22.929
25.7972
28.885
31.9478
34.7646
37.096
38.368
38.162
40.3654
50.1658
63.3124
73.0565
76.6611
70.3297
50.5951
35.2807
34.6246
37.1864
44.7587
59.8291
90.7677
146.508
248.606
377.481
374.26
5.68612e-05
-0.0238617
0.0380651
0.0811832
0.12066
0.164687
0.211482
0.263875
0.323118
0.38816
0.456548
0.523479
0.58407
0.643476
0.714895
0.807402
0.938024
1.1083
1.33787
1.69391
2.1534
2.53717
2.73932
2.76319
2.61171
2.36171
1.97348
1.53492
1.40469
1.54492
1.9191
2.36653
2.78757
3.11757
3.393
3.66471
3.95623
4.18229
4.41686
4.70469
5.07825
5.50561
6.0065
6.57848
7.26423
8.10306
9.15948
10.4903
12.14
14.0705
16.1246
18.1351
20.1291
22.386
25.1311
28.3209
31.752
35.1585
38.3288
41.0735
42.7554
42.9221
45.7773
56.4231
70.3201
80.9317
85.5289
79.8142
59.8336
43.2515
41.4825
43.86
53.1955
71.6625
108.26
170.505
275.865
404.894
383.22
0.00127617
-0.0227569
0.0430318
0.0911193
0.135271
0.184188
0.236166
0.294182
0.359678
0.431612
0.507254
0.581425
0.649231
0.716212
0.796415
0.900382
1.04571
1.23631
1.49094
1.87422
2.36623
2.78453
3.01113
3.02832
2.85902
2.58103
2.13787
1.63971
1.48919
1.65015
2.07393
2.56838
3.01849
3.35604
3.6397
3.93051
4.25213
4.506
4.77675
5.1032
5.51742
5.98634
6.53273
7.15702
7.90465
8.81749
9.96373
11.4043
13.1858
15.2618
17.4604
19.6112
21.7725
24.2554
27.2827
30.7963
34.5728
38.3242
41.8579
45.0494
47.1981
47.83
51.4071
62.8396
77.4326
88.9614
94.7162
89.9336
70.1586
52.5391
49.6487
51.8309
63.1568
85.2929
127.328
194.843
300.46
422.304
418.61
0.00335609
-0.0206685
0.0483331
0.101358
0.150378
0.204358
0.261671
0.325416
0.397234
0.476136
0.559154
0.640749
0.716044
0.790901
0.880201
0.995985
1.15637
1.3675
1.64759
2.0585
2.58225
3.03396
3.28472
3.2927
3.10538
2.79603
2.29285
1.73082
1.56035
1.74271
2.21676
2.75898
3.23784
3.5806
3.87159
4.18229
4.53516
4.81787
5.12632
5.49193
5.94674
6.45672
7.04769
7.7233
8.53161
9.51693
10.7508
12.2978
14.2062
16.4214
18.7568
21.0414
23.3676
26.0758
29.3851
33.2233
37.3459
41.4415
45.3455
49.0115
51.679
52.867
57.2263
69.3943
84.6594
97.1701
104.25
100.724
81.6169
63.2371
59.2828
61.3506
74.8574
100.787
147.708
218.965
322.656
428.836
442.303
0.00669367
-0.0171777
0.0541997
0.111946
0.16596
0.22519
0.288005
0.357596
0.435811
0.521745
0.61223
0.701422
0.784477
0.867535
0.966248
1.09416
1.2699
1.50176
1.80779
2.24676
2.80168
3.28573
3.56038
3.55711
3.35091
3.00668
2.43756
1.80711
1.61761
1.82273
2.34751
2.93736
3.44449
3.79075
4.08909
4.42089
4.80601
5.11851
5.46592
5.8709
6.36601
6.91636
7.55083
8.27671
9.14439
10.2005
11.5195
13.1696
15.2001
17.5481
20.0128
22.4252
24.9139
27.8462
31.4366
35.6001
40.0688
44.506
48.7837
52.9435
56.1758
58.0072
63.1994
76.0641
92.005
105.571
114.145
112.203
94.2216
75.3906
70.4772
72.6298
88.4447
118.108
169.066
242.254
342.212
429.267
453.281
0.0115433
-0.0118679
0.0609916
0.123025
0.182017
0.24667
0.315169
0.390734
0.475428
0.56845
0.666462
0.763403
0.85449
0.946086
1.05452
1.19484
1.38621
1.63903
1.97157
2.43902
3.02474
3.54019
3.83849
3.82244
3.59615
3.21331
2.5716
1.86802
1.66076
1.89056
2.46694
3.10338
3.63768
3.98634
4.29291
4.64743
5.0656
5.40887
5.79617
6.24057
6.77555
7.36553
8.04248
8.81753
9.74325
10.8684
12.2702
14.0198
16.1676
18.6421
21.2291
23.7639
26.4124
29.5668
33.4366
37.9249
42.7387
47.513
52.162
56.8249
60.6608
63.2181
69.2858
82.8251
99.4689
114.171
124.411
124.37
107.949
89.0004
83.2786
85.8098
103.977
137.109
190.995
264.171
359.159
428.893
454.03
0.0177914
-0.00440926
0.0691796
0.134875
0.198622
0.268787
0.34316
0.424837
0.5161
0.616265
0.721843
0.826659
0.926036
1.02652
1.14499
1.29797
1.50521
1.77928
2.13889
2.63527
3.2516
3.79769
4.11944
4.08967
3.84222
3.41664
2.69477
1.91294
1.6893
1.94654
2.57638
3.25758
3.8171
4.16752
4.48404
4.86315
5.31478
5.69014
6.11759
6.60122
7.17546
7.80419
8.52248
9.34557
10.3279
11.5203
13.0022
14.8477
17.1079
19.7028
22.4053
25.0574
27.8631
31.2367
35.3833
40.1953
45.3529
50.4576
55.4681
60.6322
65.1031
68.4631
75.4446
89.6542
107.046
122.969
135.05
137.201
122.735
104.016
97.6922
100.941
121.409
157.54
213.055
284.322
373.394
429.775
453.89
0.025051
0.00527789
0.0792373
0.147896
0.215958
0.291562
0.371966
0.459906
0.557837
0.665203
0.778374
0.891162
0.999066
1.1088
1.23762
1.40346
1.6268
1.92243
2.30965
2.83549
3.48244
4.05866
4.40366
4.35986
4.09065
3.61765
2.80697
1.94088
1.7026
1.99138
2.6774
3.40094
3.98285
4.33482
4.66371
5.06948
5.55447
5.96357
6.43076
6.95326
7.56599
8.23253
8.99106
9.86101
10.8985
12.1561
13.7154
15.6531
18.0208
20.7298
23.5418
26.3064
29.2662
32.8551
37.2751
42.409
47.9082
53.3339
58.6876
64.3399
69.4695
73.7032
81.6356
96.5293
114.726
131.954
146.055
150.656
138.473
120.334
113.679
117.974
140.597
179.069
234.802
302.465
384.92
431.57
452.764
0.0329279
0.0168951
0.0914852
0.162546
0.23431
0.315082
0.401575
0.495929
0.60064
0.715272
0.836061
0.956889
1.07353
1.19286
1.33238
1.51127
1.75089
2.0684
2.48376
3.03967
3.71742
4.32349
4.69161
4.63411
4.34331
3.81754
2.90816
1.95066
1.70031
2.02626
2.77138
3.53462
4.13538
4.48912
4.83337
5.26792
5.78579
6.23009
6.73624
7.29708
7.94737
8.65066
9.44826
10.3638
11.455
12.7756
14.4096
16.4356
18.9055
21.7227
24.6385
27.5111
30.6218
34.4213
39.11
44.5634
50.402
56.1361
61.8054
67.9219
73.726
78.8982
87.8213
103.43
122.499
141.118
157.411
164.672
155.015
137.795
131.139
136.767
161.303
201.307
255.812
318.412
394.085
435.597
449.588
0.0411198
0.0299045
0.105888
0.179204
0.254017
0.339516
0.432001
0.532887
0.644504
0.76648
0.894912
1.02383
1.1494
1.27867
1.4292
1.62133
1.87741
2.21711
2.66112
3.24774
3.95663
4.59256
4.98374
4.91358
4.6022
4.01767
2.99847
1.94138
1.68255
2.05268
2.85962
3.65974
4.2754
4.63167
4.99466
5.46
6.00992
6.49047
7.03462
7.63311
8.31989
9.05881
9.8943
10.8542
11.9973
13.3789
15.0845
17.1948
19.7616
22.6812
25.6954
28.6721
31.93
35.9342
40.8859
46.6559
52.8315
58.8575
64.8056
71.3533
77.8397
84.0076
93.9665
110.337
130.351
150.454
169.099
179.173
172.185
156.2
149.909
157.097
183.219
223.837
275.709
332.068
400.95
442.978
446.922
0.0494125
0.0437617
0.122072
0.197995
0.275409
0.365085
0.463302
0.570761
0.689416
0.818826
0.954936
1.09197
1.22661
1.36617
1.52807
1.73359
2.00627
2.36842
2.84159
3.45959
4.2001
4.86613
5.28049
5.19944
4.86944
4.2196
3.07853
1.91315
1.65022
2.07234
2.94343
3.77719
4.40377
4.76405
5.14935
5.64724
6.22807
6.74553
7.32654
7.96178
8.68382
9.45715
10.3293
11.3321
12.5255
13.9658
15.74
17.9302
20.5886
23.6048
26.7126
29.7902
33.1912
37.393
42.6007
48.6839
55.1937
61.4911
67.6729
74.6121
81.7801
88.9919
100.037
117.233
138.27
159.95
181.095
194.071
189.789
175.327
169.773
178.681
205.988
246.242
294.203
343.431
405.026
455.146
445.537
0.0576557
0.0580287
0.139529
0.218729
0.298682
0.392021
0.495585
0.60955
0.735361
0.872308
1.01614
1.1613
1.30516
1.4553
1.62891
1.84799
2.1374
2.5222
3.02498
3.67506
4.44773
5.14433
5.58222
5.49291
5.14716
4.42522
3.14988
1.86785
1.60574
2.08747
3.02405
3.8877
4.5215
4.88809
5.29921
5.83104
6.44166
6.99612
7.61266
8.28352
9.03946
9.84594
10.7536
11.7978
13.0397
14.5363
16.3759
18.6418
21.3861
24.4932
27.6903
30.8663
34.4055
38.7967
44.2522
50.6449
57.4853
64.0292
70.3935
77.6802
85.521
93.8136
106.001
124.097
146.242
169.599
193.373
209.271
207.626
194.962
190.487
201.189
229.232
268.145
311.051
352.424
405.906
467.049
442.994
0.0657593
0.072427
0.157766
0.241047
0.323829
0.420502
0.529003
0.649293
0.782322
0.926918
1.07852
1.23184
1.385
1.54604
1.7317
1.96449
2.27069
2.67827
3.21109
3.89388
4.69929
5.42706
5.88907
5.7951
5.43739
4.63686
3.21541
1.81
1.55375
2.10122
3.10294
3.99192
4.62976
5.00578
5.44604
6.01271
6.65231
7.24301
7.89362
8.59876
9.38712
10.2254
11.1672
12.2515
13.54
15.0904
16.9922
19.3291
22.1537
25.346
28.6288
31.9007
35.5729
40.1441
45.8381
52.536
59.7023
66.4638
72.956
80.5443
89.0418
98.4399
111.826
130.911
154.253
179.39
205.908
224.679
225.5
214.906
211.813
224.269
252.579
289.223
326.11
359.441
404.03
464.094
438.428
0.0736897
0.0868431
0.176397
0.264527
0.350694
0.450635
0.5637
0.690061
0.830287
0.982642
1.14209
1.30359
1.46614
1.63835
1.83638
2.08303
2.40603
2.83645
3.39966
4.11572
4.95444
5.714
6.201
6.10699
5.74189
4.85735
3.27982
1.74748
1.5016
2.11805
3.18191
4.09055
4.72984
5.11917
5.59152
6.19335
6.86136
7.48689
8.17002
8.90792
9.72709
10.5958
11.5705
12.6932
14.0264
15.6282
17.5888
19.9922
22.8915
26.1632
29.528
32.893
36.693
41.434
47.3564
54.3543
61.8394
68.7869
75.3518
83.1956
92.3282
102.845
117.486
137.655
162.29
189.316
218.673
240.201
243.217
234.929
233.529
247.573
275.684
309.218
339.266
364.54
401.759
453.507
434.48
0.0814622
0.101299
0.195217
0.288772
0.37902
0.482438
0.599794
0.731945
0.879267
1.03947
1.20684
1.37655
1.54857
1.7322
1.94289
2.20356
2.5433
2.99655
3.59032
4.34016
5.21269
6.00464
6.51768
6.42918
6.06208
5.09001
3.34997
1.69169
1.45941
2.14393
3.26317
4.18433
4.82326
5.23018
5.73729
6.37393
7.0697
7.72841
8.44246
9.2114
10.0597
10.9574
11.9638
13.1233
14.4991
16.1498
18.1658
20.6312
23.5992
26.9446
30.3877
33.843
37.7657
42.6651
48.805
56.0961
63.8898
70.9904
77.5755
85.6301
95.3726
107.013
122.959
144.307
170.334
199.364
231.644
255.756
260.606
254.743
255.392
270.773
298.244
327.936
350.499
367.804
400.442
442.865
431.066
0.0891295
0.115911
0.214191
0.313505
0.408506
0.515816
0.637368
0.775036
0.929297
1.09737
1.27277
1.45074
1.6323
1.82758
2.05121
2.32601
2.68236
3.15838
3.78265
4.56671
5.47344
6.29827
6.83853
6.76187
6.39883
5.33846
3.43505
1.65719
1.43974
2.18591
3.3492
4.27392
4.91182
5.34063
5.88511
6.5553
7.27811
7.96816
8.71146
9.50956
10.3852
11.3105
12.3472
13.5419
14.9583
16.6553
18.7233
21.2462
24.2772
27.6901
31.2076
34.7507
38.7907
43.8365
50.1819
57.7568
65.8451
73.0668
79.6246
87.8474
98.1731
110.934
128.23
150.851
178.365
209.516
244.789
271.277
277.582
274.092
277.112
293.586
320.004
345.247
359.928
369.576
399.271
432.998
428.045
0.0967653
0.130832
0.233412
0.338599
0.43888
0.550599
0.676453
0.819412
0.980432
1.15636
1.33986
1.52617
1.71736
1.92451
2.16127
2.45032
2.8231
3.32171
3.97618
4.79484
5.73594
6.59397
7.16268
7.10472
6.75229
5.60651
3.54626
1.66099
1.45658
2.25121
3.44229
4.35995
4.99771
5.45214
6.03649
6.73822
7.48722
8.20663
8.97748
9.80279
10.7039
11.6553
12.721
13.9492
15.4042
17.1448
19.2616
21.8375
24.9258
28.3998
31.9886
35.6167
39.7662
44.9476
51.4849
59.3306
67.6948
75.0083
81.4991
89.85
100.732
114.608
133.293
157.269
186.358
219.749
258.07
286.704
294.131
292.866
298.422
315.782
340.769
361.083
367.729
370.272
397.442
423.463
424.598
0.104449
0.146215
0.253031
0.36405
0.469954
0.586579
0.717011
0.86513
1.03274
1.21644
1.4081
1.60284
1.80379
2.02299
2.27305
2.57641
2.96537
3.48628
4.17041
5.02386
5.99929
6.89058
7.48898
7.45687
7.12175
5.89759
3.69599
1.72102
1.52368
2.34609
3.54379
4.44317
5.0833
5.56636
6.19201
6.92356
7.69751
8.44427
9.24096
10.0914
11.0161
11.9921
13.0856
14.3455
15.837
17.6187
19.7809
22.4054
25.5453
29.0742
32.7301
36.4384
40.6918
45.9983
52.7118
60.8104
69.4257
76.807
83.2003
91.6424
103.055
118.037
138.144
163.547
194.298
230.035
271.436
301.981
310.279
311.063
319.133
337.184
360.399
375.44
374.091
370.245
394.648
414.379
420.673
0.112254
0.162195
0.273203
0.389931
0.501643
0.623571
0.75895
0.912227
1.08626
1.27763
1.47746
1.68076
1.89162
2.12307
2.38652
2.70418
3.10903
3.65178
4.3648
5.25293
6.26236
7.18673
7.81601
7.81682
7.50547
6.21422
3.89614
1.85368
1.65244
2.47459
3.65352
4.52472
5.17079
5.68536
6.35161
7.11198
7.90937
8.68153
9.50228
10.3758
11.3221
12.3212
13.4411
14.731
16.2568
18.0771
20.2815
22.9504
26.136
29.7127
33.4291
37.2113
41.5691
46.9883
53.8604
62.1883
71.0238
78.454
84.7302
93.2297
105.149
121.225
142.781
169.675
202.174
240.345
284.818
317.044
326.061
328.713
339.135
357.657
378.807
388.369
379.249
369.77
390.715
405.903
416.147
0.120238
0.178881
0.29406
0.416348
0.533947
0.661441
0.802141
0.960703
1.14105
1.33995
1.54795
1.75995
1.98092
2.2248
2.50164
2.83353
3.2539
3.81786
4.55877
5.4811
6.52383
7.48083
8.14203
8.18244
7.90066
6.55726
4.15599
2.07063
1.84932
2.63747
3.76998
4.60629
5.26203
5.81086
6.51554
7.30389
8.12321
8.9188
9.76173
10.6562
11.6221
12.6429
13.7878
15.1059
16.664
18.5203
20.7637
23.473
26.6987
30.3147
34.087
37.939
42.4
47.9167
54.9274
63.4542
72.4735
79.9382
86.0898
94.6169
107.021
124.18
147.204
175.648
209.976
250.638
298.118
331.808
341.499
345.846
358.356
377.104
395.949
399.964
383.466
369.071
385.63
397.726
411.392
0.128445
0.196369
0.315707
0.443413
0.56691
0.700118
0.84645
1.01052
1.19711
1.40344
1.61955
1.84039
2.07174
2.32826
2.61839
2.96435
3.39979
3.98415
4.75168
5.7073
6.7822
7.77107
8.46501
8.55092
8.30345
6.92535
4.47976
2.37508
2.11347
2.83099
3.89208
4.69099
5.35903
5.94337
6.68458
7.49967
8.33938
9.15641
10.0196
10.9328
11.9163
12.9573
14.1259
15.4706
17.0587
18.9487
21.2281
23.9739
27.2343
30.8817
34.7108
38.6352
43.1799
48.7816
55.9078
64.5957
73.7564
81.2461
87.2774
95.8072
108.676
126.905
151.412
181.462
217.688
260.86
311.215
346.16
356.573
362.471
376.732
395.462
411.819
410.358
387.028
368.26
379.393
389.605
405.48
0.136906
0.214746
0.338224
0.471217
0.600608
0.739588
0.891774
1.06161
1.25446
1.46809
1.69225
1.92212
2.16417
2.43352
2.73676
3.09648
3.54647
4.15021
4.94284
5.9304
7.03584
8.05545
8.78263
8.91889
8.70912
7.31452
4.86475
2.75986
2.43744
3.04806
4.02011
4.78195
5.46386
6.08323
6.85924
7.6997
8.55815
9.39461
10.276
11.206
12.2051
13.2649
14.4557
15.8252
17.4414
19.3625
21.675
24.4537
27.7433
31.4171
35.3067
39.3085
43.8968
49.5832
56.7978
65.6014
74.8539
82.3604
88.2869
96.801
110.113
129.404
155.404
187.112
225.295
270.954
323.98
359.969
371.199
378.561
394.201
412.691
426.445
419.704
390.201
367.404
372.693
381.693
398.514
0.14564
0.2341
0.361674
0.499821
0.635121
0.779876
0.938042
1.11389
1.31306
1.53388
1.76602
2.00514
2.25828
2.54067
2.85672
3.22978
3.69366
4.31557
5.13147
6.14917
7.28294
8.33178
9.09232
9.2825
9.11243
7.71841
5.30106
3.21164
2.80566
3.28037
4.15294
4.88026
5.57727
6.23105
7.03979
7.9043
8.77975
9.63361
10.5311
11.4758
12.4886
13.5659
14.7775
16.17
17.8122
19.7621
22.105
24.9131
28.226
31.9257
35.8775
39.9551
44.55
50.325
57.5954
66.462
75.7484
83.2604
89.105
97.5931
111.33
131.674
159.179
192.591
232.777
280.865
336.303
373.151
385.248
394.035
410.712
428.77
439.879
428.18
393.239
366.551
366.051
374.061
391.513
0.154661
0.254521
0.386104
0.52927
0.67052
0.821023
0.98522
1.16726
1.37287
1.60077
1.8408
2.08946
2.35417
2.64979
2.97823
3.36405
3.84106
4.47969
5.31672
6.36222
7.52159
8.59774
9.39134
9.63767
9.50805
8.12897
5.77459
3.71039
3.1959
3.51915
4.28864
4.98596
5.69926
6.38731
7.22661
8.11373
9.00434
9.8735
10.7851
11.7424
12.7671
13.8604
15.0914
16.5053
18.1714
20.1479
22.5186
25.3528
28.6843
32.4119
36.4242
40.569
45.1596
51.01
58.3002
67.1707
76.4248
83.9221
89.7099
98.1714
112.312
133.709
162.737
197.893
240.113
290.54
348.103
385.685
398.64
408.787
426.222
443.693
452.194
435.967
396.368
365.84
360.051
366.958
385.242
0.163979
0.276109
0.411561
0.559588
0.70685
0.863072
1.0333
1.22166
1.4338
1.66867
1.91654
2.17509
2.45194
2.76095
3.10125
3.49906
3.98828
4.64193
5.49764
6.56807
7.74977
8.85099
9.67689
9.98029
9.89103
8.53798
6.27126
4.22666
3.59
3.75702
4.42667
5.09924
5.8302
6.55224
7.4201
8.32818
9.23201
10.1144
11.0379
12.0059
13.0408
14.1488
15.3977
16.8312
18.5194
20.5203
22.9163
25.7738
29.1208
32.8783
36.9469
41.1493
45.7453
51.631
58.9124
67.7239
76.8722
84.3208
90.0704
98.5128
113.038
135.495
166.073
203.012
247.282
299.927
359.316
397.569
411.36
422.741
440.708
457.469
463.475
443.246
399.771
365.513
355.259
360.888
379.475
0.173602
0.298972
0.438085
0.590789
0.744141
0.906064
1.08229
1.27701
1.49576
1.7375
1.99315
2.26205
2.5517
2.87422
3.22572
3.63457
4.13487
4.80161
5.67315
6.76506
7.96536
9.08917
9.94619
10.3065
10.2571
8.93864
6.775
4.73667
3.97619
3.9894
4.5671
5.22047
5.97056
6.726
7.62055
8.54775
9.46279
10.3562
11.2896
12.2663
13.3098
14.4312
15.6966
17.1481
18.8563
20.8796
23.2988
26.1766
29.5373
33.3267
37.4464
41.6972
46.3082
52.1726
59.4342
68.1226
77.0855
84.4342
90.148
98.5821
113.473
137.006
169.175
207.938
254.259
308.972
369.888
408.788
423.416
435.859
454.159
470.118
473.816
450.188
403.596
365.782
351.666
356.077
374.92
0.183536
0.32323
0.465714
0.622875
0.78241
0.950025
1.1322
1.33327
1.55863
1.80709
2.07054
2.3504
2.65358
2.9896
3.35153
3.77026
4.28032
4.95791
5.842
6.95144
8.16625
9.31008
10.1966
10.6128
10.6028
9.32556
7.26992
5.22941
4.347
4.21415
4.70983
5.35016
6.12048
6.9087
7.82807
8.77245
9.69661
10.5989
11.5401
12.5237
13.5742
14.7079
15.9882
17.456
19.1826
21.2262
23.6667
26.5616
29.9369
33.7592
37.9237
42.2143
46.8392
52.6325
59.8731
68.3737
77.0683
84.2477
89.9025
98.3332
113.572
138.203
172.028
212.662
261.016
317.624
379.775
419.317
434.805
448.128
466.579
481.666
483.313
456.939
407.958
366.866
349.186
352.502
371.856
0.193791
0.349016
0.494482
0.655844
0.821665
0.994959
1.18302
1.39038
1.62226
1.87728
2.14863
2.44021
2.75767
3.10708
3.47853
3.9058
4.424
5.10989
6.00275
7.12535
8.35039
9.51169
10.4259
10.8963
10.9255
9.69517
7.7461
5.69848
4.69899
4.43078
4.85508
5.4888
6.27981
7.10022
8.04255
9.00216
9.93332
10.8424
11.7893
12.7781
13.8343
14.9791
16.2728
17.7553
19.4983
21.5606
24.0205
26.9296
30.3228
34.1768
38.3799
42.7023
47.3328
53.036
60.2385
68.4889
76.8334
83.7597
89.3013
97.7158
113.279
139.035
174.603
217.171
267.525
325.843
388.939
429.127
445.514
459.553
477.978
492.15
492.056
463.625
412.956
368.899
347.62
350.167
371.136
0.204377
0.376474
0.524416
0.689691
0.8619
1.04085
1.23475
1.44828
1.6865
1.94784
2.2273
2.53159
2.86406
3.22657
3.6065
4.04075
4.56519
5.25648
6.15389
7.28497
8.51595
9.69233
10.6318
11.1548
11.2234
10.0464
8.19687
6.14127
5.03175
4.63972
5.0034
5.63675
6.44831
7.30021
8.26368
9.23664
10.1727
11.0866
12.0372
13.0294
14.0902
15.2449
16.5505
18.0461
19.8039
21.8832
24.3602
27.2828
30.6971
34.5799
38.8164
43.1635
47.7904
53.4104
60.5293
68.4838
76.404
82.9866
88.3315
96.6894
112.539
139.441
176.862
221.449
273.767
333.597
397.352
438.185
455.527
470.145
488.375
501.615
500.132
470.345
418.675
372.018
346.898
348.975
371.194
0.215309
0.405759
0.555537
0.724402
0.903097
1.08768
1.28735
1.50686
1.75115
2.01853
2.30647
2.62468
2.97277
3.3479
3.73514
4.17462
4.70301
5.39642
6.29383
7.42862
8.66141
9.85073
10.8127
11.3866
11.4952
10.379
8.62047
6.55894
5.34618
4.84179
5.15551
5.79426
6.6257
7.50808
8.49091
9.47556
10.4145
11.3312
12.2836
13.2775
14.3421
15.5055
16.8215
18.3286
20.0996
22.1942
24.6861
27.6244
31.0611
34.9694
39.2345
43.6005
48.2165
53.7609
60.7352
68.3782
75.8132
81.9649
87.0104
95.2415
111.313
139.365
178.762
225.477
279.735
340.868
404.994
446.452
464.82
479.915
497.796
510.122
507.623
477.177
425.19
376.362
347.142
348.929
373.128
0.226607
0.437035
0.587847
0.759948
0.945225
1.13539
1.34074
1.56599
1.81597
2.08906
2.38612
2.71962
3.0837
3.47075
3.86403
4.30676
4.83644
5.52835
6.42106
7.55491
8.78575
9.98616
10.9675
11.5907
11.7402
10.6919
9.01861
6.95395
5.6434
5.03774
5.3123
5.96157
6.81153
7.72306
8.72358
9.71851
10.6583
11.576
12.5285
13.5224
14.59
15.7608
17.0859
18.6029
20.3857
22.4934
25
27.957
31.4153
35.346
39.6358
44.016
48.6154
54.0806
60.8651
68.1991
75.1019
80.7504
85.3911
93.4039
109.601
138.771
180.261
229.232
285.431
347.663
411.856
453.892
473.362
488.881
506.271
517.735
514.604
484.178
432.566
382.042
348.474
349.691
376.595
0.238295
0.470462
0.621328
0.796285
0.988238
1.1839
1.39484
1.62549
1.88065
2.15914
2.46625
2.81652
3.19663
3.59462
3.99258
4.43642
4.96428
5.65082
6.53428
7.66294
8.8886
10.0985
11.0955
11.7667
11.9579
10.9847
9.39236
7.32789
5.92417
5.22818
5.47485
6.13871
7.00517
7.94433
8.96103
9.965
10.904
11.8208
12.7716
13.7643
14.8339
16.011
17.3436
18.8692
20.6621
22.7812
25.3046
28.2818
31.7603
35.7106
40.0218
44.4127
48.9914
54.3682
60.9514
67.9685
74.3138
79.4115
83.5588
91.2588
107.458
137.664
181.329
232.695
290.863
354.017
417.956
460.476
481.121
497.059
513.831
524.512
521.14
491.384
440.856
389.148
351
351.27
380.869
0.250393
0.506185
0.655928
0.833352
1.03206
1.23311
1.44949
1.6851
1.94481
2.22848
2.54694
2.91539
3.31109
3.71875
4.12
4.56266
5.08527
5.76246
6.63255
7.75246
8.9703
10.1882
11.1965
11.9146
12.1479
11.2565
9.7424
7.68134
6.18853
5.41362
5.64401
6.32532
7.20583
8.17112
9.20263
10.2145
11.1511
12.0653
13.0128
14.003
15.0739
16.2561
17.5948
19.1276
20.9288
23.0592
25.6017
28.599
32.0964
36.0639
40.394
44.7934
49.3492
54.6297
61.0171
67.6921
73.4912
78.0202
81.6172
88.9275
105
136.109
181.965
235.857
296.035
359.994
423.35
466.187
488.057
504.456
520.504
530.504
527.279
498.803
450.091
397.704
354.744
353.657
386.183
0.262919
0.544319
0.691551
0.871065
1.07659
1.28287
1.50448
1.74443
2.00794
2.29678
2.62831
3.01616
3.42635
3.84209
4.24527
4.68446
5.19819
5.86217
6.71553
7.82396
9.03191
10.2561
11.2708
12.0346
12.3093
11.5061
10.0686
8.01381
6.43587
5.59444
5.8201
6.52056
7.41248
8.40271
9.44782
10.4665
11.3992
12.3093
13.2521
14.2384
15.3099
16.496
17.8395
19.378
21.186
23.3291
25.8918
28.9091
32.4243
36.407
40.7541
45.1607
49.6929
54.8721
61.0636
67.3813
72.6755
76.642
79.668
86.5444
102.376
134.229
182.21
238.716
300.949
365.668
428.137
471.037
494.13
511.065
526.323
535.762
533.061
506.417
460.314
407.494
359.428
356.369
392.101
0.27588
0.584923
0.728046
0.90931
1.12167
1.33297
1.5595
1.80293
2.06938
2.36391
2.7105
3.11859
3.54141
3.96331
4.3672
4.80074
5.30207
5.94935
6.7835
7.87859
9.07509
10.3037
11.3194
12.1267
12.4416
11.7318
10.3695
8.32359
6.66508
5.771
6.00295
6.72303
7.62392
8.63844
9.69603
10.7203
11.6481
12.5527
13.4892
14.4706
15.5417
16.7305
18.0775
19.6203
21.4343
23.592
26.1751
29.2121
32.7444
36.7407
41.1036
45.5173
50.0267
55.102
61.0926
67.0653
71.8946
75.3258
77.7898
84.2229
99.7327
132.176
182.149
241.275
305.614
371.095
432.453
475.076
499.304
516.855
531.322
540.335
538.516
514.175
471.501
418.09
364.588
358.883
397.756
0.289269
0.627987
0.765193
0.94793
1.1671
1.38307
1.61403
1.85973
2.1283
2.42997
2.79369
3.22211
3.65502
4.08092
4.48457
4.91058
5.39637
6.02405
6.83739
7.91797
9.1019
10.3326
11.3434
12.191
12.5439
11.9313
10.6429
8.60804
6.87479
5.94357
6.19177
6.93055
7.83883
8.87756
9.94662
10.9754
11.8974
12.7952
13.724
14.6992
15.7693
16.9595
18.3084
19.8543
21.6747
23.8483
26.4518
29.5085
33.0574
37.0661
41.4441
45.8656
50.3542
55.3253
61.112
66.7646
71.1535
74.1002
76.0251
82.0284
97.1745
130.091
181.896
243.553
310.042
376.303
436.451
478.408
503.571
521.788
535.544
544.274
543.669
521.996
483.508
429.124
369.673
360.585
402.373
0.303059
0.673396
0.802673
0.986682
1.21249
1.43261
1.66714
1.91357
2.18398
2.49555
2.87814
3.32566
3.76564
4.19353
4.5963
5.01339
5.48119
6.08699
6.87858
7.94395
9.11453
10.3446
11.3447
12.2279
12.6157
12.1023
10.8857
8.86411
7.06368
6.11229
6.38398
7.14046
8.05599
9.11931
10.1991
11.2318
12.1472
13.037
13.9561
14.924
15.9921
17.1824
18.5318
20.08
21.908
24.0981
26.7218
29.7984
33.3636
37.384
41.7771
46.2081
50.679
55.5472
61.1297
66.4805
70.4541
72.9772
74.3776
79.9678
94.7373
128.066
181.567
245.587
314.24
381.299
440.269
481.194
506.978
525.837
539.027
547.631
548.54
529.776
496.199
440.34
374.04
360.631
406.145
0.317157
0.720812
0.840003
1.02514
1.25716
1.48054
1.71733
1.96294
2.23624
2.56181
2.96401
3.42745
3.87155
4.30021
4.7018
5.10911
5.55718
6.1394
6.9086
7.95828
9.11503
10.3413
11.3251
12.2381
12.6566
12.2425
11.0947
9.08878
7.23098
6.27689
6.57514
7.35046
8.27411
9.36306
10.453
11.4892
12.3976
13.2777
14.1854
15.1448
16.21
17.3986
18.7473
20.2975
22.1346
24.3415
26.9852
30.0821
33.6639
37.6957
42.1043
46.5471
51.0043
55.7724
61.1525
66.2146
69.8073
71.9475
72.8188
77.9955
92.3885
126.133
181.255
247.43
318.21
386.08
444.004
483.627
509.634
529.013
541.821
550.465
553.144
537.4
509.438
451.508
377.011
358.519
407.635
0.331329
0.769368
0.876403
1.06255
1.29994
1.52523
1.76271
2.00663
2.28561
2.63024
3.05105
3.52516
3.97124
4.40078
4.80112
5.19821
5.62541
6.18269
6.92883
7.9624
9.10517
10.3246
11.2869
12.2222
12.6661
12.3492
11.267
9.27948
7.37663
6.43561
6.76037
7.55783
8.49157
9.60833
10.7083
11.7476
12.6487
13.517
14.4113
15.361
16.4221
17.6074
18.9545
20.5073
22.3549
24.5783
27.2423
30.3598
33.9586
38.0019
42.4271
46.8847
51.3333
56.0052
61.1857
65.9714
69.2148
70.9814
71.2996
76.0313
90.0438
124.267
181.02
249.147
321.959
390.64
447.718
485.893
511.707
531.39
543.993
552.837
557.494
544.74
522.886
462.552
377.788
353.478
406.115
0.345022
0.817062
0.910629
1.09766
1.33908
1.56466
1.80151
2.04485
2.33348
2.70132
3.13786
3.6166
4.06417
4.49575
4.89498
5.28167
5.68712
6.21815
6.94033
7.95739
9.08633
10.2961
11.2322
12.1814
12.6448
12.4194
11.4002
9.43555
7.50143
6.585
6.93482
7.75884
8.70633
9.8547
10.9649
12.0071
12.9004
13.7544
14.6334
15.572
16.6277
17.8079
19.1536
20.7097
22.5689
24.8088
27.4931
30.6318
34.2484
38.3038
42.747
47.2229
51.6686
56.2495
61.234
65.7538
68.664
70.0487
69.7679
73.9805
87.5911
122.402
180.885
250.804
325.509
394.987
451.451
488.145
513.394
533.118
545.64
554.815
561.596
551.663
535.764
473.38
375.537
344.77
401.704
0.357205
0.860097
0.940934
1.12888
1.37264
1.59712
1.83294
2.07937
2.3823
2.77376
3.22157
3.7007
4.15108
4.58616
4.98458
5.3607
5.74344
6.24678
6.94381
7.94393
9.05945
10.2574
11.1632
12.1165
12.5931
12.4519
11.4937
9.55859
7.60739
6.72097
7.09281
7.94902
8.91582
10.1016
11.2229
12.2674
13.1522
13.9889
14.8509
15.7774
16.8262
17.9999
19.3446
20.9051
22.7768
25.0331
27.7379
30.8983
34.5337
38.6022
43.0653
47.5635
52.0129
56.5088
61.3012
65.5642
68.1448
69.1369
68.1707
71.7513
84.9111
120.453
180.849
252.463
328.89
399.142
455.224
490.484
514.893
534.398
546.885
556.47
565.451
558.068
547.266
483.531
369.946
332.531
394.2
0.366511
0.893265
0.965533
1.15482
1.39942
1.622
1.85765
2.113
2.4342
2.84486
3.29918
3.77802
4.23333
4.67333
5.0713
5.43652
5.79537
6.2694
6.93966
7.92221
9.025
10.2096
11.0818
12.0284
12.5115
12.4475
11.548
9.65068
7.69735
6.8393
7.22862
8.1235
9.11657
10.3473
11.4815
12.5273
13.4029
14.2195
15.0632
15.9763
17.0166
18.1831
19.5277
21.0938
22.9786
25.2512
27.9766
31.1594
34.815
38.898
43.3834
47.9085
52.3684
56.7863
61.3909
65.4048
67.6526
68.2365
66.4588
69.266
81.8928
118.327
180.894
254.183
332.131
403.122
459.05
492.964
516.366
535.432
547.859
557.867
569.051
563.856
556.8
492.372
362.774
319.345
385.647
0.371994
0.912567
0.983668
1.17518
1.41964
1.64022
1.87773
2.14806
2.48834
2.91146
3.36953
3.85006
4.31243
4.75865
5.15636
5.51017
5.84384
6.28669
6.92792
7.89194
8.98289
10.1536
10.9899
11.918
12.4014
12.4076
11.5649
9.71514
7.77521
6.93519
7.33733
8.27726
9.30417
10.589
11.7389
12.7853
13.6508
14.445
15.2695
16.1681
17.1983
18.3576
19.7032
21.276
23.1742
25.4632
28.2095
31.4153
35.0927
39.1921
43.7026
48.2592
52.7373
57.0851
61.5068
65.2786
67.1874
67.3329
64.5882
66.4659
78.4425
115.935
181.006
256.018
335.256
406.899
462.928
495.597
517.919
536.391
548.688
559.062
572.379
569.109
563.957
499.904
357.535
310.375
376.84
0.374046
0.91866
0.996442
1.19095
1.43413
1.65332
1.89605
2.18443
2.54119
2.9716
3.43339
3.91839
4.38973
4.84319
5.24061
5.58244
5.8898
6.29904
6.9082
7.85219
8.93226
10.0901
10.8895
11.7868
12.265
12.3351
11.5469
9.75706
7.84318
7.00317
7.41498
8.40567
9.474
10.8229
11.993
13.0394
13.8943
14.6646
15.4693
16.3522
17.3709
18.5238
19.8712
21.4515
23.3635
25.6691
28.4363
31.666
35.3671
39.4852
44.024
48.6172
53.1214
57.4082
61.6531
65.1905
66.7538
66.4147
62.5397
63.3262
74.49
113.201
181.173
258.024
338.296
410.402
466.819
498.356
519.593
537.397
549.482
560.108
575.329
574.818
569.453
507.637
354.168
307.929
369.507
0.374233
0.916779
1.00601
1.20301
1.44271
1.66222
1.91446
2.22011
2.58918
3.02482
3.49206
3.98435
4.46631
4.92759
5.32448
5.65415
5.93419
6.30657
6.87963
7.80113
8.87153
10.019
10.7824
11.6368
12.105
12.2339
11.4987
9.78242
7.89762
7.03793
7.45799
8.50492
9.62209
11.0454
12.2415
13.2882
14.1324
14.8776
15.6623
16.5282
17.5345
18.682
20.0319
21.6204
23.5463
25.8688
28.6571
31.9116
35.6384
39.7777
44.3487
48.9838
53.5224
57.7583
61.8344
65.1478
66.3628
65.4859
60.3302
59.8447
69.9917
110.066
181.393
260.258
341.296
413.568
470.594
501.209
521.373
538.519
550.321
561.032
577.539
582.036
574.637
515.848
353.811
308.963
370.268
0.373957
0.912543
1.01303
1.21004
1.44429
1.66803
1.93247
2.25185
2.63016
3.07158
3.5468
4.04905
4.54277
5.01199
5.40825
5.72628
5.97777
6.3093
6.84081
7.73605
8.79865
9.94039
10.6696
11.4711
11.9244
12.1079
11.4261
9.79587
7.93229
7.0339
7.46245
8.57204
9.74568
11.2544
12.4832
13.531
14.3645
15.0839
15.8481
16.6958
17.6896
18.8325
20.1853
21.7822
23.7222
26.0619
28.8716
32.1521
35.9066
40.0703
44.6773
49.3601
53.9417
58.1383
62.0564
65.1602
66.0297
64.565
57.9823
56.0322
64.9331
106.493
181.673
262.779
344.325
416.423
474.02
504.133
523.203
539.769
551.262
561.868
578.397
587.676
577.581
521.123
359.641
316.078
376.665
0.373649
0.90861
1.0151
1.20929
1.43915
1.67108
1.94709
2.27662
2.66349
3.11275
3.59883
4.11331
4.61931
5.09627
5.49242
5.79989
6.02116
6.30723
6.78981
7.654
8.71125
9.85392
10.5508
11.2935
11.7267
11.9627
11.3352
9.7984
7.94135
6.98481
7.42407
8.60482
9.84356
11.4492
12.718
13.768
14.5908
15.2837
16.027
16.8553
17.8367
18.9755
20.3314
21.937
23.8911
26.2482
29.0796
32.3871
36.1717
40.3631
45.0107
49.7469
54.3806
58.5509
62.3253
65.2392
65.772
63.6758
55.5211
51.9231
59.3313
102.473
182.033
265.638
347.477
419.084
476.795
507.115
525.001
541.091
552.325
562.611
578.128
587.689
575.782
521.109
374.242
334.37
389.202
0.372975
0.903773
1.00753
1.19921
1.42857
1.66907
1.95449
2.29298
2.68961
3.14956
3.64935
4.17764
4.69582
5.18035
5.57779
5.87617
6.06539
6.30039
6.72509
7.55267
8.60757
9.75947
10.426
11.1074
11.5163
11.8026
11.2316
9.78906
7.91902
6.88428
7.33868
8.60209
9.91582
11.6303
12.9467
13.9999
14.8118
15.4774
16.1989
17.0069
17.9763
19.1113
20.4701
22.0842
24.0524
26.4272
29.2806
32.6163
36.4331
40.6561
45.3491
50.1449
54.8399
58.9986
62.6479
65.3973
65.6102
62.8493
52.9886
47.5823
53.2382
98.0292
182.506
268.876
350.862
421.68
478.668
510.096
526.698
542.389
553.456
563.238
577.303
582.036
569.433
518.976
395.038
362.15
409.551
0.369724
0.893433
0.98636
1.17989
1.41137
1.65878
1.9527
2.30101
2.7097
3.18356
3.69947
4.24234
4.77205
5.26465
5.66609
5.9568
6.11203
6.28955
6.64687
7.43154
8.48706
9.65702
10.2974
10.916
11.2977
11.631
11.1186
9.76631
7.85974
6.72672
7.20325
8.56443
9.96362
11.799
13.1705
14.2279
15.0284
15.6654
16.3643
17.1513
18.109
19.2401
20.6014
22.2239
24.2059
26.5985
29.4744
32.8393
36.6905
40.949
45.6928
50.5543
55.3203
59.484
63.0311
65.6472
65.5647
62.1219
50.4438
43.0925
46.7371
93.2192
183.135
272.518
354.585
424.303
479.648
512.947
528.269
543.614
554.491
563.643
575.999
575.979
559.528
514.549
416.859
391.734
433.77
0.356496
0.872291
0.951315
1.15089
1.38453
1.63868
1.94183
2.30181
2.72551
3.21642
3.75009
4.30741
4.84795
5.35037
5.75969
6.04355
6.16276
6.27703
6.55831
7.29283
8.35099
9.54741
10.1672
10.7226
11.0743
11.4503
10.9973
9.72823
7.75922
6.50816
7.01695
8.49475
9.98891
11.9567
13.3913
14.4531
15.2414
15.8483
16.5237
17.289
18.2351
19.3618
20.7252
22.3556
24.3512
26.7615
29.6602
33.0552
36.9428
41.241
46.0412
50.975
55.8218
60.0092
63.4815
66.0005
65.6572
61.5327
47.9601
38.5765
39.9506
88.1332
183.975
276.583
358.725
427.016
480.105
515.411
529.626
544.732
555.286
563.861
574.101
569.6
545.733
508.752
437.578
419.664
459.92
0.321985
0.837871
0.903403
1.11082
1.34683
1.60915
1.92303
2.29721
2.73914
3.24963
3.8017
4.37262
4.9239
5.43999
5.86029
6.13756
6.21919
6.2671
6.46589
7.14219
8.20216
9.4321
10.0371
10.5294
10.8496
11.2633
10.8684
9.67293
7.61442
6.22717
6.78208
8.39848
9.99404
12.105
13.6106
14.6766
15.4516
16.0267
16.6774
17.4204
18.3549
19.4767
20.8416
22.4794
24.4881
26.916
29.8377
33.2633
37.189
41.5309
46.3933
51.4061
56.3441
60.5756
64.0042
66.4676
65.9057
61.1254
45.6327
34.1742
33.0025
82.8846
185.085
281.075
363.296
429.891
480.54
517.012
530.608
545.569
555.885
563.859
571.793
561.599
528.88
502.029
456.662
445.246
480.823
0.260714
0.791866
0.842636
1.05962
1.29923
1.57155
1.89817
2.28955
2.75263
3.28421
3.85428
4.43778
5.00138
5.53608
5.96882
6.23937
6.28313
6.26526
6.37824
6.98817
8.04568
9.31334
9.90902
10.3372
10.6268
11.0726
10.7322
9.59922
7.42557
5.88621
6.50516
8.28335
9.98156
12.2452
13.8297
14.8994
15.6597
16.201
16.8259
17.5459
18.4686
19.5848
20.9506
22.595
24.616
27.0613
30.0058
33.4624
37.4275
41.8168
46.7473
51.8461
56.8856
61.1831
64.603
67.056
66.3271
60.9381
43.5584
30.0118
26.0057
77.5979
186.525
285.983
368.228
433.006
481.298
517.17
531.198
545.738
556.322
563.739
569.501
551.98
510.775
495.074
472.908
466.116
490.432
0.1777
0.738166
0.770113
0.998893
1.24338
1.52767
1.86951
2.28114
2.76745
3.32043
3.90743
4.50331
5.08336
5.64016
6.08558
6.34881
6.35599
6.2762
6.30362
6.8402
7.88899
9.19442
9.78524
10.1478
10.4092
10.8802
10.5878
9.50684
7.19854
5.49409
6.19744
8.15911
9.95474
12.3787
14.0501
15.1222
15.8661
16.3716
16.9697
17.666
18.5767
19.6866
21.0525
22.7028
24.7353
27.1974
30.1644
33.6516
37.6568
42.0964
47.1007
52.2921
57.4436
61.8303
65.2791
67.7676
66.9288
61.0053
41.821
26.1831
19.0717
72.4068
188.358
291.283
373.382
436.389
482.48
515.762
531.706
544.885
556.37
563.639
567.567
541.738
494.2
488.918
485.344
480.73
493.388
0.079971
0.68004
0.687926
0.930513
1.181
1.47948
1.83932
2.2738
2.78421
3.35796
3.96093
4.57085
5.1728
5.7531
6.20991
6.46471
6.43794
6.30189
6.24712
6.70601
7.73993
9.07901
9.66763
9.9647
10.1995
10.688
10.4342
9.3968
6.94346
5.06846
5.8754
8.03693
9.91812
12.5071
14.2729
15.3453
16.0712
16.5385
17.1087
17.7807
18.6789
19.7817
21.147
22.8023
24.8454
27.3233
30.3121
33.8292
37.8745
42.3662
47.4492
52.7398
58.0134
62.5133
66.0294
68.6028
67.7125
61.3479
40.4967
22.7851
12.3499
67.4788
190.651
296.941
378.593
439.964
484.03
513.762
532.555
543.157
555.644
563.302
565.885
531.908
482.007
484.564
493.875
489.119
495.165
-0.0294251
0.619111
0.597566
0.855897
1.11349
1.42867
1.80934
2.26836
2.80266
3.39638
4.01571
4.64401
5.27159
5.87483
6.33988
6.5852
6.52762
6.34113
6.20941
6.59031
7.60575
8.97121
9.55762
9.7929
10.0006
10.4955
10.2719
9.27188
6.6756
4.63562
5.56087
7.92899
9.8773
12.632
14.4995
15.5693
16.2752
16.7019
17.2434
17.8906
18.776
19.871
21.2351
22.8945
24.9471
27.4399
30.4493
33.9948
38.0793
42.6232
47.7881
53.1833
58.5884
63.225
66.8481
69.5481
68.6693
61.979
39.6472
19.908
6.06495
63.0558
193.476
302.909
383.702
443.567
485.847
512.542
533.048
541.181
554.118
562.324
563.989
523.019
474.861
481.957
499.024
492.559
496.994
-0.149431
0.555751
0.499738
0.775893
1.04176
1.37643
1.78031
2.26449
2.82227
3.4363
4.0743
4.72655
5.3808
6.00373
6.47253
6.70793
6.62263
6.39078
6.18851
6.49584
7.49216
8.87485
9.4565
9.63659
9.81503
10.3027
10.1019
9.13578
6.41503
4.2288
5.27956
7.84778
9.83829
12.7551
14.7309
15.7942
16.4779
16.8616
17.3734
17.9952
18.8673
19.9538
21.3159
22.9784
25.0392
27.5455
30.574
34.146
38.2678
42.8624
48.1099
53.614
59.1585
63.9536
67.7215
70.5844
69.7689
62.9042
39.3242
17.6816
0.58416
59.4812
196.94
309.093
388.583
446.985
487.784
512.551
531.803
539.641
551.901
560.66
561.732
514.794
469.413
479.992
501.893
493.435
496.679
-0.280011
0.488926
0.393947
0.68991
0.965471
1.32268
1.75146
2.26119
2.84354
3.48045
4.14137
4.82074
5.49972
6.13657
6.60444
6.83051
6.72068
6.44782
6.18211
6.42436
7.40359
8.79376
9.36578
9.49896
9.64383
10.1127
9.9253
8.99283
6.18418
3.88437
5.0574
7.80464
9.80677
12.8774
14.968
16.02
16.6794
17.0177
17.4992
18.0952
18.9538
20.0314
21.3912
23.056
25.124
27.6424
30.688
34.2841
38.4405
43.0822
48.4086
54.0214
59.7109
64.6842
68.626
71.6974
71.0094
64.0833
39.5694
16.2569
-3.63232
57.2072
201.16
315.359
393.131
450.004
489.666
513.456
529.376
538.895
549.062
558.656
559.208
506.976
462.419
477.735
503.062
493.957
496.275
-0.423355
0.415184
0.277976
0.595999
0.883697
1.26621
1.72069
2.25772
2.86886
3.53328
4.22193
4.92746
5.62555
6.26897
6.73228
6.95084
6.82011
6.51064
6.18942
6.37769
7.34343
8.73075
9.28576
9.38174
9.48753
9.92839
9.7439
8.84599
6.00374
3.63233
4.91508
7.80769
9.7872
12.9999
15.2114
16.2466
16.8794
17.1696
17.6201
18.1899
19.0345
20.1026
21.4591
23.1252
25.1987
27.7274
30.788
34.4051
38.5926
43.2765
48.6754
54.392
60.2258
65.3934
69.5331
72.8567
72.3746
65.5064
40.3732
15.8153
-6.12208
56.6754
206.051
321.661
397.242
452.467
491.34
514.801
527.843
538.479
546.514
556.323
556.372
500.262
454.706
475.027
502.68
494.42
496.449
-0.579365
0.331255
0.150556
0.493389
0.795512
1.20374
1.68473
2.2548
2.90272
3.60049
4.31843
5.04505
5.75386
6.39639
6.85331
7.06723
6.91985
6.57891
6.21131
6.35803
7.31451
8.68865
9.21812
9.28678
9.34775
9.75271
9.55853
8.69879
5.8851
3.49373
4.86282
7.86
9.78225
13.1236
15.4618
16.4739
17.0776
17.3174
17.7367
18.2802
19.1111
20.1696
21.523
23.19
25.2682
27.8057
30.879
34.5137
38.7278
43.4467
48.9073
54.717
60.6868
66.0514
70.4121
74.0187
73.811
67.1657
41.7837
16.4956
-6.26877
58.2167
211.878
327.648
400.863
454.295
492.684
516.206
528.126
538.064
545.159
553.592
553.571
495.254
448.085
472.134
501.744
494.877
496.826
-0.757393
0.225548
0.00534718
0.377233
0.694847
1.1289
1.64206
2.25676
2.95148
3.68767
4.43095
5.16963
5.87979
6.51491
6.96555
7.17823
7.01893
6.65274
6.24929
6.36786
7.31875
8.66805
9.16203
9.21377
9.22586
9.58866
9.37329
8.54843
5.83535
3.46416
4.89714
7.95916
9.79232
13.249
15.7196
16.7015
17.2737
17.4604
17.8483
18.3653
19.1819
20.2302
21.5795
23.2461
25.3272
27.8712
30.9543
34.603
38.8388
43.5849
49.0944
54.9825
61.0745
66.6302
71.2258
75.1387
75.2759
69.0273
43.8113
18.3549
-4.29717
62.39
219.079
332.938
403.901
455.502
493.6
517.416
529.805
538.265
545.148
551.474
551.407
492.198
443.384
469.657
501.099
495.33
497.073
-0.962129
0.0898786
-0.164036
0.239733
0.575122
1.04131
1.60042
2.27413
3.02328
3.79708
4.55646
5.2964
5.99902
6.62177
7.06768
7.28268
7.11622
6.73165
6.30339
6.40798
7.35716
8.67057
9.12029
9.16412
9.12464
9.43896
9.19599
8.39662
5.83658
3.53892
5.00677
8.09949
9.81526
13.3764
15.9856
16.9295
17.4676
17.5989
17.9555
18.4465
19.2495
20.2883
21.6341
23.3007
25.3843
27.9337
31.0245
34.6836
38.9358
43.6999
49.2426
55.188
61.3818
67.115
71.9491
76.185
76.7302
71.0465
46.384
21.4161
-0.470498
69.5203
227.69
337.507
406.217
456.155
494.049
518.318
532.047
539.913
546.676
551.4
550.584
491.337
440.801
467.989
500.843
495.714
497.276
-1.20687
-0.084914
-0.362981
0.0812782
0.444058
0.955693
1.57697
2.3201
3.12393
3.92627
4.68961
5.42052
6.10784
6.71545
7.159
7.37973
7.21031
6.81376
6.37396
6.47895
7.42542
8.69278
9.08977
9.13461
9.04399
9.30503
9.02879
8.24967
5.85926
3.69504
5.18779
8.26967
9.84637
13.5059
16.2607
17.1578
17.6589
17.7324
18.0575
18.5227
19.3118
20.3403
21.6812
23.3459
25.4297
27.9814
31.0764
34.7419
39.005
43.7783
49.3396
55.3218
61.5961
67.4895
72.5605
77.1285
78.1395
73.1973
49.5051
25.6041
5.31937
79.407
237.603
341.377
407.811
456.354
494.063
518.889
534.158
542.939
550.018
554.044
551.846
492.585
439.873
466.998
500.886
496.027
497.431
-1.44926
-0.2629
-0.559733
-0.0715385
0.323237
0.892809
1.58927
2.40407
3.25347
4.06952
4.8241
5.53714
6.2035
6.79565
7.23947
7.46892
7.29944
6.89564
6.46052
6.57762
7.51767
8.73449
9.07538
9.1271
8.98717
9.19062
8.87457
8.10632
5.89407
3.89536
5.42439
8.44945
9.87886
13.6369
16.5456
17.3865
17.8481
17.8615
18.1556
18.596
19.3721
20.3917
21.7294
23.3938
25.4786
28.0323
31.13
34.7989
39.0676
43.8416
49.4067
55.4032
61.7344
67.7673
73.0653
77.9691
79.4901
75.4208
53.0373
30.7578
12.8347
91.8852
248.666
344.663
408.818
456.243
493.763
519.146
535.786
546.423
554.754
559.01
555.336
495.508
440.124
466.476
501.116
496.339
497.566
-1.7011
-0.448968
-0.751199
-0.205682
0.231893
0.872336
1.64963
2.52713
3.40447
4.21784
4.95326
5.6422
6.28509
6.86327
7.30975
7.54985
7.38153
6.9737
6.55719
6.69319
7.62605
8.78648
9.06933
9.13436
8.95138
9.09473
8.73583
7.96684
5.93271
4.12505
5.68238
8.6134
9.90422
13.7684
16.8409
17.6147
18.0348
17.9861
18.249
18.665
19.428
20.4378
21.7701
23.431
25.513
28.0642
31.1603
34.8284
39.0972
43.8643
49.4235
55.4202
61.7925
67.948
73.4636
78.7023
80.7669
77.721
57.0138
36.7536
21.8106
106.548
260.707
347.563
409.451
455.957
493.316
519.132
536.885
549.396
559.662
565.051
560.143
499.614
441.507
466.833
501.401
496.646
497.682
-1.89127
-0.578858
-0.88931
-0.297255
0.184952
0.905958
1.75987
2.68144
3.56605
4.36252
5.07182
5.73352
6.35331
6.92008
7.37098
7.62195
7.45463
7.04472
6.65668
6.81754
7.7453
8.85123
9.08039
9.15943
8.94147
9.02317
8.61603
7.83229
5.96481
4.3558
5.93714
8.74756
9.90835
13.8991
17.1458
17.8407
18.2189
18.1077
18.3396
18.7322
19.4833
20.4853
21.8153
23.4768
25.5586
28.1088
31.2036
34.8693
39.1339
43.8885
49.4347
55.4185
61.8178
68.0799
73.8001
79.3725
81.996
80.0106
61.1173
43.1561
31.8571
122.906
273.476
350.38
409.992
455.653
492.872
518.963
537.557
551.493
563.684
570.671
564.886
504.505
444.052
468.517
501.669
496.871
497.775
-2.11384
-0.740296
-1.04415
-0.366736
0.191476
0.999747
1.91078
2.8504
3.72385
4.4946
5.17557
5.81092
6.41045
6.9689
7.4246
7.68427
7.51663
7.10569
6.75136
6.93687
7.85799
8.91275
9.09225
9.18933
8.94953
8.97005
8.51352
7.70182
5.98238
4.56678
6.15217
8.81087
9.87718
14.0262
17.4571
18.0594
18.3977
18.2256
18.4273
18.7976
19.5368
20.5299
21.8543
23.5104
25.5862
28.1295
31.2177
34.8768
39.1324
43.8694
49.4025
55.3741
61.8008
68.162
74.0824
79.9841
83.1619
82.3265
65.505
49.9116
42.4141
140.266
286.646
353.462
410.684
455.452
492.524
518.773
537.949
552.815
566.422
574.828
568.518
509.503
447.879
471.303
501.898
496.967
497.853
-2.26533
-0.830964
-1.1132
-0.359684
0.260187
1.13608
2.07955
3.01816
3.87006
4.61195
5.26567
5.87768
6.46019
7.01169
7.46946
7.73302
7.56272
7.15472
6.8395
7.04932
7.96683
8.97771
9.12003
9.23017
8.97973
8.944
8.43236
7.57891
5.97922
4.73986
6.32964
8.83877
9.82714
14.1496
17.7706
18.2647
18.5671
18.3386
18.5123
18.8621
19.5906
20.5775
21.9013
23.5607
25.6378
28.1791
31.2643
34.9172
39.1619
43.8818
49.4067
55.368
61.8228
68.2801
74.3938
80.6175
84.3248
84.5033
69.4824
56.1874
53.0974
158.007
299.782
356.986
411.633
455.457
492.345
518.66
538.241
553.658
568.095
577.387
570.755
513.888
452.713
474.651
502.009
496.96
497.902
-2.49792
-0.99446
-1.21729
-0.328115
0.372483
1.29805
2.24879
3.17069
3.99511
4.70871
5.3387
5.93202
6.5025
7.04966
7.50581
7.76759
7.59356
7.18933
6.90856
7.13331
8.046
9.02445
9.13312
9.2676
9.01553
8.92886
8.36595
7.46643
5.95569
4.858
6.42482
8.75008
9.73289
14.258
18.0721
18.4445
18.7183
18.4435
18.5941
18.9271
19.6465
20.6272
21.9466
23.5993
25.6683
28.2009
31.2772
34.9216
39.1541
43.8575
49.3832
55.3497
61.8487
68.4031
74.7087
81.2282
85.3839
86.5846
73.5811
62.1341
62.8355
174.873
311.856
361.195
412.821
455.675
492.347
518.676
538.531
554.228
569.003
578.638
571.978
517.46
457.796
477.99
501.984
496.891
497.938
-2.5609
-0.951794
-1.14646
-0.21581
0.502983
1.44739
2.39496
3.30004
4.10105
4.79279
5.40572
5.98528
6.54497
7.08331
7.52888
7.78138
7.5943
7.19726
6.97384
7.21633
8.11674
9.06461
9.16071
9.31076
9.06547
8.94013
8.32159
7.37584
5.91138
4.92334
6.48217
8.68683
9.69052
14.3718
18.355
18.5901
18.8428
18.5336
18.6662
18.9861
19.6991
20.677
21.999
23.6619
25.7399
28.2738
31.3492
34.9876
39.2083
43.908
49.4466
55.4292
61.9781
68.6332
75.1162
81.8752
86.4238
88.3412
76.4132
66.6934
72.2082
190.653
322.958
365.03
414.062
456.078
492.556
518.85
538.876
554.745
569.63
579.205
572.856
520.464
462.8
480.957
501.82
496.763
497.945
-2.69385
-1.0679
-1.256
-0.142126
0.626647
1.57805
2.51107
3.40014
4.18312
4.85663
5.45333
6.02047
6.57268
7.1058
7.54227
7.78017
7.58016
7.18756
6.99576
7.23874
8.13417
9.07239
9.16481
9.34629
9.10485
8.94635
8.28585
7.3081
5.86783
4.92524
6.4518
8.5346
9.56376
14.5241
18.5701
18.6851
18.9273
18.6063
18.7332
19.0481
19.7584
20.7353
22.057
23.7147
25.7839
28.3081
31.3725
35.0018
39.2134
43.9142
49.4658
55.475
62.0846
68.8281
75.4385
82.3712
87.2026
89.7191
79.3657
70.0173
78.6923
203.043
329.35
368.498
415.327
456.621
492.915
519.18
539.276
555.176
570.03
579.393
573.436
522.743
466.842
482.991
501.626
496.685
497.958
-2.60835
-0.898286
-1.15598
-0.0458839
0.708284
1.66143
2.59397
3.47701
4.24598
4.90714
5.49638
6.05856
6.6057
7.13322
7.56571
7.8022
7.60058
7.19905
7.00973
7.27079
8.17024
9.10029
9.20391
9.38462
9.14907
8.97789
8.28148
7.2798
5.82949
4.89714
6.42521
8.5564
9.62736
14.6954
18.7184
18.7332
18.9632
18.6408
18.7717
19.0896
19.8054
20.7904
22.1262
23.803
25.8902
28.4243
31.4986
35.1365
39.3508
44.0851
49.6767
55.7379
62.4212
69.2725
76.0289
83.1417
88.1966
90.9092
80.4703
72.3904
84.731
213.369
334.352
369.454
415.946
457.179
493.415
519.618
539.718
555.646
570.478
579.605
573.684
523.665
468.496
483.641
501.417
496.576
497.948
)
;

boundaryField
{
    inletFace
    {
        type            zeroGradient;
    }
    inlet
    {
        type            zeroGradient;
    }
    inletWalls
    {
        type            zeroGradient;
    }
    outletInlet
    {
        type            cyclicAMI;
        value           nonuniform List<scalar> 
15
(
484.295
487.609
487.074
487.034
486.153
488.444
487.65
490.417
490.752
496.332
496.414
503.098
503.739
507.213
509.936
)
;
    }
    fineSymmetryWall
    {
        type            symmetryPlane;
    }
    fineWalls
    {
        type            zeroGradient;
    }
    fineCyclicBoundary
    {
        type            fixedValue;
        value           uniform 0;
    }
    fineplug
    {
        type            cyclicAMI;
        value           nonuniform List<scalar> 
80
(
484.722
485.321
486.896
482.068
482.967
485.941
486.79
487.59
488.181
488.275
488.617
490.094
488.719
484.798
485.076
485.382
486.783
486.765
486.593
486.45
487.597
490.394
485.244
485.338
484.766
484.911
486.45
487.632
486.952
486.5
486.81
492.921
488.808
488.321
487.503
486.56
487.01
488.735
488.505
487.233
493.762
490.963
492.024
492.824
491.463
490.3
489.249
489.152
490.461
500.382
497.998
496.01
495.69
496.673
496.504
495.652
494.263
492.306
504.342
505.511
503.501
502.888
501.7
500.169
502.317
501.892
501.06
500.593
509.787
507.737
507.282
507.53
507.562
507.031
505.279
505.789
507.721
515.119
510.517
509.843
)
;
    }
    faceFine
    {
        type            zeroGradient;
    }
}


// ************************************************************************* //
