/*--------------------------------*- C++ -*----------------------------------*\
| =========                 |                                                 |
| \\      /  F ield         | OpenFOAM: The Open Source CFD Toolbox           |
|  \\    /   O peration     | Version:  4.1                                   |
|   \\  /    A nd           | Web:      www.OpenFOAM.org                      |
|    \\/     M anipulation  |                                                 |
\*---------------------------------------------------------------------------*/
FoamFile
{
    version     2.0;
    format      ascii;
    class       volScalarField;
    location    "12";
    object      p;
}
// * * * * * * * * * * * * * * * * * * * * * * * * * * * * * * * * * * * * * //

dimensions      [0 2 -2 0 0 0 0];

internalField   nonuniform List<scalar> 
6785
(
595.908
517.953
471.29
418.211
371.709
326.853
285.007
245.313
207.72
172.131
137.881
104.707
76.6623
47.8357
6.264
-6.19609
-24.2915
-14.2772
-21.503
-20.7425
-23.1458
-23.6462
-24.0178
-23.3669
-21.7867
-19.2171
-15.588
-10.083
-4.74398
-2.89396
-1.59098
-7.24314
0.789568
-5.06515
-2.58876
-5.13937
-5.75989
-7.67526
-9.3997
-11.5106
-13.6265
-15.0976
-15.5954
-16.187
-15.888
-4.30535
-8.01165
-5.8118
-11.6216
-10.8711
-14.8762
-16.2088
-18.8049
-20.6823
-22.6167
-24.0225
-24.7047
-23.7346
-22.9749
-21.2319
-5.1077
-6.4857
-3.1067
-5.49878
-1.90228
-2.71294
-0.563818
0.290285
1.8794
3.34389
5.06826
6.64833
8.79368
10.2172
12.9242
19.0675
19.5744
22.9545
21.9923
25.509
25.5544
27.8041
28.9638
30.5471
31.9887
33.5252
34.9454
36.6134
37.8113
39.5641
40.3437
41.2105
43.5936
42.7726
45.271
45.0288
46.5498
47.0519
47.9767
48.83
49.7804
50.7153
51.7772
52.5376
53.6858
53.2506
54.3229
55.9378
55.7238
57.7926
57.9659
59.4734
59.9055
60.5198
60.3978
59.9067
59.3783
59.1967
59.5375
59.8
64.991
64.239
65.1133
63.6747
64.3799
62.9168
62.597
60.9238
59.3987
57.3408
55.4556
53.8428
52.7925
52.6903
51.1612
46.0748
41.9743
41.578
38.4962
37.8154
35.4093
34.4397
32.7191
31.6025
30.0346
28.4553
26.9231
26.299
25.5144
21.9769
4.00117
-1.15705
-2.50766
-6.13826
-8.36967
-12.0161
-14.876
-18.2755
-21.1821
-23.9664
-25.9512
-26.8892
-27.4505
-28.3016
-28.1093
-20.36
-22.1909
-22.8107
-24.9277
-25.6868
-27.4999
-28.4812
-29.5721
-29.8559
-29.6059
-28.5783
-27.066
-25.0626
-23.5373
-20.9318
2.26981
3.45623
4.35427
4.5443
5.50331
5.84462
6.625
7.35957
8.33764
9.42582
10.7069
11.9232
13.4565
14.5458
16.8184
18.5807
21.5029
22.3021
22.6771
23.295
23.9665
25.0395
26.0195
27.0639
28.0217
28.9141
29.601
30.2664
30.6761
31.1648
61.3444
60.5989
56.9645
50.5655
44.9521
41.1436
37.1718
33.7893
31.5662
30.1547
28.8055
27.7304
26.6939
25.9174
24.1911
42.2207
42.3811
42.4449
42.4475
42.4748
42.5869
42.8913
42.798
42.7414
42.7322
42.8715
42.5927
42.6156
42.6106
42.2843
42.1729
42.2637
42.2303
41.735
41.9409
41.8512
41.4675
41.3667
41.5692
41.4768
41.1323
41.0526
41.2055
41.2249
40.864
41.008
41.0539
40.8225
40.7669
40.8414
40.9253
40.7251
40.7519
40.86
40.7409
40.7007
40.7047
40.7795
40.7036
40.6674
40.6655
40.6688
40.5933
40.5699
40.5042
40.4478
40.4001
40.397
40.3957
40.3793
40.3405
40.3718
40.4235
40.433
40.387
40.4826
40.4619
40.5236
40.4819
40.6498
40.9091
41.4095
40.2659
39.1404
40.3846
41.1749
35.2334
32.5039
35.8079
37.7595
18.7796
27.6264
31.5128
-4.78667
6.47311
11.8936
9.84671
13.5077
4.67551
8.15276
12.4085
12.7549
13.6158
14.3047
15.0538
15.938
18.9515
17.8487
14.9098
17.1504
19.234
21.6365
22.5285
23.8048
24.4592
26.6344
31.383
26.2318
28.6877
28.9875
30.6422
33.1635
34.6136
35.0063
35.4885
35.0218
44.1352
38.3591
39.5747
39.5177
39.449
40.6182
42.7282
43.0277
39.8967
45.7049
45.0538
46.8979
47.1655
46.3475
45.5735
44.6928
46.3931
42.7569
47.2498
51.3148
48.2907
48.8092
48.7279
46.427
44.6245
42.7749
35.9479
45.4678
48.2239
41.8013
38.7168
34.2841
30.6538
27.0064
24.1945
21.132
15.6236
14.0902
20.2208
14.8935
13.921
12.0007
9.42308
2.72115
0.608061
3.07147
-7.26671
6.66228
4.00225
2.95563
9.77376
3.48552
6.85203
5.52866
7.77083
10.9649
6.039
8.88808
10.9621
7.52032
8.90481
7.92481
8.98213
11.1867
7.79991
8.98674
7.93273
8.94813
11.0605
7.05435
8.98299
10.7367
7.4312
8.49225
7.39708
8.29907
10.6244
6.83607
8.03478
6.74522
7.86461
10.2838
5.52139
7.77049
9.75866
5.85005
7.0961
5.74695
6.83417
9.33232
5.10013
6.47812
5.0046
6.2752
8.63454
3.80589
6.11263
7.88873
4.18756
5.40122
4.13355
5.1428
7.19466
3.58334
4.76833
3.53426
4.55771
6.28624
2.58187
4.3092
5.4596
2.77331
3.61779
2.68895
3.3503
4.50893
2.12385
2.83687
1.99213
2.55825
3.31111
1.12691
2.00151
2.31005
0.780101
1.10588
0.449423
0.65279
1.32861
0.000540019
0.000919718
0.00152924
0.00196705
0.00248836
0.00296373
0.00347108
0.00397022
0.00448578
0.00500582
0.00553864
0.0060812
0.00663669
0.00720465
0.00778631
0.00838138
0.00898947
0.00960891
0.0102369
0.010869
0.0114986
0.012117
0.0127136
0.0132755
0.0137893
0.014242
0.0146228
0.0149254
0.0151497
0.015303
0.0154002
0.0154635
0.015519
0.0155927
0.0157047
0.0158657
0.0160789
0.0163521
0.0167162
0.0172388
0.0180175
0.0191438
0.0206438
0.0224093
0.0242016
0.0257742
0.0269114
0.0273877
0.0270892
0.0259071
0.0237483
0.0204708
0.0158034
0.00935959
0.000665662
-0.0107654
-0.0248563
-0.0423455
-0.0612169
-0.0788886
-0.126022
-0.191111
-0.350833
-0.460358
-0.588351
-0.712865
-0.775946
-0.776777
-0.71156
-0.59296
-0.422512
-0.269621
-0.0764471
0.00689513
0.180826
0.151475
0.233773
0.391773
-0.179093
0.00156028
0.00263264
0.00434903
0.00561629
0.00708202
0.00842821
0.00984577
0.0112393
0.0126682
0.0141053
0.0155706
0.0170578
0.0185745
0.0201204
0.0216982
0.023307
0.0249453
0.026608
0.0282868
0.0299681
0.0316331
0.0332566
0.0348074
0.0362495
0.0375443
0.0386554
0.0395533
0.0402217
0.0406623
0.0408985
0.0409762
0.0409606
0.0409292
0.040958
0.0411057
0.0414028
0.0418585
0.0424947
0.0434005
0.0447731
0.0468972
0.0500422
0.0542943
0.0593595
0.0645794
0.069304
0.0729927
0.0750968
0.0754142
0.0737768
0.0700864
0.0641223
0.0552893
0.0426112
0.0247233
-4.38141e-05
-0.0322229
-0.0755194
-0.126598
-0.183409
-0.326007
-0.405122
-0.690158
-0.88572
-1.13736
-1.37892
-1.50125
-1.49972
-1.38014
-1.15154
-0.850767
-0.551171
-0.226603
0.0039793
0.264255
0.378556
0.541362
0.711284
0.702364
0.00243204
0.00425033
0.0071738
0.00931993
0.0118095
0.014092
0.0164983
0.0188633
0.02129
0.0237313
0.0262217
0.0287505
0.0313309
0.0339621
0.036649
0.0393904
0.0421839
0.0450212
0.0478884
0.0507631
0.0536139
0.0563985
0.0590647
0.0615517
0.0637947
0.0657318
0.067313
0.0685099
0.0693246
0.0697954
0.0699984
0.0700429
0.0700585
0.0701729
0.0704846
0.0710442
0.0718653
0.0729826
0.0745443
0.0768817
0.0804761
0.0857843
0.0929527
0.101479
0.110238
0.118117
0.124176
0.12746
0.127585
0.124218
0.117136
0.105892
0.0894031
0.065934
0.0331066
-0.011884
-0.069929
-0.146874
-0.235923
-0.33354
-0.557209
-0.559158
-0.902341
-1.11106
-1.42196
-1.71818
-1.86424
-1.8556
-1.70424
-1.41706
-1.04855
-0.677523
-0.286724
0.00782899
0.317119
0.478566
0.709673
0.821999
1.08257
0.00326767
0.00582205
0.00990122
0.0129155
0.0163956
0.019591
0.0229528
0.0262572
0.0296445
0.0330514
0.036525
0.040051
0.0436477
0.0473142
0.0510574
0.0548758
0.0587659
0.0627164
0.0667077
0.070709
0.0746763
0.0785507
0.0822591
0.0857167
0.0888327
0.0915205
0.09371
0.0953613
0.0964772
0.0971115
0.0973707
0.0974083
0.0974064
0.0975446
0.0979608
0.0987248
0.0998526
0.101388
0.103536
0.10676
0.111743
0.119135
0.129155
0.141097
0.153374
0.164439
0.172976
0.177661
0.177978
0.173477
0.163875
0.148567
0.126043
0.0938407
0.0485412
-0.0138993
-0.0951079
-0.20354
-0.329429
-0.469431
-0.757524
-0.701725
-1.15218
-1.40356
-1.78943
-2.15604
-2.33304
-2.31589
-2.12369
-1.76177
-1.30238
-0.839713
-0.356198
0.0112036
0.393758
0.590739
0.897971
0.994964
1.30004
0.00402365
0.00733802
0.0125781
0.0164766
0.0209605
0.0250838
0.0294151
0.0336738
0.0380364
0.0424241
0.0468963
0.0514356
0.0560652
0.0607845
0.0656021
0.0705166
0.0755236
0.0806087
0.0857473
0.0908997
0.0960097
0.101002
0.105782
0.110241
0.114262
0.117732
0.120561
0.122696
0.124141
0.124963
0.125301
0.125352
0.125352
0.125533
0.126074
0.127063
0.128515
0.130478
0.133211
0.137315
0.143678
0.153163
0.166072
0.181491
0.197344
0.211639
0.222661
0.228705
0.229105
0.223282
0.210885
0.191133
0.162058
0.120422
0.0616899
-0.0194502
-0.125493
-0.267338
-0.431606
-0.615782
-0.954126
-0.850577
-1.43046
-1.72446
-2.19539
-2.6405
-2.85125
-2.82342
-2.58655
-2.14167
-1.5843
-1.02003
-0.437768
0.0152748
0.471907
0.72127
1.10312
1.18178
1.69322
0.00473157
0.0088161
0.0151908
0.0199767
0.025455
0.0305034
0.0357965
0.0410028
0.046332
0.0516914
0.0571518
0.0626933
0.0683439
0.0741031
0.0799818
0.0859782
0.0920874
0.0982922
0.104563
0.110851
0.117088
0.123183
0.12902
0.134465
0.139375
0.143612
0.147064
0.149666
0.151421
0.152412
0.152807
0.152849
0.152829
0.153034
0.153683
0.154882
0.15664
0.159007
0.162287
0.16722
0.174915
0.186462
0.202265
0.221199
0.240674
0.258258
0.271831
0.27931
0.279899
0.272909
0.25795
0.23409
0.198923
0.148411
0.0768522
-0.0223832
-0.152897
-0.328022
-0.530618
-0.761564
-1.14806
-1.01217
-1.74007
-2.04239
-2.5968
-3.11756
-3.35772
-3.31507
-3.03257
-2.50426
-1.85187
-1.18857
-0.512501
0.0241891
0.549087
0.850285
1.30182
1.36573
1.97045
0.00538625
0.0102598
0.0177519
0.0234337
0.0299049
0.035883
0.0421389
0.0482953
0.0545919
0.0609243
0.0673735
0.0739178
0.0805895
0.0873889
0.0943287
0.101407
0.10862
0.115945
0.123349
0.130776
0.138144
0.145346
0.152245
0.158684
0.164491
0.169501
0.173582
0.176654
0.17872
0.179877
0.180325
0.180352
0.180306
0.18053
0.181286
0.182695
0.184758
0.187513
0.191311
0.19703
0.206015
0.219606
0.238332
0.26085
0.28402
0.304969
0.321148
0.330098
0.330894
0.322742
0.305241
0.277318
0.23613
0.176805
0.0924174
-0.0249942
-0.180313
-0.389064
-0.630125
-0.910852
-1.3431
-1.1953
-2.0877
-2.37531
-3.01433
-3.61208
-3.87829
-3.81599
-3.48468
-2.86869
-2.11913
-1.35477
-0.584131
0.0367837
0.628937
0.980838
1.49798
1.54524
2.25396
0.00599823
0.0116766
0.0202617
0.026845
0.0343024
0.0412109
0.0484258
0.0555303
0.0627905
0.070092
0.0775253
0.0850674
0.0927547
0.100588
0.108583
0.116738
0.125047
0.133487
0.142019
0.150579
0.159074
0.16738
0.17534
0.18277
0.189471
0.195254
0.199959
0.203495
0.205863
0.207175
0.20766
0.207656
0.207568
0.207798
0.208652
0.210265
0.212622
0.215744
0.220017
0.226466
0.236683
0.252289
0.27397
0.300151
0.327099
0.351502
0.370362
0.380843
0.381904
0.372659
0.352733
0.320937
0.274006
0.206205
0.10934
-0.0258708
-0.205754
-0.447702
-0.726746
-1.05994
-1.5285
-1.41229
-2.45321
-2.72823
-3.45558
-4.13476
-4.42318
-4.3353
-3.95101
-3.24138
-2.39114
-1.52197
-0.655044
0.0530299
0.711223
1.11659
1.69483
1.72312
2.54728
0.00656997
0.0130713
0.022726
0.0302169
0.0386548
0.0464955
0.0546669
0.062719
0.0709404
0.0792091
0.0876236
0.0961604
0.10486
0.113725
0.122771
0.131998
0.1414
0.150952
0.16061
0.170303
0.179925
0.189336
0.198358
0.206783
0.214383
0.220939
0.226269
0.230268
0.232933
0.234389
0.2349
0.23485
0.234704
0.234928
0.235873
0.237687
0.240332
0.2438
0.248504
0.255617
0.267002
0.284595
0.309271
0.339212
0.37004
0.398004
0.419626
0.431693
0.43306
0.422764
0.40049
0.364963
0.31251
0.236506
0.127465
-0.0251709
-0.229272
-0.503643
-0.820008
-1.20734
-1.69876
-1.66767
-2.80899
-3.09828
-3.91969
-4.68651
-4.99141
-4.8702
-4.42819
-3.61854
-2.66462
-1.68744
-0.723533
0.0740905
0.795845
1.25776
1.89108
1.91918
2.78146
0.00710669
0.0144483
0.0251477
0.0335515
0.0429623
0.051736
0.0608601
0.0698581
0.0790371
0.0882698
0.0976613
0.107189
0.116896
0.126786
0.136879
0.147174
0.157664
0.168324
0.179105
0.189927
0.200674
0.211191
0.221277
0.230699
0.239199
0.24653
0.252486
0.256943
0.259896
0.261486
0.262006
0.26189
0.261669
0.261872
0.262899
0.26491
0.267835
0.271623
0.276706
0.284408
0.296885
0.316429
0.344149
0.377964
0.412789
0.444437
0.468911
0.482631
0.484349
0.473049
0.448521
0.409437
0.351736
0.267883
0.147103
-0.0223516
-0.249947
-0.555394
-0.908283
-1.35019
-1.85135
-1.95607
-3.13365
-3.48555
-4.40949
-5.27343
-5.58785
-5.42335
-4.91779
-4.00068
-2.93953
-1.85078
-0.789052
0.100597
0.883093
1.40488
2.08648
2.10781
3.0364
0.00761166
0.0158113
0.0275306
0.0368524
0.0472283
0.0569357
0.0670085
0.0769507
0.0870838
0.0972772
0.107642
0.118156
0.128865
0.139777
0.150912
0.16227
0.173845
0.185608
0.197509
0.209459
0.221332
0.232956
0.244109
0.254531
0.263936
0.272046
0.278627
0.283539
0.286774
0.288483
0.288994
0.288792
0.288474
0.288641
0.289742
0.291946
0.295145
0.299228
0.304633
0.312838
0.326319
0.347774
0.378594
0.416417
0.455372
0.490843
0.51827
0.533709
0.53582
0.523554
0.496849
0.454366
0.39168
0.300336
0.168308
-0.0172151
-0.267301
-0.602086
-0.990801
-1.48622
-1.99005
-2.28626
-3.41539
-3.8922
-4.92838
-5.90305
-6.21935
-5.99898
-5.42265
-4.3893
-3.21669
-2.0122
-0.851513
0.132956
0.973369
1.5586
2.28188
2.28902
3.31382
0.00808833
0.0171633
0.0298778
0.0401222
0.0514547
0.0620958
0.0731129
0.083997
0.0950801
0.106231
0.117564
0.129059
0.140767
0.152695
0.164866
0.177282
0.189936
0.2028
0.215817
0.228894
0.241893
0.254625
0.266849
0.278276
0.288591
0.297482
0.30469
0.310053
0.31356
0.315375
0.315857
0.315545
0.315108
0.315219
0.316385
0.318781
0.322248
0.326599
0.332262
0.340873
0.355255
0.378572
0.412558
0.454542
0.497778
0.537229
0.567719
0.584948
0.587491
0.574284
0.545467
0.499724
0.432303
0.333836
0.191121
-0.00955984
-0.28085
-0.642969
-1.06685
-1.61332
-2.12708
-2.67946
-3.65223
-4.32589
-5.47966
-6.58245
-6.89256
-6.60089
-5.94481
-4.78504
-3.49619
-2.17139
-0.910588
0.171954
1.06657
1.72047
2.4772
2.4994
3.54558
0.00853947
0.0185069
0.0321925
0.0433635
0.0556437
0.0672184
0.0791748
0.0909983
0.103027
0.115131
0.127428
0.1399
0.1526
0.165539
0.178741
0.19221
0.20594
0.2199
0.234031
0.248233
0.262358
0.276201
0.2895
0.301938
0.313167
0.322845
0.33068
0.336492
0.340262
0.342167
0.342598
0.34215
0.341567
0.341603
0.342824
0.345412
0.349144
0.353735
0.359586
0.368492
0.383657
0.408779
0.446008
0.492326
0.540012
0.583619
0.617289
0.636384
0.639386
0.625243
0.594334
0.545414
0.473446
0.36818
0.215361
0.000522254
-0.290513
-0.677906
-1.13624
-1.73084
-2.27652
-3.12444
-3.83519
-4.78673
-6.06646
-7.3193
-7.61494
-7.23363
-6.48667
-5.18858
-3.77815
-2.32801
-0.965492
0.217757
1.16396
1.89026
2.67233
2.68887
3.79583
0.00896767
0.0198445
0.0344772
0.0465788
0.0597975
0.0723049
0.0851953
0.0979554
0.110925
0.123978
0.137233
0.150677
0.164365
0.178309
0.192536
0.207053
0.221853
0.236905
0.252147
0.267473
0.282726
0.297683
0.312061
0.325516
0.337668
0.348137
0.356601
0.362858
0.366881
0.368858
0.369215
0.368603
0.367844
0.367783
0.369049
0.371831
0.375827
0.380631
0.386593
0.395669
0.41148
0.438338
0.478897
0.529746
0.582071
0.630028
0.667005
0.688043
0.691515
0.676395
0.643337
0.591217
0.51478
0.402956
0.240587
0.0126264
-0.296615
-0.707336
-1.19935
-1.83992
-2.43945
-3.5261
-3.94886
-5.27124
-6.69201
-8.122
-8.39485
-7.90266
-7.05128
-5.60088
-4.06281
-2.48243
-1.01478
0.269148
1.26953
2.06725
2.86788
2.89724
4.05111
0.0093751
0.0211779
0.0367348
0.0497703
0.0639179
0.077357
0.0911758
0.104869
0.118775
0.132772
0.14698
0.161391
0.176059
0.191003
0.20625
0.221808
0.237673
0.253814
0.270164
0.286614
0.302994
0.31907
0.334533
0.349013
0.362094
0.373361
0.382457
0.389156
0.393422
0.395453
0.395708
0.394899
0.393934
0.393751
0.395053
0.398032
0.402295
0.407284
0.413274
0.42238
0.43868
0.467193
0.511181
0.566781
0.623953
0.676476
0.716894
0.739947
0.743863
0.727643
0.692243
0.636728
0.555722
0.437437
0.266009
0.0259515
-0.299967
-0.732324
-1.25733
-1.94287
-2.60846
-3.79434
-4.04584
-5.80513
-7.3602
-8.99956
-9.24126
-8.614
-7.64231
-6.02299
-4.35055
-2.63524
-1.05753
0.325763
1.38528
2.2516
3.064
3.10012
4.26526
0.00976371
0.0225087
0.0389675
0.05294
0.0680068
0.0823761
0.0971174
0.11174
0.126576
0.141513
0.156669
0.17204
0.187684
0.20362
0.219881
0.236475
0.2534
0.270624
0.288081
0.305653
0.323163
0.340361
0.356917
0.372429
0.386449
0.39852
0.408252
0.415389
0.419886
0.421952
0.422077
0.421036
0.419829
0.419497
0.420825
0.424008
0.428545
0.433694
0.439621
0.4486
0.465206
0.495279
0.542809
0.603406
0.665657
0.722982
0.766982
0.7921
0.79636
0.77877
0.740624
0.681272
0.595367
0.470557
0.290501
0.0393605
-0.301774
-0.754396
-1.31195
-2.04276
-2.78393
-3.99775
-4.19406
-6.34501
-8.07859
-9.96197
-10.1636
-9.3741
-8.26403
-6.45616
-4.64164
-2.78621
-1.09338
0.38843
1.51116
2.4421
3.26406
3.2968
4.54514
0.0101352
0.0238383
0.0411776
0.0560898
0.072066
0.0873636
0.103021
0.11857
0.13433
0.150201
0.166298
0.182624
0.199236
0.21616
0.233427
0.251052
0.269031
0.287335
0.305894
0.324588
0.34323
0.361554
0.37921
0.395766
0.410733
0.423618
0.433988
0.441562
0.446279
0.448357
0.448321
0.44701
0.445521
0.445011
0.446355
0.449752
0.454576
0.459861
0.46563
0.474305
0.491006
0.522525
0.573726
0.639597
0.707183
0.769568
0.817281
0.844463
0.848824
0.829367
0.787776
0.723842
0.632455
0.500942
0.3127
0.051511
-0.30347
-0.775331
-1.36542
-2.14342
-2.96918
-4.19112
-4.48567
-6.87944
-8.86775
-11.0203
-11.1716
-10.1897
-8.92133
-6.90203
-4.93623
-2.93485
-1.12187
0.457816
1.64766
2.63864
3.47115
3.52669
4.8059
0.0104909
0.0251681
0.043367
0.0592213
0.0760969
0.0923207
0.108888
0.125358
0.142037
0.158836
0.175869
0.193143
0.210717
0.22862
0.246888
0.265536
0.284564
0.303943
0.323603
0.343418
0.363194
0.38265
0.401414
0.419023
0.43495
0.448657
0.459671
0.467678
0.472603
0.474671
0.47444
0.472818
0.471003
0.470282
0.471632
0.47526
0.480389
0.485789
0.491297
0.499471
0.516025
0.548855
0.603874
0.675326
0.748529
0.816245
0.867769
0.896896
0.900885
0.878738
0.832649
0.763067
0.665443
0.527068
0.331199
0.061058
-0.30649
-0.796893
-1.42001
-2.24838
-3.16636
-4.41341
-4.98276
-7.44725
-9.75901
-12.1862
-12.2748
-11.0677
-9.6195
-7.36274
-5.2346
-3.08078
-1.14246
0.534495
1.79548
2.84198
3.68569
3.74873
5.02386
0.0108322
0.0264991
0.0455376
0.0623362
0.0801011
0.0972485
0.114718
0.132105
0.149697
0.167419
0.18538
0.203595
0.222124
0.241
0.260261
0.279926
0.299997
0.320446
0.341203
0.362139
0.383051
0.403645
0.423526
0.4422
0.4591
0.473639
0.485303
0.493741
0.498862
0.500896
0.500434
0.498454
0.496267
0.495299
0.496645
0.500522
0.505985
0.511485
0.516621
0.524075
0.540201
0.574184
0.633189
0.710563
0.789692
0.863005
0.918346
0.949082
0.951878
0.925826
0.873821
0.797299
0.692694
0.547499
0.344766
0.0668615
-0.312051
-0.820581
-1.47777
-2.36059
-3.37739
-4.69428
-5.71211
-8.03097
-10.7599
-13.4712
-13.4822
-12.0148
-10.3642
-7.84064
-5.53718
-3.22362
-1.15464
0.619146
1.95512
3.05245
3.90868
3.96434
5.31204
0.01116
0.0278322
0.0476911
0.0654358
0.08408
0.102148
0.120514
0.138812
0.15731
0.175948
0.19483
0.21398
0.233456
0.253297
0.273544
0.294219
0.315327
0.336842
0.358693
0.380749
0.4028
0.424539
0.445547
0.465299
0.483184
0.498569
0.510889
0.519756
0.52506
0.527035
0.526303
0.523915
0.521302
0.520047
0.52138
0.525533
0.531365
0.536956
0.541607
0.548096
0.563468
0.598419
0.661603
0.745277
0.830656
0.909778
0.96875
1.00041
1.00075
0.969174
0.909574
0.824824
0.71276
0.561129
0.352542
0.0681605
-0.32098
-0.847454
-1.54021
-2.48219
-3.60441
-5.0424
-6.56951
-8.56802
-11.8578
-14.8862
-14.8033
-13.0375
-11.161
-8.33802
-5.84455
-3.36298
-1.1579
0.712499
2.12705
3.27091
4.14125
4.23018
5.58613
0.0114753
0.0291684
0.0498289
0.0685214
0.0880349
0.10702
0.126275
0.145479
0.164876
0.184424
0.20422
0.224296
0.244712
0.265511
0.286736
0.308414
0.330552
0.353127
0.376069
0.399245
0.422438
0.445328
0.467475
0.488318
0.507205
0.523448
0.536431
0.545726
0.551201
0.553089
0.552046
0.549195
0.546099
0.544514
0.545823
0.550284
0.556535
0.562215
0.566261
0.571512
0.585756
0.621456
0.689044
0.779428
0.871367
0.956365
1.01844
1.04985
1.04601
1.00698
0.938129
0.844191
0.724655
0.567365
0.354165
0.0646798
-0.333614
-0.87803
-1.60811
-2.61438
-3.84924
-5.44824
-7.391
-9.10324
-13.1073
-16.4451
-16.2492
-14.1422
-12.016
-8.8571
-6.1575
-3.49843
-1.15175
0.815296
2.31172
3.49756
4.38249
4.46965
5.81009
0.0117788
0.0305084
0.0519524
0.0715941
0.0919668
0.111866
0.132001
0.152107
0.172395
0.192846
0.213549
0.234544
0.255891
0.27764
0.299835
0.322508
0.34567
0.369299
0.393328
0.417623
0.441961
0.46601
0.489307
0.511258
0.531163
0.548279
0.561935
0.571657
0.577289
0.579063
0.577664
0.574291
0.570648
0.568682
0.569959
0.574768
0.581498
0.587277
0.590595
0.594306
0.606987
0.643181
0.715432
0.812948
0.911674
1.00231
1.06644
1.09588
1.08572
1.03734
0.958016
0.854519
0.728018
0.566201
0.349815
0.0566556
-0.349785
-0.912271
-1.68159
-2.75735
-4.11278
-5.90304
-8.16911
-9.74348
-14.5575
-18.1712
-17.8314
-15.3345
-12.9344
-9.3999
-6.47709
-3.62955
-1.13569
0.928295
2.50953
3.73276
4.63457
4.74013
6.1057
0.0120711
0.0318529
0.0540629
0.0746551
0.0958768
0.116686
0.137695
0.158695
0.179867
0.201214
0.222815
0.244721
0.266991
0.289681
0.312838
0.336498
0.360676
0.385355
0.410467
0.43588
0.461367
0.486582
0.511042
0.534117
0.555058
0.573065
0.587403
0.597553
0.603328
0.604959
0.603156
0.599197
0.594935
0.592535
0.59377
0.598975
0.606263
0.612163
0.614628
0.616464
0.627079
0.66347
0.74067
0.845709
0.951229
1.04677
1.11128
1.13644
1.11775
1.05866
0.968436
0.855653
0.72314
0.558191
0.340173
0.0447796
-0.36888
-0.949643
-1.76009
-2.91037
-4.39501
-6.40407
-8.95907
-10.6183
-16.1871
-20.1
-19.561
-16.6186
-13.9211
-9.96821
-6.80451
-3.75596
-1.10922
1.05226
2.72085
3.97698
4.8973
5.00387
6.31412
0.0123525
0.0332027
0.0561614
0.0777052
0.0997658
0.121481
0.143355
0.165243
0.187292
0.209527
0.232018
0.254827
0.278011
0.301633
0.325743
0.350382
0.375568
0.40129
0.427482
0.454013
0.480651
0.507041
0.532677
0.556895
0.578892
0.597807
0.61284
0.623418
0.629323
0.63078
0.628524
0.623909
0.61895
0.616054
0.617235
0.622897
0.630837
0.636897
0.638384
0.637974
0.645941
0.682177
0.764624
0.877442
0.989346
1.08838
1.15083
1.16912
1.14023
1.07013
0.969431
0.848134
0.710871
0.54435
0.326302
0.0300772
-0.389957
-0.989217
-1.84253
-3.07189
-4.69488
-6.94905
-9.78302
-11.7713
-17.9891
-22.2673
-21.4489
-17.9974
-14.9795
-10.5636
-7.14079
-3.87729
-1.07185
1.18793
2.94603
4.2305
5.1718
5.26272
6.60569
0.0126234
0.0345584
0.0582489
0.0807453
0.103635
0.126252
0.148982
0.171752
0.194669
0.217784
0.241157
0.26486
0.288949
0.313494
0.338548
0.364156
0.390344
0.417101
0.444369
0.472016
0.499809
0.527383
0.55421
0.579589
0.602665
0.622508
0.63825
0.649257
0.655279
0.65653
0.653766
0.64842
0.642678
0.639216
0.640333
0.646521
0.65523
0.661507
0.661895
0.658831
0.663473
0.69913
0.787077
0.907613
1.02486
1.12511
1.18242
1.19158
1.15213
1.07193
0.961809
0.833045
0.692458
0.525992
0.30949
0.013756
-0.411873
-1.02977
-1.92737
-3.2397
-5.01038
-7.53385
-10.649
-13.219
-19.9446
-24.7105
-23.5089
-19.4724
-16.112
-11.1871
-7.48647
-3.99324
-1.02313
1.33605
3.18536
4.49404
5.45933
5.57199
6.89108
0.0128841
0.0359206
0.0603263
0.083776
0.107484
0.130998
0.154577
0.178222
0.201999
0.225986
0.250231
0.274818
0.299804
0.325262
0.351249
0.377819
0.404998
0.432785
0.461124
0.489886
0.518837
0.547603
0.575636
0.602198
0.626377
0.647171
0.663635
0.675075
0.681201
0.682214
0.678886
0.672726
0.666105
0.662
0.663039
0.669835
0.679455
0.686031
0.685205
0.679037
0.679561
0.714103
0.807633
0.935306
1.05605
1.15424
1.20318
1.20234
1.15363
1.06512
0.946907
0.811789
0.669352
0.504543
0.291084
-0.00293152
-0.433384
-1.06989
-2.01271
-3.41096
-5.33831
-8.15061
-11.5576
-14.9797
-22.042
-27.4843
-25.7596
-21.0449
-17.3196
-11.8392
-7.84166
-4.10357
-0.962607
1.49728
3.4391
4.76798
5.75859
5.86074
7.09561
0.0131345
0.0372898
0.0623943
0.0867981
0.111314
0.13572
0.160139
0.184651
0.20928
0.23413
0.259239
0.284701
0.310572
0.336934
0.363845
0.391365
0.419528
0.448337
0.477741
0.507617
0.53773
0.567697
0.596953
0.62472
0.650027
0.671796
0.689
0.700876
0.707094
0.707836
0.703883
0.696821
0.689214
0.684377
0.685323
0.692824
0.703523
0.710509
0.708369
0.698601
0.694067
0.726763
0.825618
0.959188
1.08049
1.1725
1.21096
1.20141
1.146
1.05133
0.926319
0.785868
0.643017
0.481381
0.272358
-0.0187682
-0.453188
-1.10794
-2.09628
-3.58228
-5.67396
-8.78597
-12.504
-17.0684
-24.2567
-30.6546
-28.2249
-22.7159
-18.6023
-12.5192
-8.20606
-4.208
-0.889834
1.67224
3.70745
5.05253
6.071
6.13982
7.38504
0.0133748
0.0386668
0.0644535
0.089812
0.115127
0.140418
0.165669
0.191041
0.216512
0.242216
0.268179
0.294506
0.321253
0.348507
0.376332
0.404793
0.43393
0.463752
0.494217
0.525204
0.556481
0.58766
0.618156
0.647151
0.673615
0.696386
0.714348
0.726666
0.732963
0.7334
0.728761
0.7207
0.71199
0.70632
0.707155
0.715472
0.727452
0.734992
0.731455
0.717534
0.7068
0.736588
0.840078
0.977464
1.09484
1.17682
1.20525
1.19018
1.13117
1.03239
0.901653
0.756694
0.614772
0.457719
0.254457
-0.0325819
-0.469911
-1.14213
-2.17554
-3.74974
-6.01096
-9.42138
-13.4796
-19.4311
-26.4777
-34.2539
-30.9293
-24.4868
-19.9583
-13.2251
-8.57881
-4.30597
-0.804327
1.8615
3.99059
5.34853
6.39836
6.48024
7.68484
0.0136047
0.0400519
0.0665046
0.0928183
0.118921
0.145093
0.171166
0.19739
0.223694
0.250244
0.277051
0.304233
0.331844
0.35998
0.388707
0.418099
0.448199
0.479026
0.510545
0.542641
0.575086
0.607486
0.639239
0.669489
0.69714
0.720942
0.739683
0.75245
0.758815
0.758913
0.75352
0.744357
0.734414
0.727797
0.728496
0.737759
0.751256
0.759537
0.754546
0.735839
0.71745
0.742853
0.849959
0.987496
1.0953
1.16583
1.18745
1.17093
1.11125
1.0101
0.874341
0.725448
0.585702
0.434573
0.238414
-0.043201
-0.482079
-1.1705
-2.24767
-3.90903
-6.34158
-10.0374
-14.4823
-21.8806
-28.5954
-38.2978
-33.8931
-26.3587
-21.3845
-13.9533
-8.95848
-4.3966
-0.705501
2.06557
4.28861
5.65646
6.73766
6.78663
7.87904
0.0138241
0.0414458
0.0685478
0.0958173
0.122697
0.149744
0.176631
0.203698
0.230826
0.258211
0.285851
0.313878
0.342343
0.371349
0.400968
0.431278
0.462331
0.494155
0.52672
0.559922
0.593537
0.627168
0.660197
0.691729
0.7206
0.745465
0.765009
0.778232
0.784655
0.784379
0.778166
0.767789
0.756466
0.74877
0.749306
0.759662
0.774957
0.784208
0.777731
0.753466
0.725498
0.744941
0.853971
0.985372
1.07907
1.1406
1.16023
1.14613
1.08824
0.98599
0.845536
0.693014
0.556644
0.412799
0.225217
-0.0494002
-0.488123
-1.19103
-2.30986
-4.05591
-6.65786
-10.6198
-15.5111
-24.1901
-30.7224
-42.9043
-37.1329
-28.3318
-22.8774
-14.699
-9.34303
-4.4785
-0.592588
2.28494
4.60153
5.97652
7.0917
7.12578
8.19852
0.0140327
0.042849
0.0705837
0.0988092
0.126456
0.154372
0.182062
0.209964
0.237906
0.266116
0.29458
0.32344
0.352747
0.382612
0.41311
0.444327
0.476323
0.509132
0.542737
0.577041
0.611827
0.6467
0.681024
0.713867
0.743993
0.769957
0.790329
0.804018
0.81049
0.809806
0.802701
0.790991
0.778127
0.769202
0.769537
0.781156
0.798572
0.809074
0.801083
0.770172
0.730347
0.742883
0.849601
0.966831
1.04621
1.10413
1.12652
1.11801
1.06382
0.961308
0.816067
0.659992
0.528247
0.393175
0.215883
-0.0498866
-0.486465
-1.20186
-2.35972
-4.18684
-6.95289
-11.1588
-16.5628
-26.3028
-33.0658
-48.1621
-40.6655
-30.4035
-24.4326
-15.4566
-9.72965
-4.54979
-0.464527
2.52013
4.92932
6.3093
7.45939
7.45257
8.4151
0.0142302
0.0442621
0.0726124
0.101794
0.130197
0.158975
0.18746
0.216187
0.244933
0.273959
0.303235
0.332916
0.363054
0.393766
0.42513
0.457242
0.490167
0.523952
0.558588
0.59399
0.629949
0.666073
0.701713
0.735898
0.767317
0.794417
0.815646
0.829813
0.836325
0.835201
0.827131
0.813958
0.799374
0.789046
0.789135
0.80221
0.822119
0.834191
0.824555
0.785312
0.732023
0.736628
0.832237
0.929791
0.999754
1.05995
1.08889
1.08842
1.03932
0.936973
0.786484
0.626757
0.501049
0.376479
0.211481
-0.043366
-0.475739
-1.20172
-2.39591
-4.30008
-7.22251
-11.6516
-17.6404
-28.25
-35.8287
-53.9865
-44.5078
-32.5668
-26.0455
-16.2195
-10.1145
-4.60799
-0.319884
2.77177
5.27189
6.65502
7.84129
7.77687
8.71982
0.014416
0.0456855
0.0746341
0.104773
0.133921
0.163555
0.192824
0.222368
0.251907
0.281737
0.311814
0.342306
0.373261
0.404807
0.437025
0.470018
0.503861
0.53861
0.574268
0.610762
0.647895
0.685279
0.722255
0.757815
0.790569
0.818846
0.840962
0.855621
0.862168
0.860572
0.851461
0.836689
0.820185
0.808257
0.808041
0.822788
0.845607
0.859555
0.847703
0.79802
0.731808
0.723706
0.796781
0.876091
0.944162
1.01109
1.04943
1.05878
1.01575
0.913652
0.757117
0.593537
0.475552
0.363522
0.213094
-0.0287201
-0.455175
-1.19057
-2.41911
-4.39685
-7.46671
-12.1026
-18.749
-30.0458
-39.0829
-60.3031
-48.6723
-34.8111
-27.7107
-16.981
-10.4927
-4.65012
-0.156781
3.04063
5.62909
7.01405
8.23863
8.15518
9.03097
0.0145897
0.0471198
0.076649
0.107745
0.137627
0.168109
0.198153
0.228504
0.258826
0.28945
0.320316
0.351605
0.383366
0.415732
0.44879
0.482651
0.517399
0.553099
0.589768
0.627349
0.665656
0.704309
0.742643
0.779611
0.813744
0.843244
0.866282
0.881447
0.888025
0.885926
0.8757
0.859181
0.840537
0.826778
0.826183
0.84284
0.869011
0.88493
0.869339
0.808291
0.73123
0.700719
0.742924
0.809997
0.883127
0.959919
1.00965
1.03012
0.993861
0.891845
0.728153
0.560465
0.452257
0.355133
0.221696
-0.00532444
-0.425167
-1.17032
-2.43292
-4.4823
-7.6902
-12.5228
-19.8917
-31.7012
-42.9263
-67.023
-53.1629
-37.1222
-29.4208
-17.7338
-10.858
-4.67271
0.0270872
3.32779
6.00076
7.38646
8.64869
8.50925
9.26089
0.0147506
0.0485656
0.0786571
0.11071
0.141315
0.172639
0.203446
0.234594
0.265688
0.297094
0.328737
0.360812
0.393365
0.426538
0.460422
0.495137
0.530774
0.567413
0.605083
0.643742
0.683222
0.723154
0.762867
0.80128
0.836839
0.867609
0.891606
0.907296
0.913901
0.911272
0.899856
0.881434
0.860406
0.844553
0.843479
0.862297
0.892207
0.90943
0.887892
0.817236
0.726102
0.65264
0.672215
0.736855
0.819626
0.907794
0.970681
1.00323
0.97429
0.871966
0.699678
0.527604
0.431652
0.352084
0.237914
0.026463
-0.387968
-1.14567
-2.44463
-4.56548
-7.9016
-12.9277
-21.0684
-33.2343
-47.4657
-74.0295
-57.9735
-39.4821
-31.166
-18.4707
-11.2036
-4.67189
0.234407
3.63465
6.38674
7.77189
9.07271
8.85681
9.5858
0.0148981
0.0500234
0.0806583
0.113668
0.144985
0.177142
0.208703
0.240638
0.272493
0.304669
0.337077
0.369924
0.403256
0.437221
0.471917
0.50747
0.543982
0.581545
0.620203
0.659932
0.700583
0.741801
0.782916
0.822812
0.859847
0.891942
0.916937
0.933171
0.939805
0.936621
0.923939
0.903452
0.879767
0.861512
0.859828
0.881044
0.914724
0.931178
0.902579
0.824284
0.70663
0.575477
0.59395
0.655096
0.755415
0.855695
0.933205
0.978744
0.957627
0.8544
0.671695
0.494932
0.414172
0.354943
0.26165
0.0646576
-0.348396
-1.12476
-2.46523
-4.65798
-8.11158
-13.3341
-22.2737
-34.6588
-52.7634
-81.1542
-63.0732
-41.8682
-32.9332
-19.1849
-11.5218
-4.6434
0.468155
3.96305
6.78694
8.17013
9.5123
9.26267
9.91522
0.0150313
0.0514936
0.0826525
0.116619
0.148636
0.181619
0.213923
0.246634
0.279238
0.312173
0.345333
0.378938
0.413034
0.447777
0.483269
0.519645
0.557017
0.595488
0.635121
0.67591
0.717728
0.760239
0.802778
0.844197
0.882763
0.916239
0.942276
0.959076
0.96574
0.961983
0.947964
0.925238
0.898596
0.877578
0.875101
0.898838
0.935276
0.947883
0.914525
0.830684
0.659277
0.487109
0.514798
0.569346
0.691727
0.804267
0.89792
0.957276
0.944489
0.839534
0.644101
0.462306
0.400119
0.363825
0.29152
0.104978
-0.314399
-1.11923
-2.50793
-4.7716
-8.33079
-13.7572
-23.4928
-35.9902
-58.8707
-88.1658
-68.4032
-44.2514
-34.7053
-19.8692
-11.805
-4.58271
0.731484
4.3153
7.20139
8.58085
9.96321
9.63808
10.1556
0.0151495
0.0529769
0.0846394
0.119563
0.152268
0.186069
0.219104
0.25258
0.285922
0.319602
0.353501
0.387852
0.422698
0.458203
0.494475
0.531657
0.569871
0.609235
0.649828
0.691666
0.734646
0.778456
0.822441
0.865424
0.90558
0.940498
0.967624
0.985013
0.991714
0.987369
0.971945
0.946802
0.916864
0.892656
0.88912
0.915026
0.95164
0.958831
0.924917
0.823771
0.589009
0.396348
0.432675
0.482552
0.629158
0.754211
0.865528
0.939531
0.93557
0.827767
0.616664
0.42943
0.389532
0.377974
0.324186
0.140345
-0.297314
-1.1431
-2.58543
-4.91583
-8.56806
-14.2075
-24.6993
-37.2772
-65.9591
-94.9112
-73.9207
-46.5923
-36.4594
-20.5169
-12.0453
-4.48511
1.02761
4.69419
7.63024
9.0029
10.4277
10.0421
10.5061
0.0152516
0.0544738
0.0866189
0.1225
0.15588
0.19049
0.224245
0.258475
0.292542
0.326955
0.36158
0.396661
0.432242
0.468494
0.505529
0.5435
0.58254
0.622779
0.664315
0.707188
0.751323
0.796437
0.84189
0.886481
0.928288
0.964716
0.992981
1.01098
1.01773
1.01279
0.995901
0.968151
0.934537
0.906627
0.901558
0.928143
0.962142
0.967744
0.935298
0.786428
0.515358
0.299242
0.347851
0.395802
0.568175
0.706332
0.836782
0.926285
0.931669
0.819514
0.588998
0.395798
0.381947
0.395153
0.353862
0.160583
-0.311323
-1.20996
-2.70688
-5.09651
-8.82941
-14.6878
-25.8579
-38.6367
-74.2966
-101.061
-79.5351
-48.852
-38.1671
-21.1209
-12.2353
-4.34592
1.3597
5.10287
8.07396
9.43551
10.9037
10.4337
10.7829
0.0153368
0.0559848
0.0885905
0.125428
0.159471
0.194881
0.229345
0.264317
0.299097
0.33423
0.369567
0.405364
0.441664
0.478647
0.516428
0.55517
0.595015
0.636111
0.678573
0.722466
0.767747
0.814168
0.86111
0.907354
0.950878
0.988887
1.01835
1.03699
1.0438
1.03826
1.01985
0.989296
0.951569
0.919328
0.911691
0.936274
0.968169
0.980547
0.928634
0.736898
0.439552
0.19605
0.261173
0.31068
0.50946
0.661333
0.812467
0.918434
0.933701
0.815217
0.560536
0.360611
0.375965
0.411083
0.372129
0.152368
-0.37113
-1.32916
-2.8761
-5.31548
-9.11759
-15.1935
-26.9348
-40.2075
-83.6333
-105.699
-85.0698
-51.0023
-39.794
-21.6739
-12.3678
-4.16057
1.73087
5.54483
8.53326
9.87742
11.3908
10.8204
11.1423
0.0154038
0.0575104
0.0905539
0.128347
0.163041
0.199241
0.234402
0.270104
0.305584
0.341424
0.377458
0.413956
0.45096
0.488656
0.527165
0.566659
0.607291
0.649224
0.692591
0.737488
0.783904
0.831632
0.880083
0.928027
0.973339
1.01301
1.04372
1.06303
1.06991
1.06379
1.04381
1.01024
0.967894
0.930454
0.918183
0.93876
0.973612
0.99361
0.897867
0.690579
0.357528
0.0892527
0.171098
0.228168
0.453416
0.620067
0.793468
0.917003
0.942735
0.815361
0.530517
0.322579
0.368676
0.419328
0.367732
0.100295
-0.487747
-1.50328
-3.09165
-5.57107
-9.43196
-15.7144
-27.907
-42.0219
-92.6466
-108.361
-90.3274
-53.0161
-41.3039
-22.1693
-12.4351
-3.92463
2.14413
6.0237
9.00919
10.3273
11.8885
11.2516
11.4973
0.0154515
0.0590511
0.0925085
0.131257
0.166588
0.203569
0.239415
0.275835
0.312001
0.348533
0.385251
0.422434
0.460125
0.498517
0.537735
0.577962
0.619361
0.662108
0.706361
0.752241
0.799779
0.848812
0.898791
0.948483
0.995659
1.03707
1.06909
1.0891
1.09608
1.08939
1.0678
1.03096
0.983398
0.939403
0.919839
0.93879
0.986222
0.98711
0.864621
0.643177
0.271097
-0.0192793
0.0759309
0.149368
0.40059
0.583458
0.780768
0.923179
0.960029
0.820512
0.497928
0.279504
0.35541
0.411529
0.326182
-0.00944391
-0.6644
-1.72802
-3.34793
-5.85851
-9.76819
-16.2369
-28.7612
-43.9565
-99.8275
-109.048
-95.0234
-54.8499
-42.6568
-22.601
-12.4296
-3.63402
2.60239
6.5431
9.50309
10.7838
12.3926
11.657
11.8233
0.0154787
0.0606075
0.0944537
0.134157
0.170111
0.207864
0.244381
0.281506
0.318346
0.355556
0.392942
0.430795
0.469156
0.508225
0.548134
0.589073
0.631216
0.674755
0.71987
0.766713
0.815355
0.865689
0.917214
0.968702
1.01782
1.06107
1.09447
1.11521
1.1223
1.11506
1.09181
1.05141
0.997837
0.945267
0.917023
0.940282
1.00153
0.961972
0.836724
0.59179
0.183301
-0.127781
-0.0262137
0.0753286
0.351538
0.552555
0.775462
0.938323
0.987088
0.831357
0.461298
0.227809
0.330548
0.376612
0.231144
-0.183391
-0.89541
-1.99411
-3.63633
-6.16989
-10.1176
-16.7438
-29.4871
-45.8038
-104.174
-108.436
-98.7636
-56.4654
-43.8201
-22.9634
-12.3452
-3.28517
3.10841
7.10652
10.0165
11.2453
12.9031
12.0454
12.2352
0.015484
0.0621801
0.096389
0.137047
0.173609
0.212123
0.2493
0.287116
0.324616
0.36249
0.400527
0.439034
0.478048
0.517776
0.558356
0.599984
0.642849
0.687157
0.733109
0.78089
0.830617
0.882243
0.935329
0.988664
1.03981
1.08499
1.11983
1.14133
1.14856
1.1408
1.1158
1.07146
1.01078
0.947707
0.913599
0.950079
1.00074
0.939323
0.80844
0.538498
0.0958468
-0.233142
-0.135318
0.00711862
0.306975
0.528494
0.778749
0.964006
1.02575
0.848686
0.418097
0.163035
0.288439
0.298786
0.070093
-0.417063
-1.16855
-2.28945
-3.94563
-6.49346
-10.4658
-17.2128
-30.07
-47.3826
-105.782
-107.538
-101.327
-57.8438
-44.7602
-23.2486
-12.1764
-2.87496
3.66476
7.71715
10.551
11.71
13.4188
12.4882
12.5993
0.0154661
0.0637694
0.0983135
0.139924
0.177081
0.216344
0.254168
0.292663
0.330808
0.36933
0.408005
0.447147
0.486796
0.527164
0.568394
0.610691
0.654253
0.699304
0.746066
0.794757
0.845546
0.898452
0.953111
1.00834
1.06161
1.10883
1.14519
1.16747
1.17484
1.16654
1.13964
1.09083
1.02175
0.948013
0.914373
0.967947
0.984263
0.923358
0.777947
0.485255
0.0102361
-0.330771
-0.248005
-0.0537408
0.267663
0.51249
0.791941
1.00205
1.07827
0.873092
0.363933
0.0828068
0.220751
0.15894
-0.158052
-0.696421
-1.46862
-2.60028
-4.26175
-6.8126
-10.7913
-17.6143
-30.4869
-48.6163
-105.792
-106.833
-103.063
-58.9437
-45.4462
-23.4474
-11.92
-2.40074
4.27379
8.37782
11.1082
12.1769
13.9347
12.8866
12.9781
0.0154234
0.0653758
0.100227
0.142788
0.180525
0.220527
0.258983
0.298142
0.336919
0.376074
0.415369
0.455131
0.495396
0.536384
0.578242
0.621185
0.665419
0.711186
0.758729
0.808302
0.860125
0.914293
0.970534
1.02771
1.0832
1.13257
1.17053
1.1936
1.20109
1.19217
1.1631
1.1091
1.03085
0.9495
0.923172
0.980844
0.970834
0.908714
0.747206
0.432684
-0.0719191
-0.416287
-0.360383
-0.105501
0.23457
0.505821
0.816483
1.05458
1.14744
0.903771
0.293502
-0.00995155
0.110049
-0.0560838
-0.440222
-1.00306
-1.77976
-2.91128
-4.56707
-7.1048
-11.0645
-17.9099
-30.7042
-49.4705
-104.848
-106.4
-103.999
-59.7195
-45.8683
-23.5524
-11.5747
-1.86049
4.93766
9.09083
11.689
12.6433
14.4499
13.3191
13.3453
0.0153543
0.0669999
0.102127
0.145638
0.18394
0.224668
0.263743
0.303553
0.342946
0.382718
0.422618
0.46298
0.503844
0.545431
0.587896
0.631459
0.67634
0.722794
0.771087
0.821508
0.874332
0.929742
0.987568
1.04675
1.10456
1.1562
1.19583
1.21969
1.22719
1.21746
1.18575
1.12586
1.03934
0.9563
0.942891
0.98249
0.965283
0.893725
0.717743
0.38122
-0.149057
-0.485333
-0.467286
-0.146712
0.208737
0.509815
0.853964
1.12414
1.23628
0.935906
0.206515
-0.11306
-0.0706625
-0.341964
-0.754659
-1.31871
-2.08608
-3.20522
-4.83992
-7.34159
-11.2483
-18.0541
-30.6808
-49.9119
-103.168
-105.915
-104.068
-60.1601
-46.0256
-23.5588
-11.1399
-1.25304
5.65831
9.8578
12.2942
13.1083
14.9615
13.738
13.662
0.0152571
0.0686421
0.104015
0.148473
0.187323
0.228766
0.268446
0.308891
0.348885
0.389258
0.429745
0.470691
0.512133
0.554299
0.597347
0.641507
0.687008
0.734118
0.783127
0.83436
0.88815
0.944773
1.00418
1.06541
1.12566
1.17971
1.22107
1.24563
1.25295
1.24199
1.207
1.14108
1.0492
0.969855
0.969225
0.983292
0.963318
0.879689
0.690097
0.331542
-0.220125
-0.535265
-0.56337
-0.175892
0.191416
0.525818
0.906133
1.21375
1.34653
0.959103
0.117442
-0.240146
-0.343134
-0.675354
-1.07933
-1.62674
-2.37145
-3.4628
-5.05515
-7.49024
-11.3015
-17.9989
-30.3758
-49.9198
-100.909
-105.195
-103.296
-60.2804
-45.9163
-23.4637
-10.6157
-0.578069
6.43762
10.6794
12.9231
13.5686
15.4659
14.1466
14.0393
0.0151302
0.0703031
0.105888
0.151291
0.190673
0.232818
0.273088
0.314154
0.354733
0.395691
0.436748
0.478259
0.520259
0.562983
0.606591
0.651321
0.697412
0.745147
0.794838
0.846842
0.901555
0.959356
1.02034
1.08366
1.14646
1.20307
1.24619
1.27129
1.27801
1.26519
1.22629
1.15527
1.06216
0.989625
0.993248
0.990198
0.962662
0.867619
0.664687
0.284432
-0.284443
-0.565554
-0.643673
-0.19239
0.183949
0.555177
0.974918
1.32674
1.47432
0.962988
0.0536893
-0.418537
-0.701734
-1.02688
-1.39587
-1.91179
-2.61935
-3.66323
-5.18626
-7.51787
-11.1847
-17.7024
-29.7579
-49.491
-98.1746
-104.097
-101.714
-60.0958
-45.5409
-23.2669
-10.0043
0.163967
7.27742
11.5555
13.574
14.0236
15.9613
14.6444
14.2293
0.0149716
0.0719831
0.107745
0.15409
0.193989
0.236822
0.277667
0.319338
0.360487
0.402012
0.443622
0.485678
0.528216
0.571475
0.615619
0.660894
0.707546
0.755872
0.806206
0.858938
0.914527
0.973463
1.03601
1.10147
1.16694
1.22622
1.27108
1.29636
1.30182
1.28631
1.24327
1.16919
1.07904
1.01492
1.01275
1.00123
0.963403
0.857783
0.642045
0.240703
-0.34141
-0.578318
-0.702802
-0.195888
0.187747
0.599184
1.06247
1.46575
1.60368
0.948663
0.00556215
-0.750693
-1.11822
-1.36432
-1.69151
-2.15901
-2.81326
-3.78626
-5.20956
-7.39784
-10.8696
-17.1395
-28.8168
-48.6432
-95.0438
-102.487
-99.3672
-59.6143
-44.9115
-22.9709
-9.30981
0.971955
8.17959
12.4851
14.2437
14.4661
16.4231
15.0973
14.4076
0.0147794
0.0736828
0.109587
0.156869
0.197266
0.240774
0.28218
0.324439
0.366142
0.408217
0.450362
0.492944
0.535999
0.57977
0.624426
0.670217
0.717399
0.766283
0.817218
0.870631
0.927043
0.987064
1.05115
1.11879
1.18705
1.2491
1.29553
1.32041
1.32367
1.30464
1.25781
1.18321
1.09897
1.04377
1.032
1.0139
0.965889
0.850262
0.622678
0.20128
-0.390368
-0.58019
-0.737242
-0.186862
0.204238
0.65907
1.17118
1.62894
1.7054
0.941572
-0.0623521
-1.26489
-1.57197
-1.67885
-1.9531
-2.35559
-2.93815
-3.81573
-5.10952
-7.11723
-10.3484
-16.313
-27.573
-47.4146
-91.5948
-100.306
-96.3636
-58.8533
-44.0551
-22.5782
-8.53871
1.84415
9.146
13.4664
14.9267
14.9009
16.8898
15.5523
14.2792
0.0145515
0.0754026
0.11141
0.159627
0.200505
0.244672
0.286623
0.329455
0.371695
0.414302
0.456962
0.50005
0.543602
0.587862
0.633003
0.679282
0.726964
0.776368
0.827863
0.881905
0.93908
1.00012
1.06571
1.13557
1.2067
1.27155
1.31918
1.3428
1.34279
1.31966
1.26994
1.19723
1.12034
1.07264
1.05264
1.02725
0.970019
0.845164
0.606942
0.16726
-0.429687
-0.581245
-0.743635
-0.166364
0.234669
0.736
1.30328
1.80311
1.75531
0.97733
-0.311939
-1.79108
-2.03824
-1.95129
-2.1709
-2.4903
-2.98371
-3.74376
-4.88393
-6.68237
-9.63952
-15.259
-26.0785
-45.8589
-87.9014
-97.5847
-92.8589
-57.844
-43.0068
-22.0895
-7.70003
2.77798
10.1784
14.4979
15.6169
15.3102
17.2197
16.2592
13.4877
0.0142858
0.0771428
0.113214
0.16236
0.203701
0.248513
0.290993
0.33438
0.377141
0.420262
0.463419
0.506993
0.551018
0.595743
0.641344
0.688083
0.73623
0.786116
0.838126
0.892744
0.950615
1.01261
1.07965
1.15172
1.22579
1.29329
1.34151
1.36278
1.35848
1.33102
1.27977
1.211
1.14184
1.09933
1.07369
1.04106
0.975565
0.842557
0.595049
0.139972
-0.456213
-0.596283
-0.721132
-0.135551
0.280038
0.831072
1.45895
1.95971
1.77312
1.10121
-0.879278
-2.21641
-2.50224
-2.16913
-2.33825
-2.55684
-2.94718
-3.57392
-4.54584
-6.11937
-8.7868
-14.0426
-24.4097
-44.0358
-84.0277
-94.3966
-89.012
-56.6212
-41.8015
-21.5056
-6.80469
3.76988
11.2781
15.577
16.3052
15.7059
17.5834
16.2161
12.4024
0.01398
0.0789037
0.114998
0.165068
0.206852
0.252294
0.295286
0.339212
0.382475
0.426092
0.469726
0.513765
0.558242
0.603408
0.649442
0.696609
0.745188
0.795518
0.847996
0.90313
0.961624
1.02449
1.09291
1.16716
1.24409
1.31391
1.36184
1.37962
1.37015
1.33864
1.28764
1.22441
1.16276
1.12377
1.09423
1.05514
0.982329
0.842452
0.587092
0.121082
-0.463605
-0.641075
-0.672326
-0.0957161
0.340863
0.945183
1.6319
2.06292
1.7916
1.17522
-1.58163
-2.55918
-2.92438
-2.33268
-2.45162
-2.55619
-2.83509
-3.32063
-4.12048
-5.46812
-7.85029
-12.7456
-22.6511
-42.0017
-80.0315
-90.8358
-84.97
-55.2199
-40.4705
-20.8297
-5.86381
4.81503
12.446
16.701
16.9824
16.0544
17.9739
16.2078
13.115
0.0136318
0.0806856
0.116759
0.167746
0.209955
0.25601
0.299499
0.343944
0.387693
0.431786
0.475878
0.520361
0.565267
0.610848
0.657287
0.704852
0.753828
0.804561
0.857458
0.913046
0.972083
1.03572
1.10542
1.18175
1.26131
1.33282
1.37943
1.39275
1.37765
1.34294
1.29398
1.23733
1.18285
1.14649
1.11384
1.06922
0.990154
0.84481
0.583083
0.112765
-0.439817
-0.713853
-0.602796
-0.0478843
0.41721
1.07845
1.80494
2.10457
1.89143
0.954488
-2.21421
-2.84781
-3.25851
-2.44627
-2.51308
-2.49673
-2.66093
-3.00437
-3.63795
-4.77278
-6.89401
-11.4499
-20.8783
-39.803
-75.9652
-87.0093
-80.8621
-53.6757
-39.0409
-20.0682
-4.88677
5.90735
13.6816
17.864
17.644
16.4133
18.1466
17.233
14.6347
0.0132387
0.0824886
0.118496
0.170394
0.213008
0.259658
0.303626
0.348574
0.392789
0.437339
0.481869
0.526774
0.572085
0.618057
0.664872
0.712804
0.762141
0.813236
0.866501
0.922478
0.981968
1.04626
1.11708
1.19526
1.27697
1.34929
1.39349
1.40133
1.38066
1.34465
1.29957
1.24984
1.202
1.16773
1.13248
1.08315
0.998907
0.849566
0.582926
0.116951
-0.37381
-0.783727
-0.520644
0.00781673
0.508463
1.22833
1.94941
2.10935
2.08595
0.435439
-2.77431
-3.11402
-3.48433
-2.5199
-2.52871
-2.39054
-2.4399
-2.64544
-3.12627
-4.07377
-5.97514
-10.2221
-19.1451
-37.4742
-71.8715
-83.0297
-76.7918
-52.0226
-37.5342
-19.2278
-3.8805
7.03968
14.983
19.0598
18.2763
16.7657
18.1451
18.9507
15.0287
0.0127982
0.0843124
0.120207
0.173007
0.216006
0.263235
0.307664
0.353095
0.397759
0.442746
0.487693
0.532997
0.57869
0.625026
0.672189
0.720455
0.770117
0.821531
0.875112
0.931408
0.991253
1.05605
1.12778
1.20739
1.29047
1.36262
1.40357
1.4059
1.3807
1.34483
1.30461
1.26182
1.22024
1.1876
1.15019
1.09683
1.00848
0.856596
0.586266
0.133191
-0.274415
-0.805393
-0.432346
0.0718646
0.61334
1.3866
2.03776
2.115
2.20536
-0.106745
-3.29221
-3.41021
-3.60614
-2.56449
-2.50579
-2.24868
-2.18447
-2.26033
-2.60829
-3.40424
-5.13739
-9.1043
-17.4791
-35.039
-67.7769
-79.0067
-72.8284
-50.2892
-35.9663
-18.314
-2.84913
8.20524
16.343
20.2681
18.8643
16.9655
18.2307
20.9332
17.1689
0.0123079
0.0861567
0.12189
0.175582
0.218945
0.266734
0.311607
0.357502
0.402596
0.448
0.493343
0.539024
0.585075
0.631747
0.679229
0.727796
0.777745
0.829434
0.883278
0.93982
0.999906
1.06503
1.13733
1.21773
1.30125
1.37228
1.40895
1.40502
1.37753
1.34449
1.30976
1.27343
1.2377
1.20628
1.16707
1.11025
1.01881
0.865703
0.592794
0.159273
-0.18189
-0.753239
-0.341813
0.144475
0.729491
1.53715
2.07181
2.19992
2.04598
-0.555024
-3.7436
-3.78751
-3.64638
-2.58873
-2.44985
-2.07873
-1.90325
-1.86192
-2.10213
-2.78995
-4.4078
-8.11198
-15.885
-32.514
-63.6893
-75.0332
-69.0011
-48.498
-34.3481
-17.3288
-1.79272
9.39864
17.7511
21.4712
19.4286
16.8578
18.5828
22.4561
22.122
0.0117653
0.0880209
0.123543
0.178116
0.221823
0.270152
0.315451
0.361791
0.407294
0.453095
0.498813
0.544848
0.591231
0.638213
0.685983
0.734818
0.785016
0.836935
0.890986
0.947694
1.00789
1.07311
1.14551
1.22586
1.30869
1.37722
1.4086
1.40059
1.37372
1.34373
1.31478
1.28454
1.25434
1.22395
1.1832
1.1234
1.02987
0.876684
0.603343
0.197187
-0.15004
-0.636836
-0.251673
0.224654
0.852386
1.65708
2.07257
2.36152
1.67805
-0.95092
-4.0699
-4.23838
-3.63394
-2.59719
-2.36406
-1.88494
-1.60258
-1.4614
-1.62286
-2.24989
-3.79565
-7.23759
-14.355
-29.9135
-59.6013
-71.1619
-65.2981
-46.6628
-32.6835
-16.2694
-0.705932
10.6163
19.1825
22.607
19.9392
16.5113
19.2335
24.4349
30.0947
0.0111679
0.0899039
0.125163
0.180605
0.224634
0.273484
0.31919
0.365954
0.411848
0.458024
0.504095
0.55046
0.59715
0.644415
0.692442
0.74151
0.791918
0.844023
0.898221
0.95501
1.01517
1.08018
1.15205
1.23139
1.31258
1.37814
1.40398
1.39548
1.37041
1.34347
1.31988
1.29527
1.27002
1.24066
1.19859
1.13631
1.04165
0.889392
0.621273
0.261165
-0.179479
-0.49306
-0.163636
0.309744
0.973705
1.72828
2.0729
2.45953
1.33268
-1.33466
-4.22732
-4.68375
-3.58649
-2.58948
-2.24982
-1.66987
-1.28893
-1.06966
-1.18375
-1.7958
-3.29356
-6.45972
-12.8798
-27.2554
-55.5
-67.3764
-61.6729
-44.785
-30.9662
-15.1244
0.424455
11.8573
20.594
23.6803
20.1136
16.4765
20.2216
27.3542
36.6288
0.0105135
0.0918045
0.126748
0.183045
0.227375
0.276724
0.322819
0.369987
0.416251
0.462781
0.509182
0.555854
0.602825
0.650344
0.698598
0.747863
0.798442
0.850684
0.904969
0.961743
1.0217
1.08612
1.15678
1.23447
1.31435
1.37551
1.39805
1.39102
1.36764
1.34371
1.32473
1.30554
1.28458
1.25644
1.21324
1.14897
1.05398
0.903319
0.650447
0.350511
-0.201247
-0.357769
-0.0785061
0.395831
1.08038
1.75657
2.13219
2.35109
1.07055
-1.71054
-4.219
-5.02843
-3.50715
-2.56193
-2.10788
-1.43627
-0.970707
-0.697425
-0.79685
-1.43087
-2.88173
-5.75401
-11.4592
-24.5661
-51.372
-63.579
-58.0542
-42.8512
-29.1763
-13.8697
1.61796
13.094
21.8952
24.6977
20.1197
17.08
21.9843
31.0123
38.7109
0.00979993
0.0937207
0.128294
0.185431
0.230039
0.279867
0.326331
0.373881
0.420496
0.467357
0.514066
0.561021
0.608248
0.655992
0.704439
0.753867
0.804574
0.856905
0.91121
0.967868
1.02742
1.09087
1.15983
1.23582
1.3152
1.37001
1.39267
1.38705
1.36573
1.34466
1.3296
1.31535
1.29807
1.27121
1.2271
1.16134
1.0664
0.917555
0.689562
0.406375
-0.145739
-0.239911
0.00340525
0.477694
1.15608
1.75964
2.2428
2.11414
0.842399
-2.07343
-4.0891
-5.22606
-3.39449
-2.51008
-1.9393
-1.18879
-0.658696
-0.354975
-0.472891
-1.14905
-2.53507
-5.10223
-10.1063
-21.883
-47.2033
-59.6497
-54.3802
-40.8425
-27.2829
-12.4776
2.87585
14.2765
23.1216
25.3486
20.7376
18.3347
24.5873
34.8042
37.88
0.00902541
0.0956503
0.129799
0.187758
0.232623
0.282907
0.32972
0.377632
0.424576
0.471747
0.51874
0.565953
0.613408
0.661348
0.709957
0.759511
0.810304
0.862671
0.916926
0.973358
1.03231
1.09451
1.16172
1.2368
1.31386
1.36427
1.38796
1.38376
1.36472
1.34618
1.33446
1.32453
1.31055
1.2849
1.24007
1.17322
1.07828
0.934266
0.743718
0.402102
-0.0316847
-0.132997
0.0807066
0.548244
1.19012
1.76304
2.3014
1.92052
0.616645
-2.42157
-3.89896
-5.28011
-3.24956
-2.43044
-1.74632
-0.935273
-0.364747
-0.0521938
-0.219714
-0.936289
-2.23089
-4.49678
-8.84479
-19.2565
-42.982
-55.6215
-50.6461
-38.7539
-25.2685
-10.947
4.16
15.361
24.1697
25.9103
22.2372
20.3352
27.4822
37.8254
37.8212
0.00818854
0.0975903
0.13126
0.190021
0.235121
0.285838
0.332981
0.381232
0.428484
0.475941
0.523196
0.570641
0.618298
0.666405
0.715142
0.764783
0.815619
0.867966
0.922098
0.978196
1.0364
1.0973
1.16319
1.23841
1.31016
1.35958
1.38376
1.38133
1.36467
1.34845
1.33948
1.33309
1.32194
1.29736
1.25194
1.18407
1.08874
0.957621
0.795135
0.397469
0.0804952
-0.0331621
0.150953
0.597725
1.19094
1.80944
2.21774
1.80339
0.398994
-2.75176
-3.70771
-5.21126
-3.07826
-2.32105
-1.53308
-0.687186
-0.0991107
0.200969
-0.0393602
-0.774223
-1.95452
-3.94004
-7.70217
-16.7499
-38.701
-51.8116
-46.8431
-36.5907
-23.1672
-9.33889
5.40193
16.3322
24.8955
26.9578
24.1861
22.758
30.1855
39.3944
39.7987
0.00728845
0.0995372
0.132673
0.192214
0.237528
0.288653
0.336106
0.384673
0.432211
0.479933
0.527425
0.575077
0.622908
0.671151
0.719984
0.769673
0.820504
0.872775
0.92671
0.982383
1.03979
1.09955
1.16467
1.23987
1.30633
1.3557
1.38022
1.37978
1.3655
1.35137
1.34459
1.34099
1.33214
1.30839
1.26228
1.19286
1.0983
0.99176
0.805245
0.450046
0.176105
0.0593745
0.210859
0.614944
1.17254
1.88172
2.06777
1.7195
0.205789
-3.05475
-3.56437
-5.03815
-2.8875
-2.18143
-1.3065
-0.458119
0.131993
0.394887
0.0745244
-0.645133
-1.70087
-3.44032
-6.69984
-14.4338
-34.346
-48.5491
-42.9113
-34.5115
-21.0888
-7.75998
6.54702
17.195
25.5499
28.4805
26.2226
25.1315
32.3094
39.3154
41.7444
0.00632501
0.101487
0.134035
0.194331
0.239836
0.291345
0.339087
0.387949
0.435751
0.483713
0.531418
0.579252
0.62723
0.675578
0.724471
0.774168
0.824946
0.877082
0.930753
0.985954
1.04263
1.10164
1.16664
1.23996
1.30358
1.35243
1.37746
1.37906
1.36715
1.35495
1.34983
1.34823
1.34104
1.31767
1.27035
1.19874
1.11153
1.02649
0.799398
0.527979
0.265859
0.14351
0.256059
0.595723
1.15925
1.90024
1.96712
1.64311
0.048115
-3.31346
-3.50944
-4.78119
-2.68228
-2.01279
-1.07728
-0.259634
0.326081
0.522759
0.136503
-0.536189
-1.47228
-3.00683
-5.84655
-12.3678
-29.904
-45.5254
-39.128
-32.7764
-19.1763
-6.32252
7.58436
18.007
26.4106
30.2118
28.1672
27.2461
33.9431
38.7641
40.868
0.00529895
0.103433
0.135343
0.196365
0.242041
0.293909
0.341919
0.391052
0.439096
0.487274
0.535168
0.583157
0.631253
0.679676
0.728593
0.778258
0.828934
0.880879
0.934238
0.988969
1.04509
1.10379
1.16925
1.23926
1.30172
1.34979
1.37547
1.37907
1.36951
1.35907
1.35514
1.35478
1.3485
1.32482
1.27534
1.20313
1.13454
1.03466
0.828535
0.598918
0.354053
0.21856
0.281047
0.55206
1.18489
1.81977
1.9234
1.57608
-0.0683497
-3.50301
-3.57811
-4.45962
-2.46702
-1.81816
-0.860136
-0.095769
0.480784
0.58485
0.165357
-0.441187
-1.27444
-2.64551
-5.13811
-10.5871
-25.4725
-41.7925
-36.2089
-31.085
-17.5184
-5.09
8.52561
18.8913
27.6159
32.1132
29.9947
29.0349
34.9706
38.7237
40.4774
0.0042122
0.10537
0.136591
0.19831
0.244136
0.296335
0.344594
0.393973
0.442236
0.490607
0.538664
0.586782
0.634969
0.683435
0.732342
0.781932
0.832459
0.884167
0.937189
0.991514
1.04729
1.10599
1.17181
1.23889
1.30047
1.34782
1.37419
1.37973
1.37244
1.36362
1.36047
1.36062
1.35441
1.32944
1.2773
1.21157
1.15968
1.03437
0.881449
0.666862
0.438535
0.283677
0.281658
0.497482
1.23277
1.71991
1.90278
1.52687
-0.139654
-3.57815
-3.74967
-4.09016
-2.24412
-1.60378
-0.671095
0.03931
0.590509
0.591633
0.178116
-0.35937
-1.11232
-2.35653
-4.56149
-9.10102
-21.3183
-36.7544
-33.6384
-28.8284
-16.1607
-3.92326
9.53859
20.1129
29.3822
34.3625
31.7663
30.4992
35.4719
38.7174
40.3377
0.00306817
0.10729
0.137777
0.200157
0.246113
0.298618
0.347103
0.396706
0.445165
0.493703
0.5419
0.59012
0.638368
0.686846
0.735707
0.785183
0.835521
0.88696
0.939655
0.993676
1.04933
1.10827
1.17366
1.2391
1.29967
1.34648
1.37354
1.38093
1.3758
1.36845
1.36574
1.36575
1.35871
1.3315
1.27893
1.22972
1.16724
1.05986
0.933508
0.737477
0.518407
0.337296
0.262846
0.455185
1.24709
1.67159
1.89103
1.49963
-0.164274
-3.48549
-3.94889
-3.68359
-2.01302
-1.38123
-0.52039
0.155719
0.648601
0.562391
0.185629
-0.292537
-0.987535
-2.13409
-4.0994
-7.89065
-17.7072
-30.9441
-29.8036
-25.6566
-14.4964
-2.41597
11.0507
22.1488
32.1002
37.1605
33.522
31.7432
35.6253
37.8954
40.0921
0.00187217
0.109182
0.138896
0.2019
0.247967
0.300749
0.349439
0.399241
0.447873
0.496554
0.544864
0.59316
0.641442
0.689902
0.738682
0.78801
0.838127
0.889289
0.941699
0.995543
1.05126
1.11068
1.17503
1.2397
1.2993
1.3457
1.37345
1.38257
1.37946
1.37343
1.3709
1.37019
1.3615
1.33191
1.28514
1.25093
1.17132
1.10221
0.985556
0.808713
0.593353
0.378616
0.241202
0.451167
1.20663
1.66687
1.89231
1.49488
-0.147765
-3.20338
-4.07872
-3.24031
-1.77296
-1.16798
-0.404276
0.256852
0.654879
0.518771
0.191923
-0.242303
-0.897797
-1.9683
-3.73468
-6.92514
-14.7475
-25.4055
-24.9967
-21.5731
-11.6589
0.0828159
13.6787
25.5133
35.9833
40.4338
35.173
32.7667
35.5401
37.1911
39.8541
0.000631944
0.111036
0.139943
0.203529
0.249689
0.30272
0.351594
0.40157
0.450352
0.499152
0.547551
0.595896
0.644184
0.692596
0.741268
0.790419
0.840301
0.891195
0.943383
0.997151
1.05304
1.11293
1.17636
1.24049
1.29928
1.3454
1.37382
1.38454
1.38329
1.37846
1.37588
1.37399
1.363
1.33275
1.29917
1.2602
1.19531
1.14515
1.04088
0.878522
0.662058
0.409766
0.232425
0.490556
1.16237
1.68136
1.91243
1.51237
-0.10432
-2.75782
-4.0549
-2.76035
-1.52552
-0.982674
-0.305491
0.334361
0.621186
0.477041
0.196626
-0.208732
-0.837917
-1.84824
-3.45228
-6.17315
-12.4176
-20.7024
-20.2878
-17.1445
-8.00058
3.59704
17.4346
29.9863
40.5881
43.7793
36.6172
33.6012
35.2459
36.6944
39.5838
-0.000641684
0.112838
0.140915
0.205036
0.251272
0.304524
0.35356
0.403687
0.452594
0.501488
0.549951
0.59832
0.646589
0.694928
0.743468
0.792428
0.842075
0.892739
0.944782
0.998571
1.05471
1.11481
1.17781
1.24143
1.29958
1.34553
1.3746
1.38675
1.38719
1.38344
1.38067
1.37722
1.36379
1.33685
1.31829
1.26493
1.23254
1.18841
1.09755
0.945317
0.72287
0.436307
0.243488
0.552936
1.15496
1.70715
1.95344
1.55276
-0.0518527
-2.21887
-3.84111
-2.24736
-1.27945
-0.833273
-0.207703
0.376536
0.568284
0.444201
0.197991
-0.190237
-0.801574
-1.7643
-3.2396
-5.60338
-10.6396
-16.9678
-16.2871
-13.0827
-4.32259
7.37486
21.5599
34.7288
45.155
46.7802
37.8304
34.2208
34.8743
36.1838
39.2332
-0.00193382
0.114569
0.141804
0.206411
0.252708
0.306152
0.355329
0.405581
0.454591
0.503556
0.552057
0.600427
0.648653
0.6969
0.745295
0.794062
0.843495
0.893975
0.945937
0.999802
1.05627
1.11635
1.17925
1.24244
1.30013
1.34601
1.37569
1.38914
1.3911
1.3883
1.3852
1.37986
1.36447
1.34497
1.33123
1.28269
1.27114
1.23348
1.15292
1.00656
0.775189
0.464898
0.275049
0.613932
1.18105
1.74568
2.01535
1.61742
-0.00566596
-1.67534
-3.45354
-1.71162
-1.05168
-0.708407
-0.111118
0.381539
0.5159
0.419748
0.194805
-0.184024
-0.782694
-1.7087
-3.08527
-5.18422
-9.31662
-14.1274
-13.1512
-9.73904
-1.10885
10.8336
25.3853
39.06
49.1585
49.2466
38.8627
34.5663
34.6075
35.6828
38.8322
-0.00322492
0.11621
0.142607
0.207645
0.25399
0.307596
0.356894
0.407247
0.456337
0.505349
0.553868
0.602219
0.650385
0.698528
0.746774
0.79536
0.84461
0.894962
0.946907
1.0009
1.05771
1.11778
1.18069
1.24355
1.30092
1.3468
1.37704
1.39164
1.39495
1.39303
1.3895
1.38204
1.36612
1.35649
1.33593
1.31319
1.30928
1.27853
1.20434
1.05939
0.819532
0.499135
0.322493
0.666886
1.22394
1.79747
2.09757
1.70831
0.0264742
-1.20809
-2.92525
-1.17575
-0.856746
-0.587547
-0.0302183
0.361335
0.474616
0.40037
0.187124
-0.186612
-0.776008
-1.67478
-2.97783
-4.8845
-8.35372
-12.0339
-10.8135
-7.15466
1.48972
13.7319
28.6132
42.6818
52.4157
51.1984
39.7994
34.7248
34.4411
35.2542
38.4443
-0.00448801
0.117735
0.143317
0.208728
0.25511
0.308849
0.358245
0.408678
0.457824
0.506862
0.555377
0.603689
0.651783
0.699817
0.747925
0.796359
0.845474
0.89575
0.947711
1.00184
1.0589
1.11909
1.18203
1.2447
1.30188
1.34782
1.37859
1.39419
1.3987
1.39755
1.39339
1.38364
1.36902
1.36698
1.3435
1.34687
1.34717
1.32068
1.24869
1.1017
0.856654
0.538482
0.379862
0.71807
1.27374
1.86006
2.1982
1.82581
0.0432695
-0.877917
-2.29626
-0.667559
-0.692435
-0.463766
0.0230309
0.333103
0.445085
0.383259
0.176019
-0.194601
-0.777264
-1.65666
-2.9062
-4.67611
-7.66805
-10.5327
-9.13627
-5.23741
3.49417
16.026
31.1809
45.5519
54.9608
52.7493
40.682
34.8063
34.3415
34.9791
38.1088
-0.00569029
0.119114
0.143927
0.209649
0.256058
0.309904
0.359378
0.409868
0.459054
0.5081
0.556598
0.604864
0.652883
0.700816
0.748802
0.797109
0.846123
0.896361
0.948378
1.00269
1.05994
1.12035
1.18335
1.24593
1.30302
1.34907
1.38029
1.39673
1.4023
1.40187
1.39692
1.38506
1.37295
1.37146
1.36122
1.37966
1.38302
1.35682
1.28313
1.13257
0.886525
0.578362
0.438517
0.769526
1.32674
1.93011
2.31434
1.97065
0.054793
-0.717384
-1.61136
-0.211643
-0.542522
-0.350198
0.0503261
0.309296
0.423974
0.367715
0.163677
-0.204668
-0.782746
-1.64895
-2.86041
-4.53525
-7.19038
-9.4821
-7.96713
-3.85314
4.99398
17.7716
33.1439
47.7517
56.9136
54.0148
41.5436
34.9084
34.2741
34.8292
38.0789
-0.00678448
0.120311
0.144433
0.2104
0.256829
0.310753
0.360286
0.410813
0.460017
0.509053
0.557519
0.605726
0.653669
0.701514
0.749411
0.797645
0.846617
0.896859
0.948934
1.0034
1.06079
1.12142
1.18452
1.24711
1.30421
1.3504
1.38203
1.39922
1.40574
1.4058
1.39963
1.38606
1.37668
1.37293
1.38445
1.41036
1.41392
1.38415
1.30602
1.15232
0.90984
0.617041
0.495445
0.821251
1.38072
2.00331
2.43974
2.1358
0.0750673
-0.707045
-0.930274
0.177285
-0.401653
-0.262629
0.0619472
0.292908
0.407709
0.353543
0.151419
-0.215295
-0.790634
-1.64834
-2.83368
-4.44497
-6.86977
-8.7729
-7.18506
-2.88889
6.07783
19.0448
34.5868
49.3914
58.3976
55.0752
42.3608
35.0071
34.2752
34.8393
38.4351
-0.00771872
0.12128
0.144822
0.210968
0.257413
0.311392
0.360968
0.411518
0.460731
0.509754
0.558188
0.606347
0.65423
0.702009
0.749839
0.798013
0.846947
0.897191
0.949346
1.00399
1.06158
1.12243
1.18567
1.24834
1.30551
1.35183
1.38377
1.40154
1.40886
1.40933
1.40195
1.38729
1.37831
1.37814
1.407
1.43693
1.43736
1.40193
1.31867
1.16287
0.925402
0.647209
0.541068
0.866836
1.43264
2.07516
2.56738
2.31871
0.143489
-0.76128
-0.320878
0.501855
-0.285312
-0.204107
0.067541
0.282787
0.395589
0.342286
0.141559
-0.224058
-0.797941
-1.65048
-2.81877
-4.38962
-6.6635
-8.31363
-6.68128
-2.24347
6.83106
19.9382
35.6103
50.5815
59.5064
55.9746
43.0963
35.26
34.391
35.067
38.9449
-0.00841655
0.121979
0.145094
0.211352
0.257808
0.311819
0.361419
0.411976
0.461185
0.510184
0.558579
0.606685
0.654512
0.70224
0.750042
0.798219
0.84719
0.897488
0.949695
1.0044
1.06214
1.12316
1.18655
1.24933
1.30661
1.35309
1.38533
1.40363
1.4116
1.41193
1.40272
1.38701
1.37791
1.38791
1.42588
1.45582
1.45059
1.40916
1.32157
1.16497
0.934044
0.672243
0.581572
0.906086
1.47664
2.13823
2.6837
2.48374
0.230237
-0.771844
0.232916
0.761898
-0.209483
-0.168303
0.0711705
0.276184
0.386796
0.333809
0.133818
-0.231415
-0.80489
-1.65486
-2.8133
-4.36106
-6.54518
-8.04503
-6.38731
-1.85543
7.2984
20.5011
36.2602
51.3729
60.2809
56.7009
43.626
35.5643
34.5391
35.4326
39.3541
-0.00880381
0.122344
0.14523
0.211539
0.258004
0.312031
0.361646
0.41221
0.46142
0.510412
0.558792
0.606875
0.654675
0.702374
0.750146
0.798296
0.847251
0.897572
0.949867
1.0047
1.06258
1.12375
1.18729
1.2502
1.3076
1.3542
1.38659
1.40512
1.41327
1.41326
1.40338
1.38758
1.37897
1.39491
1.4366
1.46678
1.45802
1.41242
1.32221
1.16557
0.937269
0.68095
0.597796
0.927999
1.50921
2.18459
2.76795
2.60502
0.342516
-0.710132
0.616085
0.936665
-0.164636
-0.152282
0.0732979
0.273075
0.38249
0.329713
0.130179
-0.234779
-0.807974
-1.65665
-2.81044
-4.34831
-6.49245
-7.92433
-6.2528
-1.66769
7.53413
20.7913
36.6029
51.8287
60.7035
57.1607
44.0287
35.761
34.6796
35.859
40.8709
)
;

boundaryField
{
    inletFace
    {
        type            zeroGradient;
    }
    inlet
    {
        type            zeroGradient;
    }
    inletWalls
    {
        type            zeroGradient;
    }
    outletInlet
    {
        type            cyclicAMI;
        value           nonuniform List<scalar> 
15
(
16.5185
19.1033
21.8021
25.8086
29.2095
33.6004
36.2172
39.1068
42.2669
44.6635
44.219
44.1997
37.4817
32.9927
29.4583
)
;
    }
    fineSymmetryWall
    {
        type            symmetryPlane;
    }
    fineWalls
    {
        type            zeroGradient;
    }
    fineCyclicBoundary
    {
        type            fixedValue;
        value           uniform 0;
    }
    fineplug
    {
        type            cyclicAMI;
        value           nonuniform List<scalar> 
80
(
17.164
15.9943
18.0863
16.1492
15.0264
17.9515
18.3961
18.8881
19.2817
19.7097
20.3259
22.2696
23.049
19.9601
21.2404
22.4311
24.2482
24.7579
25.4872
25.8611
27.1041
29.657
27.3349
28.7382
28.9095
29.855
31.4885
32.7027
32.927
33.2026
32.9359
35.9158
35.4478
36.1424
36.1099
36.0706
36.7387
38.5796
39.0683
37.2792
38.6993
40.226
41.7631
42.8825
42.4151
41.9728
41.4695
42.4411
42.0655
43.6599
46.9557
45.2277
45.524
46.5656
45.7949
44.7649
43.708
39.8069
46.2647
49.2275
45.5573
43.7948
41.2617
39.1873
39.8456
38.2388
36.4889
33.3412
39.2971
37.0069
34.4821
33.9264
32.8291
31.3562
27.6327
26.6375
28.0452
33.0699
30.0971
28.5771
)
;
    }
    faceFine
    {
        type            zeroGradient;
    }
}


// ************************************************************************* //
