/*--------------------------------*- C++ -*----------------------------------*\
| =========                 |                                                 |
| \\      /  F ield         | OpenFOAM: The Open Source CFD Toolbox           |
|  \\    /   O peration     | Version:  4.1                                   |
|   \\  /    A nd           | Web:      www.OpenFOAM.org                      |
|    \\/     M anipulation  |                                                 |
\*---------------------------------------------------------------------------*/
FoamFile
{
    version     2.0;
    format      ascii;
    class       volScalarField;
    location    "7";
    object      p;
}
// * * * * * * * * * * * * * * * * * * * * * * * * * * * * * * * * * * * * * //

dimensions      [0 2 -2 0 0 0 0];

internalField   nonuniform List<scalar> 
6785
(
5144.5
5080.31
5029.19
4979.68
4933.75
4890.61
4850.09
4811.99
4776.12
4742.01
4709.29
4679.32
4651.7
4617.77
4583.33
4612.39
4594.61
4597.29
4593.12
4589.74
4586.31
4583.27
4580.84
4579.23
4578.57
4578.83
4580.24
4583.54
4587.37
4588.37
4561.9
4556.44
4566.13
4565.84
4569.33
4571.95
4574.74
4577.38
4579.87
4582.19
4584.24
4585.87
4587.39
4589.28
4590.44
4619.03
4616.94
4622.07
4618.64
4619.28
4618
4617.07
4615.96
4614.88
4613.88
4613.06
4612.32
4611.48
4610.93
4611.44
4619.47
4617.32
4619.85
4616.54
4617.6
4616.58
4616.55
4616.4
4616.46
4616.56
4616.63
4616.47
4616.09
4615.84
4616
4605.9
4603.83
4605.72
4603.3
4604.79
4603.99
4604.4
4604.39
4604.49
4604.44
4604.24
4603.75
4602.93
4602.13
4601.64
4594.46
4592.76
4593.99
4591.75
4592.63
4591.23
4590.99
4590.2
4589.48
4588.71
4588.05
4587.45
4586.77
4586.43
4586.7
4586.18
4585.15
4586.18
4584.25
4584.97
4583.68
4583.43
4582.74
4582.13
4581.57
4581.18
4581.02
4581.01
4581.33
4582.18
4585.73
4585.66
4586.83
4585.63
4586.62
4586.02
4586.27
4586.21
4586.22
4586.27
4586.4
4586.62
4586.98
4587.41
4588.22
4592.05
4592.68
4593.79
4593.19
4594.3
4594.13
4594.71
4594.97
4595.32
4595.7
4596.11
4596.52
4597
4597.38
4597.98
4597.73
4598.81
4599.84
4599.48
4600.54
4600.47
4601.13
4601.44
4601.89
4602.31
4602.76
4603.17
4603.63
4603.97
4604.46
4606.2
4607.09
4607.45
4607.11
4607.93
4607.87
4608.49
4608.88
4609.35
4609.71
4610.07
4610.4
4610.79
4611.09
4611.54
4601.55
4602.66
4603.55
4603.61
4604.98
4605.75
4607.1
4608.33
4609.83
4611.17
4612.37
4613.49
4614.68
4615.74
4617.04
4611.79
4614.72
4619.98
4625.35
4631.65
4637.08
4641.85
4644.99
4646.88
4647.57
4647.41
4646.93
4646.93
4646.85
4646.23
4519.22
4509.55
4512.25
4514.52
4518.52
4521.37
4525.08
4529.49
4535.34
4542.21
4552.33
4566.13
4580.27
4596.56
4608.02
5599.12
5593.49
5597.4
5598.26
5599.32
5589.03
5593.77
5596.04
5597.71
5589.34
5601.58
5610.95
5620.64
5634.8
5641.25
5649.19
5658.08
5674.86
5678.18
5694.33
5698.02
5693.75
5701.56
5724.66
5711.89
5694.39
5700.37
5734.17
5713.47
5670.81
5701.49
5686.09
5642.75
5633.49
5685.18
5659.55
5584.63
5614.88
5603.95
5542.64
5518.3
5582.63
5551.17
5474.89
5447.81
5514.27
5495.26
5396.02
5423.19
5422.98
5351.96
5316.9
5384.09
5359.59
5278.2
5245.45
5311.98
5298.22
5199.19
5226.09
5228.97
5161.22
5128.76
5188.28
5178.69
5089
5113.35
5118.81
5059.42
5030.72
5086
5072.13
5008.81
4984.39
5035.97
5031.32
4960.78
4974.43
4994.09
4935.78
4954.97
4983.83
4973.56
5019.2
4960.17
4954.71
4949.2
4942.89
4937.54
4931.99
4928.99
4922.01
4987.65
4912.49
4904.54
4899.71
4897.77
4895.83
4886.26
4874.69
4847.11
4868.25
4840.59
4823.32
4798.79
4781.84
4765.4
4750.16
4733.89
4719.75
4699.43
4700.47
4661.29
4645.29
4627.45
4609.93
4592.98
4574
4554.05
4532.37
4507.09
4484.76
4466.24
4448.19
4429.05
4413.28
4395.85
4380.96
4358.05
4283.33
4284.41
4259.07
4243.91
4226.36
4202
4178.87
4158.58
4133.79
4038.08
4030.12
3981.27
3955.27
3927.43
3897.87
3861.72
3815.78
3778.29
3732.03
3550.13
3574.34
3477.2
3416.36
3356.53
3290.77
3217.92
3137.21
3037.17
2687.11
2849.74
2666.12
2479.36
2771.67
2789.08
2668.34
2655.35
2647.41
2623.06
2672.92
2657.36
2598.49
2687.79
2666.3
2613.04
2637.9
2596.76
2692
2636.11
2572.62
2596.96
2544.66
2673.08
2599.93
2460.99
2678.24
2556.26
2435.05
2487.54
2391.94
2675.45
2444.8
2267.32
2332.52
2214.65
2586.2
2312.68
1936.29
2483.55
2160.26
1870.46
1959.65
1809.57
2360.92
1921.02
1601.53
1706.19
1552.85
2148.17
1737.46
1194.37
1977.38
1552.04
1163.56
1287.34
1110.02
1837.38
1286.71
881.84
1021.26
844.134
1593.96
1095.55
431.24
1395.65
888.953
417.13
569.917
365.538
1250.89
588.337
97.0112
263.758
58.007
965.35
360.172
-448.454
716.976
92.911
-475.502
-341.124
-481.297
-0.274429
0.466353
-0.306654
-0.574236
-1.04848
-1.45887
-1.90126
-2.30429
-2.66526
-2.90631
-2.91365
-2.41854
-2.4854
-13.4464
-26.1992
-33.8081
-40.3621
-45.4967
-47.4448
-46.3586
-43.3128
-38.4269
-32.0823
-24.7867
-16.6335
-7.98463
0.595765
8.6081
15.7702
26.2008
33.8907
39.7532
44.904
49.0598
52.7544
55.7982
58.7041
56.6388
57.9293
62.5439
65.1892
70.8905
66.7078
108.738
17.8366
14.6443
7.13615
2.15957
-0.379417
-1.81033
-3.39263
-6.75403
-8.81196
-75.2995
-277.264
-439.963
-251.682
-0.857632
-0.493385
28.2351
-18.6486
-13.6313
-12.8563
-13.0443
-12.5588
-10.5253
-3.03453
20.2361
21.6108
0.814961
6.83883
8.27978
17.808
25.9907
33.1133
38.375
41.4718
37.5203
34.6113
-1.64794
-0.424733
-2.00057
-2.43802
-3.29531
-4.04851
-5.0137
-6.0515
-7.16968
-8.16345
-8.70122
-8.09595
-8.91004
-29.2272
-50.2464
-62.6175
-73.9064
-83.0046
-86.6286
-85.1301
-79.9276
-71.0132
-58.9839
-44.6442
-28.447
-11.0058
6.64688
23.073
36.6126
53.1588
67.8784
79.8627
90.0245
98.0374
104.647
109.172
113.459
112.877
111.407
115.55
119.322
127.465
113.99
182.075
51.2818
37.7106
20.8107
8.09447
4.01059
-3.13489
-11.5003
-22.8485
-25.4613
-127.171
-495.199
-846.368
-620.264
-100.183
-74.8852
19.5854
-47.7862
-33.4955
-30.033
-29.7008
-28.6325
-25.0415
0.471107
38.1914
52.8405
27.9818
58.6762
57.5622
71.0523
80.7786
90.3422
99.2916
105.527
106.565
98.9504
-2.11856
-0.428031
-2.93586
-3.83068
-5.48129
-7.03988
-8.98242
-11.0698
-13.3075
-15.3781
-16.8526
-16.9727
-18.5954
-39.7056
-59.3383
-70.903
-82.9244
-92.7401
-96.3429
-94.4718
-88.4325
-77.9698
-63.7973
-46.8248
-27.7362
-7.21197
13.5225
32.7459
47.9274
64.7414
81.3564
95.1105
106.564
115.419
122.474
126.816
130.518
131.037
128.525
130.755
132.855
141.572
121.748
192.2
86.5913
60.926
31.2642
12.7283
5.03625
-9.52257
-26.1601
-47.2673
-57.6088
-170.353
-591.659
-1021.5
-853.674
-225.826
-123.98
-13.8283
-65.8758
-42.1319
-36.6038
-35.8039
-33.9149
-28.9777
9.35764
51.87
87.1525
37.252
89.0877
91.255
118.493
139.367
158.445
175.188
186.497
188.706
195.45
-2.70547
-1.03965
-4.2161
-5.52434
-7.82003
-10.0654
-12.8778
-15.949
-19.2813
-22.4565
-24.9527
-25.8846
-28.0613
-49.4464
-69.0923
-81.648
-94.9239
-105.387
-108.883
-106.536
-99.5265
-87.3806
-70.9862
-51.3818
-29.4202
-5.86453
17.8765
40.0863
57.4516
74.8539
93.3004
108.741
121.524
131.334
139.079
143.767
147.152
147.751
145.572
147.034
147.178
156.475
132.08
199.82
115.237
83.6403
41.2434
19.6052
6.97779
-16.5521
-42.4858
-75.5016
-101.061
-240.614
-731.227
-1240.8
-1075.65
-353.731
-173.597
-41.8609
-86.493
-54.4752
-46.7303
-45.5625
-42.877
-36.5568
12.5928
58.6729
111.589
47.8133
124.354
130.452
168.018
196.85
222.567
245.417
260.989
266.053
265.754
-3.01251
-1.62775
-5.31998
-7.10392
-10.0945
-13.1328
-16.9308
-21.1138
-25.6713
-30.093
-33.7861
-35.8194
-38.6945
-60.5686
-81.557
-96.5627
-111.711
-123.352
-127.36
-124.864
-116.861
-102.757
-83.6403
-60.6685
-34.883
-7.15891
20.8587
47.3467
68.1443
87.1982
108.64
126.783
141.801
153.341
162.417
167.963
171.526
172.092
170.055
171.093
169.728
179.413
150.596
216.5
144.533
107.192
50.0702
25.889
8.78563
-25.5159
-61.5519
-111.203
-154.624
-336.823
-912.741
-1513.08
-1319.85
-481.815
-234.74
-69.9423
-108.837
-68.4942
-58.017
-56.5344
-53.7181
-47.0356
11.1968
56.191
129.994
53.3669
154.839
167.665
216.654
254.815
287.823
317.143
337.055
346.005
361.009
-3.21061
-2.40764
-6.46559
-8.7633
-12.4318
-16.285
-21.0933
-26.4331
-32.2768
-38.0325
-43.048
-46.3882
-50.136
-72.6276
-95.0758
-112.128
-128.661
-141.325
-145.916
-143.225
-134.105
-117.927
-95.949
-69.4281
-39.6308
-7.55667
24.8893
55.6744
80.0682
100.705
125.206
146.081
163.314
176.55
186.86
193.109
196.772
197.42
195.076
195.416
192.647
202.467
169.289
234.13
171.905
131.653
58.4325
32.7365
11.277
-35.2858
-82.5215
-151.839
-220.581
-456.212
-1115.88
-1800.02
-1577.23
-630.498
-300.539
-101.919
-131.442
-82.1366
-68.5711
-66.7623
-64.4387
-58.4953
6.20532
45.6745
140.036
56.6683
183.861
205.736
265.57
312.752
352.387
387.798
411.659
420.608
431.651
-3.2553
-3.25369
-7.54968
-10.4057
-14.7606
-19.4824
-25.3595
-31.9318
-39.1474
-46.3418
-52.8099
-57.6457
-62.4654
-85.3926
-109.22
-127.722
-145.208
-158.73
-163.741
-160.608
-150.205
-131.891
-107.033
-76.995
-43.2911
-7.0514
29.5543
64.2641
92.2147
114.343
141.466
164.784
183.938
198.643
209.975
216.773
220.391
221.091
218.394
217.971
213.742
223.556
186.414
250.643
196.47
157.087
66.6323
40.1019
13.3444
-46.2194
-106.408
-199.69
-304.232
-603.765
-1347.91
-2099.68
-1839.67
-783.679
-365.872
-136.579
-154.61
-96.2576
-79.3551
-77.22
-76.0138
-71.6843
-3.40533
26.393
142.297
57.0201
210.05
243.687
314.399
370.923
417.016
458.419
486.25
504.128
508.971
-3.19174
-4.17269
-8.60866
-12.066
-17.1119
-22.743
-29.7312
-37.5944
-46.252
-54.9758
-63.0107
-69.4928
-75.5864
-98.686
-124.062
-143.841
-162.227
-176.637
-181.989
-178.269
-166.522
-146.059
-118.298
-84.7384
-47.144
-6.77414
33.948
72.52
104.184
128.114
157.409
183.127
204.147
220.317
232.677
240.074
243.668
244.368
241.435
240.355
234.677
244.345
203.593
267.653
217.962
183.154
75.5396
48.3504
14.8879
-58.1243
-134.048
-258.113
-411.457
-789.477
-1624.42
-2424.67
-2110.55
-943.562
-432.466
-173.006
-178.061
-110.666
-90.2303
-87.8531
-88.6107
-86.8397
-18.361
-2.47963
135.353
54.738
233.815
281.945
363.366
429.307
481.506
528.642
560.189
581.943
605.004
-3.03533
-5.12129
-9.62491
-13.7223
-19.4677
-26.05
-34.1934
-43.4077
-53.5793
-63.9242
-73.6364
-81.8906
-89.4751
-112.669
-139.727
-160.734
-180.043
-195.326
-200.962
-196.584
-183.46
-160.814
-130.08
-92.9313
-51.3725
-6.79148
38.147
80.6743
116.243
142.569
173.453
201.657
224.584
242.269
255.709
263.763
267.373
268.057
264.923
263.224
256.131
265.453
221.204
284.68
236.022
209.28
85.6917
57.4446
15.4172
-71.951
-168.113
-332.819
-551.288
-1026.49
-1962.58
-2790.26
-2393.88
-1105.96
-500.587
-210.997
-201.53
-124.964
-100.863
-98.3535
-102.029
-103.776
-39.0832
-41.204
117.524
49.9008
255.05
320.457
412.515
488.003
546.02
598.712
633.63
656.544
677.104
-2.81403
-6.07829
-10.6051
-15.3769
-21.8315
-29.4025
-38.7402
-49.3606
-61.114
-73.1685
-84.6637
-94.7972
-104.089
-127.505
-156.15
-178.38
-198.635
-214.682
-220.534
-215.428
-200.84
-175.917
-142.101
-101.271
-55.6547
-6.78135
42.4449
88.969
128.527
158.018
189.762
220.499
245.326
264.501
279.012
287.715
291.325
291.979
288.616
286.262
277.76
286.503
238.74
301.024
250.344
234.44
97.0339
66.9743
14.3851
-89.2696
-212.047
-430.924
-736.022
-1334.71
-2384.52
-3214.85
-2696.85
-1271.16
-570.807
-250.59
-224.947
-139.008
-111.2
-108.679
-116.276
-122.416
-66.4257
-89.9104
86.8533
42.6947
274.02
359.395
462.001
547.083
610.6
668.634
706.772
737.8
754.674
-2.55013
-7.01911
-11.5484
-17.0222
-24.197
-32.7905
-43.3595
-55.4392
-68.8423
-82.6952
-96.0783
-108.189
-119.357
-143.033
-173.167
-196.747
-217.987
-234.688
-240.699
-234.8
-218.619
-191.296
-154.291
-109.683
-59.9204
-6.69162
46.8562
97.3853
140.905
174.304
206.325
239.546
266.244
286.852
302.394
311.718
315.297
315.911
312.302
309.259
299.34
307.283
255.987
316.384
260.714
257.767
109.057
76.6727
11.4538
-112.217
-270.035
-560.496
-980.009
-1735.48
-2915.47
-3723.34
-3033.3
-1442.02
-644.851
-292.115
-248.219
-152.603
-121.133
-118.737
-131.306
-142.626
-100.521
-149.626
42.3285
33.234
291.048
398.91
511.98
606.645
675.339
738.451
779.53
815.452
845.914
-2.26492
-7.92623
-12.4579
-18.6546
-26.5612
-36.2069
-48.0418
-61.6323
-76.7524
-92.4926
-107.868
-122.048
-135.194
-158.912
-190.721
-215.948
-238.178
-255.433
-261.557
-254.796
-236.885
-207.034
-166.738
-118.254
-64.254
-6.60008
51.3078
105.872
153.254
191.09
223.4
258.747
287.308
309.295
325.829
335.761
339.288
339.864
336.014
332.26
320.919
327.87
273.053
330.328
266.406
278.205
121.037
86.2279
6.27926
-143.104
-346.238
-728.961
-1295.84
-2244.05
-3574.39
-4343.8
-3423.35
-1625.19
-725.212
-336.124
-271.253
-165.53
-130.497
-128.351
-146.948
-164.323
-140.386
-221.756
-16.0508
21.7631
306.6
439.224
562.647
666.792
740.319
808.229
851.957
892.283
916.856
-1.97556
-8.78559
-13.3356
-20.2684
-28.9186
-39.6426
-52.7763
-67.928
-84.8331
-102.55
-120.023
-136.363
-151.525
-174.787
-208.737
-236.088
-259.282
-277.002
-283.188
-275.491
-255.712
-223.205
-179.503
-127.03
-68.6916
-6.52622
55.7983
114.447
165.554
208.086
241.594
278.179
308.58
331.885
349.372
359.899
363.357
363.911
359.821
355.326
342.567
348.364
290.081
343.466
267.202
295.208
132.209
95.2152
-1.6653
-184.054
-443.855
-940.761
-1688.36
-2873.6
-4371.96
-5100.93
-3889.81
-1831.31
-814.881
-383.236
-293.967
-177.609
-139.108
-137.303
-162.952
-187.418
-185.303
-306.408
-87.4451
8.81665
321.244
480.588
614.209
727.639
805.627
878.028
924.07
969.386
1007.39
-1.69569
-9.58757
-14.183
-21.8582
-31.2635
-43.0883
-57.5526
-74.3157
-93.0744
-112.859
-132.536
-151.131
-168.328
-190.839
-227.543
-257.408
-281.468
-299.48
-305.642
-296.931
-275.152
-239.851
-192.606
-136.011
-73.2214
-6.44636
60.3626
123.153
177.854
225.102
261.325
298.087
330.141
354.681
373.064
384.154
387.516
388.075
383.736
378.46
364.293
368.814
307.168
355.786
263.546
308.69
141.948
103.041
-13.0258
-236.389
-563.497
-1194.19
-2151.09
-3622.75
-5305.93
-6008.87
-4453.68
-2073.11
-917.353
-434.075
-316.325
-188.701
-146.75
-145.314
-178.983
-211.691
-234.814
-402.496
-170.441
-4.7585
335.661
523.287
666.889
789.304
871.351
947.946
995.839
1041.56
1076.6
-1.43513
-10.3261
-15.0008
-23.4179
-33.5896
-46.5345
-62.3604
-80.7844
-101.466
-123.409
-145.4
-166.354
-185.666
-207.847
-247.653
-280.085
-304.957
-323.037
-328.987
-319.149
-295.257
-257.016
-206.07
-145.203
-77.8358
-6.34268
65.0265
132.018
190.235
242.045
282.31
318.945
352.118
377.734
396.922
408.517
411.754
412.356
407.754
401.651
386.095
389.254
324.448
367.874
256.743
319.502
149.867
109.252
-28.2724
-299.947
-701.688
-1479.29
-2663.83
-4457.88
-6351.5
-7061.39
-5128.58
-2362.42
-1036.3
-489.275
-338.404
-198.691
-153.181
-152.056
-194.612
-236.823
-288.228
-508.215
-263.457
-17.9307
350.641
567.632
720.909
851.903
937.577
1018.06
1067.58
1121.02
1151.23
-1.2003
-10.9979
-15.7883
-24.9411
-35.8898
-49.9712
-67.1893
-87.3232
-109.997
-134.191
-158.611
-182.042
-203.611
-226.233
-269.053
-303.963
-329.766
-347.832
-353.342
-342.191
-316.074
-274.75
-219.929
-154.622
-82.5377
-6.2069
69.8101
141.071
202.792
258.901
303.833
341.172
374.764
401.124
420.966
432.982
436.059
436.758
431.875
424.895
407.987
409.727
342.097
379.55
249.823
329.132
155.826
113.781
-47.2033
-372.667
-851.02
-1779.88
-3196.24
-5325.02
-7460.81
-8222.88
-5914.92
-2707.74
-1174.91
-549.452
-360.368
-207.45
-158.137
-157.164
-209.361
-262.336
-344.69
-621.117
-364.807
-29.6094
367.043
613.958
776.488
915.545
1004.39
1088.39
1139.13
1195.79
1241.08
-0.994502
-11.6015
-16.5438
-26.421
-38.1565
-53.3886
-72.0287
-93.9207
-118.656
-145.196
-172.165
-198.213
-222.185
-245.782
-291.426
-328.957
-355.891
-373.984
-378.861
-366.153
-337.647
-293.1
-234.221
-164.289
-87.3286
-6.03016
74.738
150.346
215.621
275.686
325.351
364.672
398.416
425.052
445.25
457.571
460.43
461.295
456.105
448.194
429.992
430.264
360.342
391.565
245.921
339.358
160.113
117.01
-68.9803
-451.053
-1003.7
-2081.57
-3721.45
-6175.67
-8571.25
-9434.19
-6798.59
-3112.94
-1334.95
-615.009
-382.301
-214.767
-161.287
-160.23
-222.705
-287.462
-403.377
-738.097
-472.131
-38.5579
385.729
662.607
833.837
980.328
1071.86
1159.06
1210.51
1267.35
1310.65
-0.818508
-12.1358
-17.2641
-27.8503
-40.3814
-56.7763
-76.8677
-100.565
-127.43
-156.412
-186.059
-214.885
-241.411
-266.208
-314.584
-355.12
-383.424
-401.59
-405.689
-391.167
-360.04
-312.094
-248.981
-174.221
-92.2084
-5.80088
79.8358
159.889
228.802
292.444
346.654
388.897
423.212
449.808
469.913
482.328
484.864
485.982
480.452
471.547
452.129
450.878
379.419
405.029
248.148
352.358
163.659
119.502
-93.2661
-531.841
-1157.18
-2379.36
-4228.39
-6981.48
-9626.45
-10635
-7754.11
-3576.85
-1515.79
-685.771
-403.994
-220.29
-162.21
-160.818
-234.073
-311.068
-463.724
-855.865
-582.123
-43.1223
407.502
713.894
893.154
1046.34
1140.08
1230.14
1281.95
1344.84
1384.8
-0.671272
-12.5996
-17.9453
-29.2212
-42.5558
-60.1237
-81.6951
-107.244
-136.308
-167.829
-200.294
-232.085
-261.357
-287.659
-338.976
-382.6
-412.41
-430.701
-433.915
-417.365
-383.34
-331.773
-264.244
-184.443
-97.1821
-5.50881
85.1246
169.744
242.4
309.317
367.735
413.322
448.888
475.59
495.192
507.356
509.361
510.83
504.916
494.944
474.412
471.562
399.513
421.245
258.722
368.964
168.094
120.952
-121.067
-614.899
-1315.66
-2676.28
-4721.84
-7735.18
-10606.5
-11778.5
-8747.1
-4094.41
-1714.6
-760.729
-424.82
-223.483
-160.4
-158.47
-242.899
-331.832
-525.411
-971.391
-692.246
-41.2254
433.135
768.073
954.617
1113.67
1209.11
1301.66
1353.39
1419.43
1470.12
-0.550455
-12.9913
-18.5823
-30.5255
-44.6706
-63.4198
-86.499
-113.945
-145.276
-179.435
-214.866
-249.849
-282.144
-310.678
-365.167
-411.352
-442.701
-461.29
-463.588
-444.866
-407.662
-352.208
-280.05
-194.986
-102.263
-5.14874
90.6222
179.944
256.483
326.533
388.703
437.728
475.018
502.41
521.371
532.868
533.936
535.848
529.499
518.376
496.853
492.296
420.692
440.006
279.316
388.865
175.597
119.066
-153.854
-704.366
-1483.53
-2976.57
-5213.42
-8452.91
-11530
-12841
-9737.01
-4656.02
-1927.73
-838.126
-443.969
-223.699
-155.316
-152.741
-248.688
-348.61
-588.024
-1081.51
-804.501
-31.0743
463.483
825.33
1018.38
1182.38
1279.02
1373.71
1424.88
1493.19
1538.34
-0.452693
-13.3075
-19.1699
-31.7546
-46.7161
-66.6532
-91.2673
-120.655
-154.32
-191.22
-229.772
-268.198
-303.873
-335.609
-392.859
-441.089
-474.133
-493.309
-494.759
-473.785
-433.144
-373.499
-296.456
-205.895
-107.473
-4.7207
96.3461
190.518
271.129
344.306
409.791
462.101
501.299
530.022
548.642
559.212
558.721
561.049
554.204
541.831
519.453
513.053
442.904
460.951
309.284
412.399
188.2
111.448
-193.396
-803.077
-1661
-3281.47
-5710.24
-9163.02
-12437
-13842.9
-10687.6
-5243.84
-2150.3
-915.688
-460.811
-220.309
-146.445
-143.235
-251.009
-360.545
-651.283
-1184.81
-926.562
-12.1743
499.563
885.816
1084.54
1252.54
1349.87
1446.36
1496.46
1567.87
1622.09
-0.374227
-13.5432
-19.702
-32.8998
-48.6825
-69.812
-95.987
-127.358
-163.426
-203.178
-245.011
-287.123
-326.566
-362.268
-421.089
-471.524
-506.738
-526.783
-527.511
-504.242
-459.946
-395.767
-313.534
-217.223
-112.847
-4.23395
102.315
201.505
286.42
362.784
431.263
486.511
527.627
558.038
576.849
586.711
584.036
586.448
579.031
565.296
542.209
533.801
465.979
483.694
346.428
439.98
206.748
97.8561
-241.867
-911.036
-1846.59
-3589.28
-6208.82
-9887.64
-13367.6
-14838.4
-11576.2
-5833.78
-2374.87
-990.558
-474.78
-212.8
-133.425
-129.629
-249.487
-367.021
-714.762
-1276.87
-1062.25
14.701
542.442
949.667
1153.18
1324.21
1421.74
1519.69
1568.09
1638
1689.1
-0.311666
-13.6949
-20.172
-33.9516
-50.5592
-72.8839
-100.644
-134.04
-172.582
-215.306
-260.585
-306.602
-350.15
-390.265
-449.393
-502.672
-540.692
-561.84
-561.943
-536.353
-488.222
-419.148
-331.376
-229.029
-118.426
-3.71111
108.533
212.937
302.43
382.092
453.309
511.186
553.992
586.273
605.695
615.28
610.288
612.073
603.98
588.753
565.107
554.503
489.646
507.613
388.857
471.95
230.02
79.3923
-300.073
-1029.83
-2042.74
-3898.95
-6699.47
-10632.4
-14339.7
-15867.8
-12397.8
-6405.93
-2593.23
-1059.22
-484.933
-200.957
-116.19
-111.856
-243.86
-367.757
-777.82
-1354.96
-1197.01
49.2094
592.995
1017
1224.34
1397.42
1494.67
1593.78
1640.03
1714.74
1758.98
-0.261765
-13.761
-20.5724
-34.9007
-52.3346
-75.8553
-105.225
-140.686
-181.772
-227.592
-276.476
-326.583
-374.455
-419.185
-478.405
-534.937
-576.084
-598.57
-598.134
-570.218
-518.104
-443.772
-350.067
-241.364
-124.253
-3.18544
114.967
224.793
319.178
402.361
476.13
536.475
580.416
614.635
634.964
644.583
637.851
637.979
629.047
612.188
588.125
575.129
513.568
531.987
434.614
507.132
254.732
56.9536
-368.885
-1160.95
-2255
-4214.5
-7175.75
-11389
-15347.4
-16929.8
-13161.3
-6948.79
-2800.12
-1118.68
-489.804
-184.744
-95.0139
-90.2161
-233.989
-362.649
-836.919
-1417.29
-1310.46
92.348
651.797
1087.9
1298
1472.2
1568.72
1668.67
1712.2
1787.92
1839.44
-0.220974
-13.7402
-20.8944
-35.7376
-53.9961
-78.7116
-109.713
-147.276
-190.979
-240.013
-292.657
-346.981
-399.284
-448.718
-508.37
-568.417
-612.873
-636.965
-636.147
-605.931
-549.703
-469.749
-369.676
-254.256
-130.346
-2.67977
121.57
236.976
336.559
423.642
499.98
562.563
607.109
643.043
664.455
674.323
666.634
664.368
654.229
635.583
611.234
595.656
537.356
556.155
479.748
542.632
276.712
30.4472
-449.716
-1305.64
-2486.42
-4540.83
-7639.98
-12142.6
-16365.2
-17981.3
-13879.4
-7453.97
-2993.6
-1167.6
-488.12
-163.774
-70.18
-65.0982
-219.734
-351.696
-886.659
-1455.83
-1391.53
145.096
719.059
1162.36
1374.12
1548.56
1643.93
1744.45
1784.58
1858.25
1905.41
-0.185525
-13.6316
-21.1276
-36.4522
-55.5302
-81.4378
-114.087
-153.791
-200.186
-252.549
-309.099
-367.712
-424.475
-478.59
-538.334
-602.516
-651.068
-677.145
-676.087
-643.608
-583.128
-497.188
-390.263
-267.714
-136.686
-2.17575
128.344
249.409
354.35
445.748
524.981
589.441
634.508
671.521
694.09
704.361
696.284
691.612
679.549
658.923
634.401
616.073
560.576
579.523
518.891
575.448
292.788
-1.65024
-543.151
-1467.23
-2738.77
-4880.25
-8099.99
-12877.8
-17352.2
-18967.1
-14554.4
-7911.63
-3172.22
-1205.81
-479.366
-137.413
-41.6226
-36.6986
-200.954
-335.055
-923.262
-1462.93
-1436.32
208.2
794.67
1240.32
1452.62
1626.49
1720.34
1821.19
1857.39
1933.75
1971.78
-0.151427
-13.4351
-21.2624
-37.0337
-56.9226
-84.0166
-118.326
-160.211
-209.377
-265.185
-325.758
-388.699
-449.893
-508.524
-567.614
-636.962
-690.954
-719.468
-718.154
-683.396
-618.506
-526.202
-411.901
-281.747
-143.239
-1.61032
135.374
262.153
372.416
468.34
550.917
617.134
662.99
700.161
723.813
734.711
726.692
719.994
705.142
682.196
657.593
636.387
582.819
601.47
548.174
602.886
301.524
-41.6807
-649.772
-1649.96
-3015.08
-5235.66
-8560.08
-13579.6
-18265.8
-19858.5
-15177.3
-8311.21
-3332.42
-1232.96
-463.099
-105.353
-8.98731
-4.94502
-177.494
-313.085
-945.133
-1436.76
-1444.91
282.067
878.308
1321.66
1533.38
1705.97
1797.99
1898.93
1930.61
2007.02
2044.08
-0.114315
-13.1511
-21.2901
-37.4697
-58.1582
-86.4226
-122.409
-166.514
-218.537
-277.896
-342.573
-409.851
-475.452
-538.392
-597.105
-672.842
-733.022
-764.24
-762.58
-725.463
-655.983
-556.915
-434.677
-296.378
-149.979
-0.915515
142.79
275.399
390.89
491.27
577.419
645.609
692.585
729.165
753.579
765.258
757.79
749.567
731.345
705.402
680.775
656.623
603.764
621.232
566.391
622.571
302.542
-91.5604
-771.631
-1857.5
-3319.36
-5610.83
-9020.53
-14228.1
-19088.8
-20644.1
-15732.3
-8642.93
-3468.43
-1248.02
-438.688
-67.5638
28.1099
30.4032
-149.09
-286.357
-952.81
-1383
-1418.3
366.808
969.522
1406.21
1616.25
1786.96
1876.88
1977.7
2004.3
2079.38
2104.88
-0.0694484
-12.7797
-21.2027
-37.7465
-59.222
-88.6317
-126.307
-172.679
-227.643
-290.643
-359.474
-431.085
-501.175
-568.393
-628.093
-710.938
-777.392
-811.52
-809.537
-769.985
-695.711
-589.461
-458.696
-311.655
-156.902
-0.0522459
150.669
289.306
410.014
514.693
604.35
674.719
723.045
758.822
783.433
795.815
789.441
780.159
758.643
728.6
703.917
676.814
623.254
638.029
574.506
632.529
295.392
-152.467
-911.814
-2093.18
-3656
-6010.66
-9481.92
-14805.3
-19844.9
-21313.7
-16210.6
-8898.22
-3573.5
-1249.45
-405.271
-23.8928
69.8631
69.621
-115.453
-255.538
-948.196
-1311.53
-1356.72
462.052
1067.7
1493.76
1701.04
1869.41
1956.98
2057.5
2078.51
2153
2168.71
-0.0120226
-12.3204
-20.9926
-37.8503
-60.0963
-90.6401
-130
-178.676
-236.666
-303.373
-376.38
-452.385
-527.204
-598.856
-660.726
-750.403
-823.771
-861.38
-859.234
-817.157
-737.846
-623.979
-484.075
-327.643
-164.024
0.986044
159.014
303.904
429.902
538.801
631.809
704.401
754.156
789.307
813.465
826.289
821.394
811.477
787.44
751.972
727
697.007
641.312
651.263
574.702
632.51
279.446
-225.217
-1073.32
-2360.25
-4030.04
-6440.5
-9943.32
-15308.3
-20543.1
-21829.8
-16611
-9069.57
-3640.61
-1235.87
-361.853
25.8878
116.372
112.948
-76.3265
-220.785
-932.181
-1230.52
-1259.25
566.942
1172.03
1584.09
1787.59
1953.18
2038.2
2138.3
2153.22
2222.79
2227.52
0.0622675
-11.7725
-20.6531
-37.7686
-60.7517
-92.4432
-133.475
-184.486
-245.57
-316.027
-393.232
-473.816
-553.726
-630.078
-694.859
-791.069
-872.44
-914.162
-911.962
-867.202
-782.561
-660.608
-510.937
-344.424
-171.371
2.193
167.801
319.147
450.525
563.642
659.898
734.737
785.878
820.633
843.829
856.662
853.419
843.291
817.678
775.947
750.021
717.247
658.094
660.768
570.325
623.815
253.915
-311.473
-1258.52
-2661.7
-4446.69
-6905.97
-10405.8
-15741.9
-21130.2
-22167.9
-16911.8
-9147.24
-3663.7
-1204.49
-307.659
81.8126
167.729
160.403
-31.5962
-181.827
-905.13
-1145
-1123.71
680.54
1281.45
1676.94
1875.72
2038.15
2120.51
2220.11
2228.59
2297.38
2279.3
0.156781
-11.135
-20.1789
-37.4933
-61.1599
-94.003
-136.712
-190.082
-254.312
-328.537
-410.019
-495.493
-580.903
-662.372
-731.163
-834.581
-924.212
-970.214
-967.929
-920.316
-830.029
-699.486
-539.397
-362.087
-178.98
3.56008
177.014
335.002
471.848
589.194
688.644
765.823
818.261
852.797
874.717
886.924
885.397
875.413
848.961
801.153
773.046
737.584
673.839
666.742
562.361
606.86
218.039
-413.08
-1469
-3000.28
-4911.16
-7413.29
-10872.9
-16108.9
-21552.3
-22309.6
-17070.8
-9117.19
-3637.74
-1149.72
-242.01
143.749
223.932
211.688
18.6922
-138.799
-867.735
-1063.34
-949.011
802.338
1394.83
1772.06
1965.22
2124.16
2203.85
2302.88
2304.72
2369.69
2331.03
0.273876
-10.4055
-19.5645
-37.0208
-61.3166
-95.2772
-139.678
-195.432
-262.84
-340.861
-426.785
-517.518
-608.859
-696.099
-770.753
-881.566
-979.068
-1029.58
-1027.26
-976.655
-880.392
-740.74
-569.561
-380.72
-186.885
5.09222
186.659
351.466
493.864
615.457
718.057
797.694
851.358
885.833
906.31
917.178
917.295
907.723
880.98
827.965
796.229
758.072
688.783
669.584
548.826
581.168
169.909
-531.337
-1705.46
-3378.72
-5428.93
-7969.33
-11351.1
-16415.9
-21797
-22216.2
-17064.5
-8971.92
-3555
-1065.96
-164.251
211.519
284.752
266.367
74.5145
-92.0955
-821.182
-1001.77
-738.523
932.287
1511.09
1869.14
2055.83
2211.08
2288.12
2386.55
2381.57
2440.18
2380.81
0.415099
-9.58076
-18.8022
-36.3395
-61.2269
-96.2504
-142.338
-200.499
-271.109
-352.986
-443.59
-539.948
-637.683
-731.531
-814.108
-930.834
-1036.58
-1092.32
-1090.12
-1036.37
-933.766
-784.472
-601.514
-400.393
-195.116
6.80214
196.773
368.561
516.562
642.443
748.15
830.336
885.243
919.787
938.763
947.717
949.068
940.125
913.602
856.511
819.939
778.776
703.12
669.789
528.934
546.592
108.261
-668.51
-1968.18
-3800.31
-6005.91
-8581.8
-11849.4
-16673.6
-21866.5
-21872.6
-16892.8
-8712.22
-3405.18
-949.695
-73.7401
284.949
349.789
324.125
135.738
-42.5651
-763.658
-976.487
-500.593
1070.34
1629.32
1967.76
2147.33
2298.68
2373.15
2470.99
2459.13
2513.83
2422.84
0.581274
-8.6564
-17.8832
-35.4279
-60.8833
-96.9159
-144.665
-205.254
-279.089
-364.928
-460.474
-562.802
-667.436
-768.804
-860.923
-982.28
-1097.32
-1158.8
-1156.71
-1099.58
-990.229
-830.757
-635.318
-421.159
-203.697
8.71739
207.42
386.343
539.955
670.156
778.918
863.69
919.978
954.701
972.219
978.928
980.701
972.476
946.799
886.917
844.818
799.8
717.036
667.856
503.986
503.117
32.363
-828.289
-2256.82
-4269.36
-6649.35
-9259.93
-12378.8
-16894.4
-21765.8
-21282.3
-16546.4
-8339.59
-3180.26
-799.04
30.1222
363.837
418.579
384.733
202.152
9.6614
-692.234
-986.686
-245.696
1215.87
1748.74
2067.42
2239.42
2386.7
2458.74
2555.95
2537.32
2586.49
2465.84
0.772491
-7.62802
-16.8012
-34.2733
-60.271
-97.257
-146.641
-209.675
-286.771
-376.708
-477.442
-586.083
-698.15
-807.956
-910.776
-1037
-1161.84
-1229.07
-1227.1
-1166.34
-1049.84
-879.641
-671.012
-443.052
-212.637
10.8859
218.688
404.92
564.137
698.634
810.378
897.678
955.494
990.589
1006.81
1011.13
1012.42
1004.64
980.486
919.07
871.607
821.357
730.73
664.26
474.418
450.694
-58.7191
-1014.8
-2571.13
-4790.69
-7368.12
-10014.3
-12949
-17087.7
-21496.4
-20484.8
-16011.4
-7852.38
-2875.91
-612.271
147.934
447.882
490.563
447.771
273.093
67.1954
-605.744
-1011.7
16.2393
1367.37
1868.68
2167.6
2331.76
2474.84
2544.63
2641.14
2615.93
2659.08
2510.95
0.988003
-6.49013
-15.5466
-32.872
-59.3694
-97.2479
-148.258
-213.756
-294.158
-388.331
-494.479
-609.789
-729.836
-848.945
-963.333
-1094.79
-1229.53
-1302.98
-1301.37
-1236.77
-1112.68
-931.163
-708.612
-466.08
-221.925
13.3706
230.683
424.432
589.271
727.987
842.632
932.293
991.61
1027.46
1042.61
1044.53
1044.73
1036.59
1014.37
952.984
901.334
843.969
744.439
659.515
440.617
389.352
-165.845
-1232.94
-2914.91
-5368.73
-8172.48
-10855.3
-13569
-17258.5
-21066.4
-19555.8
-15291.9
-7248.58
-2490.31
-386.823
280.557
536.791
565.049
512.47
347.133
133.306
-494.511
-1017.46
277.996
1522.44
1988.47
2267.77
2423.97
2562.75
2630.54
2726.17
2694.71
2733.13
2551.6
1.22603
-5.23651
-14.1031
-31.2124
-58.1508
-96.8693
-149.516
-217.501
-301.249
-399.783
-511.561
-633.906
-762.475
-891.673
-1018.24
-1154.56
-1300.19
-1380.81
-1379.76
-1310.99
-1178.82
-985.352
-748.117
-490.227
-231.532
16.2536
243.527
445.039
615.545
758.382
875.861
967.679
1028.25
1065.3
1079.66
1079.29
1078.13
1068.54
1047.99
988.32
934.691
868.516
758.457
654.079
404.055
319.255
-289.968
-1486.82
-3294.01
-6008.82
-9073.98
-11793
-14251.1
-17416.9
-20502.5
-18548.2
-14406.7
-6530.16
-2022.83
-119.026
429.668
630.64
641.604
578.252
422.635
211.192
-335.154
-959.21
537.42
1678.27
2107.38
2367.35
2515.63
2650.1
2716.18
2810.58
2773.45
2806.54
2601.53
1.48402
-3.86512
-12.472
-29.2941
-56.595
-96.1216
-150.427
-220.912
-308.029
-411.033
-528.663
-658.407
-796.02
-935.996
-1075.13
-1216.65
-1374.79
-1462.99
-1462.41
-1389.13
-1248.35
-1042.25
-789.519
-515.455
-241.409
19.6217
257.359
466.911
643.155
790.006
910.253
1004.08
1065.61
1104
1117.93
1115.58
1112.95
1101.09
1081.24
1023.42
970.519
896.24
773.284
648.279
365.736
240.8
-432.113
-1777.12
-3711.52
-6719.34
-10084.8
-12841.4
-15013.1
-17582.2
-19840.9
-17455.6
-13367
-5705.79
-1474.71
195.7
598.118
729.88
720.036
645.191
502.199
298.27
-135.081
-799.267
796.733
1832.54
2224.62
2465.79
2606.35
2736.54
2801.23
2893.91
2852.05
2882.61
2646.28
1.76
-2.37486
-10.6676
-27.1205
-54.7006
-95.0202
-151.01
-223.971
-314.466
-422.042
-545.75
-683.241
-830.382
-981.736
-1133.72
-1282.14
-1453.43
-1549.38
-1549.39
-1471.37
-1321.42
-1101.9
-832.804
-541.712
-251.496
23.5567
272.31
490.209
672.293
823.054
945.967
1041.72
1104.03
1143.48
1157.48
1153.58
1149.36
1134.96
1114.62
1057.29
1005.74
927.814
789.774
642.463
325.841
154.739
-592.122
-2098.8
-4170.99
-7511.61
-11217.4
-14016.5
-15872.2
-17773.7
-19125.8
-16279.6
-12187.6
-4791.42
-849.564
562.187
789.544
834.86
799.109
712.758
591.056
382.884
32.4264
-539.811
1056.89
1983.59
2339.44
2562.58
2695.71
2821.73
2885.42
2975.83
2930.7
2959.19
2691.12
2.05343
-0.756468
-8.674
-24.6722
-52.4812
-93.5867
-151.27
-226.647
-320.516
-432.768
-562.768
-708.326
-865.429
-1028.67
-1193.76
-1350.8
-1535.14
-1639.86
-1640.97
-1557.93
-1398.14
-1164.37
-877.957
-568.936
-261.715
28.1452
288.52
515.082
703.123
857.705
983.14
1080.78
1143.86
1183.93
1198.44
1193.33
1187.55
1170.6
1148.87
1091.23
1038.56
960.552
808.631
637.071
284.655
62.177
-767.863
-2440.83
-4677.58
-8402.23
-12486.3
-15331.1
-16838
-18005.2
-18407.2
-15089.8
-10902.3
-3809.63
-151.786
985.708
1007.31
945.382
877.167
782.35
683.46
464.353
103.958
-219.17
1313.63
2130.01
2451.17
2657.22
2783.34
2905.4
2968.5
3056.25
3009.77
3037.86
2743.3
2.36427
1.00024
-6.46594
-21.9379
-49.9547
-91.8451
-151.18
-228.888
-326.127
-443.155
-579.645
-733.556
-900.996
-1076.54
-1254.98
-1421.95
-1620.06
-1734.94
-1737.38
-1648.97
-1478.67
-1229.72
-924.973
-597.06
-271.973
33.4818
306.126
541.672
735.792
894.119
1021.9
1121.37
1185.33
1225.74
1240.98
1234.8
1227.71
1208.12
1184.71
1126.53
1070.45
991.219
829.913
632.544
243.189
-35.5943
-956.053
-2791.55
-5236.07
-9412.55
-13908.4
-16792.7
-17912.1
-18287.5
-17722.6
-13950.8
-9544.44
-2785.47
612.191
1471.09
1256.28
1060.72
953.943
859.683
763.005
555.311
112.994
131.266
1560.68
2270.56
2559.23
2749.28
2868.92
2987.32
3050.31
3135.42
3089.7
3120.83
2784.77
2.69261
2.89855
-4.04764
-18.93
-47.1344
-89.8065
-150.695
-230.636
-331.24
-453.138
-596.289
-758.797
-936.88
-1125.06
-1317.15
-1496.02
-1708.8
-1834.57
-1838.61
-1744.61
-1563.14
-1298.03
-973.843
-626.012
-282.163
39.6743
325.261
570.11
770.435
932.433
1062.38
1163.57
1228.58
1269.28
1285.19
1277.82
1269.9
1247.62
1222.59
1163.03
1103.45
1020.44
852.868
629.291
203.035
-137.113
-1153.37
-3146.86
-5849.82
-10556.7
-15492
-18402.4
-19090.9
-18628.9
-17092
-12871.6
-8126.1
-1741.98
1431.13
2020.69
1549.94
1184.84
1028.48
937.812
825.357
646.301
167.584
500.295
1793.73
2404.34
2663.13
2838.36
2952.16
3067.33
3130.78
3213.81
3171.14
3207.24
2821.15
3.03957
4.94209
-1.43177
-15.6587
-44.033
-87.4503
-149.753
-231.829
-335.797
-462.64
-612.593
-783.896
-972.853
-1173.94
-1380.11
-1573.67
-1799.95
-1938.04
-1944.78
-1845.1
-1651.69
-1369.36
-1024.56
-655.72
-292.165
46.8471
346.064
600.538
807.187
972.768
1104.66
1207.38
1273.63
1314.73
1331.07
1322.23
1313.88
1289.18
1262.31
1200.42
1137.88
1050.19
876.635
627.719
165.391
-240.982
-1356.28
-3507.07
-6522.05
-11839.3
-17230.9
-20153.9
-20366.6
-19034.2
-16523
-11827.8
-6661.19
-699.38
2287.02
2632.11
1912.03
1340.67
1107.43
1001.05
881.314
724.919
335.331
876.998
2010.21
2530.75
2762.48
2924.14
3032.84
3145.36
3209.93
3291.86
3254.77
3296.86
2867.32
3.40726
7.13947
1.38598
-12.1262
-40.6597
-84.7254
-148.288
-232.405
-339.731
-471.575
-628.437
-808.675
-1008.66
-1222.87
-1443.68
-1654.45
-1892.04
-2045.62
-2056.33
-1950.6
-1744.41
-1443.76
-1077.11
-686.105
-301.852
55.1346
368.665
633.109
846.182
1015.23
1148.82
1252.77
1320.41
1362.04
1378.38
1367.96
1359.28
1332.64
1303.31
1238.82
1172.92
1081.04
901.137
628.267
130.531
-346.034
-1560.87
-3871.09
-7256.08
-13257.9
-19114.1
-22034.4
-21727.7
-19502.9
-16017.4
-10805.1
-5206.19
324.081
3154.24
3294.45
2363.22
1570.69
1224.69
1073.69
955.781
825.297
611.627
1244.32
2208.58
2649.4
2856.96
3006.37
3110.84
3221.41
3287.83
3369.89
3341.16
3388.53
2899.44
3.79815
9.50012
4.41606
-8.33219
-37.0008
-81.5657
-146.234
-232.306
-342.972
-479.85
-643.688
-832.941
-1044.05
-1271.54
-1507.47
-1737.16
-1985.36
-2157.48
-2173.18
-2061.23
-1841.47
-1521.29
-1131.47
-717.086
-311.091
64.6792
393.178
667.949
887.524
1059.88
1194.88
1299.63
1368.68
1410.9
1426.78
1414.94
1405.6
1377.33
1345.26
1278.02
1207.92
1112.66
926.7
631.364
98.9008
-450.927
-1764.02
-4239.42
-8052.24
-14797.1
-21125.5
-24020.7
-23156.7
-20028.8
-15576.6
-9814.71
-3835.3
1314.04
4003.03
3985.95
2903.14
1909.21
1427.69
1210.87
1091.6
1001.29
957.794
1586.8
2388.21
2760.11
2946.33
3084.88
3186.11
3295.52
3364.57
3448.07
3430.76
3481.54
2945.86
4.21508
12.0318
7.66264
-4.27385
-33.0145
-77.9016
-143.528
-231.471
-345.448
-487.367
-658.206
-856.493
-1078.74
-1319.59
-1571.07
-1820.68
-2078.72
-2272.26
-2295.21
-2177.26
-1942.97
-1601.97
-1187.61
-748.575
-319.744
75.6305
419.72
705.181
931.304
1106.79
1242.84
1347.85
1418.14
1460.87
1475.92
1463.05
1452.41
1422.24
1387.95
1317.46
1242.98
1144.82
953.481
637.398
71.3665
-554.56
-1963.77
-4615.61
-8905.25
-16427.9
-23240.2
-26075.8
-24627.5
-20600
-15201.3
-8880.15
-2600.17
2259.26
4805.43
4675.36
3501.46
2349.5
1735.46
1442.83
1315.11
1264.79
1328.75
1894.84
2549.32
2862.83
3030.47
3159.62
3258.68
3367.76
3440.24
3526.45
3523.73
3578.71
3049.96
4.66158
14.7428
11.1285
0.055982
-28.6432
-73.6671
-140.109
-229.842
-347.086
-494.023
-671.842
-879.121
-1112.46
-1366.66
-1634.01
-1903.86
-2169.93
-2389.32
-2422.86
-2298.9
-2048.97
-1685.84
-1245.5
-780.481
-327.673
88.1528
448.429
744.933
977.635
1156.05
1292.74
1397.36
1468.57
1511.59
1525.57
1512.01
1499.33
1466.77
1430.91
1356.96
1278.25
1177.5
981.385
646.696
48.4501
-655.894
-2158.52
-5002.15
-9802.52
-18110.1
-25418
-28148.5
-26105
-21198
-14889.2
-8020.64
-1524.03
3144.52
5538.19
5328.59
4111.46
2851.66
2123.9
1754.96
1608.83
1581.99
1688.23
2164.48
2692.75
2957.68
3109.35
3230.61
3328.61
3438.21
3514.86
3604.96
3619.32
3679.39
3255.45
5.1419
17.6418
14.8173
4.67958
-23.8257
-68.8036
-135.928
-227.366
-347.812
-499.714
-684.444
-900.612
-1144.91
-1412.35
-1695.73
-1985.44
-2259.55
-2508.2
-2555.72
-2426.2
-2159.57
-1772.89
-1305.08
-812.713
-334.728
102.426
479.463
787.33
1026.63
1207.76
1344.69
1448.23
1519.95
1562.92
1575.61
1561.42
1545.98
1511.08
1473.5
1396.7
1313.56
1210.7
1010.42
659.493
30.6983
-753.089
-2345.56
-5397.27
-10724.3
-19797
-27594.8
-30177.5
-27547.6
-21799.6
-14633.9
-7243.44
-599.46
3963.04
6183.57
5918.13
4690.19
3367.24
2548.73
2108.45
1934.1
1910.81
2014.41
2395.97
2819.75
3044.97
3183.08
3297.94
3396.03
3506.93
3588.45
3683.54
3716.49
3781.3
3471.13
5.66107
20.7381
18.7332
9.63912
-18.5028
-63.2606
-130.941
-223.988
-347.554
-504.334
-695.855
-920.743
-1175.79
-1456.26
-1755.59
-2064.54
-2349.07
-2626.47
-2693.26
-2559.54
-2274.79
-1863.06
-1366.29
-845.16
-340.753
118.639
512.988
832.495
1078.41
1262.05
1398.75
1500.57
1572.32
1614.79
1625.89
1610.92
1592.17
1555.77
1515.37
1436.83
1348.81
1244.39
1040.66
675.924
18.9053
-844.176
-2521.08
-5794.75
-11647
-21438.3
-29693.1
-32102.4
-28915
-22379.7
-14425.6
-6545.5
210.254
4714.5
6733.53
6426.94
5208.08
3856.3
2969.14
2465.91
2256.63
2220.65
2297.8
2592.31
2931.91
3125.11
3251.83
3361.79
3461.07
3573.96
3660.96
3762.05
3814.79
3891.33
3637.85
6.22497
24.0454
22.8898
14.9867
-12.6212
-56.9943
-125.109
-219.661
-346.243
-507.778
-705.915
-939.285
-1204.78
-1497.99
-1813.02
-2140.62
-2438.74
-2742.99
-2835.34
-2698.79
-2394.63
-1956.26
-1429.03
-877.694
-345.577
136.984
549.172
880.541
1133.06
1318.97
1454.99
1554.52
1625.61
1667.09
1676.26
1660.33
1637.94
1601.03
1556.61
1477.23
1384.15
1278.43
1072.17
696.091
13.4708
-927.895
-2681.68
-6185.26
-12545
-22985.6
-31644.8
-33876.6
-30177.2
-22915.5
-14251.8
-5923.44
928.938
5379.03
7190.78
6846.91
5648.98
4293.52
3357.71
2801.66
2554.15
2495.18
2537.19
2757.83
3031.02
3198.59
3315.87
3422.42
3523.94
3639.33
3732.28
3840.19
3913.46
4007.66
3854.3
6.83996
27.5835
27.3154
20.7746
-6.13426
-49.9679
-118.399
-214.344
-343.818
-509.941
-714.464
-956.004
-1231.56
-1537.14
-1867.53
-2213.44
-2529.37
-2857
-2980.33
-2844
-2519.13
-2052.35
-1493.14
-910.162
-349.021
157.654
588.182
931.572
1190.62
1378.55
1513.44
1610.16
1679.66
1719.62
1726.65
1709.3
1683.44
1646.32
1597.57
1517.71
1419.79
1312.64
1104.98
720.107
14.5371
-1002.83
-2825.36
-6557.16
-13391.7
-24399
-33405.4
-35472.7
-31319.1
-23390.7
-14099
-5375.2
1553.26
5921.13
7559.59
7177.85
6008.04
4665.75
3699.41
3101.8
2815.76
2729.01
2736.16
2897.36
3118.9
3265.99
3375.59
3480.15
3584.81
3703.02
3802.25
3917.71
4010.77
4113.84
4060.78
7.51171
31.3757
32.0471
27.0498
0.995809
-42.1541
-110.788
-208.013
-340.225
-510.723
-721.342
-970.673
-1255.85
-1573.35
-1918.77
-2283.13
-2621.9
-2966.95
-3127.31
-2994.97
-2648.27
-2151.16
-1558.46
-942.386
-350.896
180.846
630.18
985.683
1251.1
1440.78
1574.12
1667.5
1734.34
1772.04
1777.01
1757.63
1728.73
1691.1
1638.7
1558.24
1455.91
1346.78
1138.95
747.853
22.9222
-1066.21
-2952.17
-6897.85
-14161.6
-25648.6
-34949.5
-36874.6
-32334.6
-23796.9
-13955.3
-4896.13
2082.32
6330.36
7847.36
7426.28
6289.73
4970.42
3988.83
3360.94
3039.11
2923.8
2900.63
3015.62
3197.27
3327.89
3431.44
3535.35
3643.84
3764.99
3870.74
3994.45
4105.47
4215.03
4236.21
8.2437
35.4452
37.1213
33.8505
8.79477
-33.5411
-102.277
-200.655
-335.413
-510.025
-726.396
-983.075
-1277.36
-1606.31
-1966.44
-2349.7
-2715.47
-3073.56
-3274.61
-3151.14
-2782.11
-2252.5
-1624.74
-974.164
-350.998
206.758
675.325
1042.97
1314.55
1505.62
1636.96
1726.45
1789.52
1824.14
1827.09
1805.44
1773.82
1735.22
1680.28
1598.86
1492.72
1380.67
1173.75
779.049
39.4004
-1115.12
-3063.05
-7196.98
-14831.8
-26709.7
-36254.1
-38063.2
-33214.8
-24130.1
-13811.8
-4479.24
2524.81
6642.23
8067.3
7602.23
6503.41
5212.48
4227.86
3579.8
3226.97
3084.78
3037.07
3116.88
3267.63
3384.93
3483.93
3588.38
3701.1
3825.11
3937.71
4070.24
4196.59
4309.83
4394.17
9.03602
39.8143
42.5668
41.2003
17.2708
-24.1395
-92.8852
-192.263
-329.34
-507.762
-729.483
-993.015
-1295.86
-1635.75
-2010.25
-2412.84
-2807.82
-3177.42
-3420.42
-3312.03
-2920.6
-2356.13
-1691.73
-1005.26
-349.108
235.591
723.785
1103.57
1380.98
1572.97
1701.83
1786.8
1845.09
1875.85
1876.92
1852.99
1818.63
1778.87
1722.25
1639.43
1530.27
1414.21
1209.07
813.571
63.35
-1148.1
-3155.36
-7448.28
-15383.2
-27556.3
-37283.6
-39009
-33939.1
-24386
-13663.3
-4116.81
2888.71
6888.4
8224.36
7718.92
6657.36
5399.92
4421.69
3762.08
3384.31
3218.24
3151.54
3204.74
3331.25
3437.73
3533.57
3639.51
3756.58
3883.32
4003.27
4144.87
4283.33
4397.43
4523.36
9.88424
44.504
48.3994
49.1032
26.4084
-13.988
-82.6465
-182.842
-321.976
-503.86
-730.482
-1000.33
-1311.15
-1661.43
-2049.96
-2472.01
-2896.65
-3279.86
-3563.78
-3476.14
-3063.7
-2461.83
-1759.14
-1035.42
-344.994
267.565
775.765
1167.62
1450.43
1642.72
1768.5
1848.26
1900.96
1927.22
1926.86
1900.44
1863.25
1822.45
1764.27
1679.76
1568.42
1447.42
1244.6
851.175
93.7991
-1164.66
-3222.97
-7648.55
-15801.8
-28164.4
-37999.2
-39676.9
-34479.5
-24557.2
-13506.5
-3802.81
3179.68
7071.65
8317.17
7789.48
6759.86
5541.27
4576.37
3912.42
3516.36
3330.19
3249.13
3282.12
3389.16
3486.92
3580.83
3688.94
3810.12
3939.66
4067.54
4217.95
4364.83
4475.52
4568.08
10.7782
49.5321
54.6197
57.5418
36.1666
-3.14781
-71.6027
-172.409
-313.31
-498.265
-729.295
-1004.88
-1323.08
-1683.18
-2085.31
-2526.68
-2980.76
-3382.71
-3703.63
-3642.56
-3210.83
-2569.36
-1826.63
-1064.34
-338.397
302.935
831.528
1235.28
1522.91
1714.73
1836.69
1910.55
1957.07
1978.47
1976.49
1948.02
1907.94
1866.24
1805.93
1719.69
1607.01
1480.37
1280.07
891.108
130.896
-1164.68
-3262.15
-7788.79
-16085.1
-28523.8
-38373.5
-40031
-34812.3
-24635
-13337.7
-3534.19
3403.91
7192.13
8353.38
7823.89
6820.71
5644.45
4698.07
4035.89
3627.87
3425.66
3333.82
3351.25
3442.34
3533.07
3626.06
3736.68
3861.63
3994.26
4130.55
4288.93
4440.28
4546.12
4639.75
11.7009
54.9092
61.2121
66.477
46.4809
8.3055
-59.8102
-161.003
-303.351
-490.949
-725.855
-1006.58
-1331.55
-1700.87
-2116.07
-2576.39
-3059.42
-3486.6
-3840.74
-3809.99
-3361.1
-2678.46
-1893.85
-1091.69
-329.036
342.053
891.401
1306.75
1598.44
1788.84
1906.11
1973.38
2013.33
2029.7
2025.38
1995.94
1952.83
1910
1846.73
1759.15
1645.99
1513.13
1315.23
932.585
174.998
-1148.25
-3273.1
-7859.37
-16238.8
-28648.1
-38422.8
-40072
-34926.5
-24611.1
-13151.5
-3308.58
3566.71
7254.67
8347.74
7830.74
6848.26
5716.6
4792.51
4137.35
3722.78
3508.49
3408.56
3413.76
3491.61
3576.7
3669.47
3782.71
3911.13
4047.34
4192.22
4357.33
4509.89
4609.82
4707.72
12.6281
60.6345
68.1445
75.8492
57.2643
20.2828
-47.3481
-148.69
-292.136
-481.909
-720.131
-1005.39
-1336.48
-1714.39
-2142.04
-2620.79
-3132.4
-3592.12
-3974.38
-3978.14
-3513.75
-2788.57
-1960.51
-1117.06
-316.487
385.375
955.751
1382.23
1676.97
1864.8
1976.42
2036.37
2069.45
2080.75
2073.69
2043.77
1997.65
1953.2
1886.21
1798.37
1685.42
1545.76
1349.87
975.14
225.528
-1115.55
-3256.37
-7861.7
-16265.3
-28567.8
-38203.4
-39851.1
-34832.5
-24478.2
-12942
-3120.98
3671.45
7265.02
8304.22
7810.35
6850.21
5763.38
4864.67
4220.88
3804.22
3581.5
3475.49
3470.84
3537.63
3618.16
3711.23
3827.03
3958.72
4099.1
4252.51
4422.96
4574.53
4669.31
4770.37
13.5276
66.6941
75.3665
85.5772
68.4073
32.6739
-34.3235
-135.565
-279.731
-471.178
-712.128
-1001.29
-1337.87
-1723.66
-2163.03
-2659.53
-3199.52
-3698.34
-4103.23
-4146.09
-3669.77
-2899.48
-2026.13
-1140.06
-300.256
433.395
1024.93
1461.82
1758.38
1942.33
2047.19
2099.1
2124.96
2131.23
2121.29
2090.54
2041.94
1995.41
1924.56
1837.64
1725.35
1578.37
1383.95
1018.29
280.86
-1067.22
-3210.87
-7801.09
-16164.4
-28295.6
-37762
-39417.4
-34543.1
-24232.1
-12704
-2963.97
3720.63
7229.1
8224.9
7756.48
6830.05
5788.86
4918.92
4289.78
3874.68
3646.71
3536.13
3523.37
3580.87
3657.71
3751.44
3869.69
4004.58
4149.72
4311.39
4485.85
4635.07
4725.3
4828.43
14.3602
73.0614
82.8073
95.5559
79.7795
45.3422
-20.8767
-121.758
-266.237
-458.82
-701.89
-994.33
-1335.72
-1728.65
-2178.86
-2692.22
-3259.98
-3801.35
-4226.23
-4311.38
-3829.76
-3012.4
-2090.75
-1160.3
-279.863
486.503
1099.2
1545.59
1842.51
2021.05
2117.97
2161.1
2179.38
2180.64
2167.65
2135.77
2085.31
2036.44
1962.32
1877.07
1765.11
1611.13
1417.52
1061.32
339.275
-1004.16
-3135.65
-7680.05
-15939.8
-27835.9
-37101.5
-38782.8
-34065.6
-23869.8
-12431.7
-2829.25
3718.26
7149.02
8115.17
7672.94
6790.49
5794.69
4958.94
4346.77
3936.21
3705.58
3591.54
3572.02
3621.68
3695.56
3790.16
3910.74
4048.94
4199.36
4368.86
4546.05
4692.24
4778.47
4884.92
15.0802
79.6976
90.375
105.653
91.2275
58.1205
-7.18319
-107.433
-251.786
-444.934
-689.491
-984.559
-1330.07
-1729.31
-2189.37
-2718.43
-3312.68
-3896.99
-4342.91
-4470.95
-3991.94
-3127.75
-2154.77
-1177.67
-255.03
544.968
1178.7
1633.54
1929.16
2100.55
2188.23
2221.93
2232.31
2228.52
2212.46
2179.63
2127.9
2076.34
2000.01
1916.74
1804.03
1644.26
1450.18
1103.1
399.723
-927.561
-3031.96
-7500.97
-15600.7
-27200.5
-36230
-37954.6
-33405.4
-23391.7
-12120.7
-2710.39
3672.91
7022.68
7977.21
7567.85
6734.19
5786.11
4987.47
4394.09
3990.58
3759.15
3642.5
3617.31
3660.33
3731.86
3827.46
3950.29
4092.05
4248.17
4424.9
4603.63
4746.44
4829.82
4939.64
15.6376
86.5479
97.9549
115.709
102.573
70.8093
6.54577
-92.7897
-236.543
-429.647
-675.034
-972.068
-1320.98
-1725.67
-2194.45
-2737.82
-3356.65
-3982.55
-4453.89
-4621.63
-4153.63
-3244.24
-2217.34
-1191.67
-225.447
608.917
1263.45
1725.6
2018.17
2180.52
2257.51
2281.13
2283.35
2274.37
2255.36
2222.04
2169.71
2115.23
2037.93
1956.26
1842.48
1678.06
1481.59
1142.72
461.289
-839.323
-2903.21
-7270.01
-15160.3
-26408
-35167.7
-36938.5
-32573.7
-22801.7
-11771.1
-2602.92
3592.48
6852.25
7809.87
7444.94
6663
5767.2
5005.71
4433.41
4039.14
3808.18
3689.56
3659.64
3697.07
3766.74
3863.41
3988.51
4134.18
4296.29
4479.49
4658.55
4797.78
4879.75
4994.55
15.9794
93.5392
105.412
125.548
113.612
83.1766
20.0656
-78.0575
-220.699
-413.109
-658.644
-956.964
-1308.54
-1717.75
-2194.06
-2750.15
-3391.25
-4056.22
-4559.08
-4761.43
-4311.25
-3360.48
-2277.15
-1201.07
-190.454
678.59
1353.45
1821.64
2109.28
2260.65
2325.42
2338.25
2332.02
2317.68
2295.83
2262.49
2210.29
2153.11
2075.99
1994.96
1880.89
1712.86
1512.73
1180.18
522.309
-742.417
-2753.89
-6995.97
-14633.7
-25477.6
-33938.8
-35748.8
-31586.4
-22108.4
-11384.6
-2504.01
3482.13
6646.66
7614.01
7306.34
6579.19
5738.36
5014.95
4465.9
4082.71
3853.2
3733.17
3699.36
3732.1
3800.34
3898.16
4025.63
4175.58
4343.81
4532.44
4710.62
4846.1
4928.14
5049.62
16.0519
100.578
112.597
134.975
124.118
94.9591
33.1004
-63.4937
-204.467
-395.486
-640.458
-939.372
-1292.85
-1705.65
-2188.24
-2755.35
-3416.17
-4117.17
-4658.05
-4887.69
-4461.81
-3474.59
-2333.37
-1204.94
-149.422
754.267
1448.74
1921.47
2202.17
2340.58
2391.63
2392.92
2377.85
2357.99
2333.36
2300.51
2249.34
2189.94
2114.04
2032.73
1919.35
1748.96
1544.98
1215.79
580.71
-640.725
-2589.27
-6688
-14036.6
-24431.9
-32573.3
-34411.5
-30463.9
-21324.3
-10965.1
-2410.9
3347.04
6412.2
7393.06
7151.97
6485.12
5701.83
5017.73
4492.65
4121.74
3894.63
3773.76
3736.77
3765.61
3832.78
3931.85
4061.91
4216.46
4390.68
4583.43
4759.66
4891.28
4974.59
5105.67
15.8032
107.547
119.354
143.778
133.837
105.866
45.3466
-49.3794
-188.078
-376.958
-620.623
-919.427
-1274.07
-1689.53
-2177.15
-2753.48
-3431.35
-4165.11
-4749.11
-4998.88
-4601.22
-3584.89
-2385.1
-1202.74
-102.086
835.946
1549.19
2024.79
2296.38
2419.85
2455.78
2444.85
2420.54
2394.96
2367.63
2335.68
2286.63
2225.82
2151.78
2069.72
1957.29
1786.53
1578.41
1249.96
634.902
-538.485
-2415.69
-6355.29
-13385
-23296.1
-31103.2
-32956
-29228.4
-20465.1
-10519
-2321.98
3193.17
6154.3
7150.31
6981.47
6382.45
5659.9
5015.65
4514.76
4156.79
3932.93
3811.71
3772.13
3797.75
3864.21
3964.68
4097.6
4256.9
4436.65
4632
4805.59
4933.61
5019.03
5163.03
15.1875
114.301
125.514
151.732
142.502
115.585
56.4781
-36.0167
-171.778
-357.71
-599.289
-897.284
-1252.37
-1669.62
-2161.05
-2744.76
-3436.79
-4199.29
-4827.59
-5093.5
-4725.96
-3688.75
-2431.53
-1193.84
-48.2061
923.454
1654.42
2131.09
2391.27
2497.9
2517.47
2493.75
2459.89
2428.38
2398.35
2367.55
2321.8
2260.99
2189
2105.88
1994.24
1825.66
1612.92
1283.56
683.786
-439.848
-2240.3
-6008.09
-12695.7
-22096.1
-29558.7
-31414.9
-27904
-19549.8
-10054.2
-2236.11
3026.22
5879.45
6889.85
6796.29
6272.8
5614.46
5010.15
4533.4
4188.55
3968.55
3847.35
3805.66
3828.64
3894.74
3996.84
4132.82
4296.81
4481.24
4677.66
4848.48
4973.77
5062.21
5219.87
14.1729
120.664
130.903
158.597
149.832
123.794
66.1551
-23.7207
-155.819
-337.927
-576.609
-873.107
-1227.98
-1646.23
-2140.3
-2729.54
-3432.62
-4218.85
-4888.62
-5170.33
-4832.88
-3783.45
-2471.37
-1177.6
12.6357
1016.71
1763.96
2239.66
2486.11
2574.07
2576.25
2539.33
2495.72
2458.08
2425.31
2395.76
2354.35
2295.69
2226.02
2141.49
2030.69
1866.15
1649.89
1317.28
726.845
-348.304
-2070.46
-5658.9
-11987.9
-20858.4
-27968.5
-29822.4
-26520.4
-18599.7
-9580.37
-2152.65
2852.07
5594.51
6617.2
6600.06
6158.19
5567.23
5003.2
4549.88
4217.72
4001.86
3880.89
3837.47
3858.38
3924.47
4028.41
4167.54
4335.83
4523.82
4720.06
4888.65
5012.51
5104.77
5276.54
12.7515
126.427
135.343
164.14
155.557
130.174
74.0367
-12.8107
-140.454
-317.788
-552.728
-847.078
-1201.17
-1619.74
-2115.39
-2708.33
-3419.24
-4223.6
-4929.83
-5229.96
-4918.75
-3866.54
-2503.12
-1153.18
80.86
1115.6
1877.2
2349.64
2580.06
2647.73
2631.66
2581.26
2527.89
2483.99
2448.44
2420.08
2383.61
2329.71
2263.01
2177.3
2067.16
1907.57
1690.14
1351.64
764.776
-265.96
-1912.86
-5321.63
-11282.9
-19612.2
-26363.3
-28210.2
-25112.5
-17638.8
-9107.88
-2071.34
2676.79
5306.71
6338.71
6397.53
6040.64
5519.4
4996.5
4565.46
4245.06
4033.15
3912.41
3867.6
3886.95
3953.37
4059.3
4201.46
4373.35
4563.78
4759.17
4926.66
5050.61
5146.94
5331.66
10.9552
131.355
138.673
168.147
159.428
134.426
79.7933
-3.60216
-125.931
-297.458
-527.777
-819.383
-1172.24
-1590.58
-2086.9
-2681.77
-3397.25
-4213.88
-4950.09
-5272
-4983.01
-3934.57
-2525.45
-1119.74
156.856
1219.82
1993.25
2459.91
2672.14
2718.15
2683.25
2619.3
2556.3
2506.12
2467.79
2440.42
2408.94
2362.25
2299.61
2214.01
2103.82
1949.96
1732.68
1387.78
799.276
-193.344
-1773.06
-5009.73
-10604.1
-18390.8
-24779
-26612.7
-23718.9
-16692.8
-8647.01
-1992.02
2506.3
5023.45
6061.21
6193.76
5922.33
5471.83
4990.99
4581.11
4271.23
4062.65
3941.91
3895.96
3914.25
3981.24
4089.15
4234
4408.67
4600.71
4795.37
4963.29
5088.98
5189.08
5383.42
8.87284
135.198
140.764
170.448
161.245
136.296
83.1225
3.6013
-112.49
-277.084
-501.87
-790.197
-1141.52
-1559.27
-2055.5
-2650.7
-3367.59
-4190.64
-4949.36
-5295.62
-5024.54
-3985.39
-2536.25
-1076.7
240.779
1328.87
2110.95
2569.12
2761.19
2784.54
2730.54
2653.2
2580.91
2524.63
2483.52
2456.79
2429.95
2392.05
2335.1
2251.81
2141.29
1993.76
1777.02
1426.21
832.225
-129.736
-1655.26
-4734.67
-9975.38
-17231.8
-23257.5
-25070.6
-22377.6
-15786.6
-8207.05
-1914.55
2346.1
4752.01
5791.75
5993.96
5805.68
5425.17
4986.82
4597.39
4296.73
4090.51
3969.38
3922.46
3940.03
4007.72
4117.43
4264.45
4441.16
4634.49
4829.41
4999.54
5128.53
5230.8
5430.22
6.66789
137.714
141.542
170.946
160.885
135.599
83.7716
8.51923
-100.364
-256.803
-475.09
-759.675
-1109.33
-1526.34
-2021.94
-2616.07
-3331.43
-4155.43
-4929.21
-5300.75
-5042.13
-4016.1
-2533.87
-1023.54
332.422
1441.89
2228.87
2675.63
2845.85
2846.02
2773.05
2682.75
2601.71
2539.7
2495.84
2469.4
2446.55
2417.7
2367.87
2289.99
2180.01
2038.44
1822.16
1465.64
865.954
-73.2809
-1561.49
-4504.28
-9417.74
-16172.7
-21843.9
-23628.1
-21124.1
-14941.9
-7795.81
-1838.89
2201.01
4499.4
5537.45
5803.42
5693.38
5380.07
4983.8
4614.45
4321.59
4116.71
3994.72
3946.91
3964.02
4032.37
4143.55
4292.23
4470.48
4665.3
4862.09
5036.42
5170.14
5271.15
5467.04
4.58999
138.707
141.014
169.652
158.339
132.263
81.5778
10.9177
-89.7785
-236.757
-447.517
-727.944
-1075.99
-1492.35
-1987.05
-2578.98
-3290.21
-4109.94
-4891.03
-5285.82
-5035.74
-4023.47
-2516.83
-960.056
431.193
1557.52
2345.18
2777.53
2924.55
2901.62
2810.28
2707.77
2618.74
2551.57
2505.11
2478.57
2458.74
2438.44
2396.04
2326.19
2218.3
2081.41
1865.25
1504.79
902.771
-22.0661
-1490.19
-4320.33
-8944.41
-15243.9
-20580
-22325.9
-19989.5
-14175.6
-7419.11
-1764.98
2074.93
4272.04
5305.31
5627.56
5588.32
5337.41
4981.92
4631.96
4345.33
4140.8
4017.73
3969.21
3986.01
4054.84
4167.08
4316.98
4496.58
4693.57
4894.3
5075.01
5214.44
5308.99
5491.9
2.96369
138.071
139.302
166.723
153.763
126.398
76.5435
10.6753
-80.9225
-217.101
-419.236
-695.12
-1041.77
-1457.86
-1951.75
-2540.85
-3245.75
-4056.15
-4836.05
-5248.36
-5005.19
-4007.08
-2483.88
-886.634
535.63
1673.94
2457.67
2872.68
2995.6
2950.3
2841.79
2728.14
2632.13
2560.47
2511.66
2484.61
2466.6
2454.09
2418.33
2356.89
2252.34
2119.22
1903.62
1542.36
942.673
23.3187
-1437.33
-4177.7
-8556.74
-14460.6
-19494.2
-21192.6
-18995.1
-13497.9
-7080.68
-1693.01
1970.74
4075.56
5101.92
5471.72
5493.78
5298.58
4981.44
4649.81
4368.23
4163.13
4038.64
3989.37
4005.81
4074.84
4187.77
4338.61
4519.72
4720.04
4927.04
5116.43
5261.76
5342.65
5498.3
2.15195
135.86
136.662
162.506
147.547
118.4
68.9883
7.94935
-73.8329
-197.989
-390.414
-661.382
-1007
-1423.5
-1917.09
-2503.25
-3200.15
-3996.78
-4767.21
-5189.22
-4952.8
-3968.34
-2435.87
-804.669
643.232
1788.49
2563.84
2959.1
3057.62
2991.11
2867.3
2743.9
2642.04
2566.58
2515.78
2488.01
2470.91
2464.57
2433.93
2379.77
2278.74
2148.77
1934.48
1575.79
981.499
60.5245
-1397.57
-4066.05
-8244.5
-13818.4
-18592.7
-20238.7
-18149.3
-12913.2
-6783.32
-1624.19
1890.01
3914.31
4932.89
5340.75
5413.25
5265.62
4982.68
4666.69
4388.08
4181.62
4056.27
4006.93
4023.2
4092.22
4205.54
4357.26
4540.44
4745.72
4961.45
5161.67
5311.91
5370.97
5485.43
2.49102
132.374
133.502
157.557
140.366
109.064
59.6907
3.26831
-68.4439
-179.809
-361.647
-627.306
-972.2
-1389.87
-1883.99
-2467.56
-3155.59
-3935.48
-4689.9
-5113.92
-4884.31
-3911.45
-2375.38
-717.824
749.889
1897.41
2660.73
3034.88
3109.74
3023.78
2886.84
2755.33
2648.92
2570.54
2518.21
2489.59
2472.87
2469.9
2442.05
2393.23
2294.84
2166.94
1953.94
1600.04
1010.09
86.3041
-1368
-3976.67
-7995.17
-13302.7
-17864.6
-19460
-17451
-12423.3
-6530.35
-1561
1832.55
3790.63
4801.88
5238.21
5349.19
5239.53
4985.62
4683.53
4407.4
4199.42
4072.98
4022.99
4038.35
4106.81
4220.35
4373.27
4559.68
4771.85
4998.49
5210.72
5363.72
5393.39
5459.7
4.03905
128.178
130.405
152.708
133.251
99.612
49.9369
-2.28674
-64.2593
-162.898
-333.953
-594.097
-938.358
-1357.76
-1853.28
-2434.99
-3114.25
-3876.2
-4610.42
-5029.6
-4805.51
-3841.71
-2305.88
-630.616
850.663
1996.28
2744.79
3097.5
3150.77
3048.25
2901.13
2763.78
2654.02
2573.35
2519.82
2490.23
2473.41
2470.75
2442.99
2396.65
2299.22
2171.7
1959.25
1609.63
1021.39
101.058
-1345.04
-3902.94
-7798.46
-12899.7
-17296.3
-18848.4
-16897.4
-12031.2
-6325.75
-1506.91
1796.03
3703.7
4709.17
5165.61
5304.06
5222.65
4990.25
4696.98
4420.72
4210.96
4084.61
4035.29
4050.63
4119.03
4233.14
4387.9
4578.74
4799.28
5037.66
5261.21
5414.18
5411.15
5431.56
6.71775
124.193
127.93
148.789
127.48
92.0063
42.2584
-6.20875
-59.6803
-147.174
-308.637
-563.727
-907.377
-1328.61
-1826.02
-2406.54
-3077.72
-3822.02
-4534.63
-4944.53
-4724.81
-3768.82
-2236.63
-551.159
937.512
2077.64
2810.14
3143.24
3179.36
3065.25
2911.61
2770.4
2658.12
2575.9
2521.45
2490.51
2472.75
2467.72
2437.16
2389.1
2289.67
2160.02
1946.84
1599.55
1009.04
97.3016
-1335.04
-3849.07
-7653.66
-12603.4
-16879.3
-18398.6
-16487.9
-11741.6
-6174.24
-1465.97
1775.9
3649.15
4650.85
5119.99
5275.59
5212.63
4995.84
4710.56
4434.84
4223.21
4095.96
4045.9
4060.12
4128.12
4243.24
4400.87
4597.3
4826.41
5074.78
5306.28
5456.39
5425.87
5417.29
9.58318
121.46
126.827
146.832
124.182
87.1661
36.863
-9.50451
-57.1663
-136.318
-289.952
-540.275
-882.61
-1304.86
-1804.11
-2384.69
-3050.41
-3780.07
-4471.91
-4867.91
-4648.29
-3698.42
-2173.15
-485.75
1003.21
2135
2853.08
3171.02
3195.57
3074.7
2917.9
2775.36
2662.24
2579.26
2523.97
2491.45
2472.32
2464.02
2429.25
2376.07
2270.48
2134.68
1916.32
1566.01
980.028
86.0338
-1327.66
-3807.63
-7554.1
-12408.4
-16609.3
-18111
-16227.2
-11559.9
-6078.57
-1440.66
1766.61
3620.32
4621.61
5099.01
5264.48
5211.8
5002.67
4718.84
4440.44
4227.55
4101.73
4053.45
4068.9
4137.97
4254.42
4414.28
4614.39
4848.2
5100.96
5335.2
5481
5436.86
5418.85
11.7322
120.994
127.152
146.926
124.107
87.2893
38.0984
-5.80372
-50.0133
-125.839
-277.204
-526.465
-868.667
-1291.42
-1791.37
-2371.21
-3032.5
-3751.96
-4430.24
-4816.66
-4597.14
-3652.57
-2133.21
-447.085
1039.27
2164.19
2873.22
3182.73
3201.84
3078.99
2922.14
2779.84
2666.63
2583.34
2527.62
2494.22
2474.2
2463.77
2425.7
2367.74
2255.11
2111.62
1885.12
1525.79
950.114
79.3925
-1312.55
-3768.41
-7485.15
-12297.2
-16468.4
-17966.9
-16097.6
-11469.3
-6030.68
-1428.94
1763.71
3607.8
4609.65
5092.28
5263.38
5215.36
5010.17
4728.46
4448.73
4233.01
4106.06
4057.5
4072.54
4141.61
4258.44
4418.99
4620.34
4856.11
5111.04
5346.9
5490.23
5444.64
5427.44
)
;

boundaryField
{
    inletFace
    {
        type            zeroGradient;
    }
    inlet
    {
        type            zeroGradient;
    }
    inletWalls
    {
        type            zeroGradient;
    }
    outletInlet
    {
        type            cyclicAMI;
        value           nonuniform List<scalar> 
15
(
4804.55
4793.25
4764.22
4741.02
4694.17
4638.82
4586.03
4524.27
4463.18
4393.86
4322.72
4207.01
4099.07
3868.64
3654.84
)
;
    }
    fineSymmetryWall
    {
        type            symmetryPlane;
    }
    fineWalls
    {
        type            zeroGradient;
    }
    fineCyclicBoundary
    {
        type            fixedValue;
        value           uniform 0;
    }
    fineplug
    {
        type            cyclicAMI;
        value           nonuniform List<scalar> 
80
(
4806.28
4822.77
4816.9
4777.46
4809.25
4802.85
4798.06
4794.46
4791.41
4788.23
4784.19
4775.55
4748.15
4770.11
4765.57
4762.81
4755.64
4754.53
4749.06
4742.45
4726.69
4685.22
4717.05
4707.18
4693.16
4683.48
4672.64
4661.04
4651.74
4643.66
4632.05
4607.43
4607.31
4598.17
4587.97
4577.96
4568.28
4555.76
4543.52
4531.13
4520.26
4503.93
4492.72
4481.14
4470.2
4461.19
4451.23
4442.73
4428.04
4423.28
4385.96
4371.48
4362.83
4351.98
4337.66
4324.44
4312.85
4298.68
4319.76
4237.72
4209.8
4194.95
4179.04
4162.14
4140.52
4114.27
4092.85
4066.41
4115.79
3975.54
3919.64
3884.88
3850.7
3813.12
3772.86
3729.49
3672.33
3764.21
3565.22
3460.29
)
;
    }
    faceFine
    {
        type            zeroGradient;
    }
}


// ************************************************************************* //
