/*--------------------------------*- C++ -*----------------------------------*\
| =========                 |                                                 |
| \\      /  F ield         | OpenFOAM: The Open Source CFD Toolbox           |
|  \\    /   O peration     | Version:  4.1                                   |
|   \\  /    A nd           | Web:      www.OpenFOAM.org                      |
|    \\/     M anipulation  |                                                 |
\*---------------------------------------------------------------------------*/
FoamFile
{
    version     2.0;
    format      ascii;
    class       volScalarField;
    location    "24";
    object      p;
}
// * * * * * * * * * * * * * * * * * * * * * * * * * * * * * * * * * * * * * //

dimensions      [0 2 -2 0 0 0 0];

internalField   nonuniform List<scalar> 
6785
(
593.909
515.337
468.34
414.875
368.079
322.973
280.951
241.16
203.561
168.027
133.816
100.783
73.4765
45.4311
4.24575
-19.6341
-38.1422
-28.411
-36.0083
-35.6664
-38.4697
-39.4204
-40.2223
-40.0305
-38.9063
-36.7769
-33.8415
-29.2746
-24.625
-22.7355
-16.1421
-21.2996
-12.9761
-18.4713
-15.6913
-17.93
-18.2399
-19.8332
-21.2175
-23.0197
-24.8892
-26.6273
-27.3828
-27.2366
-25.3805
-2.55012
-5.25509
-1.86998
-7
-5.06099
-8.04029
-8.28065
-9.65724
-10.3345
-11.0074
-11.2951
-11.2423
-9.98208
-8.23956
-4.97124
10.2497
9.90741
13.9476
12.0438
16.2441
16.1606
18.8007
20.373
22.4911
24.5982
26.8349
29.0304
31.4756
33.3126
35.7267
36.2912
37.0986
40.1677
39.1665
42.4711
42.2574
44.3108
44.8867
45.8512
46.3507
46.9143
47.6755
48.7631
49.5949
50.6233
49.0636
49.3281
51.0229
49.8753
51.9359
51.1519
52.3303
52.1134
52.4258
52.3643
52.318
52.0348
51.4325
51.3141
50.8796
54.0768
51.643
52.6863
50.3208
51.144
49.2845
49.2405
47.6064
46.2925
43.9659
41.4046
38.7933
37.2426
36.5455
33.5431
16.6273
11.3779
10.4155
6.19834
4.6368
0.889849
-1.27687
-4.32332
-6.10203
-7.74642
-8.52446
-8.7036
-8.68261
-9.64815
-11.7625
-22.5584
-26.3703
-26.5549
-29.3346
-29.929
-32.2839
-33.2349
-34.7784
-35.439
-36.0978
-36.6087
-37.0813
-37.5488
-37.9253
-36.0899
-19.4644
-19.3158
-18.0848
-18.6379
-17.5994
-17.9049
-17.4302
-17.5083
-17.345
-17.2432
-16.8961
-16.3394
-14.8964
-13.3295
-10.3593
2.42625
4.3764
6.00174
6.79772
8.47053
9.38676
10.8014
11.9671
13.2884
14.5849
16.0021
17.3752
18.97
20.2196
21.8925
25.4219
26.6028
26.9816
27.0999
27.6949
27.7042
28.0634
28.2697
28.6096
28.9736
29.4521
29.9131
30.5409
30.9798
31.6971
31.5678
33.9742
33.3208
32.7155
32.5289
32.464
32.8031
33.1033
33.5652
33.954
34.2993
34.4847
34.6349
34.601
34.5839
82.8204
80.8508
74.5619
66.2287
59.9831
54.5301
48.8776
44.3221
40.4326
36.958
34.0545
31.7554
29.5129
27.9493
25.072
37.0313
37.4992
37.9181
37.8833
38.0667
38.723
39.5007
39.3176
39.2317
39.1636
39.8415
39.2703
39.1689
39.5067
38.6801
38.4716
38.6269
38.8228
37.4045
38.0141
38.0995
36.7568
36.5827
37.4067
37.4423
36.0122
35.9132
36.82
37.2895
35.5338
36.7582
37.3283
36.0073
36.001
37.0144
37.7477
36.3899
37.4358
38.1692
37.3062
37.3576
38.1882
38.7391
38.1388
38.2037
38.8321
39.1585
38.642
39.1942
39.3729
39.1146
39.2109
39.5529
40.0342
39.9146
39.9692
40.1226
40.9017
40.8071
40.9242
41.0742
41.0523
41.1332
41.0558
41.5404
41.9375
42.9067
41.3762
39.8504
41.7556
43.8406
34.3972
30.4945
35.4436
40.5423
10.4341
23.8992
31.999
-22.495
-5.51148
3.14078
0.398027
5.23245
-4.13029
-0.245059
4.24923
4.20784
4.79539
5.35491
5.88148
5.74961
8.96069
11.1403
5.65735
7.85338
8.69399
10.2195
11.147
11.9845
12.0714
14.7379
21.7302
13.6058
15.2202
14.5403
15.3331
17.1631
18.0199
17.6512
17.0054
16.7562
25.7423
19.2022
18.9431
17.7848
16.3405
16.4706
17.4929
16.0685
12.3451
16.8642
17.9616
18.8377
18.413
16.5962
15.2058
13.6115
14.6674
11.1878
12.1469
22.9281
19.8433
20.6055
20.5025
18.7677
17.3658
15.9802
9.82867
13.857
25.0559
19.7453
17.8338
14.52
12.3433
10.1904
8.67604
7.33383
3.65471
-0.802802
13.735
9.215
8.91004
7.43113
5.42617
-0.490508
-2.21943
0.437222
-11.8592
5.95279
2.52436
0.359933
7.35458
4.51347
7.20145
7.73359
8.73113
10.2411
10.1337
10.6876
10.9848
11.151
11.2374
11.1738
11.2137
10.987
11.0215
10.7044
10.3049
10.2543
9.76611
10.132
9.55724
8.77053
9.63493
8.77526
8.20364
8.34924
7.67871
8.71627
7.78165
7.08107
7.38185
6.62991
7.72664
7.03143
5.81583
7.22186
6.53242
5.51898
6.05002
5.23778
6.32997
5.72749
4.77856
5.29127
4.52705
5.52732
5.04218
3.87108
5.16154
4.59563
3.60836
4.0837
3.31184
4.38818
3.72922
2.87909
3.30072
2.52318
3.75464
3.09306
1.84311
3.49877
2.64756
1.75441
2.25295
1.47298
2.9497
1.94525
1.20923
1.60194
0.888948
2.2543
1.29278
0.0946599
1.84279
0.504833
-0.184964
-0.0731277
-0.731994
-0.00327147
0.0207168
0.0148935
0.025492
0.0261746
0.0318109
0.0348842
0.039838
0.04579
0.0550925
0.0681555
0.0840549
0.0991597
0.10897
0.110232
0.102576
0.0883213
0.0709932
0.0536345
0.03797
0.0244862
0.0129314
0.00278593
-0.00645144
-0.0151677
-0.0236718
-0.0322377
-0.0410716
-0.0502039
-0.0592392
-0.0676344
-0.0861261
-0.161345
-0.19178
-0.554062
-0.502662
-0.429846
-0.569491
-0.716663
-0.853608
-0.974981
-1.06221
-1.108
-1.1183
-1.09279
-1.0308
-0.939755
-0.827063
-0.698989
-0.558906
-0.410322
-0.256411
-0.100584
0.0526285
0.2045
0.353816
0.497801
0.639006
0.790386
0.911412
0.986444
1.00172
0.950952
0.849242
0.716229
0.573227
0.435523
0.323721
0.215476
0.145712
0.0593849
0.0438947
0.00707506
0.00714445
0.0413687
0.0505427
0.149033
-0.105431
0.273461
-0.0146757
0.0529509
0.0342924
0.0637291
0.0640381
0.0786319
0.0849302
0.0931732
0.0964285
0.0954995
0.0883927
0.0766165
0.0629485
0.0515637
0.0456809
0.0462751
0.0518186
0.0594273
0.0661156
0.0695955
0.0685165
0.0624421
0.0517388
0.0373641
0.0203784
0.00124553
-0.0205888
-0.0465202
-0.0783481
-0.117451
-0.160824
-0.212313
-0.362301
-0.444261
-0.858059
-0.724812
-0.625315
-0.887567
-1.14394
-1.38382
-1.59205
-1.73623
-1.8021
-1.79776
-1.72312
-1.582
-1.38869
-1.1532
-0.885472
-0.594473
-0.288525
0.024642
0.337159
0.645113
0.944004
1.22746
1.4903
1.73696
1.94402
2.07663
2.12047
2.0619
1.91512
1.69123
1.42099
1.13729
0.865776
0.643671
0.430902
0.293033
0.129207
0.0994943
0.0402488
0.0216337
0.0422392
0.0813553
0.326873
-0.241639
0.59781
-0.0248675
0.0900091
0.0596599
0.10957
0.110943
0.136235
0.148263
0.164962
0.176057
0.184452
0.187402
0.186143
0.181602
0.175696
0.169569
0.163685
0.157769
0.151109
0.142601
0.13096
0.115046
0.0942676
0.0688453
0.0397672
0.00816865
-0.0256536
-0.0627864
-0.105347
-0.155724
-0.215022
-0.27793
-0.3542
-0.597083
-0.77928
-0.84936
-0.771055
-0.672833
-0.993007
-1.29917
-1.58537
-1.83261
-2.00225
-2.0764
-2.06605
-1.97082
-1.79569
-1.55741
-1.26733
-0.938028
-0.580825
-0.206111
0.176644
0.558362
0.934007
1.29719
1.64068
1.95697
2.24804
2.48157
2.62428
2.66154
2.57619
2.38666
2.10652
1.77106
1.41872
1.08122
0.802426
0.539195
0.36688
0.173987
0.132734
0.074281
0.0441469
0.119207
0.170263
0.577448
-0.350536
0.714599
-0.0375495
0.124527
0.0815913
0.151034
0.152897
0.187694
0.203905
0.225819
0.238771
0.246104
0.243556
0.233204
0.217986
0.203079
0.192214
0.186705
0.18515
0.184579
0.181504
0.172822
0.156385
0.131386
0.0985088
0.0596452
0.0168328
-0.029261
-0.0800953
-0.138646
-0.208229
-0.290147
-0.376691
-0.476239
-0.774827
-1.06978
-0.787784
-0.933995
-0.804203
-1.19131
-1.57428
-1.92731
-2.23117
-2.43905
-2.52778
-2.51256
-2.39296
-2.17517
-1.87948
-1.51983
-1.11227
-0.670894
-0.208596
0.263015
0.733209
1.19517
1.64108
2.06289
2.45071
2.805
3.08855
3.26327
3.31187
3.21011
2.97757
2.63246
2.21715
1.77862
1.35737
1.00666
0.678681
0.461601
0.22848
0.172536
0.109971
0.0719356
0.177369
0.245652
0.794222
-0.437462
0.889111
-0.051607
0.160373
0.104322
0.193434
0.195981
0.239993
0.259945
0.286335
0.300887
0.308549
0.305122
0.2944
0.280158
0.267439
0.258781
0.254356
0.252169
0.249144
0.241802
0.226962
0.202352
0.16719
0.122511
0.0708691
0.014924
-0.0445542
-0.109568
-0.183923
-0.271556
-0.373376
-0.479462
-0.598461
-0.928759
-1.2916
-0.665562
-1.09046
-0.932202
-1.38974
-1.8593
-2.28505
-2.65102
-2.90109
-3.00579
-2.9852
-2.83851
-2.57366
-2.21495
-1.77888
-1.28499
-0.750564
-0.191317
0.37863
0.946503
1.50409
2.04154
2.54941
3.01557
3.4397
3.77524
3.98046
4.03593
3.91123
3.62935
3.21141
2.70733
2.17317
1.65909
1.22908
0.829902
0.563937
0.286833
0.214893
0.149035
0.108518
0.255948
0.340738
1.025
-0.419667
1.15491
-0.0681622
0.196338
0.125957
0.234262
0.237122
0.289229
0.311487
0.340136
0.353597
0.358497
0.350965
0.33648
0.319678
0.306102
0.298262
0.296026
0.296698
0.296211
0.289982
0.273868
0.244991
0.202495
0.147953
0.0849225
0.0170084
-0.0547476
-0.132871
-0.222002
-0.326644
-0.44737
-0.572716
-0.709744
-1.04378
-1.42747
-0.620879
-1.23756
-1.05572
-1.57259
-2.12938
-2.62392
-3.04782
-3.33648
-3.45391
-3.42636
-3.25226
-2.94142
-2.52195
-2.01273
-1.43667
-0.813993
-0.163092
0.499581
1.15942
1.80689
2.43025
3.01891
3.55861
4.04824
4.43248
4.66647
4.72904
4.58367
4.25589
3.76901
3.18009
2.55365
1.94966
1.44238
0.974801
0.661632
0.345073
0.256714
0.190738
0.15144
0.33793
0.443234
1.25186
-0.307527
1.41892
-0.0874046
0.233555
0.147372
0.274453
0.277155
0.33604
0.359052
0.388033
0.398915
0.400776
0.390852
0.376204
0.361459
0.351449
0.3476
0.348909
0.352044
0.352455
0.345076
0.325296
0.289923
0.238175
0.172281
0.0969206
0.0166945
-0.0671878
-0.157954
-0.261141
-0.38168
-0.519717
-0.663081
-0.817751
-1.14328
-1.52392
-0.748299
-1.31351
-1.18939
-1.75728
-2.40888
-2.97387
-3.45581
-3.78291
-3.91181
-3.87622
-3.67355
-3.31579
-2.83488
-2.25213
-1.59391
-0.883321
-0.141375
0.613193
1.36403
2.10026
2.80842
3.47698
4.08969
4.64476
5.0792
5.34446
5.41777
5.25581
4.88523
4.33119
3.65793
2.93858
2.24365
1.65771
1.12124
0.760111
0.406068
0.300235
0.235632
0.201376
0.430623
0.559855
1.48316
-0.183548
1.69861
-0.110145
0.272082
0.168068
0.313151
0.31476
0.378601
0.40049
0.427799
0.434836
0.433503
0.421989
0.40809
0.395839
0.389371
0.389455
0.394644
0.40113
0.403745
0.396656
0.374491
0.333551
0.273111
0.19623
0.109006
0.0172335
-0.0777641
-0.180115
-0.296327
-0.431616
-0.585758
-0.746815
-0.920012
-1.23506
-1.60341
-1.00511
-1.22322
-1.33879
-1.94377
-2.69689
-3.33534
-3.87617
-4.24208
-4.38161
-4.33705
-4.10438
-3.6982
-3.15437
-2.49667
-1.75504
-0.955389
-0.121423
0.725853
1.56837
2.39392
3.18742
3.93647
4.62304
5.24471
5.73107
6.02949
6.11578
5.93958
5.52767
4.90636
4.14734
3.33262
2.54414
1.87709
1.27037
0.860089
0.47024
0.346218
0.284587
0.258705
0.531372
0.688933
1.7165
0.0711793
2.00214
-0.137165
0.312468
0.187992
0.349999
0.349197
0.415928
0.434896
0.459087
0.462169
0.458899
0.447911
0.43701
0.42927
0.427988
0.433214
0.443013
0.453118
0.457827
0.450631
0.425469
0.378197
0.308263
0.219801
0.120628
0.0178323
-0.0874275
-0.20056
-0.329116
-0.478374
-0.647735
-0.826243
-1.01896
-1.3274
-1.67292
-1.25935
-1.03536
-1.52977
-2.13665
-2.99101
-3.7061
-4.30587
-4.70977
-4.85816
-4.80322
-4.53891
-4.08285
-3.47487
-2.74132
-1.91571
-1.02672
-0.100734
0.839012
1.77281
2.68716
3.56548
4.3946
5.15495
5.84349
6.38265
6.71545
6.8166
6.62857
6.17716
5.48896
4.64328
3.73136
2.84744
2.09757
1.42002
0.960062
0.537131
0.395127
0.338664
0.324668
0.641618
0.830982
1.94853
0.394102
2.31726
-0.169648
0.354994
0.206587
0.38401
0.379137
0.446594
0.461159
0.481617
0.481623
0.478119
0.469373
0.462661
0.460066
0.46424
0.474769
0.48942
0.503541
0.510845
0.504021
0.476169
0.422615
0.34306
0.243029
0.132443
0.0197051
-0.0946804
-0.217846
-0.358288
-0.521025
-0.705109
-0.901078
-1.11403
-1.42109
-1.73978
-1.45265
-0.953822
-1.72996
-2.34202
-3.29226
-4.08878
-4.74823
-5.18905
-5.34411
-5.27714
-4.97934
-4.47168
-3.79806
-2.98753
-2.07721
-1.0985
-0.0804468
0.951529
1.97617
2.97873
3.94124
4.84999
5.68401
6.43964
7.03263
7.40113
7.51927
7.32235
6.83356
6.07885
5.14546
4.13428
3.15294
2.31851
1.56968
1.05968
0.606701
0.447757
0.398872
0.400106
0.760705
0.985041
2.17509
0.701454
2.63746
-0.209104
0.399931
0.223145
0.414118
0.403405
0.469629
0.479052
0.496291
0.49494
0.493117
0.488181
0.486736
0.490025
0.500215
0.516532
0.536467
0.554965
0.565109
0.558724
0.528001
0.467728
0.378044
0.266304
0.144943
0.0234418
-0.0991808
-0.232139
-0.384472
-0.560605
-0.759373
-0.973048
-1.20679
-1.51801
-1.81951
-1.62991
-1.10173
-1.8128
-2.56821
-3.60214
-4.48521
-5.20586
-5.68254
-5.84179
-5.76081
-5.42744
-4.86625
-4.12518
-3.23623
-2.24017
-1.17107
-0.0606435
1.06356
2.17882
3.26918
4.31548
5.30356
6.21133
7.03445
7.68245
8.08834
8.22566
8.02238
7.49824
6.67707
5.65435
4.54129
3.46016
2.53929
1.7187
1.15843
0.678603
0.504595
0.465857
0.485533
0.8884
1.15061
2.39733
1.10922
2.96313
-0.257435
0.447243
0.236681
0.439075
0.420887
0.484486
0.489084
0.50456
0.503814
0.50525
0.505146
0.509507
0.518951
0.535337
0.557653
0.583169
0.60642
0.619788
0.614108
0.58053
0.513267
0.413137
0.2899
0.158883
0.0299524
-0.10042
-0.243413
-0.407897
-0.597571
-0.811337
-1.04326
-1.29838
-1.61864
-1.91734
-1.81566
-1.39293
-1.71532
-2.83574
-3.92598
-4.89659
-5.68057
-6.19196
-6.35259
-6.25512
-5.88378
-5.2669
-4.45637
-3.48734
-2.40438
-1.2441
-0.0409349
1.17551
2.38115
3.55888
4.6885
5.7556
6.73718
7.62819
8.33235
8.77754
8.93626
8.72869
8.17123
7.28336
6.16923
4.95122
3.76773
2.75852
1.86582
1.25539
0.75214
0.565742
0.539857
0.580944
1.02385
1.32616
2.61187
1.49007
3.26735
-0.316613
0.496398
0.246188
0.457723
0.430895
0.491465
0.492626
0.508243
0.50985
0.515678
0.521058
0.531565
0.547404
0.570238
0.598882
0.630381
0.658814
0.675776
0.67098
0.634403
0.559689
0.448714
0.314422
0.175155
0.0397951
-0.0986026
-0.252303
-0.429313
-0.632834
-0.862207
-1.11323
-1.39061
-1.72411
-2.03194
-2.00662
-1.67848
-1.57141
-3.17098
-4.2747
-5.32373
-6.17446
-6.71927
-6.87837
-6.76149
-6.3493
-5.67432
-4.79207
-3.74114
-2.56991
-1.31753
-0.0212016
1.28753
2.5833
3.84793
5.06035
6.20611
7.26153
8.22077
8.98224
9.46864
9.65092
9.44111
8.85241
7.89737
6.68924
5.36276
4.0741
2.97465
2.00962
1.34946
0.826443
0.631007
0.620722
0.685945
1.16612
1.51044
2.82132
1.93637
3.5472
-0.387769
0.545894
0.250782
0.469126
0.433411
0.491709
0.491452
0.50898
0.514212
0.525108
0.536304
0.553116
0.575487
0.604971
0.640248
0.678137
0.712219
0.733195
0.729493
0.68975
0.607059
0.484953
0.340509
0.194557
0.05302
-0.0943738
-0.259502
-0.449313
-0.66704
-0.912804
-1.18403
-1.48497
-1.83574
-2.16173
-2.20565
-1.94634
-1.59078
-3.5526
-4.65865
-5.76691
-6.68961
-7.26646
-7.42114
-7.28163
-6.82526
-6.08937
-5.13288
-3.99798
-2.73694
-1.39139
-0.00135027
1.39977
2.78545
4.13648
5.43118
6.65522
7.78449
8.8123
9.63224
10.1617
10.3697
10.1598
9.54183
8.51882
7.2135
5.77447
4.37757
3.18596
2.14849
1.43941
0.900474
0.699922
0.707984
0.799836
1.31412
1.70125
3.02158
2.35424
3.79132
-0.469328
0.592681
0.249818
0.472863
0.429327
0.486943
0.487305
0.508055
0.517705
0.534019
0.551207
0.574442
0.603519
0.63992
0.682216
0.726983
0.767246
0.792684
0.790238
0.74699
0.655592
0.522206
0.368977
0.217497
0.0689298
-0.0887199
-0.265706
-0.468449
-0.700788
-0.963847
-1.25659
-1.58281
-1.95513
-2.30687
-2.42108
-2.2542
-1.88948
-3.89949
-5.08515
-6.22634
-7.22795
-7.8355
-7.98278
-7.81727
-7.31295
-6.51287
-5.47932
-4.25819
-2.90558
-1.46563
0.0187728
1.51245
2.98781
4.42475
5.80116
7.10307
8.30616
9.40283
10.2824
10.8569
11.0926
10.8845
10.2394
9.14728
7.74087
6.18463
4.67614
3.39044
2.28057
1.52379
0.973035
0.771792
0.800942
0.921718
1.46676
1.89709
3.21534
2.67504
3.9682
-0.554662
0.631644
0.243059
0.469286
0.420269
0.478948
0.481559
0.506314
0.520813
0.542702
0.565995
0.595779
0.631767
0.6754
0.725152
0.777344
0.824376
0.854748
0.85364
0.806302
0.70525
0.560815
0.400471
0.243531
0.0862375
-0.0825392
-0.271359
-0.487057
-0.734445
-1.01577
-1.33147
-1.68502
-2.08337
-2.46771
-2.65679
-2.61818
-2.41875
-4.12929
-5.56122
-6.70411
-7.79085
-8.4284
-8.56511
-8.37013
-7.81385
-6.94582
-5.83191
-4.52206
-3.07595
-1.5402
0.0393215
1.62577
3.19062
4.71293
6.17044
7.54976
8.82659
9.99236
10.9327
11.5542
11.8193
11.6149
10.9449
9.78216
8.26998
6.59121
4.96756
3.58588
2.40373
1.60095
1.04281
0.845753
0.898739
1.05056
1.62293
2.09641
3.4046
3.10072
4.09295
-0.631051
0.655942
0.231022
0.459528
0.408122
0.46918
0.475148
0.504279
0.523844
0.551396
0.580922
0.617434
0.660611
0.711866
0.769596
0.829844
0.884299
0.920065
0.920176
0.867715
0.755883
0.601237
0.435074
0.271258
0.103575
-0.0763577
-0.276643
-0.505291
-0.768207
-1.06883
-1.40903
-1.79214
-2.22101
-2.64427
-2.91337
-3.02363
-3.04404
-4.20252
-6.09878
-7.20703
-8.37904
-9.04713
-9.16993
-8.94185
-8.32954
-7.38936
-6.19129
-4.7899
-3.24818
-1.61507
0.0604456
1.73995
3.39408
5.00121
6.53917
7.99537
9.34578
10.5808
11.5831
12.2536
12.5503
12.352
11.6581
10.4228
8.7992
6.99192
5.24931
3.76977
2.51566
1.66907
1.10836
0.92081
1.00043
1.18527
1.7816
2.29704
3.58288
3.34855
4.17287
-0.682261
0.658846
0.215226
0.445113
0.394527
0.458628
0.468638
0.502259
0.527025
0.560338
0.59628
0.639768
0.690484
0.749829
0.816139
0.885156
0.947735
0.989271
0.990081
0.930818
0.807214
0.643784
0.471747
0.298725
0.120069
-0.0702392
-0.28149
-0.523111
-0.802077
-1.12307
-1.48933
-1.90428
-2.368
-2.83611
-3.18947
-3.44581
-3.6365
-4.18085
-6.72839
-7.74664
-8.99256
-9.6931
-9.79903
-9.534
-8.86157
-7.84476
-6.55822
-5.06209
-3.42238
-1.69019
0.0823036
1.85521
3.59845
5.28979
6.90749
8.43998
9.86375
11.1682
12.2336
12.9548
13.2858
13.0965
12.3786
11.0682
9.32659
7.38408
5.51854
3.9394
2.61376
1.72609
1.16816
0.995878
1.10503
1.32474
1.94182
2.49801
3.763
3.65767
4.22864
-0.694753
0.636624
0.197925
0.427473
0.380656
0.447878
0.462359
0.50047
0.53058
0.569808
0.612427
0.66322
0.721909
0.7899
0.865489
0.944069
1.01548
1.06292
1.06318
0.994732
0.859037
0.68811
0.508313
0.32432
0.135619
-0.0638934
-0.285659
-0.540332
-0.835914
-1.17835
-1.57223
-2.02125
-2.52389
-3.04236
-3.48319
-3.86991
-4.14808
-4.23292
-7.48944
-8.33911
-9.63131
-10.3671
-10.454
-10.148
-9.41143
-8.31337
-6.93358
-5.33903
-3.59868
-1.76552
0.105063
1.9718
3.80396
5.57889
7.27555
8.88367
10.3805
11.7543
12.8838
13.6579
14.0256
13.8484
13.1062
11.7173
9.84983
7.76465
5.77209
4.09171
2.69515
1.76977
1.22061
1.06981
1.21154
1.46789
2.10268
2.69783
3.94023
4.01593
4.3205
-0.663865
0.590637
0.181387
0.407708
0.367222
0.437256
0.456527
0.499118
0.534774
0.58015
0.62979
0.688302
0.755484
0.832769
0.918426
1.00743
1.08829
1.14125
1.13856
1.05825
0.911143
0.732581
0.542251
0.347518
0.150769
-0.0568343
-0.288787
-0.556663
-0.869467
-1.23442
-1.6574
-2.1426
-2.68789
-3.26196
-3.79316
-4.29758
-4.63584
-4.52632
-8.37009
-8.99846
-10.2953
-11.0696
-11.1361
-10.7853
-9.98049
-8.79648
-7.31837
-5.62129
-3.77724
-1.84099
0.128899
2.08996
4.01087
5.86872
7.6435
9.3265
10.8959
12.3391
13.5338
14.3626
14.7695
14.6076
13.8401
12.3687
10.3662
8.13009
6.00637
4.22336
2.75667
1.79762
1.26401
1.14142
1.319
1.61371
2.26335
2.89483
4.11168
4.2607
4.4369
-0.595664
0.526982
0.167222
0.386606
0.35462
0.426967
0.451339
0.498448
0.539932
0.591773
0.648865
0.715595
0.79188
0.879201
0.975799
1.07608
1.16675
1.22382
1.21445
1.12024
0.962771
0.774357
0.57201
0.368993
0.16637
-0.0485038
-0.290457
-0.571764
-0.902428
-1.29093
-1.74441
-2.26777
-2.85915
-3.49368
-4.11822
-4.73635
-5.16967
-5.17103
-9.3092
-9.73338
-10.9855
-11.801
-11.8464
-11.4469
-10.57
-9.29529
-7.7136
-5.90951
-3.95827
-1.91654
0.154001
2.20994
4.21945
6.15953
8.01149
9.76853
11.4099
12.9223
14.1831
15.0686
15.5172
15.3739
14.5796
13.0209
10.8723
8.47632
6.21738
4.33059
2.79478
1.80687
1.29657
1.20951
1.42645
1.76128
2.4231
3.08812
4.28471
4.54498
4.55293
-0.503552
0.453955
0.156151
0.364771
0.343062
0.417188
0.447022
0.498759
0.546438
0.605144
0.670205
0.745739
0.831822
0.930003
1.03847
1.1508
1.25099
1.30916
1.28852
1.17991
1.01187
0.810628
0.597845
0.390119
0.183288
-0.038356
-0.290263
-0.585303
-0.934474
-1.3475
-1.83277
-2.39613
-3.03676
-3.73626
-4.45693
-5.19089
-5.77585
-6.15172
-10.2362
-10.5399
-11.7034
-12.5624
-12.5859
-12.1335
-11.1813
-9.81088
-8.12022
-6.20441
-4.14208
-1.99215
0.180565
2.33202
4.43
6.45154
8.37969
10.2098
11.9226
13.5037
14.8317
15.7755
16.2684
16.1475
15.3239
13.6716
11.3643
8.7986
6.40053
4.40921
2.8055
1.79448
1.31643
1.27289
1.53301
1.9098
2.58123
3.2761
4.45077
4.75731
4.69806
-0.402468
0.379078
0.148147
0.34273
0.332686
0.408138
0.44385
0.500404
0.554723
0.620779
0.694408
0.779409
0.876061
0.985987
1.10723
1.23207
1.34029
1.3946
1.35866
1.23626
1.05523
0.840333
0.621561
0.412339
0.202262
-0.0259237
-0.287863
-0.596994
-0.965305
-1.40375
-1.92201
-2.5271
-3.21993
-3.9885
-4.80786
-5.66399
-6.45998
-7.40315
-11.0812
-11.412
-12.4503
-13.3557
-13.3564
-12.8458
-11.815
-10.3442
-8.53905
-6.50673
-4.32907
-2.06783
0.208794
2.45649
4.64279
6.745
8.74826
10.6504
12.4337
14.0832
15.4791
16.483
17.0227
16.9294
16.0738
14.3184
11.8375
9.09134
6.55057
4.45442
2.78431
1.75703
1.32163
1.33039
1.63782
2.0586
2.73711
3.45808
4.61529
5.01454
4.83052
-0.304151
0.307433
0.142787
0.320958
0.323637
0.400084
0.442143
0.503774
0.565249
0.639216
0.722085
0.817284
0.92533
1.04791
1.18271
1.31985
1.43266
1.47666
1.42357
1.28717
1.09017
0.864929
0.645502
0.436776
0.223836
-0.0108682
-0.283016
-0.60662
-0.99466
-1.45932
-2.01166
-2.66014
-3.40796
-4.24932
-5.16969
-6.15601
-7.20889
-8.80678
-11.765
-12.3308
-13.2295
-14.1831
-14.1605
-13.5842
-12.4718
-10.8961
-8.97076
-6.81709
-4.51968
-2.14365
0.238878
2.58363
4.85814
7.04019
9.11737
11.0903
12.9432
14.6605
16.125
17.1906
17.7797
17.7205
16.8297
14.9581
12.2858
9.34792
6.66133
4.46063
2.72597
1.69066
1.31011
1.38085
1.74006
2.20676
2.89031
3.63228
4.76767
5.23967
4.99652
-0.215201
0.241336
0.139527
0.299903
0.316086
0.39334
0.442242
0.509276
0.578484
0.660988
0.753829
0.860002
0.98029
1.11638
1.26523
1.41315
1.52459
1.55236
1.48236
1.32949
1.11649
0.887577
0.671599
0.464142
0.248343
0.00700048
-0.275583
-0.614021
-1.0223
-1.51388
-2.1013
-2.79477
-3.6002
-4.5177
-5.54122
-6.66503
-7.99332
-10.2032
-12.2576
-13.284
-14.045
-15.0468
-15.0013
-14.3499
-13.1519
-11.467
-9.41592
-7.13601
-4.7143
-2.21975
0.270987
2.71378
5.07638
7.33738
9.48719
11.5296
13.4509
15.2352
16.769
17.8978
18.5388
18.5212
17.5913
15.5868
12.7022
9.56027
6.72536
4.42117
2.6243
1.59096
1.27967
1.42318
1.83885
2.35202
3.0403
3.79803
4.90762
5.42094
5.17188
-0.137307
0.181191
0.137937
0.279995
0.310227
0.388232
0.444482
0.517296
0.594864
0.686587
0.790172
0.908118
1.04148
1.19182
1.35453
1.50954
1.61172
1.62022
1.53328
1.36093
1.13707
0.911523
0.700995
0.494772
0.275909
0.0277436
-0.265493
-0.619057
-1.04798
-1.56708
-2.19051
-2.93051
-3.79601
-4.79265
-5.92121
-7.1874
-8.77957
-11.4309
-12.5731
-14.2643
-14.9034
-15.948
-15.8826
-15.1447
-13.8557
-12.0572
-9.87486
-7.46385
-4.91324
-2.29625
0.305265
2.84723
5.29784
7.63684
9.85791
11.9684
13.9569
15.8072
17.4108
18.604
19.2992
19.332
18.358
16.199
13.0774
9.71764
6.73311
4.3277
2.47179
1.45283
1.22798
1.45633
1.93357
2.49206
3.18648
3.95495
5.03599
5.61117
5.33384
-0.069318
0.126411
0.137796
0.261618
0.306266
0.385068
0.449161
0.528176
0.614762
0.716427
0.831551
0.962065
1.10928
1.2743
1.44939
1.60499
1.69045
1.67986
1.57354
1.3823
1.15637
0.938925
0.734125
0.528715
0.306508
0.0513515
-0.252683
-0.621557
-1.07141
-1.61851
-2.27883
-3.06682
-3.9947
-5.07304
-6.30819
-7.71846
-9.53658
-12.3921
-12.833
-15.2878
-15.8123
-16.8856
-16.8066
-15.9713
-14.5839
-12.6667
-10.3477
-7.8008
-5.11668
-2.37324
0.341845
2.98433
5.52288
7.93886
10.2297
12.4066
14.4609
16.3762
18.05
19.3085
20.0604
20.1533
19.129
16.7874
13.4
9.81452
6.67226
4.16938
2.25908
1.27021
1.15255
1.47937
2.0242
2.62685
3.32894
4.10301
5.15193
5.77192
5.52931
-0.0093139
0.0763596
0.139014
0.245099
0.304376
0.38411
0.456516
0.542183
0.638467
0.750822
0.878285
1.02213
1.18385
1.36337
1.5472
1.69453
1.75942
1.73022
1.6013
1.39778
1.17826
0.970653
0.770958
0.565835
0.340046
0.0778252
-0.23703
-0.621263
-1.09221
-1.66772
-2.36571
-3.2031
-4.19542
-5.35756
-6.70014
-8.25242
-10.2475
-13.1035
-13.1716
-16.3569
-16.7856
-17.862
-17.7751
-16.8317
-15.3376
-13.2954
-10.8342
-8.14689
-5.32464
-2.45072
0.380879
3.12542
5.75188
8.24377
10.6027
12.8444
14.9629
16.9419
18.686
20.0107
20.8214
20.9858
19.9036
17.3402
13.6803
9.85263
6.53364
3.93165
1.97413
1.03579
1.05063
1.49155
2.11091
2.7574
3.46793
4.24318
5.2598
5.91077
5.71763
0.0443213
0.0306027
0.141561
0.230697
0.304687
0.385554
0.466708
0.559499
0.666168
0.789977
0.930569
1.08846
1.26506
1.45774
1.64365
1.77424
1.81906
1.76893
1.61811
1.41281
1.20481
1.0067
0.811222
0.605939
0.37647
0.107257
-0.218295
-0.617801
-1.1099
-1.71414
-2.45054
-3.33861
-4.39713
-5.64454
-7.09431
-8.78297
-10.907
-13.6551
-13.665
-17.4699
-17.8188
-18.8759
-18.7907
-17.7284
-16.1184
-13.9436
-11.3341
-8.50193
-5.53699
-2.52853
0.42258
3.27087
5.98529
8.55187
10.9772
13.2817
15.4628
17.5039
19.3184
20.7096
21.5813
21.8302
20.6822
17.8178
13.945
9.84113
6.31907
3.59912
1.60077
0.74043
0.91915
1.49226
2.19403
2.88413
3.60375
4.37662
5.3646
6.05448
5.93208
0.0927866
-0.0111172
0.145447
0.218615
0.307281
0.389538
0.479827
0.580225
0.697963
0.833997
0.988483
1.16102
1.35236
1.55479
1.7335
1.84309
1.86914
1.79433
1.62903
1.43153
1.23643
1.04664
0.854596
0.648906
0.415849
0.139885
-0.196095
-0.610676
-1.12389
-1.75712
-2.5326
-3.47249
-4.59859
-5.93185
-7.48695
-9.30251
-11.5152
-14.1515
-14.4243
-18.5323
-18.8952
-19.9188
-19.8531
-18.6642
-16.9279
-14.6121
-11.8469
-8.86545
-5.75344
-2.60641
0.467262
3.42109
6.22356
8.86355
11.3534
13.7187
15.9605
18.062
19.9468
21.4044
22.3391
22.6872
21.4753
18.2118
14.1981
9.78646
6.03027
3.16661
1.12154
0.372243
0.754598
1.48113
2.27421
3.00754
3.73584
4.50458
5.4706
6.18973
6.13238
0.136929
-0.0488846
0.150669
0.209021
0.312208
0.396153
0.495907
0.604393
0.73387
0.882894
1.05199
1.23955
1.4445
1.65021
1.81271
1.90239
1.90752
1.80823
1.64008
1.45573
1.27269
1.09001
0.900868
0.694782
0.458431
0.176114
-0.169911
-0.599283
-1.13353
-1.79595
-2.61109
-3.60373
-4.79826
-6.21682
-7.87317
-9.80203
-12.0702
-14.6242
-15.4192
-19.4743
-20.0015
-20.9827
-20.9553
-19.6393
-17.7675
-15.3017
-12.3724
-9.23686
-5.97351
-2.68396
0.515346
3.57658
6.46725
9.17923
11.7314
14.1554
16.4561
18.616
20.5708
22.094
23.094
23.5555
22.2756
18.5859
14.3928
9.68026
5.66285
2.63348
0.523661
-0.0826187
0.55249
1.45798
2.35245
3.12839
3.86161
4.62769
5.58156
6.33913
6.35694
0.177254
-0.0826418
0.157241
0.202076
0.319503
0.405464
0.514935
0.631976
0.77383
0.936589
1.12091
1.32347
1.53897
1.73872
1.88063
1.95262
1.93233
1.8161
1.6555
1.48544
1.31295
1.13647
0.950035
0.743823
0.504647
0.216484
-0.139126
-0.582955
-1.1381
-1.82986
-2.68514
-3.7312
-4.99432
-6.49618
-8.24698
-10.2721
-12.5733
-15.0984
-16.5799
-20.2214
-21.1229
-22.0613
-22.0864
-20.6517
-18.6378
-16.0133
-12.9109
-9.61556
-6.1965
-2.76061
0.567362
3.73793
6.71696
9.49941
12.1115
14.5918
16.9493
19.1656
21.1897
22.7772
23.845
24.433
22.9644
19.0408
14.5217
9.51913
5.21397
1.99255
-0.205405
-0.638249
0.307536
1.42284
2.43025
3.24798
3.97903
4.74611
5.69495
6.48042
6.62199
0.214021
-0.112186
0.165186
0.197952
0.329195
0.417509
0.536855
0.662876
0.817701
0.994905
1.19492
1.41161
1.63166
1.81628
1.93932
1.9917
1.9452
1.82431
1.67684
1.51996
1.3567
1.18592
1.00234
0.796484
0.555065
0.26163
-0.103072
-0.561002
-1.13689
-1.85809
-2.75385
-3.85361
-5.18461
-6.76594
-8.60154
-10.7047
-13.0298
-15.5843
-17.7853
-20.6844
-22.2486
-23.1598
-23.24
-21.6962
-19.5372
-16.7469
-13.4626
-10.0011
-6.42164
-2.83566
0.623952
3.90579
6.9734
9.82468
12.4941
15.0281
17.4403
19.7106
21.8032
23.4527
24.5916
25.3374
23.4145
19.573
14.5946
9.30452
4.67992
1.23779
-1.07938
-1.30893
0.0137297
1.37591
2.50977
3.36793
4.0889
4.86039
5.81105
6.61543
6.86551
0.247269
-0.137148
0.174541
0.19683
0.341299
0.432285
0.561544
0.696917
0.865253
1.05755
1.27343
1.50168
1.71739
1.88255
1.98987
2.01721
1.9517
1.83716
1.70389
1.55863
1.40373
1.23857
1.05827
0.853361
0.610334
0.312211
-0.061089
-0.532764
-1.12922
-1.87992
-2.81631
-3.96958
-5.36661
-7.0215
-8.93009
-11.0952
-13.4474
-16.0682
-18.8568
-20.8543
-23.4012
-24.2973
-24.4141
-22.7656
-20.4622
-17.5015
-14.0273
-10.3932
-6.6481
-2.90823
0.685892
4.0809
7.23733
10.1557
12.8795
15.4643
17.929
20.2508
22.4109
24.1194
25.3346
26.3717
23.7099
20.051
14.6093
9.03623
4.05784
0.372125
-2.10764
-2.10634
-0.334742
1.31763
2.59408
3.49022
4.19192
4.9698
5.92985
6.75447
7.12709
0.276806
-0.15706
0.185338
0.198875
0.355792
0.449729
0.588805
0.733837
0.916162
1.12412
1.35536
1.58985
1.79221
1.94024
2.03
2.03031
1.95843
1.8561
1.7359
1.60105
1.45414
1.29488
1.11841
0.915113
0.671103
0.368855
-0.0125768
-0.497659
-1.11452
-1.89467
-2.87162
-4.07761
-5.53741
-7.25796
-9.22746
-11.4436
-13.833
-16.5256
-19.6453
-20.9269
-24.6377
-25.4996
-25.6129
-23.8575
-21.4086
-18.2745
-14.6046
-10.7917
-6.8752
-2.97735
0.754099
4.26407
7.50952
10.4933
13.2683
15.9008
18.4154
20.7861
23.0123
24.7757
26.0614
27.5813
24.0107
20.4178
14.5762
8.7142
3.35215
-0.598884
-3.29339
-3.03701
-0.741317
1.24912
2.68732
3.61751
4.28766
5.07184
6.0504
6.88508
7.39777
0.302307
-0.17141
0.197579
0.204199
0.372595
0.4697
0.618362
0.773285
0.970016
1.194
1.43868
1.6712
1.85605
1.99082
2.0566
2.03655
1.96984
1.88083
1.7723
1.64718
1.50833
1.35545
1.18345
0.982378
0.737962
0.432097
0.0429547
-0.455227
-1.09231
-1.90181
-2.91896
-4.17604
-5.69375
-7.4709
-9.49155
-11.754
-14.1933
-16.95
-20.1819
-21.2175
-25.9744
-26.7951
-26.8427
-24.974
-22.3748
-19.0633
-15.1927
-11.1959
-7.10229
-3.04204
0.829622
4.4562
7.79079
10.8382
13.6612
16.3378
18.8997
21.3165
23.6067
25.4201
26.7375
28.7206
24.4692
20.7192
14.5113
8.34033
2.57122
-1.67381
-4.63003
-4.10081
-1.20563
1.17301
2.7951
3.75344
4.37599
5.16428
6.17254
7.00826
7.65516
0.323376
-0.179766
0.211224
0.212841
0.391565
0.491984
0.649864
0.814837
1.02631
1.26623
1.51995
1.74194
1.9121
2.03175
2.07028
2.04278
1.98735
1.91065
1.81286
1.6973
1.56686
1.42093
1.25399
1.05571
0.811387
0.502341
0.105844
-0.405176
-1.0623
-1.90095
-2.95756
-4.26304
-5.83231
-7.65761
-9.72395
-12.0336
-14.5346
-17.356
-20.6514
-21.9873
-27.2743
-28.1997
-28.108
-26.1171
-23.3606
-19.8651
-15.7896
-11.6049
-7.3287
-3.10135
0.913601
4.65834
8.08194
11.1912
14.0588
16.7759
19.3822
21.8422
24.1931
26.0541
27.3383
29.5067
25.0296
20.9518
14.4231
7.91997
1.72619
-2.84496
-6.1021
-5.29148
-1.72288
1.09443
2.92521
3.90304
4.45743
5.24747
6.29659
7.12955
7.91914
0.339684
-0.18185
0.226187
0.224765
0.412502
0.516301
0.682899
0.858005
1.08443
1.33907
1.59457
1.80221
1.96217
2.05917
2.07654
2.05363
2.01067
1.94514
1.85769
1.7519
1.63038
1.49194
1.33057
1.13552
0.891695
0.579813
0.176241
-0.347414
-1.02444
-1.89192
-2.98668
-4.33659
-5.95051
-7.81814
-9.92912
-12.2899
-14.8619
-17.7574
-21.1648
-23.2674
-28.3135
-29.7124
-29.4164
-27.2876
-24.3657
-20.6775
-16.3927
-12.017
-7.55355
-3.15434
1.00722
4.87163
8.3838
11.5528
14.4617
17.2158
19.8633
22.3636
24.771
26.6835
27.8812
29.8319
25.5801
21.1041
14.3165
7.46089
0.831362
-4.09512
-7.68867
-6.59576
-2.28336
1.02123
3.08752
4.07277
4.53245
5.32266
6.4243
7.24053
8.18205
0.351015
-0.177566
0.242352
0.239859
0.435164
0.542315
0.717008
0.902241
1.14348
1.40948
1.659
1.85563
2.00343
2.0731
2.08251
2.07059
2.03919
1.98421
1.90715
1.81155
1.69943
1.56894
1.41352
1.22205
0.979015
0.664541
0.254078
-0.282102
-0.978924
-1.87474
-3.00551
-4.39482
-6.04753
-7.9551
-10.1127
-12.5294
-15.1782
-18.1595
-21.7275
-24.7606
-28.9062
-31.3405
-30.7827
-28.4876
-25.3916
-21.4992
-16.9997
-12.4302
-7.77559
-3.20003
1.11166
5.09731
8.69732
11.9236
14.8706
17.6581
20.3437
22.8817
25.3402
27.3238
28.5018
29.8793
26.0098
21.2014
14.1964
6.96936
-0.101963
-5.40832
-9.36707
-7.99322
-2.87251
0.963407
3.29329
4.27007
4.60144
5.3915
6.55939
7.3492
8.43985
0.357292
-0.166978
0.259585
0.257952
0.459274
0.569651
0.751692
0.946928
1.20199
1.47334
1.71362
1.90437
2.03125
2.07896
2.09311
2.09338
2.07262
2.02808
1.96173
1.87678
1.77447
1.65223
1.50302
1.31535
1.07327
0.75633
0.33903
-0.209703
-0.926293
-1.84958
-3.01317
-4.43673
-6.1247
-8.07264
-10.2802
-12.7568
-15.485
-18.5608
-22.2944
-26.075
-29.1184
-33.1338
-32.232
-29.7184
-26.4406
-22.33
-17.6086
-12.8425
-7.99327
-3.23725
1.22818
5.33669
9.02352
12.3042
15.2857
18.1034
20.8243
23.3977
25.9006
27.9861
29.4224
29.8699
26.3145
21.2777
14.0658
6.44715
-1.07056
-6.77787
-11.1209
-9.46089
-3.47174
0.93248
3.55432
4.50268
4.66431
5.45734
6.70758
7.45056
8.7042
0.358561
-0.150284
0.277746
0.278814
0.484527
0.597897
0.786425
0.991285
1.25739
1.52743
1.76247
1.9455
2.04496
2.08428
2.10993
2.12148
2.111
2.0771
2.02191
1.94799
1.85573
1.74191
1.59904
1.41524
1.17417
0.854738
0.430474
-0.131042
-0.867345
-1.81651
-3.00901
-4.46285
-6.18493
-8.17505
-10.4356
-12.9747
-15.7824
-18.9566
-22.8206
-26.9869
-29.3536
-35.1528
-33.7963
-30.9782
-27.5139
-23.1707
-18.2185
-13.252
-8.20486
-3.26462
1.35807
5.59112
9.36353
12.6949
15.707
18.5523
21.3059
23.9129
26.4523
28.6518
30.6045
30.0262
26.5809
21.3486
13.9236
5.89081
-2.07955
-8.21291
-12.9493
-10.9835
-4.06119
0.940768
3.88163
4.77705
4.71974
5.52338
6.87458
7.54559
8.98721
0.354957
-0.127777
0.296677
0.302169
0.5106
0.626621
0.820653
1.03411
1.30613
1.57237
1.80842
1.97372
2.04989
2.0944
2.13273
2.1547
2.15454
2.13169
2.08803
2.02535
1.94325
1.83789
1.70134
1.52136
1.28118
0.95904
0.527423
-0.0473139
-0.802973
-1.77557
-2.99325
-4.47513
-6.23153
-8.26585
-10.5818
-13.1844
-16.07
-19.3423
-23.3007
-27.6296
-30.0542
-37.3278
-35.499
-32.2619
-28.6106
-24.0219
-18.8289
-13.6574
-8.40865
-3.28057
1.5028
5.86205
9.71854
13.0964
16.1345
19.0047
21.7893
24.4284
26.9966
29.2857
31.8124
30.3758
26.836
21.4143
13.7673
5.29282
-3.14011
-9.73907
-14.8716
-12.5632
-4.62467
0.99976
4.28296
5.09556
4.76356
5.59239
7.0639
7.63478
9.23809
0.346684
-0.0998298
0.316205
0.327699
0.537153
0.655381
0.85374
1.07339
1.34546
1.61276
1.84903
1.98753
2.05402
2.11114
2.16103
2.19312
2.20356
2.19215
2.16024
2.10885
2.03686
1.93986
1.80949
1.63312
1.39352
1.06817
0.628483
0.0400391
-0.733939
-1.72704
-2.96719
-4.47607
-6.26726
-8.34747
-10.7202
-13.3861
-16.347
-19.7146
-23.7521
-28.2482
-31.5189
-39.4098
-37.3408
-33.5621
-29.7274
-24.8838
-19.4397
-14.0578
-8.60313
-3.28345
1.66396
6.15105
10.0899
13.5091
16.5679
19.4607
22.2751
24.9448
27.5353
29.8658
32.8499
30.8277
27.0846
21.4739
13.5901
4.64205
-4.26785
-11.3926
-16.9228
-14.2201
-5.15351
1.118
4.76024
5.45359
4.78761
5.66416
7.27909
7.70409
9.47541
0.333998
-0.0668774
0.336129
0.355062
0.563841
0.683735
0.884798
1.10634
1.3762
1.65274
1.87877
1.99187
2.06333
2.13424
2.19465
2.23692
2.25831
2.25857
2.23847
2.19829
2.13624
2.04735
1.92285
1.7497
1.5101
1.18067
0.731908
0.129614
-0.660891
-1.67186
-2.93271
-4.4677
-6.29401
-8.42128
-10.8511
-13.5793
-16.6124
-20.0701
-24.1855
-28.9348
-33.6304
-41.1299
-39.3015
-34.873
-30.8586
-25.7556
-20.0506
-14.4527
-8.78709
-3.2716
1.84327
6.45981
10.4789
13.9337
17.007
19.9196
22.7635
25.4626
28.0704
30.3947
33.6395
31.3092
27.3258
21.5285
13.3835
3.92334
-5.48291
-13.2156
-19.1479
-15.9862
-5.64709
1.30003
5.30934
5.83894
4.77939
5.73535
7.51448
7.7533
9.60862
0.317174
-0.0294035
0.356226
0.3839
0.590323
0.711218
0.912415
1.13083
1.40346
1.69141
1.89508
1.99498
2.07994
2.16308
2.23361
2.28627
2.31886
2.33087
2.32246
2.29327
2.24084
2.1597
2.0406
1.87002
1.62946
1.29467
0.835843
0.220277
-0.584653
-1.61146
-2.89131
-4.45128
-6.31283
-8.48781
-10.9746
-13.7635
-16.8649
-20.4055
-24.605
-29.6869
-35.9934
-42.2784
-41.3474
-36.1934
-31.9961
-26.6354
-20.6606
-14.8416
-8.95965
-3.24346
2.04255
6.79021
10.8871
14.3707
17.4514
20.3809
23.2544
25.982
28.6037
30.8897
34.1843
31.7974
27.5558
21.5867
13.1467
3.11785
-6.81124
-15.2612
-21.6041
-17.9077
-6.11247
1.54649
5.92259
6.23466
4.72428
5.79866
7.76436
7.75716
9.74689
0.296487
0.012083
0.376257
0.413857
0.616266
0.737238
0.934707
1.14789
1.43304
1.72401
1.90173
2.00345
2.10346
2.19739
2.27797
2.34121
2.38509
2.40874
2.4118
2.39324
2.35001
2.27608
2.16168
1.99268
1.74976
1.40808
0.938673
0.311103
-0.506329
-1.54701
-2.8437
-4.42734
-6.32413
-8.54705
-11.0903
-13.9382
-17.1036
-20.7185
-25.0087
-30.4489
-38.1459
-42.8267
-43.4559
-37.5299
-33.1284
-27.5197
-21.2681
-15.2238
-9.12007
-3.19765
2.26371
7.14424
11.316
14.8207
17.9007
20.8438
23.7478
26.5035
29.1371
31.3687
34.5124
32.2792
27.7777
21.6515
12.877
2.20511
-8.28728
-17.6042
-24.3733
-20.051
-6.56368
1.8553
6.59221
6.62394
4.60885
5.84762
8.0176
7.74993
9.75936
0.272172
0.0570806
0.395982
0.444583
0.641321
0.76092
0.950381
1.16275
1.46679
1.74714
1.90624
2.0198
2.13307
2.23699
2.32769
2.40157
2.45667
2.49175
2.50591
2.49752
2.46292
2.39546
2.28475
2.11587
1.86879
1.5189
1.03921
0.401181
-0.426866
-1.47885
-2.78988
-4.39601
-6.32789
-8.59872
-11.1979
-14.1033
-17.3276
-21.0073
-25.3909
-31.1492
-39.7428
-43.0251
-45.6252
-38.8936
-34.2411
-28.4023
-21.8703
-15.5979
-9.26759
-3.13289
2.50871
7.52409
11.7676
15.2844
18.3544
21.3075
24.2431
27.0281
29.6723
31.8444
34.6526
32.7354
27.9941
21.7174
12.5632
1.15984
-9.95835
-20.3556
-27.5815
-22.5144
-7.0226
2.22251
7.31255
6.99383
4.42338
5.87796
8.26785
7.71191
9.68384
0.244372
0.105135
0.415162
0.475728
0.665057
0.781202
0.960673
1.1822
1.50181
1.76205
1.91526
2.04369
2.16805
2.28177
2.38255
2.46703
2.53314
2.57931
2.60412
2.60531
2.57857
2.51656
2.40811
2.23748
1.98436
1.62561
1.1366
0.489751
-0.346447
-1.40656
-2.72954
-4.35717
-6.3239
-8.64255
-11.2972
-14.2585
-17.5362
-21.2712
-25.7448
-31.7424
-40.7215
-43.3283
-47.8226
-40.2968
-35.3173
-29.2748
-22.4633
-15.9617
-9.40119
-3.04789
2.77965
7.93213
12.2435
15.7622
18.8119
21.771
24.74
27.557
30.2116
32.3237
34.6357
33.1611
28.2089
21.781
12.1954
-0.0482751
-11.8891
-23.6752
-31.4112
-25.4349
-7.51918
2.64309
8.0803
7.33651
4.16182
5.88805
8.51722
7.64429
9.60809
0.213073
0.155873
0.433544
0.506911
0.686894
0.797555
0.970298
1.21051
1.53451
1.77392
1.93169
2.07382
2.20805
2.3314
2.44219
2.53709
2.61392
2.67075
2.70562
2.71564
2.69576
2.63783
2.52975
2.3552
2.09464
1.72725
1.23024
0.57669
-0.264378
-1.32939
-2.6624
-4.31067
-6.3119
-8.67834
-11.3884
-14.4038
-17.729
-21.5093
-26.065
-32.2241
-41.3048
-44.1099
-49.9576
-41.7363
-36.3391
-30.1258
-23.0421
-16.3123
-9.51948
-2.94125
3.0787
8.37096
12.7459
16.2548
19.2722
22.2333
25.238
28.0919
30.7576
32.8118
34.4968
33.5501
28.4285
21.8386
11.762
-1.45701
-14.1606
-27.768
-36.0983
-28.9928
-8.09471
3.11111
8.89399
7.64622
3.81747
5.88093
8.75736
7.69537
9.29031
0.178051
0.209004
0.450837
0.537672
0.706215
0.811189
0.985477
1.24681
1.56311
1.7881
1.9556
2.10904
2.25262
2.38546
2.5061
2.61116
2.69832
2.76527
2.80949
2.82738
2.81304
2.75736
2.64741
2.46697
2.19843
1.82332
1.32004
0.662776
-0.179539
-1.24674
-2.58828
-4.25635
-6.2917
-8.70605
-11.4716
-14.5394
-17.9059
-21.7213
-26.3466
-32.6064
-41.7211
-45.5109
-51.8634
-43.1863
-37.2888
-30.9414
-23.6003
-16.646
-9.6206
-2.81129
3.40819
8.84342
13.2771
16.7626
19.7345
22.6932
25.7367
28.6344
31.3137
33.3149
34.276
33.9124
28.6628
21.8891
11.2507
-3.1119
-16.8551
-32.8498
-41.8831
-33.3983
-8.80128
3.62086
9.75245
7.92123
3.38283
5.85765
9.00063
7.66268
9.15313
0.138853
0.264273
0.466675
0.567434
0.722839
0.8255
1.01059
1.28771
1.58912
1.80751
1.98534
2.14867
2.3012
2.44342
2.57368
2.68857
2.78559
2.862
2.91467
2.93918
2.92867
2.87302
2.75891
2.57137
2.29522
1.91378
1.40676
0.749367
-0.0909664
-1.15834
-2.50718
-4.19417
-6.26324
-8.72573
-11.5469
-14.6654
-18.0666
-21.9063
-26.5849
-32.8981
-42.0553
-47.3235
-53.414
-44.6118
-38.1502
-31.7061
-24.1306
-16.9581
-9.70211
-2.656
3.77063
9.35265
13.8397
17.2862
20.1975
23.1492
26.2356
29.1865
31.8843
33.8421
34.0226
34.2679
28.9269
21.9353
10.6474
-5.05907
-20.0111
-39.0811
-48.8361
-38.8212
-9.70034
4.16916
10.6557
8.15173
2.83457
5.81631
9.248
7.78979
8.13412
0.0948577
0.321339
0.480611
0.595599
0.737653
0.844706
1.04578
1.3294
1.61503
1.83277
2.01976
2.19185
2.35326
2.50464
2.64425
2.76858
2.87488
2.95993
3.0199
3.04945
3.04065
2.98263
2.8626
2.66772
2.38504
1.99934
1.49184
0.837773
0.00182948
-1.06426
-2.41927
-4.12421
-6.22657
-8.73755
-11.6148
-14.782
-18.2111
-22.0634
-26.776
-33.1085
-42.3427
-49.2724
-54.5241
-45.9574
-38.911
-32.4043
-24.6246
-17.243
-9.76093
-2.47311
4.1687
9.90201
14.4364
17.8261
20.6598
23.5996
26.7342
29.7503
32.4744
34.406
33.7932
34.6436
29.2417
21.9847
9.93874
-7.31935
-23.5359
-46.2942
-56.5524
-45.2076
-10.8464
4.75988
11.6088
8.33238
2.13293
5.76501
9.44614
8.2641
8.73278
0.0454211
0.3796
0.492168
0.621844
0.752682
0.871546
1.08797
1.37004
1.64268
1.86254
2.0576
2.238
2.40814
2.56847
2.71712
2.85038
2.96524
3.05791
3.12374
3.15637
3.14689
3.08437
2.95759
2.75605
2.46853
2.0814
1.57685
0.928789
0.0988244
-0.964848
-2.32486
-4.04667
-6.18184
-8.74175
-11.6756
-14.8896
-18.3393
-22.1916
-26.9178
-33.2475
-42.5858
-51.0777
-55.1392
-47.1696
-39.5645
-33.0215
-25.0742
-17.4947
-9.79326
-2.26001
4.60525
10.4951
15.0704
18.3828
21.1197
24.0425
27.2315
30.3278
33.0903
35.0204
33.653
35.0835
29.6341
22.0495
9.11974
-9.83899
-27.0964
-53.2628
-63.8577
-52.0945
-12.2568
5.41075
12.6277
8.44656
1.1671
5.6923
9.68532
8.01385
9.94906
-0.00984361
0.438001
0.501008
0.646417
0.770203
0.905864
1.13304
1.40923
1.67289
1.89578
2.09795
2.28649
2.46519
2.63423
2.7915
2.93311
3.05563
3.15463
3.22453
3.25796
3.24551
3.17715
3.04382
2.83699
2.54703
2.16168
1.66291
1.02257
0.199592
-0.860657
-2.2244
-3.96186
-6.12929
-8.73861
-11.7296
-14.9884
-18.4513
-22.2903
-27.0101
-33.3234
-42.7673
-52.5203
-55.2781
-48.1979
-40.1082
-33.5459
-25.4713
-17.7065
-9.79476
-2.01391
5.08327
11.1356
15.7447
18.9563
21.575
24.4757
27.7268
30.9208
33.7389
35.6989
33.6729
35.63
30.1368
22.146
8.20461
-12.447
-30.1386
-58.1209
-68.2757
-58.1662
-13.8853
6.15107
13.7526
8.44773
-0.291708
5.55624
9.90381
7.48899
13.039
-0.070648
0.494884
0.507154
0.670102
0.791499
0.945229
1.17784
1.44725
1.70513
1.93135
2.14019
2.33668
2.52378
2.70122
2.86662
3.01581
3.14486
3.24859
3.32047
3.35237
3.33523
3.26073
3.12187
2.91179
2.62228
2.24158
1.75045
1.11874
0.303441
-0.752374
-2.11845
-3.8702
-6.06925
-8.72843
-11.7771
-15.0785
-18.5467
-22.3594
-27.0546
-33.3426
-42.8602
-53.4605
-55.0059
-49.0041
-40.5446
-33.9686
-25.8086
-17.872
-9.76068
-1.73185
5.60578
11.8273
16.4623
19.5464
22.023
24.8961
28.2188
31.5307
34.4276
36.4523
33.9254
36.3249
30.7863
22.2969
7.23101
-14.8996
-32.2636
-60.9911
-69.4102
-62.0817
-15.6371
7.02487
14.8554
8.2759
-2.23167
5.40401
9.99167
6.84061
14.7744
-0.13548
0.547987
0.511118
0.693734
0.816282
0.986541
1.22073
1.48436
1.73869
1.96841
2.18372
2.388
2.58327
2.76871
2.94161
3.09741
3.23159
3.33815
3.40976
3.43821
3.4156
3.33559
3.19293
2.98214
2.69589
2.32184
1.83924
1.21657
0.40952
-0.640793
-2.00771
-3.77224
-6.00213
-8.71155
-11.8184
-15.1602
-18.6257
-22.3993
-27.0548
-33.3098
-42.8419
-53.8585
-54.4308
-49.57
-40.8779
-34.2852
-26.08
-17.9857
-9.68619
-1.41078
6.17577
12.5741
17.2262
20.1525
22.4602
25.3004
28.706
32.1585
35.1636
37.2875
34.4819
37.2211
31.618
22.5313
6.25413
-17.0352
-33.6592
-62.2504
-69.7797
-64.2674
-17.4214
8.0816
15.8853
7.917
-4.78291
5.19163
9.88157
6.63364
17.8787
-0.201069
0.594616
0.51377
0.717634
0.843146
1.02733
1.26119
1.5206
1.77292
2.00632
2.22802
2.43991
2.64304
2.83596
3.01553
3.17673
3.31435
3.42166
3.49099
3.51482
3.48696
3.40285
3.25861
3.04975
2.76886
2.40246
1.92865
1.31516
0.516889
-0.526815
-1.89299
-3.66868
-5.92842
-8.68824
-11.8536
-15.2332
-18.6881
-22.4113
-27.0152
-33.2289
-42.702
-53.7682
-53.6885
-49.8941
-41.1142
-34.495
-26.281
-18.0432
-9.56675
-1.0477
6.79598
13.3795
18.039
20.7728
22.8822
25.6841
29.1863
32.8043
35.9528
38.2056
35.4017
38.3648
32.6629
22.8756
5.32214
-18.7531
-34.5695
-62.3213
-69.9294
-66.2826
-19.0006
9.31555
16.7453
7.51955
-7.83851
4.97317
9.54521
7.25979
20.9467
-0.262207
0.632006
0.516006
0.741471
0.870518
1.06626
1.29922
1.55588
1.80733
2.04465
2.27263
2.49191
2.70247
2.90217
3.08736
3.25246
3.39162
3.4977
3.56334
3.58237
3.55032
3.46402
3.32063
3.11588
2.84151
2.48297
2.01779
1.4135
0.624535
-0.411454
-1.77527
-3.56031
-5.84866
-8.65872
-11.8827
-15.2973
-18.7341
-22.3973
-26.9412
-33.1032
-42.4437
-53.2947
-52.8999
-49.992
-41.2591
-34.6021
-26.4093
-18.0416
-9.39854
-0.639775
7.46879
14.2468
18.9027
21.4051
23.2834
26.0417
29.657
33.4675
36.799
39.2015
36.7162
39.768
33.9378
23.3352
4.48844
-19.9911
-35.0973
-61.5908
-69.6389
-67.3217
-20.0508
10.634
17.2672
7.02239
-10.7901
4.36753
9.15336
8.14677
25.0456
-0.312319
0.657793
0.51849
0.764554
0.897274
1.10283
1.33501
1.5901
1.84158
2.08302
2.31717
2.54351
2.76091
2.96648
3.15596
3.32326
3.46208
3.56538
3.6268
3.64172
3.6071
3.52081
3.38041
3.18109
2.91353
2.56255
2.10567
1.51058
0.731376
-0.295854
-1.65568
-3.44811
-5.76342
-8.62313
-11.9053
-15.352
-18.7638
-22.3602
-26.8384
-32.9365
-42.0806
-52.561
-52.1573
-49.8918
-41.3188
-34.6138
-26.4647
-17.9801
-9.1788
-0.184617
8.19609
15.1788
19.8191
22.0459
23.657
26.3664
30.1144
34.147
37.703
40.265
38.4234
41.421
35.4354
23.8876
3.82079
-20.8064
-35.2967
-60.2315
-68.6272
-67.0181
-20.478
11.8705
17.5531
4.98211
-13.2592
2.95052
9.05813
9.85328
33.3846
-0.344953
0.670531
0.52164
0.786275
0.922927
1.13708
1.36882
1.62326
1.87548
2.12119
2.36131
2.59423
2.81766
3.02792
3.22016
3.3879
3.52479
3.6245
3.68203
3.69417
3.65892
3.5747
3.43875
3.2453
2.98426
2.6403
2.19131
1.60532
0.836244
-0.181297
-1.53551
-3.33315
-5.67333
-8.58145
-11.9208
-15.3965
-18.7777
-22.3034
-26.7121
-32.733
-41.6308
-51.6739
-51.5023
-49.6237
-41.2991
-34.54
-26.4491
-17.8592
-8.90612
0.319438
8.9792
16.1776
20.7886
22.6909
23.9952
26.6503
30.5538
34.8408
38.6624
41.3821
40.4899
43.3145
37.1167
24.4964
3.36759
-21.295
-35.2783
-58.4196
-67.0304
-65.5731
-20.4639
13.36
17.645
2.87922
-14.5292
0.467581
8.74854
12.6114
41.0393
-0.355688
0.67015
0.525768
0.806339
0.947431
1.16923
1.40094
1.65545
1.90896
2.15898
2.40473
2.64353
2.87194
3.08549
3.27884
3.44545
3.57942
3.67556
3.73023
3.74127
3.70731
3.62669
3.49582
3.30803
3.05287
2.7153
2.27372
1.69665
0.937882
-0.0691982
-1.41622
-3.21666
-5.57905
-8.53352
-11.9283
-15.4298
-18.7766
-22.2303
-26.5674
-32.4966
-41.111
-50.7003
-50.9107
-49.2156
-41.2059
-34.3917
-26.3658
-17.6809
-8.58037
0.873135
9.81867
17.2439
21.8103
23.3338
24.2887
26.8842
30.9695
35.5463
39.6721
42.537
42.8454
45.3766
38.9051
25.1226
3.13251
-21.5872
-35.1338
-56.2256
-65.1066
-63.2148
-20.07
14.9551
17.6535
4.34856
-13.6174
-1.74443
8.87982
16.5821
41.398
-0.34356
0.65815
0.531205
0.824809
0.970996
1.19963
1.4317
1.68682
1.94202
2.19625
2.4471
2.69084
2.92292
3.13822
3.33114
3.49551
3.62631
3.7196
3.77282
3.7845
3.75337
3.67713
3.55128
3.36855
3.11853
2.78665
2.35195
1.78343
1.03495
0.0389049
-1.2994
-3.10002
-5.48128
-8.47899
-11.9267
-15.4509
-18.7616
-22.1447
-26.4086
-32.2317
-40.5359
-49.6763
-50.3378
-48.6887
-41.0436
-34.1788
-26.2187
-17.448
-8.20251
1.47626
10.7143
18.3781
22.8824
23.9679
24.5279
27.0584
31.3553
36.2606
40.724
43.7141
45.3779
47.4686
40.685
25.7253
3.0725
-21.8299
-34.9784
-53.6707
-62.7441
-59.9166
-19.2344
16.1391
17.7786
8.3644
-9.61977
-0.678031
10.5549
21.3584
37.4088
-0.311304
0.63743
0.538289
0.842017
0.99394
1.22867
1.46143
1.71758
1.97469
2.23282
2.48799
2.73547
2.96977
3.1853
3.37661
3.53827
3.66633
3.75794
3.81125
3.82504
3.79764
3.72588
3.60453
3.4261
3.18043
2.85352
2.42503
1.86452
1.12604
0.141367
-1.18683
-2.98478
-5.38076
-8.41734
-11.9143
-15.4586
-18.7337
-22.0503
-26.2397
-31.943
-39.9195
-48.6233
-49.7479
-48.0563
-40.815
-33.9094
-26.0113
-17.1629
-7.77396
2.12803
11.6651
19.5787
23.9994
24.5822
24.6997
27.1612
31.7036
36.9798
41.8091
44.9
47.968
49.4312
42.3019
26.2599
3.10944
-22.1805
-34.9626
-50.7887
-59.7373
-55.6273
-17.9037
16.7615
18.3168
12.4782
-4.09939
2.54443
13.152
25.5659
36.4601
-0.264404
0.611771
0.547296
0.858462
1.01661
1.25676
1.49048
1.74788
2.00693
2.26843
2.52688
2.77674
3.01176
3.22629
3.41534
3.57445
3.70067
3.79191
3.84668
3.86355
3.84013
3.77247
3.6549
3.47995
3.23784
2.9151
2.49202
1.93874
1.20972
0.236454
-1.08042
-2.87265
-5.2783
-8.34792
-11.8893
-15.4515
-18.6944
-21.9504
-26.0645
-31.6359
-39.2746
-47.5526
-49.1084
-47.3267
-40.5199
-33.5888
-25.7458
-16.8274
-7.29626
2.82686
12.6686
20.8432
25.1555
25.167
24.7928
27.1819
32.0077
37.7008
42.9184
46.0886
50.4908
50.9166
43.5669
26.6808
3.14793
-22.8102
-35.2881
-47.6515
-56.1713
-50.3527
-16.1508
17.0316
19.1757
15.9997
1.79996
6.41004
15.8805
28.1587
38.5432
-0.209598
0.585207
0.558368
0.874712
1.03934
1.28423
1.51908
1.77781
2.03858
2.30267
2.56319
2.814
3.04845
3.26117
3.44788
3.60509
3.73059
3.82268
3.87987
3.90018
3.8805
3.8163
3.70172
3.52945
3.29008
2.97063
2.55198
2.00494
1.28454
0.322379
-0.982201
-2.7655
-5.17481
-8.26997
-11.85
-15.4286
-18.645
-21.8482
-25.8866
-31.3162
-38.613
-46.4712
-48.3914
-46.506
-40.1568
-33.2198
-25.4232
-16.4419
-6.77006
3.57222
13.724
22.1698
26.343
25.7081
24.7909
27.1067
32.2602
38.4201
44.0454
47.2846
52.7901
51.4636
44.3292
26.961
3.09116
-23.9064
-36.229
-44.3691
-52.2405
-44.1686
-14.0789
17.2529
20.1549
19.0512
7.50713
10.3116
18.3401
28.8272
38.0988
-0.153511
0.561462
0.571486
0.891295
1.06234
1.31132
1.54734
1.80726
2.06931
2.33502
2.59633
2.84679
3.07975
3.29037
3.47515
3.63135
3.75718
3.85104
3.9111
3.93475
3.91826
3.85678
3.74442
3.57404
3.33655
3.01941
2.60407
2.06203
1.34908
0.397355
-0.89427
-2.6653
-5.07126
-8.1827
-11.7944
-15.3887
-18.5864
-21.7463
-25.7098
-30.9898
-37.945
-45.385
-47.581
-45.6087
-39.7237
-32.8032
-25.043
-16.0057
-6.19544
4.36198
14.8231
23.542
27.535
26.181
24.678
26.9231
32.455
39.1369
45.188
48.497
54.6919
50.826
44.6321
27.1135
2.84817
-25.6682
-38.1165
-41.1206
-47.5276
-37.0902
-11.907
17.5799
21.272
21.7518
12.5367
13.9024
20.4031
29.0046
35.791
-0.10179
0.543574
0.586464
0.908603
1.08569
1.33808
1.57515
1.83595
2.09867
2.36493
2.62583
2.87495
3.10595
3.31465
3.49817
3.65426
3.78125
3.87736
3.94027
3.96682
3.95287
3.89338
3.7825
3.61322
3.3767
3.06079
2.64748
2.109
1.40204
0.459701
-0.818627
-2.574
-4.96866
-8.08544
-11.7207
-15.3308
-18.5195
-21.6471
-25.5377
-30.6631
-37.2799
-44.3014
-46.6781
-44.6543
-39.2205
-32.3397
-24.6051
-15.5175
-5.57163
5.19738
15.9702
24.9718
28.7407
26.5821
24.4369
26.615
32.5842
39.8488
46.3498
49.7379
56.034
49.3998
44.765
27.1886
2.33369
-28.2841
-41.217
-38.131
-41.2966
-30.2275
-9.71372
18.1557
22.4405
24.0851
16.9314
17.1392
22.0326
29.4031
34.1647
-0.0587083
0.533681
0.602959
0.926819
1.10924
1.36436
1.60223
1.86345
2.1261
2.3919
2.65144
2.89865
3.12767
3.33491
3.51791
3.6746
3.80322
3.90165
3.96709
3.99595
3.98386
3.92568
3.81556
3.64658
3.41008
3.09424
2.68156
2.14501
1.44233
0.508018
-0.756943
-2.49324
-4.86794
-7.97771
-11.6278
-15.2545
-18.4448
-21.5525
-25.374
-30.3427
-36.6265
-43.2277
-45.6969
-43.6682
-38.6523
-31.8311
-24.1102
-14.9755
-4.8963
6.07633
17.1417
26.3949
29.8637
26.8472
24.0422
26.1711
32.6427
40.56
47.5404
51.044
56.8954
47.8582
44.8669
27.2415
1.46694
-31.9182
-45.6352
-35.5058
-33.1211
-26.1429
-7.18985
18.9648
23.7454
26.3644
20.9949
20.0293
23.2847
29.6762
32.926
-0.027104
0.532957
0.620495
0.945899
1.13272
1.38986
1.62817
1.88926
2.15111
2.41561
2.6732
2.91834
3.14566
3.35202
3.5351
3.69283
3.8232
3.9237
3.99117
4.02173
4.01086
3.95335
3.84329
3.6738
3.43634
3.11935
2.70583
2.1695
1.46924
0.541463
-0.710167
-2.42393
-4.76964
-7.85933
-11.5151
-15.1596
-18.3625
-21.4637
-25.2218
-30.0347
-35.9937
-42.1731
-44.6609
-42.6818
-38.0253
-31.2814
-23.563
-14.3835
-4.1748
6.99265
18.3377
27.8333
30.927
26.9925
23.4998
25.5694
32.6319
41.2743
48.7756
52.4703
57.5712
46.7152
44.7078
27.3033
0.17582
-36.6966
-51.3428
-33.1708
-22.2751
-20.8781
-2.79743
19.8403
25.6772
29.1312
25.1212
22.5838
24.1915
28.6233
31.5862
-0.0084775
0.541661
0.638505
0.96559
1.15567
1.41416
1.65248
1.91288
2.17333
2.43598
2.69139
2.93462
3.16068
3.36666
3.55021
3.70912
3.84105
3.94322
4.01216
4.04384
4.03361
3.97616
3.86549
3.69468
3.45526
3.13591
2.72008
2.18227
1.48271
0.560139
-0.677991
-2.36568
-4.67354
-7.73044
-11.3833
-15.0473
-18.2735
-21.3822
-25.0843
-29.7455
-35.3913
-41.1505
-43.5938
-41.7129
-37.3438
-30.6923
-22.9642
-13.7319
-3.37728
8.00125
19.6061
29.2419
31.7196
26.8657
22.646
24.656
32.4901
41.9993
50.0732
54.0439
58.2745
46.2177
44.0575
27.3996
-1.55098
-42.6348
-58.1408
-30.8087
-9.31967
-8.638
5.46655
23.0026
29.5101
33.4517
29.5338
24.7373
24.7922
27.205
30.2375
-0.00318753
0.559262
0.65638
0.985473
1.1776
1.43678
1.67468
1.93392
2.19257
2.45315
2.70647
2.94813
3.17336
3.37929
3.56345
3.72341
3.85657
3.95991
4.0298
4.06208
4.05195
3.99398
3.88204
3.70912
3.46679
3.14393
2.72447
2.18376
1.4836
0.565553
-0.658253
-2.31613
-4.57822
-7.59151
-11.2342
-14.9196
-18.178
-21.3074
-24.9623
-29.4795
-34.8291
-40.1767
-42.5222
-40.7643
-36.6094
-30.0556
-22.2977
-12.9878
-2.46973
9.04582
20.6079
29.8754
31.6126
26.4038
21.1211
23.3369
32.2194
42.7585
51.4643
55.755
59.1612
46.4523
43.0921
27.6152
-3.6611
-49.5228
-65.5672
-27.9501
4.20124
7.16156
17.1678
30.2511
36.2673
39.2823
33.8208
26.4396
25.1534
26.2769
29.1867
-0.0106858
0.584601
0.673517
1.00502
1.19798
1.45729
1.6944
1.95217
2.20888
2.46745
2.71898
2.95942
3.18412
3.39015
3.57484
3.73557
3.86955
3.9736
4.04397
4.07637
4.06586
4.00685
3.89303
3.71727
3.47115
3.14382
2.71973
2.17528
1.47411
0.561067
-0.646496
-2.27066
-4.48089
-7.44331
-11.0714
-14.7812
-18.0808
-21.2437
-24.8612
-29.2434
-34.3174
-39.2716
-41.4778
-39.8355
-35.8282
-29.3602
-21.5462
-12.1372
-1.48736
10.0237
21.4332
30.2369
31.1905
25.5685
19.0759
21.7558
31.8399
43.5849
52.9997
57.5873
60.305
47.3489
42.1852
27.9142
-6.41186
-56.8599
-72.6435
-24.1079
17.3308
22.6815
29.2823
38.9126
44.0762
45.1965
37.4345
27.7424
25.2608
25.602
28.4429
-0.0297128
0.616051
0.689368
1.02367
1.21633
1.47532
1.7114
1.96761
2.22248
2.47929
2.72935
2.96887
3.19319
3.39927
3.58428
3.74545
3.87985
3.98418
4.05461
4.08671
4.07539
4.01485
3.8986
3.71939
3.46885
3.13643
2.70732
2.15923
1.458
0.552018
-0.636158
-2.223
-4.37831
-7.28741
-10.8991
-14.6352
-17.9801
-21.184
-24.775
-29.0363
-33.8615
-38.4513
-40.4921
-38.9352
-35.0188
-28.6088
-20.7178
-11.2159
-0.520099
10.837
21.7883
29.5266
30.5441
24.8648
17.9291
20.1261
31.4052
44.4928
54.7145
59.5577
61.7326
48.8869
41.4737
27.9811
-9.95544
-63.5745
-77.96
-18.8531
29.3047
35.9564
39.7272
46.8493
51.0325
50.1653
40.1852
28.7243
25.2769
25.1724
27.9672
-0.0584482
0.651647
0.703476
1.04085
1.23229
1.49068
1.72565
1.98039
2.23369
2.48905
2.73794
2.97672
3.20068
3.40668
3.59175
3.75303
3.88749
3.99177
4.06192
4.09339
4.0809
4.01845
3.89935
3.71626
3.46094
3.12334
2.68969
2.13935
1.44063
0.545323
-0.619695
-2.16713
-4.26872
-7.12721
-10.724
-14.4914
-17.8906
-21.1451
-24.7192
-28.8701
-33.471
-37.7301
-39.5929
-38.0803
-34.2091
-27.8274
-19.8594
-10.3128
0.311995
11.3825
21.6556
28.5634
29.9201
24.0917
17.5046
18.6487
31.0341
45.4954
56.6018
61.7055
63.4414
51.0435
41.1135
27.5733
-13.6554
-67.7209
-79.7159
-11.675
39.455
46.1725
47.7439
53.2635
56.5069
53.9229
42.1966
29.5073
25.2629
24.8881
27.4742
-0.0944989
0.689145
0.715461
1.05606
1.24563
1.50332
1.73727
1.99078
2.24281
2.49701
2.74495
2.98306
3.20658
3.41231
3.59719
3.75829
3.89254
3.99646
4.06604
4.09658
4.08263
4.018
3.89584
3.70881
3.44894
3.10694
2.67037
2.12053
1.4281
0.54757
-0.591688
-2.10113
-4.15524
-6.96919
-10.5498
-14.3448
-17.7948
-21.0993
-24.6702
-28.7331
-33.1431
-37.1126
-38.8003
-37.2952
-33.4345
-27.0649
-19.0504
-9.53684
0.922722
11.628
21.2412
27.7358
29.2922
23.6508
17.2474
17.7411
30.8499
46.6301
58.628
64.0523
65.4211
53.6883
41.4263
26.8864
-15.9384
-68.0922
-77.4777
-3.52267
47.4032
53.2605
53.3293
57.9894
60.47
56.5926
43.684
30.117
25.2384
24.8312
27.2912
-0.134871
0.72616
0.725146
1.06894
1.25633
1.51337
1.74649
1.99906
2.25012
2.50341
2.75054
2.988
3.21101
3.41632
3.60082
3.76155
3.89537
3.99876
4.0676
4.09706
4.08155
4.01468
3.88952
3.69882
3.43516
3.09031
2.65346
2.10781
1.42582
0.563103
-0.550772
-2.02818
-4.04557
-6.82362
-10.3887
-14.2153
-17.7279
-21.0895
-24.665
-28.6486
-32.8905
-36.609
-38.1312
-36.6074
-32.7339
-26.3856
-18.3759
-8.95884
1.29727
11.6365
20.7694
27.0518
28.7383
23.5341
16.9984
17.6857
30.9187
47.8923
60.7297
66.5526
67.6094
56.6571
42.5357
26.38
-15.7609
-66.6006
-73.0287
3.4047
53.306
57.6662
56.8627
61.1759
63.1378
58.4141
44.8248
30.6857
25.3719
24.9975
27.7964
-0.17582
0.759971
0.732367
1.07919
1.26446
1.52103
1.75357
2.00545
2.25578
2.50832
2.75473
2.99153
3.21396
3.41875
3.60275
3.76297
3.89623
3.99896
4.06696
4.09528
4.07821
4.00929
3.88162
3.68826
3.42251
3.07732
2.64334
2.10507
1.43546
0.589462
-0.505015
-1.96188
-3.95638
-6.70464
-10.2412
-14.0757
-17.6342
-21.0465
-24.6475
-28.5879
-32.7001
-36.2125
-37.5917
-36.0468
-32.1549
-25.8496
-17.8905
-8.59618
1.46429
11.5167
20.3387
26.4579
28.2859
23.6527
17.1234
18.3779
31.3335
49.2244
62.7943
69.0731
69.8591
59.5563
44.2798
26.5008
-13.8961
-63.837
-67.7442
9.51565
57.5493
60.0315
58.8761
63.1188
64.8137
59.6339
45.7678
31.1846
25.6201
25.334
28.9203
-0.21278
0.788164
0.737436
1.08688
1.2703
1.52658
1.75873
2.01015
2.25995
2.5119
2.7577
2.99392
3.2158
3.42007
3.60355
3.76324
3.89594
3.99802
4.06524
4.09261
4.07431
4.00385
3.87446
3.67963
3.41349
3.07009
2.64112
2.11143
1.45339
0.620325
-0.461968
-1.90866
-3.89233
-6.62115
-10.1331
-13.9767
-17.5908
-21.0552
-24.6742
-28.5759
-32.5849
-35.9352
-37.1949
-35.6345
-31.7407
-25.4979
-17.5988
-8.40155
1.51997
11.3932
20.0089
26.0012
27.937
23.8471
17.6312
19.3086
32.01
50.5094
64.6576
71.3915
71.9656
62.0404
45.9794
27.191
-11.3894
-60.0234
-61.9858
15.1062
60.2779
60.9909
59.8799
64.1785
65.8139
60.4581
46.566
31.6692
25.9254
25.8756
29.9104
-0.240907
0.807937
0.740405
1.09185
1.27401
1.53016
1.76209
2.01322
2.26264
2.51415
2.75946
2.9952
3.21661
3.42043
3.60346
3.7627
3.89492
3.99648
4.06311
4.08977
4.07065
3.99937
3.86943
3.67475
3.40999
3.06969
2.64568
2.12244
1.4712
0.64353
-0.436773
-1.88556
-3.87131
-6.5898
-10.0691
-13.8809
-17.4989
-20.9976
-24.6599
-28.5686
-32.5188
-35.762
-36.9499
-35.3941
-31.5111
-25.3093
-17.4486
-8.31746
1.52274
11.2913
19.7751
25.6789
27.6781
24.0309
18.3489
20.3146
32.884
51.6426
66.1803
73.2834
73.7038
63.8376
47.1397
27.8685
-9.27405
-56.3373
-56.7514
19.6035
61.7083
61.2061
60.2867
64.6704
66.3688
60.9941
47.1341
32.1311
26.2242
26.6362
30.2948
-0.255667
0.818214
0.74202
1.09444
1.27589
1.53196
1.76379
2.01476
2.26401
2.51529
2.76036
2.99585
3.21701
3.42057
3.60334
3.7623
3.89422
3.99549
4.06182
4.08822
4.0689
3.99754
3.86766
3.67333
3.40938
3.07061
2.649
2.12895
1.4812
0.656446
-0.422539
-1.87218
-3.85989
-6.57818
-10.0548
-13.8734
-17.5121
-21.0221
-24.6778
-28.567
-32.4841
-35.685
-36.8513
-35.3009
-31.4207
-25.2394
-17.3973
-8.28737
1.52561
11.2479
19.6794
25.5542
27.5822
24.11
18.6569
20.7965
33.4967
52.4295
67.1359
74.4115
74.753
64.7983
47.7352
28.1176
-8.35239
-54.4153
-53.7698
22.0178
62.2821
61.216
60.4222
64.8702
66.645
61.3348
47.4981
32.4396
26.5023
27.4263
35.0569
)
;

boundaryField
{
    inletFace
    {
        type            zeroGradient;
    }
    inlet
    {
        type            zeroGradient;
    }
    inletWalls
    {
        type            zeroGradient;
    }
    outletInlet
    {
        type            cyclicAMI;
        value           nonuniform List<scalar> 
15
(
12.2945
14.8612
18.2053
21.0894
24.1419
27.3453
27.4612
29.4446
30.0299
34.8228
35.96
39.1223
38.1948
38.9166
38.1624
)
;
    }
    fineSymmetryWall
    {
        type            symmetryPlane;
    }
    fineWalls
    {
        type            zeroGradient;
    }
    fineCyclicBoundary
    {
        type            fixedValue;
        value           uniform 0;
    }
    fineplug
    {
        type            cyclicAMI;
        value           nonuniform List<scalar> 
80
(
12.5399
10.9727
13.7352
13.0385
10.6052
13.9956
14.383
14.7187
15.0385
15.3394
15.4873
17.7687
21.9419
15.881
17.1359
17.6163
19.4493
19.9792
20.4578
20.5075
22.0312
28.5253
22.3698
23.2923
22.9037
23.3568
24.8171
26.1361
25.9255
25.5564
25.414
32.3362
28.301
28.153
27.4911
26.6658
26.7401
28.4357
28.1775
26.0499
33.0077
29.2593
30.4105
31.469
30.4308
29.6363
28.7253
29.3286
29.7632
37.0645
36.4719
34.7092
35.1447
36.6441
36.4319
35.6309
34.8391
31.324
42.1992
42.7011
39.6664
38.5742
36.6805
35.4367
37.7783
36.913
36.146
34.0437
43.5061
41.6011
39.9169
39.7427
38.8976
37.7519
34.6519
34.2256
35.7437
43.8032
38.8955
36.9364
)
;
    }
    faceFine
    {
        type            zeroGradient;
    }
}


// ************************************************************************* //
