/*--------------------------------*- C++ -*----------------------------------*\
| =========                 |                                                 |
| \\      /  F ield         | OpenFOAM: The Open Source CFD Toolbox           |
|  \\    /   O peration     | Version:  4.1                                   |
|   \\  /    A nd           | Web:      www.OpenFOAM.org                      |
|    \\/     M anipulation  |                                                 |
\*---------------------------------------------------------------------------*/
FoamFile
{
    version     2.0;
    format      ascii;
    class       volScalarField;
    location    "4";
    object      p;
}
// * * * * * * * * * * * * * * * * * * * * * * * * * * * * * * * * * * * * * //

dimensions      [0 2 -2 0 0 0 0];

internalField   nonuniform List<scalar> 
6785
(
1686.24
1622.2
1571.21
1521.86
1476.07
1433.11
1392.81
1354.96
1319.34
1285.27
1252.24
1221.68
1193.68
1159.73
1123.86
1158.1
1140.62
1143.55
1139.39
1136.22
1133.01
1130.22
1128.11
1126.89
1126.64
1127.25
1129.28
1133.31
1137.09
1138.13
1109.83
1103.85
1113.75
1113.39
1117.13
1119.92
1122.92
1125.76
1128.39
1130.76
1132.94
1134.99
1136.43
1137.31
1137.78
1152.83
1149.57
1154.04
1149.65
1149.43
1147.07
1145.05
1142.7
1140.28
1137.83
1135.75
1134.32
1133.13
1132.2
1132.11
1134.85
1131.45
1133.45
1129.1
1129.28
1127.18
1125.9
1124.51
1123.26
1122.15
1121.39
1121.06
1120.81
1120.72
1121.47
1122.36
1120.24
1122.48
1119.9
1121.38
1120.66
1120.85
1120.93
1121.05
1121.24
1121.53
1121.88
1122.21
1122.57
1123.38
1128.05
1127.39
1129.6
1128.03
1129.67
1129.34
1129.86
1130.18
1130.49
1130.83
1131.2
1131.55
1131.98
1132.33
1133.1
1136.42
1136.56
1138.34
1137.22
1138.7
1138.47
1139.07
1139.42
1139.82
1140.25
1140.7
1141.13
1141.63
1142.02
1142.59
1142.84
1143.39
1144.77
1143.94
1145.24
1145.07
1145.68
1146.03
1146.44
1146.86
1147.29
1147.68
1148.13
1148.44
1148.91
1148.22
1149.08
1150.22
1149.6
1150.77
1150.66
1151.23
1151.56
1151.94
1152.33
1152.73
1153.1
1153.53
1153.83
1154.35
1154.29
1155.47
1156.45
1156.03
1157.12
1157.09
1157.71
1158.08
1158.48
1158.87
1159.26
1159.63
1160.08
1160.4
1160.94
1160.33
1161.65
1162.37
1162.03
1162.9
1162.79
1163.25
1163.52
1164.02
1164.55
1165.14
1165.77
1166.48
1167.08
1167.8
1175.56
1176.03
1176.07
1175.68
1176.39
1176.3
1176.72
1176.84
1177.29
1177.75
1178.18
1178.31
1177.98
1177.26
1177.04
1158.62
1158.49
1156.76
1154.41
1152.96
1151.27
1150.59
1150.23
1151.12
1156.55
1163.54
1165.33
1171.38
1180.05
1178.32
1179.9
1178.84
1177.15
1175.33
1174.93
1175.81
1178.64
1179.42
1178.42
1183.45
1194.4
1211.22
1191.32
1115.91
1103.01
1084.71
1084.65
1084.61
1084.57
1084.52
1084.55
1084.37
1084.23
1084.11
1084.07
1083.85
1083.49
1083.66
1083.22
1082.77
1082.49
1082.44
1082.1
1081.45
1081.69
1081.14
1080.46
1080.03
1080.03
1079.58
1078.87
1078.4
1078.3
1077.91
1077.09
1077.22
1076.73
1075.92
1075.4
1075.16
1074.81
1074.05
1074
1073.6
1072.81
1072.25
1071.84
1071.61
1070.88
1070.33
1069.72
1069.49
1068.88
1068.49
1068.16
1067.41
1066.84
1066.3
1066.15
1065.34
1064.88
1064.05
1063.88
1063.48
1062.37
1061.86
1060.41
1059.83
1057.5
1057.54
1057
1054.37
1051.06
1048.56
1048.64
1045.54
1035.83
1031.21
1031.81
1026.31
1014.2
1025.47
1033.83
1007.12
1010.51
988.486
971.66
982.074
1039.2
1079.25
1094.55
1094.43
1057.1
962.359
857.653
890.074
1196.02
2479.7
1110.91
685.703
613.221
854.91
932.762
849.178
874.348
827.068
992.85
1091.82
1090.17
1124.18
1134.18
1143.67
1145.13
1135.64
1126.3
1124.51
1104.98
1109.17
1102.62
1094.55
1086.44
1079.18
1073.52
1069.59
1061.55
1036.09
1051.06
1053.66
1053.33
1051.38
1049.13
1047.21
1048.56
1043.86
1041.33
1052.69
1052.7
1055.16
1056.87
1056.22
1056.05
1055.43
1049.13
1056.69
1067.69
1066.59
1067.61
1067.25
1066.84
1065.83
1065.39
1064.85
1058.65
1061.09
1072.41
1070.25
1072.21
1070.72
1070.26
1064.03
1061.68
1059.21
1050.42
1064.93
1054.77
1045.77
1053.42
1053.38
1052.46
1050.78
1049.46
1045.48
1044.06
1039.74
1032.72
1031.61
1024.03
1016.45
1011.89
1002.13
1002.61
990.658
980.274
974.874
962.427
965.395
950.377
931.683
940.085
920.094
904.016
898.77
880.738
892.957
866.62
846.953
841.639
820.963
837.707
808.847
773.793
801.994
766.202
738.389
734.766
708.186
739.645
695.194
663.219
660.112
631.308
668.444
623.233
567.772
623.293
569.398
527.208
526.713
491.479
548.707
482.384
435.432
436.013
398.774
463.051
398.289
317.493
408.213
334.451
273.877
278.401
234.84
322.613
233.641
168.437
173.821
129.412
221.329
138.424
32.7268
154.397
63.5149
-12.9805
-11.6448
-46.2597
0.0398519
0.124404
0.169046
0.229419
0.287444
0.349875
0.415489
0.482583
0.544849
0.59451
0.625088
0.635676
0.627083
0.616766
0.600636
0.561024
0.49747
0.40568
0.282689
0.144023
-0.00537752
-0.160772
-0.33613
-0.536659
-0.774234
-1.13831
-1.48132
-2.3161
-5.83873
-7.7743
-11.0381
-14.3662
-18.4704
-23.4975
-29.6129
-34.7857
-42.5478
-57.5291
-58.5508
-55.774
-60.8816
-62.112
-54.3023
-37.2498
-2.15523
19.8251
118.022
6.48373
13.0159
-2.57765
1.29001
2.30656
5.90933
74.3967
66.7898
-21.4792
-89.0924
-99.5803
-92.5454
-74.6576
-52.0973
-31.8071
-16.7081
-8.86724
-6.92449
-4.67004
-1.70676
1.58864
4.69866
7.14519
8.74879
9.71544
10.3924
10.9229
11.3522
11.6851
11.9342
11.3679
11.9508
0.163918
0.397665
0.553971
0.751019
0.94181
1.14689
1.35473
1.56709
1.76674
1.92984
2.03168
2.06618
2.03384
1.99084
1.92995
1.79446
1.58062
1.27975
0.885154
0.441855
-0.0357572
-0.533499
-1.09789
-1.74926
-2.49398
-3.48225
-4.50571
-6.51656
-11.5596
-14.2129
-19.6277
-25.533
-33.0875
-42.3938
-54.3492
-66.6341
-81.1551
-102.895
-112.644
-114.919
-122.062
-125.116
-113.902
-86.125
-23.3004
13.133
212.74
14.889
19.0321
-14.1054
4.98797
12.8139
30.1917
180.188
165.725
-8.89084
-174.005
-232.05
-242.162
-216.745
-172.663
-125.667
-82.8905
-51.8741
-37.0085
-23.2426
-9.60181
2.9299
13.5468
21.8355
27.7041
31.4377
33.6252
34.8529
35.5914
36.1381
36.8514
37.4728
39.0005
0.339361
0.740769
1.02531
1.36923
1.70382
2.06411
2.43086
2.80505
3.15452
3.43631
3.60609
3.65189
3.5825
3.49777
3.37874
3.12713
2.7398
2.20556
1.51385
0.739648
-0.0943161
-0.966386
-1.95383
-3.09231
-4.41249
-6.25981
-8.58113
-11.1463
-14.5276
-16.4026
-22.523
-29.229
-38.1017
-48.9874
-62.9937
-78.393
-95.1277
-116.76
-131.29
-138.052
-145.658
-149.327
-138.12
-109.419
-39.0379
-6.64223
227.879
27.0101
30.076
-26.5052
1.19509
15.8475
54.2059
233.927
217.804
7.50977
-222.403
-330.21
-365.627
-344.728
-293.681
-232.279
-170.771
-118.712
-82.3017
-49.805
-20.7091
4.08764
24.1724
39.4254
50.1139
57.002
61.1939
63.657
65.1959
66.2982
67.4705
68.2908
72.2631
0.459963
1.01927
1.44002
1.92926
2.40618
2.91796
3.43707
3.96659
4.46109
4.85929
5.09753
5.15791
5.05527
4.93338
4.76473
4.40824
3.86215
3.11039
2.1395
1.05385
-0.118746
-1.35132
-2.74678
-4.35226
-6.21017
-8.78571
-12.0548
-14.803
-18.2625
-18.9466
-25.6087
-33.0818
-43.285
-55.8406
-71.8883
-89.9507
-109.203
-132.275
-149.979
-159.807
-168.653
-173.056
-161.393
-131.388
-53.7318
-24.5457
231.945
33.6364
33.7186
-41.853
-3.27124
18.4005
76.4229
280.142
271.11
10.3053
-287.03
-438.892
-494.537
-471.934
-406.164
-323.716
-242.127
-174.457
-121.684
-73.6784
-31.077
4.86031
33.7964
55.7023
71.0749
80.9715
86.9339
90.3613
92.4482
93.9861
95.7364
97.0368
101.308
0.581132
1.30103
1.8635
2.49955
3.12174
3.78875
4.46384
5.15233
5.79558
6.313
6.62061
6.69324
6.55303
6.39181
6.17351
5.71176
5.00828
4.04112
2.79462
1.40226
-0.10641
-1.69923
-3.50034
-5.56643
-7.95045
-11.22
-15.3862
-18.3601
-22.6038
-22.1813
-29.5742
-38.0752
-49.9619
-64.7077
-83.5714
-105.112
-127.998
-154.28
-175.917
-188.941
-199.625
-205.339
-192.87
-160.008
-72.2072
-41.4175
240.026
38.2283
34.0778
-59.6047
-8.94763
21.6652
93.5579
317.033
333.459
11.9723
-362.369
-563.778
-642.997
-620.408
-539.099
-432.109
-324.839
-235.84
-163.29
-98.1164
-41.3111
6.14166
44.16
72.8096
92.8632
105.758
113.53
117.984
120.687
122.693
124.971
127.271
133.79
0.686182
1.56377
2.26946
3.05225
3.82012
4.64246
5.47298
6.31974
7.11206
7.7494
8.12639
8.20998
8.03053
7.83155
7.5688
7.00759
6.15586
4.9832
3.47303
1.78846
-0.044525
-1.98977
-4.18783
-6.70249
-9.59296
-13.4946
-18.4222
-21.6495
-27.1515
-25.3252
-33.4854
-43.0891
-56.7437
-73.7289
-95.4615
-120.684
-147.365
-176.874
-202.875
-219.491
-232.063
-239.307
-226.409
-191.005
-93.9075
-60.6269
242.499
36.9307
29.5285
-80.4166
-15.0472
27.6931
107.049
339.816
395.922
18.1011
-438.134
-694.203
-799.845
-777.831
-678.224
-543.228
-408.001
-296.629
-204.33
-122.211
-51.3866
7.52805
54.5921
89.9508
114.619
130.423
139.897
145.269
148.492
150.931
153.752
156.158
163.449
0.787153
1.82181
2.67157
3.60153
4.51611
5.49523
6.48303
7.48956
8.43334
9.19309
9.64008
9.7322
9.50958
9.2729
8.9692
8.31252
7.32012
5.95037
4.18697
2.22374
0.0764854
-2.21575
-4.80341
-7.75782
-11.1407
-15.624
-21.2301
-24.8931
-31.9848
-28.4237
-37.1547
-47.8654
-63.2854
-82.4482
-106.884
-135.671
-166.035
-198.544
-228.763
-249.006
-263.464
-272.277
-259.346
-222.076
-117.649
-82.1979
235.333
30.3128
20.3807
-103.791
-20.2668
37.7979
119.65
350.757
448.934
22.7241
-519.332
-836.937
-972.549
-951.072
-829.096
-661.357
-494.655
-358.538
-245.44
-146.032
-61.0523
9.45076
65.6063
107.661
136.855
155.473
166.58
172.818
176.531
179.39
182.723
186.537
193.963
0.881011
2.07164
3.06517
4.14263
5.20399
6.34053
7.48661
8.65382
9.75076
10.6352
11.1525
11.2505
10.9804
10.707
10.367
9.62069
8.4977
6.94219
4.93899
2.71403
0.265631
-2.3662
-5.33411
-8.71858
-12.581
-17.5998
-23.8274
-28.1776
-36.994
-31.8973
-40.77
-52.6115
-69.8139
-91.2156
-118.376
-150.76
-184.902
-220.548
-254.878
-278.714
-295.171
-305.653
-292.954
-254.148
-143.784
-105.931
218.693
17.7703
6.06044
-129.849
-23.4807
53.7908
135.898
350.173
485.362
21.4612
-608.602
-995.004
-1164.39
-1142.62
-993.072
-786.589
-584.325
-421.299
-286.612
-169.645
-70.3589
11.8562
77.1313
125.843
159.45
180.757
193.377
200.381
204.508
207.746
211.579
216.367
226.18
0.970606
2.31688
3.45337
4.67868
5.88659
7.1814
8.4869
9.81647
11.0686
12.0805
12.669
12.7699
12.4469
12.1372
11.7652
10.9353
9.69238
7.96407
5.73588
3.26671
0.531165
-2.43227
-5.77188
-9.57761
-13.9096
-19.4296
-26.257
-31.5472
-41.8373
-35.9739
-44.2742
-57.3598
-76.3714
-100.14
-130.151
-166.29
-204.406
-243.45
-281.954
-309.468
-328.1
-340.422
-328.251
-288.201
-173.11
-132.566
192.516
-1.21209
-13.5892
-158.571
-24.15
76.4683
160.204
338.218
499.956
11.4337
-705.768
-1168.55
-1375.55
-1352.28
-1170.01
-918.746
-676.791
-484.784
-327.733
-192.902
-79.1054
14.9533
89.3738
144.672
182.552
206.398
220.401
228.071
232.545
236.124
240.404
245.51
255.886
1.05584
2.55771
3.83581
5.20931
6.56298
8.01665
9.4822
10.9759
12.3855
13.5277
14.188
14.2887
13.9071
13.5606
13.1614
12.2545
10.9036
9.01817
6.58186
3.88658
0.879764
-2.40577
-6.10899
-10.3277
-15.1212
-21.1199
-28.5463
-34.9541
-46.0909
-40.6319
-47.4451
-62.0281
-82.8893
-109.152
-142.125
-182.167
-224.423
-267.084
-309.851
-341.181
-362.176
-376.528
-365.237
-324.375
-205.929
-162.67
156.827
-27.1334
-38.9151
-189.828
-21.5366
106.253
194.041
315.265
488.238
-12.3939
-811.6
-1357.71
-1605.75
-1579.5
-1359.28
-1057.55
-771.905
-548.961
-368.793
-215.737
-87.1833
18.8443
102.422
164.201
206.187
232.394
247.622
255.834
260.57
264.452
269.155
275.582
286.134
1.13767
2.79558
4.21366
5.7355
7.23387
8.84672
10.4728
12.1324
13.7019
14.9774
15.7105
15.8081
15.3616
14.9771
14.5549
13.5774
12.1308
10.1068
7.48065
4.57712
1.31644
-2.2805
-6.33961
-10.9639
-16.2148
-22.6812
-30.7093
-38.2854
-49.4292
-45.7352
-50.276
-66.594
-89.3792
-118.25
-154.275
-198.342
-244.873
-291.349
-338.443
-373.711
-397.252
-413.814
-403.758
-362.557
-242.197
-196.28
112.607
-60.1407
-69.8902
-223.239
-15.0886
143.755
236.088
286.785
446.663
-57.1134
-928.504
-1562.23
-1853.79
-1823.04
-1559.61
-1202.29
-869.281
-613.613
-409.615
-237.949
-94.3872
23.7064
116.424
184.535
230.424
258.788
275.063
283.681
288.589
292.718
297.808
305.178
317.623
1.21653
3.03135
4.58745
6.25742
7.89924
9.67122
11.4581
13.285
15.0171
16.4289
17.2359
17.328
16.8106
16.3856
15.9434
14.9016
13.3713
11.2295
8.43407
5.33959
1.84287
-2.05278
-6.45899
-11.482
-17.19
-24.1215
-32.7381
-41.4034
-51.821
-51.13
-53.158
-71.1063
-95.9015
-127.49
-166.669
-214.879
-265.831
-316.341
-367.83
-407.152
-433.421
-452.358
-443.877
-402.79
-281.909
-233.386
61.3729
-99.9227
-106.156
-258.644
-5.25819
189.174
283.906
265.034
373.479
-130.209
-1060.65
-1781.62
-2117.77
-2080.82
-1769.52
-1351.89
-968.39
-678.422
-449.942
-259.273
-100.484
29.7237
131.51
205.758
255.315
285.6
302.719
311.591
316.569
320.888
326.323
334.21
346.615
1.29292
3.26604
4.95787
6.77538
8.55938
10.49
12.4378
14.4329
16.3301
17.8813
18.7631
18.8485
18.2555
17.7857
17.3247
16.224
14.6204
12.3827
9.44199
6.17284
2.45611
-1.72255
-6.46407
-11.8794
-18.0463
-25.4449
-34.6119
-44.2035
-53.5958
-56.5033
-56.6911
-75.6685
-102.506
-136.904
-179.368
-231.85
-287.387
-342.186
-398.167
-441.674
-470.858
-492.337
-485.757
-445.24
-325.19
-274.192
4.57084
-145.901
-147.496
-295.985
6.52724
241.756
334.906
251.405
268.434
-237.948
-1214.16
-2016.02
-2395.94
-2350.16
-1987.26
-1504.98
-1068.34
-742.783
-489.299
-279.31
-105.157
37.1263
147.836
227.966
280.911
312.851
330.589
339.55
344.489
348.94
354.69
363.714
377.277
1.36728
3.50054
5.3253
7.28966
9.21442
11.303
13.4111
15.575
17.639
19.333
20.2903
20.3689
19.6973
19.1767
18.6958
17.5397
15.8717
13.5593
10.4992
7.07126
3.14952
-1.29321
-6.35483
-12.1545
-18.7815
-26.6512
-36.3137
-46.6509
-55.2424
-61.5234
-61.2542
-80.389
-109.241
-146.505
-192.427
-249.303
-309.6
-368.971
-429.567
-477.406
-509.701
-533.893
-529.537
-490.065
-372.182
-319.021
-56.9658
-197.723
-193.835
-335.02
17.8628
297.621
383.704
235.654
132.386
-384.779
-1396.02
-2265.93
-2686.4
-2628.11
-2210.74
-1660
-1167.92
-805.771
-526.975
-297.515
-108.013
46.1861
165.567
251.256
307.256
340.552
358.665
367.539
372.322
376.836
382.859
391.939
405.863
1.43995
3.73558
5.68997
7.80054
9.8644
12.1097
14.3773
16.7098
18.9415
20.7808
21.8143
21.8876
21.1369
20.5577
20.0523
18.8423
17.1167
14.7487
11.5942
8.02376
3.91351
-0.771395
-6.13476
-12.3074
-19.393
-27.7377
-37.8422
-48.784
-57.122
-66.0221
-66.4969
-85.4593
-116.263
-156.356
-205.923
-267.285
-332.519
-396.766
-462.123
-514.453
-550.056
-577.131
-575.309
-537.375
-422.982
-368.179
-123.07
-255.17
-245.577
-375.828
26.1539
351.613
423.046
207.553
-32.4497
-575.07
-1613.34
-2531.68
-2986.38
-2911.55
-2437.13
-1815.01
-1265.59
-866.143
-562.013
-313.182
-108.567
57.229
184.898
275.725
334.389
368.706
386.933
395.537
400.041
404.564
410.829
420.987
434.631
1.51117
3.97163
6.05214
8.30839
10.5091
12.91
15.3355
17.8357
20.2344
22.2201
23.3303
23.4013
22.5742
21.9263
21.3869
20.124
18.3452
15.9369
12.711
9.01549
4.73536
-0.167536
-5.81083
-12.3415
-19.879
-28.7
-39.2113
-50.6735
-59.3477
-69.6591
-71.5931
-91.2208
-123.901
-166.541
-220.037
-285.855
-356.199
-425.65
-495.935
-552.921
-592.025
-622.152
-623.152
-587.26
-477.676
-421.945
-194.153
-318.626
-303.819
-419.004
28.5227
397.376
441.647
154.191
-223.013
-814.226
-1872.73
-2814.35
-3292.22
-3197
-2662.6
-1967.55
-1359.58
-922.456
-593.298
-325.487
-106.25
70.635
206.045
301.471
362.331
397.304
415.372
423.515
427.621
432.085
438.562
449.4
464.189
1.58105
4.20907
6.41215
8.81358
11.1483
13.7035
16.2846
18.9506
21.5137
23.6449
24.8306
24.9033
24.0064
23.2759
22.6888
21.3749
19.5452
17.1077
13.8315
10.0297
5.60048
0.504594
-5.39419
-12.2639
-20.2392
-29.5345
-40.4408
-52.365
-61.7713
-71.9859
-76.2404
-97.5947
-132.453
-177.185
-235.032
-305.068
-380.711
-455.713
-531.116
-592.936
-635.726
-669.067
-673.16
-639.822
-536.36
-480.619
-270.993
-388.451
-369.505
-465.412
20.0663
426.783
425.206
57.2959
-444.953
-1112.11
-2181.93
-3116.81
-3598.45
-3478.59
-2881.77
-2113.92
-1447.59
-973.025
-619.585
-333.517
-100.409
86.8372
229.243
328.578
391.086
426.32
443.949
451.439
455.031
459.379
466.024
476.882
491.704
1.64963
4.44828
6.77046
9.31628
11.7818
14.4896
17.2233
20.0517
22.7743
25.0468
26.3044
26.3824
25.4256
24.595
23.9431
22.5811
20.7029
18.2453
14.9384
11.0494
6.49243
1.22757
-4.90101
-12.0878
-20.4795
-30.2441
-41.5488
-53.872
-64.1004
-73.2408
-80.7678
-104.02
-141.814
-188.875
-251.054
-324.955
-406.144
-487.057
-567.791
-634.638
-681.292
-718.001
-725.433
-695.169
-599.136
-544.47
-354.312
-465.321
-445.3
-517.009
-6.5921
428.621
356.587
-105.532
-722.162
-1484.24
-2552.41
-3447.04
-3903.51
-3748.13
-3087.3
-2249.08
-1526.75
-1015.93
-639.495
-336.292
-90.3059
106.31
254.729
357.109
420.63
455.709
472.616
479.269
482.24
486.427
493.206
504.781
519.217
1.71691
4.68968
7.12752
9.81643
12.4091
15.2675
18.1502
21.1359
24.0099
26.4155
27.7376
27.821
26.8144
25.8664
25.1299
23.7241
21.8032
19.3347
16.0164
12.0596
7.39451
1.98007
-4.35579
-11.8365
-20.6201
-30.842
-42.5522
-55.2175
-66.1277
-74.5059
-85.472
-110.244
-151.418
-202.185
-267.842
-345.58
-432.6
-519.799
-606.101
-678.182
-728.865
-769.088
-780.079
-753.406
-666.124
-613.716
-444.388
-549.442
-531.314
-577.472
-59.5605
389.435
216.926
-361.253
-1095.24
-1950.95
-2997.54
-3817.05
-4215.23
-4000.86
-3272.2
-2367.39
-1593.66
-1049.01
-651.552
-332.765
-75.1641
129.532
282.71
387.082
450.901
485.396
501.313
506.952
509.213
513.196
520.068
532.038
547.215
1.78292
4.93378
7.48368
10.3138
13.03
16.0361
19.0636
22.1994
25.2125
27.7386
29.1135
29.1952
28.1442
27.0646
26.2247
24.7824
22.8311
20.3629
17.0513
13.048
8.29367
2.74182
-3.79017
-11.547
-20.6996
-31.3581
-43.4779
-56.4766
-67.9284
-76.5986
-89.7789
-116.441
-160.767
-216.222
-285.066
-367.141
-460.171
-554.07
-646.204
-723.738
-778.602
-822.47
-837.208
-814.647
-737.458
-688.551
-541.817
-642.517
-631.184
-653.113
-147.92
293.658
-14.0482
-739.381
-1611.41
-2542.61
-3533.9
-4238.38
-4544.29
-4237.04
-3430.2
-2462.99
-1644.55
-1069.98
-654.24
-321.886
-54.2514
156.921
313.319
418.458
481.791
515.281
529.957
534.429
535.912
539.663
546.581
558.414
573.254
1.84767
5.18115
7.8391
10.8081
13.6442
16.7943
19.9613
23.2374
26.3719
29.0007
30.413
30.4735
29.3763
28.1566
27.201
25.7332
23.7727
21.3242
18.0351
14.0049
9.17824
3.49411
-3.24001
-11.2703
-20.7799
-31.8526
-44.378
-57.7563
-69.7168
-79.4081
-92.9036
-123.03
-169.849
-229.63
-302.821
-389.924
-488.992
-590.007
-688.278
-771.497
-830.67
-878.296
-896.93
-879.002
-813.233
-769.176
-648.19
-747.292
-746.928
-749.604
-280.582
125.195
-354.829
-1269.04
-2316.32
-3303.94
-4185.81
-4719.95
-4895.44
-4456
-3553.96
-2529.66
-1675.37
-1076.69
-646.111
-302.713
-26.9875
188.738
346.564
451.106
513.143
545.227
558.45
561.632
562.294
565.804
572.726
584.978
599.888
1.91124
5.4324
8.19377
11.2992
14.2511
17.5407
20.8406
24.2441
27.4757
30.1819
31.6116
31.6168
30.4608
29.1021
28.0315
26.5584
24.6186
22.2172
18.9711
14.927
10.0359
4.21546
-2.74282
-11.068
-20.9455
-32.4251
-45.3484
-59.1661
-71.6708
-82.424
-95.62
-130.218
-179.046
-242.914
-321.369
-414.098
-519.408
-627.758
-732.529
-821.678
-885.259
-936.728
-959.359
-946.573
-893.491
-855.868
-764.674
-863.265
-877.469
-874.305
-466.567
-128.683
-816.448
-1966.69
-3236.41
-4280.08
-4990.75
-5275.28
-5269.45
-4652.34
-3635.09
-2560.83
-1682.14
-1066.93
-625.609
-274.422
6.95153
224.996
382.277
484.802
544.747
575.071
586.677
588.487
588.312
591.578
598.459
610.156
624.962
1.97374
5.68808
8.54777
11.7871
14.8498
18.2738
21.6981
25.2127
28.5086
31.2544
32.6742
32.5845
31.3454
29.8595
28.6923
27.2459
25.3649
23.0403
19.866
15.8193
10.8614
4.89026
-2.32252
-10.99
-21.2778
-33.1963
-46.5362
-60.8481
-74.0127
-85.8079
-99.3012
-137.59
-188.888
-256.973
-340.772
-439.571
-551.92
-667.476
-779.186
-874.532
-942.579
-997.94
-1024.61
-1017.47
-978.278
-948.974
-892.063
-991.785
-1028.3
-1034.96
-715.643
-474.571
-1399.27
-2825.16
-4363.96
-5481.22
-5979.22
-5927.93
-5674.8
-4822.61
-3667.45
-2550.94
-1661.08
-1038.53
-591.652
-236.545
47.5578
265.437
420.119
519.232
576.351
604.624
614.516
614.918
613.92
616.964
623.765
635.629
649.776
2.03535
5.94873
8.90127
12.2716
15.4392
18.9917
22.5298
26.1346
29.4518
32.1815
33.5549
33.3332
31.9844
30.3963
29.1724
27.793
26.0139
23.7975
20.7273
16.6905
11.6599
5.52205
-1.97802
-11.0462
-21.8114
-34.2438
-48.0833
-62.9794
-76.9847
-90.0944
-104.417
-144.998
-199.491
-271.921
-361.036
-466.224
-586.829
-709.387
-828.506
-930.352
-1002.86
-1062.12
-1092.81
-1091.78
-1067.65
-1048.88
-1031.03
-1132.52
-1199.09
-1237.24
-1036.85
-913.727
-2094.72
-3815.05
-5650.86
-6874.16
-7146.67
-6697.9
-6132.43
-4974.2
-3651.02
-2497.97
-1610.28
-990.303
-543.735
-188.883
94.5665
309.583
459.626
554.03
607.685
633.688
641.838
640.849
639.069
641.912
648.598
660.372
674.57
2.0963
6.21491
9.2546
12.7524
16.0184
19.6917
23.3299
26.999
30.2855
32.925
34.1991
33.8165
32.3441
30.6956
29.4774
28.217
26.5824
24.5028
21.5671
17.5531
12.4429
6.12582
-1.69011
-11.2079
-22.522
-35.5598
-50.0323
-65.6672
-80.7217
-95.5673
-111.076
-152.728
-210.386
-287.747
-382.393
-494.202
-624.058
-753.957
-880.782
-989.482
-1066.39
-1129.48
-1164.05
-1169.63
-1161.59
-1155.88
-1181.59
-1284.63
-1395.93
-1486.69
-1437.97
-1446.69
-2894.65
-4900.12
-7020.84
-8375.1
-8438.52
-7575.92
-6664.49
-5125.98
-3593.11
-2404.21
-1530.05
-922.216
-482.185
-131.639
147.503
356.835
500.284
588.83
638.486
662.072
668.521
666.204
663.709
666.385
672.921
684.096
697.871
2.15678
6.48725
9.60812
13.2287
16.5859
20.3698
24.0899
27.7907
30.9925
33.4582
34.5602
33.9965
32.4132
30.7664
29.6318
28.5547
27.1099
25.1852
22.4013
18.4244
13.2275
6.71795
-1.43059
-11.4297
-23.3495
-37.0811
-52.3196
-68.8547
-85.1484
-102.072
-119.375
-160.853
-221.983
-304.326
-405.073
-523.833
-663.526
-801.958
-936.383
-1052.33
-1133.47
-1200.24
-1238.45
-1251.09
-1260.04
-1270.07
-1343.94
-1450.31
-1622.76
-1783.94
-1922.16
-2076.79
-3801.54
-6065.17
-8427.11
-9904.34
-9782.94
-8514.62
-7276.01
-5300.87
-3507.3
-2275.42
-1422.66
-835.423
-408.077
-65.5933
205.646
406.539
541.591
623.302
668.528
689.612
694.456
690.918
687.792
690.346
696.712
707.785
720.802
2.21681
6.76636
9.96204
13.6997
17.1397
21.0208
24.7965
28.4878
31.5552
33.7671
34.6169
33.8562
32.2035
30.6494
29.6866
28.8528
27.648
25.8912
23.2562
19.3269
14.033
7.31895
-1.17077
-11.6678
-24.2272
-38.7225
-54.8398
-72.4148
-90.0711
-109.186
-129.012
-169.991
-235.235
-321.354
-429.118
-555.398
-705.518
-854.148
-995.894
-1119.37
-1204.47
-1274.68
-1316.11
-1336.21
-1362.98
-1391.34
-1518.57
-1631.68
-1878.26
-2126.89
-2485.41
-2809.36
-4827.33
-7331.49
-9870.2
-11438.1
-11125.8
-9453.71
-7950.69
-5517.2
-3410.81
-2120.47
-1292.02
-731.87
-322.684
7.74329
268.005
458
583.079
657.157
697.631
716.179
719.556
714.935
711.277
713.746
719.925
730.718
743.604
2.27619
7.05287
10.3165
14.1644
17.6773
21.6368
25.4309
29.061
31.9447
33.8357
34.3647
33.4091
31.7547
30.4082
29.7115
29.1675
28.241
26.6711
24.1726
20.2908
14.8877
7.95141
-0.888129
-11.8934
-25.1092
-40.4114
-57.4911
-76.2321
-95.3553
-116.66
-139.295
-180.699
-249.847
-339.416
-454.304
-588.864
-750.459
-910.993
-1060.31
-1191.18
-1279.83
-1353.08
-1397.15
-1424.98
-1470.33
-1519.32
-1706.32
-1829.26
-2159.52
-2507.8
-3117.4
-3647.68
-5979.68
-8721.15
-11387.7
-12983.7
-12421.8
-10339.4
-8650.54
-5781.27
-3320.37
-1950.47
-1143.57
-614.292
-227.66
86.503
333.397
510.456
624.284
690.153
725.668
741.687
743.76
738.221
734.127
736.544
742.521
752.61
765.104
2.33451
7.34739
10.6715
14.6218
18.1953
22.2067
25.9719
29.4792
32.124
33.6462
33.8233
32.7022
31.1484
30.132
29.7836
29.5625
28.9298
27.5667
25.1914
21.3461
15.8273
8.64113
-0.565503
-12.0893
-25.9738
-42.1106
-60.2122
-80.2175
-100.918
-124.436
-149.776
-192.617
-264.799
-358.802
-480.536
-623.98
-798.568
-972.839
-1131.03
-1268.49
-1360.09
-1435.81
-1481.66
-1517.44
-1581.96
-1653.62
-1907.84
-2037.3
-2456.96
-2915.72
-3805.72
-4591.63
-7253.28
-10227
-13003.8
-14567.5
-13704.6
-11160.7
-9332.01
-6084.42
-3248.32
-1776.68
-983.764
-486.155
-125.194
168.653
400.435
563.072
664.755
722.081
752.548
766.089
767.039
760.752
756.291
758.695
764.456
774.385
786.337
2.39135
7.65067
11.0272
15.0704
18.6894
22.7177
26.3993
29.7205
32.0657
33.1924
33.039
31.8144
30.4959
29.9208
29.9803
30.0997
29.7577
28.6074
26.3445
22.5161
16.874
9.4162
-0.185352
-12.2392
-26.8074
-43.8027
-62.9761
-84.3275
-106.703
-132.513
-160.484
-205.315
-279.69
-378.95
-508.106
-660.714
-849.817
-1040.02
-1209.48
-1352.29
-1445.86
-1523.29
-1569.81
-1613.58
-1697.65
-1794.02
-2122.92
-2245.25
-2761.19
-3339.26
-4540.25
-5639.37
-8636.64
-11819.1
-14711.3
-16221.7
-15017.1
-11921.5
-9960.18
-6408.02
-3201
-1608.22
-819.06
-351.264
-17.5764
252.466
467.664
615.009
704.082
752.774
778.212
789.356
789.388
782.502
777.72
780.133
785.679
794.851
806.564
2.44655
7.96354
11.3837
15.5088
19.1525
23.157
26.6973
29.772
31.76
32.4991
32.067
30.8505
29.909
29.8538
30.3601
30.8275
30.7637
29.8136
27.6549
23.8191
18.0385
10.2959
0.273069
-12.327
-27.5963
-45.4738
-65.7633
-88.5354
-112.676
-140.864
-171.549
-218.799
-294.794
-399.785
-537.242
-699.339
-904.168
-1112.74
-1296.61
-1444.03
-1537.91
-1616.04
-1661.78
-1713.43
-1817.1
-1940.45
-2350.33
-2442.09
-3060.2
-3767.34
-5312.59
-6786.38
-10113.7
-13462.4
-16470.8
-17943.7
-16360
-12624
-10514.8
-6729.74
-3178.76
-1450.95
-654.951
-213.2
92.9854
336.945
533.694
665.495
741.923
782.082
802.623
811.489
810.829
803.456
798.4
800.839
806.182
815.164
826.362
2.50015
8.28684
11.7414
15.9359
19.5744
23.5079
26.8529
29.6232
31.2169
31.6171
30.9792
29.9234
29.4795
29.9821
30.9562
31.7753
31.9765
31.2103
29.143
25.2758
19.3369
11.2918
0.828458
-12.3374
-28.3257
-47.109
-68.5522
-92.8101
-118.796
-149.446
-182.956
-232.998
-310.665
-421.772
-568.082
-740.102
-961.886
-1191.09
-1393.02
-1545.69
-1637.21
-1714.65
-1757.77
-1817.02
-1940.03
-2093.11
-2588.36
-2620.95
-3340.28
-4191.94
-6116.31
-8021.98
-11652.5
-15098.8
-18210.3
-19700.2
-17733
-13266
-10991.2
-7028.54
-3177
-1307.48
-495.456
-75.0099
204.413
421.371
597.271
713.786
778.009
809.939
825.827
832.561
831.381
823.618
818.344
820.797
825.95
834.649
845.599
2.55185
8.62132
12.1009
16.3518
19.9464
23.7554
26.8496
29.2682
30.4719
30.5972
29.8699
29.1406
29.2673
30.3333
31.7832
32.9593
33.4166
32.8223
30.8265
26.9073
20.7904
12.419
1.49534
-12.2558
-28.9807
-48.6924
-71.3203
-97.1181
-125.02
-158.214
-194.639
-247.717
-327.919
-444.856
-600.68
-783.148
-1023.49
-1275.41
-1499.26
-1659.38
-1745
-1819.83
-1858.08
-1924.38
-2066.18
-2252.47
-2835.4
-2781.49
-3587.01
-4608.62
-6949.56
-9326.92
-13191.9
-16612.6
-19803.3
-21397.6
-19121.4
-13844.4
-11395.5
-7288.08
-3187.84
-1178.02
-343.274
60.7158
314.749
504.756
657.682
759.209
812.128
836.358
847.918
852.698
851.084
843.011
837.563
839.999
844.965
853.142
863.852
2.60068
8.96758
12.463
16.7567
20.2644
23.8958
26.6766
28.7169
29.5818
29.497
28.8406
28.5836
29.3042
30.9196
32.845
34.3881
35.1001
34.6641
32.7172
28.7275
22.414
13.6951
2.28969
-12.0655
-29.5453
-50.2079
-74.0475
-101.429
-131.304
-167.129
-206.567
-262.92
-346.895
-468.467
-634.991
-828.654
-1089.46
-1366.37
-1616.28
-1786.98
-1862.78
-1932.42
-1963.04
-2035.59
-2195.47
-2419.27
-3090.04
-2929.08
-3786.34
-5014.18
-7815.77
-10672.2
-14637.3
-17826.8
-21060.5
-22859.8
-20461.5
-14360.6
-11734.8
-7497.82
-3202.4
-1061.58
-200.191
191.702
422.171
586.055
715.087
801.26
844.012
861.328
868.948
871.989
869.991
861.662
856.067
858.444
863.221
871.245
881.576
2.64507
9.32612
12.8285
17.1505
20.5267
23.9343
26.3443
28.004
28.5954
28.3899
27.9875
28.2953
29.6024
31.7466
34.1414
36.0624
37.0354
36.7435
34.8239
30.7463
24.2164
15.1336
3.22762
-11.749
-30.0017
-51.6375
-76.7153
-105.72
-137.62
-176.168
-218.752
-278.681
-367.424
-492.671
-671.03
-876.84
-1160.22
-1464.9
-1745.61
-1930.27
-1992.29
-2053.39
-2073.1
-2150.78
-2327.98
-2594.54
-3350.94
-3072.8
-3926.4
-5405.7
-8720.23
-12018.4
-15869.8
-18582.4
-21809.5
-23892.8
-21623.3
-14817.7
-12012
-7652.5
-3212.87
-956.763
-67.6039
315.894
524.945
664.21
769.911
839.979
873.393
884.701
888.853
890.429
888.139
879.594
873.863
876.133
880.722
888.525
898.902
2.68321
9.69739
13.1993
17.5341
20.7349
23.876
25.8756
27.1809
27.5507
27.357
27.3771
28.2853
30.1621
32.8168
35.672
37.9776
39.2198
39.0602
37.1518
32.97
26.2045
16.7447
4.32374
-11.29
-30.3302
-52.9607
-79.3045
-109.975
-143.958
-185.328
-231.242
-295.096
-389.221
-518.271
-708.832
-927.759
-1236.26
-1571.97
-1889.28
-2091.33
-2135.69
-2183.81
-2188.75
-2270.22
-2463.92
-2779.43
-3616.67
-3229.88
-4005.21
-5786.86
-9667.29
-13317.2
-16786.4
-18876
-22078.7
-24485.6
-22452.4
-15215.1
-12226.4
-7750.87
-3213.44
-862.32
53.0953
431.306
621.393
738.142
822.145
876.014
900.278
906.374
907.636
908.005
905.536
896.828
890.957
893.084
897.47
904.838
915.378
2.71373
10.0817
13.5776
17.9097
20.8955
23.7273
25.2964
26.2883
26.493
26.4817
27.0375
28.5457
30.9777
34.1308
37.4355
40.1257
41.6405
41.6068
39.7006
35.4011
28.3831
18.5364
5.59097
-10.6716
-30.5102
-54.1548
-81.7926
-114.181
-150.314
-194.619
-244.106
-312.27
-412.198
-546.123
-748.244
-981.252
-1318.06
-1688.51
-2049.35
-2272.53
-2295.92
-2324.91
-2310.44
-2394.26
-2603.57
-2975.01
-3883.96
-3428.06
-4042.83
-6176.28
-10658.5
-14512.5
-17347.7
-18884.2
-22095.5
-24820.6
-22855
-15550.5
-12375.6
-7794.08
-3200.19
-777.322
160.524
536.083
710.029
806.933
871.421
909.99
925.224
926.652
925.558
924.793
922.188
913.379
907.356
909.312
913.484
920.72
931.02
2.73623
10.4789
13.9652
18.2812
21.0153
23.4957
24.6344
25.3479
25.4845
25.8299
26.9699
29.0661
32.0438
35.6873
39.4303
42.5001
44.2838
44.377
42.4672
38.0404
30.7561
20.5141
7.0389
-9.87848
-30.5222
-55.1959
-84.1554
-118.312
-156.68
-204.048
-257.404
-330.308
-436.441
-576.673
-788.971
-1037.36
-1405.92
-1815.65
-2228.59
-2476.39
-2476
-2478.52
-2438.64
-2523.36
-2747.42
-3182.15
-4143.91
-3689.6
-4082.62
-6608.62
-11690.1
-15542.5
-17570.4
-18798.7
-21984.2
-24997
-22833.3
-15827.5
-12456.4
-7784.25
-3170.62
-701.089
253.658
628.886
789.832
869.908
917.351
942.058
948.9
946.088
942.993
940.975
938.124
929.255
923.071
924.801
928.756
935.569
946.277
2.7509
10.8868
14.3628
18.6539
21.1012
23.1916
23.9123
24.3898
24.6029
25.4368
27.1652
29.8376
33.3547
37.4827
41.6531
45.096
47.1436
47.3695
45.4506
40.8894
33.3283
22.6831
8.67576
-8.89777
-30.348
-56.0601
-86.3664
-122.342
-163.034
-213.609
-271.163
-349.28
-462.113
-609.695
-831.067
-1096.36
-1499.69
-1954.25
-2430.45
-2706.87
-2678.33
-2647.88
-2574.1
-2658.01
-2896.39
-3402.74
-4385.08
-4017.32
-4170.79
-7125.59
-12743.3
-16332.2
-17506.6
-18703.6
-21744.1
-24936.1
-22454.8
-16056.7
-12465.8
-7723.72
-3123.29
-632.963
332.17
709.14
860.343
926.685
959.595
972.102
971.611
965.045
960.134
956.702
953.385
944.458
938.111
939.517
943.259
949.908
960.568
2.75751
11.3004
14.7659
19.0269
21.156
22.8274
23.1635
23.4641
23.9223
25.3056
27.6084
30.8491
34.9019
39.5098
44.0978
47.908
50.2193
50.5841
48.6537
43.9517
36.1061
25.0502
10.5096
-7.71849
-29.9723
-56.7258
-88.3983
-126.239
-169.346
-223.283
-285.365
-369.197
-489.348
-644.655
-875.32
-1158.4
-1599.26
-2104.58
-2657.16
-2969.65
-2905.98
-2836.44
-2718.36
-2798.79
-3051.47
-3641.09
-4603.34
-4390.73
-4335.37
-7762.61
-13770.9
-16788.1
-17293.9
-18596.4
-21436.6
-24642.2
-21899.7
-16246.3
-12402.6
-7614.69
-3057.86
-572.158
396.541
777.011
921.574
977.157
997.932
1000.03
993.396
983.596
976.974
972.021
968.013
958.991
952.477
953.424
956.955
963.45
974.303
2.75488
11.7101
15.1629
19.3849
21.179
22.4048
22.4389
22.6345
23.4839
25.4191
28.2837
32.0889
36.6748
41.7585
46.7572
50.9313
53.5109
54.0208
52.0807
47.2334
39.0968
27.6225
12.5481
-6.33093
-29.3821
-57.1752
-90.2268
-129.971
-175.582
-233.039
-299.966
-390.021
-518.169
-681.314
-922.761
-1223.42
-1705.52
-2267.37
-2910.12
-3269.99
-3163.48
-3046.76
-2874.14
-2946.69
-3213.81
-3903.42
-4805.03
-4780.04
-4587.24
-8537.56
-14691.4
-16864.7
-17071.2
-18445.6
-21107.7
-24248.9
-21419.4
-16373.7
-12266.9
-7458.89
-2974.9
-517.836
447.995
833.245
973.865
1021.4
1032.3
1025.84
1014.24
1001.7
993.446
986.916
982.033
972.858
966.149
966.548
969.864
976.086
987.979
2.74125
12.1039
15.5369
19.7057
21.1677
21.9307
21.7515
21.9602
23.2893
25.7595
29.179
33.5452
38.6605
44.2161
49.622
54.1591
57.0154
57.6789
55.7336
50.7399
42.3074
30.4078
14.7993
-4.72564
-28.5657
-57.3925
-91.8316
-133.51
-181.706
-242.836
-314.905
-411.675
-548.496
-719.765
-973.88
-1291.33
-1819.84
-2445.17
-3192.47
-3611.16
-3455.87
-3282.16
-3044.48
-3103.35
-3384.48
-4196
-5007.1
-5172.62
-4938.28
-9445.57
-15381.9
-16689.2
-16867.9
-18231.3
-20729.8
-23778
-21076.2
-16366.8
-12062
-7257.07
-2875.86
-469.092
488.265
878.947
1017.77
1059.59
1062.77
1049.6
1034.14
1019.3
1009.49
1001.36
995.457
986.068
979.073
979.007
982.043
988.08
1000.73
2.71462
12.4685
15.8706
19.9688
21.105
21.4447
21.1023
21.4875
23.3151
26.3079
30.2802
35.2039
40.8435
46.8674
52.6813
57.5839
60.7285
61.5569
59.6125
54.4747
45.7439
33.4129
17.2707
-2.89341
-27.5112
-57.3629
-93.194
-136.831
-187.681
-252.625
-330.099
-434.042
-580.176
-760.083
-1028.42
-1362.73
-1942.91
-2641.77
-3509.6
-3996.71
-3788.48
-3547.07
-3232.68
-3271.45
-3564.48
-4523.73
-5234.22
-5581.87
-5413.96
-10449.6
-15755.4
-16454
-16664.9
-17951
-20274.2
-23167
-20711.4
-16166.2
-11799.7
-7008.99
-2762.78
-424.733
519.319
915.379
1053.96
1092.04
1089.52
1071.44
1053.09
1036.33
1025.05
1015.33
1008.28
998.631
991.201
990.951
993.588
999.248
1013.11
2.67314
12.7905
16.149
20.1598
20.9669
20.9855
20.5221
21.2418
23.548
27.0532
31.5734
37.0486
43.206
49.6965
55.9252
61.2015
64.6498
65.6562
63.7219
58.4415
49.411
36.644
19.9691
-0.825326
-26.2068
-57.0721
-94.2956
-139.906
-193.471
-262.346
-345.44
-456.963
-612.962
-802.097
-1085.73
-1439.1
-2073.94
-2859.56
-3868.39
-4433.71
-4166.91
-3846.48
-3442.81
-3454.43
-3755.63
-4889.79
-5507.15
-6035.72
-6055.57
-11483.7
-15888.6
-16246
-16451.2
-17606.8
-19730.8
-22396.2
-20176.8
-15779.9
-11481.9
-6714.6
-2638
-383.433
543.141
943.832
1083.18
1119.15
1112.84
1091.49
1071.12
1052.76
1040.1
1028.8
1020.5
1010.54
1002.57
1002.5
1004.59
1009.61
1025.34
2.616
13.0586
16.3609
20.2791
20.7605
20.5782
20.068
21.2112
23.9677
27.9795
33.042
39.061
45.7294
52.6892
59.3474
65.0123
68.7836
69.984
68.071
62.6472
53.3138
40.1064
22.9002
1.48695
-24.6417
-56.5062
-95.1187
-142.71
-199.034
-271.928
-360.796
-480.221
-646.476
-845.336
-1145.16
-1521.62
-2211.07
-3096.94
-4275.99
-4931.68
-4596.78
-4186.07
-3679.34
-3655.69
-3960.86
-5295.98
-5832.69
-6573.66
-6914.66
-12504.3
-15942.9
-16071.2
-16219.9
-17200.2
-19103.9
-21492.8
-19456
-15256.1
-11093.8
-6381.29
-2504.27
-344.268
561.505
965.506
1106.17
1141.45
1133.1
1109.92
1088.24
1068.54
1054.61
1041.73
1032.1
1021.76
1013.31
1013.7
1015.13
1019.26
1037.1
2.54439
13.2652
16.4994
20.3324
20.5174
20.2279
19.7804
21.3735
24.5639
29.0749
34.6699
41.2222
48.3972
55.8362
62.9454
69.0193
73.136
74.5481
72.67
67.1013
57.4601
43.8054
26.0684
4.04963
-22.8069
-55.6524
-95.6458
-145.213
-204.324
-281.292
-376.009
-503.529
-680.181
-889.036
-1205.95
-1610.22
-2353.85
-3349.29
-4737.36
-5499.92
-5083.18
-4571.56
-3947.04
-3878
-4183.91
-5743.83
-6211.14
-7254.58
-8038.97
-13517.7
-16030.7
-15927.3
-15963.1
-16733.4
-18396.9
-20491.1
-18608.4
-14637.9
-10627.6
-6019.75
-2364.29
-307.001
575.77
981.421
1123.66
1159.49
1150.7
1126.89
1104.47
1083.66
1068.56
1054.11
1043.09
1032.27
1023.57
1024.55
1025.2
1028.22
1048.16
2.46157
13.4082
16.5644
20.3252
20.276
19.9492
19.6824
21.7123
25.3232
30.3231
36.4387
43.514
51.197
59.132
66.7177
73.2242
77.7117
79.3559
77.5284
71.8143
61.8593
47.7469
29.4763
6.86628
-20.6959
-54.4996
-95.8595
-147.388
-209.294
-290.348
-390.904
-526.541
-713.424
-932.286
-1267.39
-1704.24
-2505.06
-3617.01
-5254.67
-6145.56
-5630.13
-5008.04
-4251.19
-4123.18
-4429.34
-6236.2
-6659.04
-8149.3
-9465.85
-14552.6
-16192
-15816.3
-15677.7
-16211.6
-17613.8
-19412.6
-17681.2
-13943.2
-10089.9
-5638.6
-2219.73
-271.528
586.793
992.35
1136.32
1173.89
1166.05
1142.53
1119.83
1098.12
1081.91
1065.89
1053.49
1042.1
1033.45
1035.05
1034.84
1036.59
1058.71
2.37156
13.4908
16.5647
20.2639
20.0611
19.7597
19.7691
22.2145
26.2347
31.7114
38.3326
45.922
54.1208
62.5725
70.6617
77.6269
82.5136
84.4149
82.6555
76.7982
66.5206
51.9386
33.1277
9.94039
-18.3018
-53.0356
-95.7404
-149.201
-213.892
-299.01
-405.305
-548.887
-745.567
-974.304
-1328.99
-1803.4
-2669.04
-3913.61
-5830.4
-6871.92
-6239.6
-5499.01
-4596.63
-4392.02
-4701.38
-6776.39
-7226.48
-9319.53
-11217.4
-15653.2
-16430.8
-15732.2
-15364.4
-15643
-16765.1
-18267.4
-16686.1
-13173.6
-9493.09
-5246.67
-2072.43
-237.376
595.067
998.907
1144.84
1185.26
1179.51
1156.98
1134.32
1111.88
1094.63
1077.03
1063.32
1051.34
1042.96
1045.19
1044.01
1044.49
1068.56
2.27788
13.5203
16.5143
20.1651
19.8905
19.682
20.0273
22.8685
27.2852
33.224
40.3352
48.4347
57.1625
66.1534
74.7742
82.2271
87.5439
89.7313
88.0603
82.0644
71.4527
56.3873
37.0279
13.2781
-15.6147
-51.2459
-95.266
-150.619
-218.067
-307.187
-419.034
-570.229
-776.078
-1014.54
-1390.49
-1907.46
-2849.19
-4261.98
-6471.11
-7677.78
-6910.05
-6044.98
-4986
-4684.11
-5002.89
-7363.94
-7991.19
-10808.4
-13295.6
-16866.6
-16744.6
-15664.9
-15024.3
-15036.6
-15866.7
-17066.8
-15621
-12333.1
-8853.15
-4851.74
-1925.74
-203.483
601.04
1001.78
1150.02
1194.25
1191.42
1170.36
1147.93
1124.96
1106.69
1087.52
1072.55
1060.08
1052.08
1054.94
1052.71
1052.28
1076.83
2.1828
13.5052
16.428
20.0489
19.7765
19.7301
20.4422
23.6646
28.464
34.8466
42.4332
51.0443
60.3168
69.8703
79.0519
87.0247
92.8044
95.3092
93.7498
87.6228
76.6638
61.0992
41.1816
16.8866
-12.6227
-49.1133
-94.4111
-151.607
-221.767
-314.787
-431.941
-590.325
-804.508
-1052.57
-1451.77
-2016.02
-3047.76
-4681.21
-7185.09
-8557.19
-7635.73
-6642.32
-5418.38
-4997.58
-5334.86
-7992.55
-9031.55
-12642.2
-15687.9
-18224.1
-17129
-15605.7
-14658.6
-14400.7
-14936.2
-15831.8
-14495.1
-11437.2
-8188.35
-4460.93
-1782.05
-168.781
605.355
1001.8
1152.71
1201.47
1202.08
1182.74
1160.68
1137.31
1118.04
1097.34
1081.21
1068.37
1060.81
1064.24
1060.94
1060.08
1084.66
2.08694
13.4532
16.3179
19.9337
19.7299
19.9099
20.9994
24.5887
29.7548
36.5625
44.615
53.7443
63.5782
73.7183
83.4914
92.0196
98.2962
101.152
99.7305
93.4821
82.1625
66.0797
45.5914
20.7711
-9.31484
-46.6214
-93.1521
-152.129
-224.944
-321.724
-443.89
-609.002
-830.606
-1088.04
-1512.72
-2128.55
-3266.64
-5176.57
-7976.38
-9498.47
-8405.95
-7282.43
-5887.9
-5327.79
-5695.11
-8650.94
-10387.4
-14832
-18369.2
-19732.8
-17577
-15547.3
-14268.3
-13742.4
-13990.3
-14590.3
-13334.5
-10510.6
-7516.92
-4080.5
-1641.41
-133.042
608.903
999.927
1153.77
1207.45
1211.69
1194.17
1172.6
1148.94
1128.64
1106.51
1089.32
1076.26
1069.14
1073.06
1068.59
1067.62
1093.51
1.9899
13.3697
16.1897
19.8313
19.7557
20.2184
21.6867
25.6267
31.1413
38.3573
46.8726
56.529
66.9409
77.6929
88.0898
97.2112
104.02
107.263
106.009
99.6517
87.9582
71.3337
50.2589
24.9346
-5.68226
-43.7556
-91.4676
-152.158
-227.554
-327.917
-454.749
-626.099
-854.249
-1121.04
-1573.32
-2244.39
-3506.88
-5739.94
-8842.93
-10484.3
-9204.65
-7951.31
-6383.31
-5665.75
-6076.66
-9324.08
-12031
-17387.1
-21291.4
-21375.8
-18076.3
-15482.8
-13854.8
-13067.3
-13043.5
-13368.7
-12172.4
-9581.61
-6854.55
-3715.19
-1503.65
-96.4693
612.65
997.264
1154.04
1212.63
1220.48
1204.66
1183.76
1159.79
1138.48
1115.06
1096.99
1083.84
1077.02
1081.32
1075.66
1073.86
1106.13
1.8912
13.2589
16.0448
19.7487
19.8544
20.6461
22.4871
26.7589
32.6052
40.2195
49.1992
59.3921
70.3993
81.7895
92.8439
102.599
109.977
113.647
112.593
106.141
94.0608
76.8653
55.1844
29.3788
-1.71749
-40.503
-89.338
-151.665
-229.556
-333.291
-464.408
-641.485
-875.289
-1151.82
-1633.86
-2362.83
-3767.66
-6356.58
-9774.45
-11493.1
-10011.6
-8629.82
-6888.36
-5998.32
-6466.85
-9993.7
-13863.6
-20307.7
-24379.5
-23114.7
-18608.7
-15404.5
-13419.7
-12380.3
-12107.2
-12187.4
-11039.1
-8676.5
-6213.68
-3368.06
-1368.92
-58.8806
617.307
994.734
1154.14
1217.33
1228.53
1214.25
1194.18
1169.8
1147.6
1123.11
1104.37
1091.16
1084.41
1088.97
1081.67
1076.07
1124.82
1.79137
13.1258
15.8839
19.6878
20.021
21.1782
23.3808
27.9644
34.1309
42.1402
51.5878
62.327
73.9477
86.0033
97.7506
108.183
116.171
120.309
119.488
112.961
100.481
82.6786
60.3668
34.1039
2.58559
-36.8519
-86.7464
-150.632
-230.921
-337.785
-472.794
-655.055
-893.672
-1180.72
-1694.76
-2482.99
-4046.14
-7009.53
-10748.1
-12499.2
-10804.4
-9294.87
-7382.27
-6308.93
-6845.37
-10640.9
-15746
-23504.1
-27519.3
-24884.5
-19148.2
-15303.8
-12965.2
-11685.1
-11188.8
-11059.3
-9956.95
-7814.42
-5603.28
-3040.69
-1237.23
-19.974
623.434
992.959
1154.49
1221.74
1235.9
1223.05
1203.81
1178.94
1156.06
1130.79
1111.6
1098.24
1091.25
1096.05
1085.4
1073.38
1148.86
1.69185
12.976
15.7102
19.6491
20.2468
21.7944
24.3433
29.2237
35.7075
44.1122
54.0316
65.3274
77.5802
90.3292
102.806
113.964
122.604
127.255
126.697
120.116
107.229
88.7773
65.8039
39.108
7.23155
-32.7927
-83.679
-149.042
-231.625
-341.359
-479.874
-666.765
-909.504
-1208.31
-1755.96
-2603.45
-4338.5
-7680.65
-11727.9
-13474.5
-11560.5
-9921.48
-7840.92
-6578.49
-7183.38
-11248.1
-17541.6
-26740.9
-30533.2
-26583.3
-19661.6
-15171.5
-12493.6
-10985
-10292.7
-9990.18
-8938.31
-7006.56
-5028.76
-2733.31
-1108.33
20.5174
631.644
992.359
1155.31
1225.94
1242.66
1231.17
1212.55
1187.31
1163.96
1138.26
1118.77
1105.05
1097.47
1102.83
1088.37
1075.28
1191.49
1.59389
12.8139
15.5281
19.6317
20.52
22.4725
25.3512
30.5223
37.3256
46.1269
56.5226
68.3858
81.2903
94.7616
108.007
119.939
129.28
134.489
134.225
127.613
114.312
95.165
71.4924
44.3876
12.2232
-28.3183
-80.1269
-146.888
-231.659
-343.999
-485.665
-676.638
-923.046
-1235.16
-1816.92
-2722.17
-4640.34
-8349.01
-12667.7
-14386.8
-12259.2
-10485.5
-8239.1
-6786.96
-7451.78
-11792.3
-19141.9
-29691.9
-33189.8
-28077.2
-20110.2
-14998.7
-12006.8
-10282.7
-9420.03
-8980.19
-7986.79
-6257.33
-4492.13
-2445
-981.856
62.8952
642.358
993.191
1156.67
1229.97
1248.93
1238.7
1220.34
1195.03
1171.48
1145.6
1125.89
1111.52
1102.99
1108.33
1089.37
1079.56
1238.18
1.49849
12.6427
15.3424
19.6336
20.8274
23.189
26.3856
31.85
38.9767
48.1765
59.0535
71.495
85.0706
99.2938
113.348
126.104
136.198
142.014
142.08
135.458
121.735
101.844
77.4281
49.9375
17.5613
-23.4245
-76.0877
-144.175
-231.026
-345.717
-490.223
-684.763
-934.671
-1261.73
-1876.6
-2837.3
-4945.12
-8988.15
-13522.8
-15203.6
-12881
-10965.4
-8552.75
-6914.31
-7627.22
-12240.6
-20470.2
-32041.8
-35268.7
-29243.9
-20457.5
-14777.8
-11507
-9580.32
-8570.85
-8025.32
-7099.72
-5565.47
-3992.49
-2174.02
-857.375
107.398
655.731
995.552
1158.57
1233.87
1254.8
1245.65
1227.26
1202.23
1178.75
1152.82
1132.86
1117.6
1108.01
1111.95
1090.55
1073.55
1164.32
1.40658
12.465
15.1573
19.6524
21.1592
23.9263
27.4351
33.1984
40.6523
50.2527
61.6162
74.6468
88.9131
103.919
118.822
132.454
143.357
149.831
150.265
143.657
129.5
108.814
83.6057
55.751
23.2437
-18.1117
-71.5664
-140.916
-229.747
-346.557
-493.647
-691.289
-944.824
-1288.29
-1933.87
-2948.24
-5242.78
-9567.55
-14271.5
-15906.5
-13412.6
-11343.4
-8760.56
-6941.35
-7689.23
-12556.7
-21479.7
-33613
-36675.2
-30041.9
-20681.1
-14505.2
-10996.7
-8880.21
-7745.16
-7120.42
-6271.32
-4925.76
-3526.86
-1918.23
-734.554
154.041
671.641
999.384
1161.01
1237.69
1260.31
1251.99
1233.52
1209.02
1185.77
1159.9
1139.61
1123.25
1112.76
1115.03
1091.12
1061.31
1015.88
1.31937
12.2844
14.9764
19.6853
21.5076
24.6718
28.4916
34.5596
42.3442
52.3477
64.2027
77.8328
92.8092
108.628
124.423
138.984
150.753
157.938
158.781
152.216
137.615
116.077
90.0188
61.8196
29.2654
-12.385
-66.5773
-137.14
-227.858
-346.589
-496.074
-696.455
-953.994
-1314.91
-1988.11
-3055.42
-5522.13
-10060.6
-14918.6
-16490.2
-13848
-11606.6
-8845.64
-6851.28
-7620.12
-12705.2
-22161.5
-34467.4
-37495.2
-30531.7
-20776.8
-14182.3
-10478.9
-8184.99
-6943.49
-6261.36
-5495.41
-4331.22
-3091.27
-1675.57
-613.355
202.528
689.731
1004.53
1163.95
1241.51
1265.47
1257.7
1239.34
1215.47
1192.56
1166.82
1146.07
1128.46
1117.13
1117.99
1092.06
1050.88
989.329
1.23813
12.1044
14.8037
19.7307
21.8672
25.4164
29.5487
35.9261
44.0451
54.4535
66.8043
81.0442
96.7495
113.411
130.142
145.685
158.383
166.331
167.626
161.133
146.085
123.632
96.6607
68.1328
35.617
-6.2567
-61.1443
-132.89
-225.415
-345.908
-497.656
-700.539
-962.642
-1341.44
-2038.88
-3159.15
-5775.41
-10452.6
-15461.9
-16936
-14182.6
-11748.5
-8796.59
-6631.39
-7406.5
-12658.5
-22535.8
-34830.2
-37882
-30804
-20750.6
-13812.9
-9956.4
-7497.35
-6165.98
-5445.49
-4766.99
-3774.89
-2682.29
-1444.6
-494.21
252.259
709.526
1010.8
1167.42
1245.37
1270.26
1262.84
1244.83
1221.63
1199.12
1173.53
1152.18
1133.24
1120.92
1120.67
1095.24
1055.21
1017.27
1.16365
11.9276
14.642
19.7868
22.2325
26.1535
30.6005
37.2911
45.747
56.5616
69.4123
84.2714
100.724
118.258
135.966
152.545
166.236
175.003
176.796
170.405
154.915
131.482
103.526
74.6787
42.2839
0.252895
-55.3032
-128.22
-222.491
-344.631
-498.557
-703.83
-971.135
-1367.59
-2085.85
-3259.06
-5995.82
-10738.4
-15882
-17222
-14399.1
-11767.6
-8607.42
-6274.17
-7039.97
-12403.8
-22626.5
-34894.8
-37902.5
-30900.4
-20608.8
-13396.5
-9430.93
-6819.26
-5412.13
-4671.41
-4082.78
-3251.77
-2298.23
-1224.93
-378.026
302.468
730.574
1018.07
1171.44
1249.28
1274.64
1267.57
1250.07
1227.53
1205.4
1179.94
1157.89
1137.64
1124.1
1122.49
1097.76
1064.44
1042
1.09582
11.7548
14.4926
19.8502
22.5979
26.878
31.6418
38.6481
47.4428
58.6638
72.0175
87.5044
104.721
123.157
141.884
159.553
174.302
183.946
186.289
180.033
164.104
139.63
110.614
81.4446
49.2465
7.11569
-49.0994
-123.2
-219.174
-342.895
-498.961
-706.631
-979.77
-1393.09
-2128.92
-3354.02
-6175.95
-10920.7
-16154.7
-17347.6
-14480.8
-11660.4
-8278.94
-5777.48
-6516.36
-11942.5
-22428.3
-34690.2
-37567.1
-30800.5
-20358
-12928.2
-8902.46
-6151.61
-4681.09
-3938.16
-3441.1
-2760.28
-1939.59
-1017.15
-265.977
352.393
752.517
1026.25
1176.02
1253.2
1278.66
1272.03
1255.1
1233.18
1211.37
1185.96
1163.15
1141.68
1126.83
1123.23
1097.43
1069.53
1053.44
1.0338
11.5861
14.3558
19.9177
22.9579
27.5855
32.6669
39.9903
49.1245
60.7515
74.6102
90.7321
108.728
128.092
147.878
166.691
182.566
193.146
196.095
190.013
173.647
148.083
117.928
88.4207
56.4814
14.2968
-42.5857
-117.902
-215.564
-340.848
-499.068
-709.246
-988.763
-1417.76
-2168.45
-3442.45
-6312.23
-11009.3
-16268
-17312.6
-14426
-11418.6
-7818.44
-5143.59
-5834.95
-11281.3
-21929.8
-34138.3
-36901
-30474
-20009.1
-12406.1
-8368.7
-5494.21
-3971.01
-3244.04
-2841.19
-2301.6
-1608.03
-822.447
-159.172
401.444
775.115
1035.34
1181.11
1257.06
1282.37
1276.32
1259.95
1238.57
1216.98
1191.54
1167.99
1145.4
1129.34
1123.02
1094.64
1069.98
1057.72
0.9767
11.4223
14.2316
19.987
23.3089
28.2726
33.6702
41.3105
50.7843
62.8161
77.1806
93.9429
112.732
133.047
153.931
173.94
191.009
202.589
206.2
200.331
183.539
156.847
125.477
95.6021
63.9623
21.7553
-35.8191
-112.403
-211.76
-338.645
-499.081
-711.953
-998.254
-1441.55
-2205.07
-3522.93
-6404.62
-11014.9
-16227.1
-17120.8
-14243.2
-11039.5
-7233.5
-4376.82
-4998.56
-10430.4
-21151.3
-33218.6
-35936.9
-29926.1
-19574.7
-11836.8
-7825.82
-4846.14
-3278.82
-2585.8
-2282.07
-1877.22
-1304.82
-641.787
-58.3289
449.299
798.244
1045.28
1186.64
1260.82
1285.85
1280.47
1264.62
1243.69
1222.22
1196.69
1172.46
1148.94
1131.86
1122.16
1090.75
1068.52
1060.37
0.924129
11.2644
14.1205
20.0573
23.6497
28.9372
34.6473
42.6023
52.4144
64.8484
79.7179
97.1239
116.716
138.004
160.02
181.276
199.607
212.252
216.583
210.971
193.77
165.928
133.278
102.991
71.6624
29.4446
-28.8613
-106.777
-207.864
-336.436
-499.186
-714.98
-1008.32
-1464.47
-2239.44
-3594.47
-6455.84
-10948.5
-16043.4
-16786.4
-13940.8
-10530.6
-6529.32
-3480.78
-4013.01
-9406.05
-20141.2
-32002.2
-34732.3
-29199.7
-19071.1
-11233.2
-7271
-4206.62
-2601.5
-1959.12
-1761.4
-1486.76
-1029.59
-475.316
36.3938
495.887
821.843
1056.01
1192.47
1264.46
1289.16
1284.47
1269.08
1248.52
1227.11
1201.47
1176.68
1152.55
1134.58
1120.98
1087.01
1067.59
1061.29
0.876806
11.1139
14.0236
20.1294
23.9809
29.5785
35.5948
43.8599
54.007
66.8391
82.2108
100.261
120.663
142.941
166.118
188.669
208.331
222.109
227.218
221.912
204.327
175.331
141.351
110.595
79.5574
37.3138
-21.7791
-101.104
-203.976
-334.358
-499.539
-718.496
-1019
-1486.66
-2272.19
-3656.54
-6470.81
-10821.3
-15731.1
-16329
-13525.7
-9903.11
-5709.77
-2457.51
-2886
-8231.92
-18950.3
-30589.1
-33362.3
-28341.9
-18519.6
-10613.8
-6704.48
-3575.84
-1936.93
-1359.81
-1275.47
-1127.64
-780.14
-322.21
125.303
541.284
845.839
1067.4
1198.51
1268.02
1292.33
1288.27
1273.3
1253.05
1231.66
1205.97
1180.83
1156.48
1137.63
1119.66
1084
1067.99
1062.97
0.83645
10.9723
13.9423
20.2049
24.3034
30.196
36.51
45.0783
55.5546
68.7786
84.6474
103.34
124.554
147.831
172.194
196.086
217.146
232.127
238.076
233.128
215.191
185.061
149.721
118.431
87.6281
45.3084
-14.6459
-95.4667
-200.195
-332.526
-500.258
-722.609
-1030.29
-1508.34
-2303.84
-3709.06
-6455.82
-10645.2
-15312.4
-15770.8
-13006.3
-9169.55
-4777.9
-1309.86
-1628.27
-6936.85
-17620.9
-29052
-31898.2
-27396.9
-17939.3
-10002.7
-6129.59
-2954.77
-1284.49
-784.43
-820.262
-796.175
-553.155
-181.07
208.89
585.581
870.085
1079.25
1204.68
1271.5
1295.33
1291.82
1277.23
1257.28
1235.93
1210.31
1185.13
1160.95
1140.95
1118.27
1081.95
1068.53
1065.2
0.805428
10.8416
13.8783
20.2854
24.6184
30.7892
37.3898
46.2513
57.0486
70.6562
87.0148
106.343
128.367
152.646
178.212
203.486
226.009
242.265
249.121
244.589
226.343
195.12
158.415
126.52
95.8592
53.3718
-7.54222
-89.9524
-196.616
-331.031
-501.421
-727.373
-1042.19
-1529.8
-2334.76
-3752.28
-6417.49
-10432.8
-14815.9
-15137.2
-12395.4
-8343.47
-3738.57
-45.5958
-255.439
-5550.31
-16189.6
-27436.1
-30400
-26403.6
-17344
-9422.94
-5551.24
-2345.06
-645.404
-230.66
-392.407
-489.015
-345.356
-50.4896
287.61
628.767
894.351
1091.36
1210.93
1274.92
1298.1
1295.06
1280.88
1261.25
1240.02
1214.71
1189.87
1166.01
1144.35
1116.8
1081
1068.37
1067.64
0.786253
10.724
13.8335
20.3723
24.926
31.3564
38.2295
47.3715
58.4794
72.4607
89.2991
109.252
132.076
157.355
184.136
210.826
234.871
252.478
260.315
256.259
237.757
205.501
167.45
134.879
104.232
61.4459
-0.552796
-84.6505
-193.321
-329.936
-503.075
-732.808
-1054.67
-1551.3
-2365.23
-3786.79
-6362.2
-10196
-14270.8
-14456.7
-11711.3
-7441.79
-2603.77
1318.63
1210.33
-4099.79
-14690.3
-25776.5
-28909.9
-25390.8
-16745.8
-8881.35
-4972.96
-1749.12
-22.7738
302.583
10.3364
-203.924
-154.417
70.5089
361.761
670.667
918.36
1103.57
1217.23
1278.25
1300.59
1297.95
1284.25
1265.05
1244.1
1219.38
1195.16
1171.48
1147.51
1115.26
1081.12
1068.94
1070.1
0.781731
10.6218
13.8096
20.4673
25.2268
31.8963
39.025
48.4325
59.8392
74.1826
91.4875
112.05
135.656
161.925
189.925
218.059
243.68
262.715
271.617
268.107
249.406
216.18
176.823
143.505
112.711
69.463
6.23969
-79.6361
-190.366
-329.271
-505.234
-738.908
-1067.73
-1573.07
-2395.35
-3813.62
-6295.78
-9945.12
-13702.4
-13757
-10977.9
-6486.76
-1395.24
2754.56
2738.87
-2610.91
-13153.2
-24105.1
-27453.7
-24378.8
-16152.6
-8371.89
-4396.36
-1169.94
578.912
815.071
389.164
60.3252
20.9752
182.398
431.398
710.963
941.812
1115.74
1223.56
1281.48
1302.76
1300.46
1287.36
1268.78
1248.29
1224.4
1200.87
1176.97
1150.11
1113.78
1081.77
1070.5
1072.23
0.794551
10.5373
13.8077
20.5709
25.5199
32.4064
39.772
49.4287
61.1216
75.8139
93.5685
114.717
139.083
166.323
195.538
225.132
252.376
272.922
282.991
280.105
261.254
227.109
186.502
152.359
121.225
77.3318
12.7563
-74.954
-187.769
-329.03
-507.886
-745.649
-1081.36
-1595.27
-2425.19
-3834.16
-6223.46
-9688.72
-13129.9
-13061.7
-10222.1
-5505.38
-143.477
4223.79
4292.39
-1109.51
-11604.8
-22449.5
-26046.5
-23383.6
-15567.4
-7887.9
-3823.37
-609.046
1154.24
1304.93
744.224
304.247
181.527
285.296
496.341
749.27
964.42
1127.74
1229.89
1284.59
1304.64
1302.62
1290.21
1272.39
1252.54
1229.57
1206.61
1182.02
1152.01
1112.6
1082.49
1072.26
1074.08
0.827364
10.4733
13.8299
20.6852
25.8067
32.8877
40.4706
50.3602
62.3261
77.3522
95.5359
117.244
142.339
170.523
200.934
231.993
260.892
283.037
294.395
292.22
273.253
238.214
196.411
161.344
129.643
84.925
18.9234
-70.6097
-185.497
-329.16
-510.985
-752.984
-1095.56
-1618.01
-2454.78
-3850.1
-6149.86
-9433.71
-12566.7
-12388
-9469.79
-4526.76
1114.78
5683.62
5828.74
375.841
-10073.2
-20833.8
-24700.6
-22419.9
-14992.9
-7424.51
-3258.62
-64.5735
1696.68
1768.2
1074.64
527.835
327.558
379.109
556.27
785.205
985.918
1139.45
1236.14
1287.59
1306.29
1304.46
1292.75
1275.75
1256.6
1234.52
1211.92
1186.27
1153.22
1111.92
1083.3
1074.07
1075.73
0.881107
10.4324
13.8766
20.81
26.0859
33.3384
41.1195
51.2267
63.4529
78.7974
97.3887
119.628
145.416
174.505
206.078
238.575
269.123
292.941
305.73
304.384
285.336
249.417
206.452
170.322
137.782
92.0836
24.6798
-66.5639
-183.454
-329.549
-514.428
-760.813
-1110.26
-1641.26
-2484.16
-3863.25
-6078.99
-9186.67
-12025
-11746.5
-8740.95
-3579.41
2339.5
7092.66
7306.97
1814.07
-8592.3
-19286
-23431.2
-21503.2
-14432.5
-6978.73
-2709.19
464.905
2199.22
2198.77
1378.61
730.712
459.053
463.638
610.809
818.4
1006.06
1150.7
1242.25
1290.5
1307.8
1306.08
1295
1278.74
1260.24
1238.93
1216.47
1189.59
1153.94
1111.8
1084.26
1075.77
1077.22
0.959306
10.4219
13.9532
20.9526
26.3656
33.769
41.7313
52.0418
64.5156
80.1623
99.1381
121.875
148.312
178.251
210.912
244.763
276.896
302.442
316.822
316.468
297.422
260.669
216.558
179.155
145.438
98.6296
29.9555
-62.784
-181.535
-330.052
-518.065
-768.976
-1125.3
-1664.84
-2513.27
-3875.31
-6014.27
-8954.42
-11517.8
-11145.7
-8051.19
-2689.22
3491.85
8414.12
8691.92
3175.09
-7197.94
-17841.2
-22256.8
-20645.1
-13888.7
-6551.08
-2182.08
974.443
2656.66
2588.66
1653.39
912.143
575.748
538.629
659.584
848.517
1024.61
1161.35
1248.14
1293.36
1309.29
1307.59
1296.97
1281.29
1263.33
1242.63
1220.15
1192.04
1154.41
1112.17
1085.48
1077.38
1078.61
1.06244
10.4464
14.0631
21.1158
26.6484
34.183
42.3113
52.8143
65.5259
81.4609
100.798
123.994
151.023
181.728
215.364
250.43
284.05
311.363
327.496
328.345
309.447
271.98
226.731
187.756
152.432
104.392
34.677
-59.2692
-179.667
-330.502
-521.67
-777.186
-1140.37
-1688.31
-2541.79
-3887.47
-5958.33
-8743.87
-11058.5
-10597.4
-7416.35
-1879.92
4537.81
9614.85
9952.99
4431.12
-5919.88
-16530.7
-21193.8
-19848.3
-13363.4
-6145.76
-1686.36
1452.86
3065.17
2929.46
1895.46
1070.99
677.232
603.787
702.285
875.268
1041.39
1171.21
1253.73
1296.15
1310.81
1309.06
1298.73
1283.46
1265.9
1245.63
1223
1193.83
1154.87
1112.88
1086.89
1078.89
1079.88
1.19937
10.5229
14.2204
21.3195
26.9587
34.6119
42.8967
53.5836
66.5212
82.7248
102.391
125.997
153.544
184.917
219.393
255.515
290.506
319.566
337.575
339.885
321.361
283.338
236.946
196.099
158.799
109.46
38.9751
-55.8752
-177.668
-330.607
-524.86
-784.954
-1154.87
-1710.88
-2569
-3900.2
-5912.89
-8561.15
-10659.2
-10115.6
-6854.04
-1173.67
5449.21
10663.3
11059.3
5552.47
-4779.1
-15370.5
-20247.8
-19111.1
-12864.6
-5771.54
-1235.44
1886.34
3419.34
3214.29
2100.63
1205.76
763.061
658.857
738.69
898.436
1056.21
1180.17
1258.94
1298.88
1312.42
1310.56
1300.36
1285.33
1268.05
1248.06
1225.23
1195.23
1155.51
1113.81
1088.36
1080.28
1081
1.3953
10.6813
14.4617
21.6026
27.3396
35.1023
43.537
54.402
67.5566
84.0135
103.981
127.948
155.943
187.877
223.046
260.043
296.227
326.906
346.814
350.826
333.01
294.647
247.078
204.173
164.685
114
42.8704
-52.6653
-175.584
-330.317
-527.415
-791.801
-1168.04
-1731.51
-2593.83
-3913.33
-5879.04
-8412.28
-10331.7
-9716.38
-6384.16
-592.611
6201.66
11529.7
11977.2
6502.36
-3800
-14374.9
-19426.4
-18446.4
-12411.4
-5442.06
-844.713
2260.12
3713.34
3438.67
2264.68
1314.55
832.676
703.62
768.67
917.913
1068.99
1188.15
1263.73
1301.54
1314.11
1312.07
1301.87
1286.97
1269.89
1250.05
1227.03
1196.44
1156.37
1114.92
1089.78
1081.51
1081.93
1.65857
10.9369
14.7937
21.9809
27.8113
35.6828
44.2632
55.2977
68.6525
85.3369
105.568
129.844
158.215
190.608
226.324
264.016
301.19
333.305
355.019
360.817
344.17
305.942
257.259
212.202
170.546
118.708
47.158
-48.7925
-172.556
-328.811
-528.476
-796.766
-1178.63
-1748.62
-2614.63
-3925.67
-5856.3
-8301.1
-10084.8
-9413.05
-6024.02
-155.193
6774.36
12187
12673.1
7241.36
-3018.84
-13573.7
-18758.6
-17888.2
-12028.4
-5171.8
-529.349
2559.53
3942.24
3600.69
2384.16
1395.33
885.535
737.975
792.148
933.655
1079.69
1195.14
1268.12
1304.19
1315.93
1313.67
1303.38
1288.53
1271.57
1251.81
1228.64
1197.69
1157.48
1116.18
1091.09
1082.54
1082.63
2.14996
11.4598
15.4118
22.6654
28.6039
36.5956
45.3285
56.5374
70.0961
87.0088
107.494
132.048
160.727
193.452
229.507
267.576
305.273
338.203
361.03
368.13
352.865
315.625
266.723
219.984
176.193
122.952
50.7745
-45.4593
-169.629
-326.807
-528.273
-799.432
-1185.4
-1760.07
-2628.66
-3933.96
-5840.86
-8225.34
-9918.43
-9210.7
-5786.22
124.273
7148.96
12613
13126.2
7741.07
-2472.6
-13002.7
-18271.2
-17463.4
-11734.2
-4972.68
-304.59
2769.41
4098.63
3705.25
2459.5
1445.64
920.509
762.141
809.642
946.202
1088.76
1201.47
1272.38
1307.02
1317.98
1315.35
1304.9
1290.04
1273.16
1253.46
1230.23
1199.1
1158.82
1117.51
1092.26
1083.35
1083.1
2.86668
12.2646
16.311
23.6687
29.7343
37.8728
46.7737
58.1679
71.9278
89.0543
109.763
134.546
163.452
196.39
232.616
270.842
308.766
342.124
365.605
373.653
359.537
323.029
273.79
225.841
180.933
127.202
54.9707
-41.1748
-165.414
-323.046
-525.463
-798.121
-1186.21
-1763.35
-2633.38
-3936.02
-5831.28
-8185.14
-9832.37
-9107.73
-5669.63
254.844
7332.15
12810
13342.9
7995.27
-2182.73
-12690.7
-18002.1
-17230.9
-11576.4
-4867.79
-186.456
2879.96
4175.21
3763.41
2507.25
1474.48
940.852
777.292
821.983
956.131
1096.61
1207.49
1276.83
1310.24
1320.33
1317.2
1306.51
1291.59
1274.76
1255.1
1231.88
1200.69
1160.3
1118.81
1093.21
1083.92
1083.37
)
;

boundaryField
{
    inletFace
    {
        type            zeroGradient;
    }
    inlet
    {
        type            zeroGradient;
    }
    inletWalls
    {
        type            zeroGradient;
    }
    outletInlet
    {
        type            cyclicAMI;
        value           nonuniform List<scalar> 
15
(
1057.33
1045.53
1194.08
1023.91
1142.74
1154.08
1129.66
1114.1
1105.22
1108.58
1109.48
1114.63
1116.72
1116.76
1115.25
)
;
    }
    fineSymmetryWall
    {
        type            symmetryPlane;
    }
    fineWalls
    {
        type            zeroGradient;
    }
    fineCyclicBoundary
    {
        type            fixedValue;
        value           uniform 0;
    }
    fineplug
    {
        type            cyclicAMI;
        value           nonuniform List<scalar> 
80
(
1037.57
1027.95
1033.9
1076.71
1089.43
1101.86
1103.64
1082.31
1028.17
968.338
997.635
1194
1722.24
1145.37
902.391
860.971
1007.62
1052.1
1004.34
1018.72
991.707
1114.64
1135.78
1134.84
1154.28
1159.99
1163.85
1161.55
1156.13
1150.79
1149.77
1151.11
1138.85
1135.11
1130.5
1125.86
1121.71
1118.77
1116.66
1112.07
1120.36
1106.07
1107.44
1107.03
1105.92
1104.63
1103.54
1104.31
1100.41
1120.39
1105.45
1105.46
1106.86
1107.6
1107.1
1107
1106.64
1103.04
1126.28
1113.82
1113.19
1113.77
1113.57
1113.34
1113.53
1113.28
1112.98
1109.43
1129.32
1117.78
1116.79
1117.91
1117.06
1116.8
1113.39
1112.35
1110.93
1126.54
1114.2
1108.39
)
;
    }
    faceFine
    {
        type            zeroGradient;
    }
}


// ************************************************************************* //
