/*--------------------------------*- C++ -*----------------------------------*\
| =========                 |                                                 |
| \\      /  F ield         | OpenFOAM: The Open Source CFD Toolbox           |
|  \\    /   O peration     | Version:  4.1                                   |
|   \\  /    A nd           | Web:      www.OpenFOAM.org                      |
|    \\/     M anipulation  |                                                 |
\*---------------------------------------------------------------------------*/
FoamFile
{
    version     2.0;
    format      ascii;
    class       volScalarField;
    location    "21";
    object      p;
}
// * * * * * * * * * * * * * * * * * * * * * * * * * * * * * * * * * * * * * //

dimensions      [0 2 -2 0 0 0 0];

internalField   nonuniform List<scalar> 
6785
(
1.57274e+19
1.57274e+19
1.57274e+19
1.57274e+19
1.57274e+19
1.57274e+19
1.57274e+19
1.57274e+19
1.57274e+19
1.57274e+19
1.57274e+19
1.57274e+19
1.57274e+19
1.57274e+19
1.57274e+19
1.57274e+19
1.57274e+19
1.57274e+19
1.57275e+19
1.57275e+19
1.57275e+19
1.57275e+19
1.57275e+19
1.57275e+19
1.57275e+19
1.57275e+19
1.57275e+19
1.57275e+19
1.57275e+19
1.57275e+19
1.57284e+19
1.57284e+19
1.57284e+19
1.57283e+19
1.57283e+19
1.57282e+19
1.57281e+19
1.57281e+19
1.5728e+19
1.57279e+19
1.57279e+19
1.57278e+19
1.57278e+19
1.57278e+19
1.57278e+19
1.57294e+19
1.57294e+19
1.57294e+19
1.57293e+19
1.57292e+19
1.57291e+19
1.5729e+19
1.57288e+19
1.57287e+19
1.57286e+19
1.57285e+19
1.57284e+19
1.57284e+19
1.57284e+19
1.57284e+19
1.57301e+19
1.57301e+19
1.573e+19
1.57299e+19
1.57298e+19
1.57297e+19
1.57295e+19
1.57294e+19
1.57293e+19
1.57291e+19
1.5729e+19
1.57289e+19
1.57288e+19
1.57288e+19
1.57288e+19
1.57301e+19
1.57301e+19
1.573e+19
1.573e+19
1.57298e+19
1.57297e+19
1.57295e+19
1.57294e+19
1.57292e+19
1.57291e+19
1.57289e+19
1.57288e+19
1.57288e+19
1.57287e+19
1.57287e+19
1.57301e+19
1.57302e+19
1.57302e+19
1.57303e+19
1.57302e+19
1.573e+19
1.57297e+19
1.57293e+19
1.57288e+19
1.57284e+19
1.5728e+19
1.57277e+19
1.57275e+19
1.57274e+19
1.57273e+19
1.57365e+19
1.57366e+19
1.57363e+19
1.57359e+19
1.57352e+19
1.57343e+19
1.57329e+19
1.57311e+19
1.57288e+19
1.57259e+19
1.57233e+19
1.57208e+19
1.57174e+19
1.5716e+19
1.57155e+19
1.57848e+19
1.57809e+19
1.57767e+19
1.57713e+19
1.57637e+19
1.57572e+19
1.57492e+19
1.57396e+19
1.57277e+19
1.5705e+19
1.56744e+19
1.56537e+19
1.56491e+19
1.56468e+19
1.56449e+19
1.62705e+19
1.62511e+19
1.62017e+19
1.61414e+19
1.60789e+19
1.60119e+19
1.59476e+19
1.58827e+19
1.5801e+19
1.57084e+19
1.56126e+19
1.55082e+19
1.53695e+19
1.51229e+19
1.49296e+19
1.89982e+19
1.90413e+19
1.90612e+19
1.90088e+19
1.88734e+19
1.86972e+19
1.84411e+19
1.83104e+19
1.78808e+19
1.61387e+19
1.2579e+19
5.55656e+18
-9.43286e+17
-6.65903e+18
-1.02218e+19
4.04354e+19
4.10267e+19
4.18301e+19
4.26137e+19
4.36811e+19
4.50188e+19
4.72093e+19
5.02674e+19
6.09045e+19
4.80343e+18
-6.25723e+19
-1.69826e+20
-2.66876e+20
-3.16097e+20
-3.3218e+20
7.29796e+19
7.38411e+19
7.53093e+19
7.8181e+19
8.34982e+19
9.93409e+19
1.25045e+20
1.50468e+20
4.80343e+18
4.80343e+18
4.80342e+18
-1.988e+21
-2.39288e+21
-2.38819e+21
-2.30566e+21
2.90126e+19
2.92411e+19
2.97169e+19
2.99072e+19
2.99225e+19
2.96477e+19
2.85648e+19
2.45839e+19
1.07216e+19
4.80341e+18
-3.19534e+20
-6.92569e+20
-9.09256e+20
-9.94206e+20
-1.01126e+21
9.15983e+18
9.06275e+18
8.7829e+18
8.2286e+18
7.53815e+18
5.52167e+18
2.9725e+18
-5.29343e+17
-5.16098e+18
-1.38869e+19
-3.44136e+19
-5.975e+19
-7.9858e+19
-9.31897e+19
-9.93037e+19
-1.15201e+20
1.48985e+18
-4.28172e+17
-4.47897e+17
-4.55924e+17
-4.73823e+17
-5.02676e+17
-5.22375e+17
-5.41824e+17
-5.69166e+17
-5.91243e+17
-6.05202e+17
-6.24712e+17
-6.43578e+17
-6.55824e+17
-6.67844e+17
-6.84317e+17
-7.06474e+17
-7.21307e+17
-7.41504e+17
-7.65898e+17
-7.82239e+17
-7.98359e+17
-8.20293e+17
-8.45099e+17
-8.61563e+17
-8.77891e+17
-9.00088e+17
-9.28085e+17
-9.46327e+17
-9.71298e+17
-1.00798e+18
-1.03191e+18
-1.05562e+18
-1.088e+18
-1.14143e+18
-1.1765e+18
-1.22417e+18
-1.29892e+18
-1.3476e+18
-1.39543e+18
-1.46009e+18
-1.54909e+18
-1.60661e+18
-1.66324e+18
-1.73967e+18
-1.84351e+18
-1.90988e+18
-2.00004e+18
-2.11481e+18
-2.18789e+18
-2.25992e+18
-2.35792e+18
-2.48366e+18
-2.56257e+18
-2.64057e+18
-2.74613e+18
-2.87713e+18
-2.9567e+18
-3.0635e+18
-3.20104e+18
-3.28667e+18
-3.37066e+18
-3.48322e+18
-3.63395e+18
-3.73149e+18
-3.86299e+18
-4.04104e+18
-4.16586e+18
-4.2907e+18
-4.46058e+18
-4.68547e+18
-4.84209e+18
-4.99994e+18
-5.21801e+18
-5.52712e+18
-5.75211e+18
-6.06114e+18
-6.46106e+18
-6.74481e+18
-7.08237e+18
-7.20233e+18
-7.25554e+18
-7.3493e+18
-7.4984e+18
-7.56874e+18
-7.63635e+18
-7.67618e+18
-7.64004e+18
-7.50691e+18
-7.32037e+18
-7.10678e+18
-6.40331e+18
-5.7525e+18
-5.46811e+18
-5.13096e+18
-4.79474e+18
-4.49563e+18
-4.24792e+18
-4.0365e+18
-3.83345e+18
-3.18346e+18
-2.56123e+18
-2.32674e+18
-2.08987e+18
-1.84245e+18
-1.58375e+18
-1.32869e+18
-1.10276e+18
-8.83503e+17
-6.9321e+17
-1.48882e+17
4.65364e+17
6.63714e+17
8.52445e+17
1.04043e+18
1.20953e+18
1.37911e+18
1.5287e+18
1.64955e+18
1.93434e+18
2.25849e+18
2.38005e+18
2.49954e+18
2.60549e+18
2.69143e+18
2.72966e+18
2.75283e+18
2.75452e+18
2.75584e+18
2.82765e+18
2.84889e+18
2.866e+18
2.87878e+18
2.88682e+18
2.89333e+18
2.90107e+18
2.90933e+18
2.93382e+18
2.95191e+18
2.95542e+18
2.96182e+18
2.96964e+18
2.97859e+18
2.98704e+18
2.99413e+18
2.99895e+18
3.00077e+18
2.9957e+18
3.0303e+18
3.0365e+18
3.03649e+18
3.02828e+18
3.00836e+18
2.97223e+18
2.91798e+18
2.84407e+18
2.58679e+18
2.33579e+18
2.22517e+18
1.96606e+18
1.84221e+18
1.75555e+18
1.65885e+18
1.56236e+18
1.47516e+18
1.38846e+18
1.32584e+18
1.25508e+18
1.18497e+18
1.13463e+18
1.07754e+18
1.01971e+18
9.66936e+17
9.13922e+17
8.75516e+17
8.3227e+17
7.89927e+17
7.51535e+17
7.13157e+17
6.84533e+17
6.51128e+17
6.17277e+17
5.92584e+17
5.6464e+17
5.37073e+17
5.11934e+17
4.87048e+17
4.68642e+17
4.47172e+17
4.25452e+17
4.05178e+17
3.85011e+17
3.70042e+17
3.52693e+17
3.35537e+17
3.22873e+17
3.08127e+17
2.9318e+17
2.79177e+17
2.65157e+17
2.54758e+17
2.42784e+17
2.31115e+17
2.20316e+17
2.09651e+17
2.0161e+17
1.9214e+17
1.82615e+17
1.75636e+17
1.67703e+17
1.59533e+17
1.51943e+17
1.43878e+17
1.37456e+17
1.2962e+17
1.21138e+17
1.13158e+17
1.04657e+17
9.81051e+16
9.0587e+16
8.28174e+16
7.71386e+16
7.08318e+16
6.43842e+16
5.86486e+16
5.28335e+16
4.86276e+16
4.39682e+16
3.93724e+16
3.52469e+16
3.11203e+16
2.80096e+16
2.43773e+16
2.06401e+16
1.78022e+16
1.45278e+16
1.12751e+16
8.14111e+15
3.32202e+15
-9.3969e+07
-3.75244e+08
-9.07848e+08
-1.64499e+09
-2.57477e+09
-3.69603e+09
-5.0204e+09
-6.56432e+09
-8.35618e+09
-1.04317e+10
-1.28438e+10
-1.56599e+10
-1.8973e+10
-2.28915e+10
-2.75299e+10
-3.2964e+10
-3.89827e+10
-4.37058e+10
-4.72204e+10
-5.34794e+10
-6.2278e+10
-7.45533e+10
-9.23707e+10
-1.12589e+11
-1.32032e+11
-1.51002e+11
-1.71365e+11
-1.9456e+11
-2.21057e+11
-2.51376e+11
-2.86296e+11
-3.26665e+11
-3.73521e+11
-4.27818e+11
-4.90661e+11
-5.62942e+11
-6.45655e+11
-7.39446e+11
-8.45114e+11
-9.62926e+11
-1.09332e+12
-1.23598e+12
-1.39098e+12
-1.55786e+12
-1.73677e+12
-1.92732e+12
-2.13011e+12
-2.34455e+12
-2.5708e+12
-2.8055e+12
-3.04515e+12
-3.28015e+12
-3.49858e+12
-3.67848e+12
-3.79558e+12
-3.81463e+12
-3.69169e+12
-3.3552e+12
-2.69004e+12
-1.52517e+12
3.9525e+11
3.55578e+12
9.64352e+12
2.49308e+13
3.80401e+13
5.50875e+13
6.79063e+13
7.36767e+13
9.38457e+13
1.10983e+14
1.80638e+14
2.96606e+14
3.27245e+14
3.56893e+14
3.9852e+14
1.6244e+15
2.54397e+15
3.8849e+15
4.80837e+15
-2.88943e+08
-1.14007e+09
-2.74133e+09
-4.95734e+09
-7.75059e+09
-1.11192e+10
-1.50969e+10
-1.97344e+10
-2.51158e+10
-3.13499e+10
-3.85941e+10
-4.7053e+10
-5.7005e+10
-6.87799e+10
-8.2721e+10
-9.90222e+10
-1.17093e+11
-1.3138e+11
-1.42394e+11
-1.61154e+11
-1.8747e+11
-2.23833e+11
-2.76808e+11
-3.37416e+11
-3.95857e+11
-4.52886e+11
-5.14066e+11
-5.83821e+11
-6.63471e+11
-7.54585e+11
-8.59478e+11
-9.80714e+11
-1.12137e+12
-1.28436e+12
-1.47294e+12
-1.68982e+12
-1.93793e+12
-2.21927e+12
-2.53613e+12
-2.88943e+12
-3.28032e+12
-3.70809e+12
-4.17281e+12
-4.67322e+12
-5.20965e+12
-5.78101e+12
-6.38886e+12
-7.03172e+12
-7.70958e+12
-8.41302e+12
-9.13089e+12
-9.8351e+12
-1.0489e+13
-1.10277e+13
-1.13772e+13
-1.14327e+13
-1.10618e+13
-1.00561e+13
-8.07687e+12
-4.60422e+12
1.15386e+12
1.06985e+13
2.87403e+13
7.45008e+13
1.13679e+14
1.65126e+14
2.02603e+14
2.15779e+14
2.79233e+14
3.28261e+14
5.01294e+14
5.90093e+14
7.09523e+14
8.5872e+14
1.22354e+15
3.57466e+15
6.10157e+15
8.49879e+15
1.03094e+16
-4.9805e+08
-1.93534e+09
-4.61384e+09
-8.31807e+09
-1.29834e+10
-1.86091e+10
-2.52502e+10
-3.29929e+10
-4.19762e+10
-5.23838e+10
-6.44771e+10
-7.86005e+10
-9.52181e+10
-1.14885e+11
-1.38172e+11
-1.65333e+11
-1.95268e+11
-2.19176e+11
-2.38539e+11
-2.69904e+11
-3.13779e+11
-3.73749e+11
-4.60891e+11
-5.61466e+11
-6.59032e+11
-7.54313e+11
-8.56506e+11
-9.73048e+11
-1.10607e+12
-1.25819e+12
-1.43325e+12
-1.63554e+12
-1.87015e+12
-2.14198e+12
-2.4564e+12
-2.818e+12
-3.23157e+12
-3.70053e+12
-4.22857e+12
-4.81735e+12
-5.46864e+12
-6.18146e+12
-6.95575e+12
-7.78961e+12
-8.6834e+12
-9.63556e+12
-1.06484e+13
-1.17197e+13
-1.28493e+13
-1.4022e+13
-1.52187e+13
-1.63934e+13
-1.74839e+13
-1.83834e+13
-1.89676e+13
-1.90629e+13
-1.84487e+13
-1.67863e+13
-1.35211e+13
-7.77482e+12
1.81489e+12
1.7824e+13
4.77247e+13
1.23436e+14
1.91584e+14
2.7611e+14
3.37075e+14
3.62007e+14
4.67342e+14
5.50817e+14
7.97882e+14
8.42124e+14
1.02429e+15
1.28515e+15
2.08519e+15
5.02311e+15
8.9438e+15
1.19328e+16
1.43317e+16
-7.20286e+08
-2.76303e+09
-6.52701e+09
-1.17272e+10
-1.82711e+10
-2.6161e+10
-3.54727e+10
-4.63284e+10
-5.89219e+10
-7.35124e+10
-9.04662e+10
-1.10269e+11
-1.33572e+11
-1.61154e+11
-1.93808e+11
-2.31826e+11
-2.7342e+11
-3.06788e+11
-3.35093e+11
-3.79207e+11
-4.4088e+11
-5.24275e+11
-6.44469e+11
-7.84535e+11
-9.21259e+11
-1.05481e+12
-1.19803e+12
-1.36146e+12
-1.54794e+12
-1.76113e+12
-2.00639e+12
-2.28977e+12
-2.61835e+12
-2.99903e+12
-3.43926e+12
-3.94556e+12
-4.52453e+12
-5.18108e+12
-5.92021e+12
-6.74437e+12
-7.65587e+12
-8.65356e+12
-9.73715e+12
-1.09042e+13
-1.2155e+13
-1.34878e+13
-1.49053e+13
-1.64053e+13
-1.79868e+13
-1.96299e+13
-2.13069e+13
-2.29548e+13
-2.44857e+13
-2.57521e+13
-2.65787e+13
-2.67251e+13
-2.58819e+13
-2.35836e+13
-1.9066e+13
-1.10896e+13
2.30382e+12
2.48016e+13
6.65714e+13
1.71319e+14
2.74489e+14
3.89074e+14
4.72544e+14
5.14738e+14
6.58735e+14
7.82055e+14
1.08913e+15
1.0801e+15
1.38214e+15
1.78064e+15
3.00705e+15
6.58289e+15
1.19631e+16
1.56405e+16
1.8667e+16
-9.55294e+08
-3.62486e+09
-8.48321e+09
-1.51863e+10
-2.3614e+10
-3.37736e+10
-4.57608e+10
-5.97347e+10
-7.59437e+10
-9.47234e+10
-1.16545e+11
-1.42038e+11
-1.72037e+11
-2.07545e+11
-2.49568e+11
-2.98444e+11
-3.51661e+11
-3.94417e+11
-4.32033e+11
-4.88958e+11
-5.68668e+11
-6.75386e+11
-8.27557e+11
-1.00656e+12
-1.18247e+12
-1.35431e+12
-1.53858e+12
-1.74905e+12
-1.98909e+12
-2.26346e+12
-2.57899e+12
-2.94353e+12
-3.36612e+12
-3.85572e+12
-4.42183e+12
-5.07291e+12
-5.81733e+12
-6.66157e+12
-7.61184e+12
-8.67147e+12
-9.84318e+12
-1.11258e+13
-1.25186e+13
-1.40189e+13
-1.56267e+13
-1.734e+13
-1.91624e+13
-2.10917e+13
-2.3126e+13
-2.52414e+13
-2.74014e+13
-2.95271e+13
-3.15045e+13
-3.31469e+13
-3.42274e+13
-3.44406e+13
-3.3389e+13
-3.04805e+13
-2.47518e+13
-1.46021e+13
2.54631e+12
3.15105e+13
8.50583e+13
2.18261e+14
3.60942e+14
5.03932e+14
6.09648e+14
6.71356e+14
8.54407e+14
1.02203e+15
1.3889e+15
1.32375e+15
1.78667e+15
2.3392e+15
3.99253e+15
8.20889e+15
1.51079e+16
1.96242e+16
2.33425e+16
-1.20302e+09
-4.52209e+09
-1.04846e+10
-1.86969e+10
-2.90124e+10
-4.14454e+10
-5.6111e+10
-7.32058e+10
-9.30326e+10
-1.16004e+11
-1.42698e+11
-1.73887e+11
-2.10587e+11
-2.54018e+11
-3.05395e+11
-3.65128e+11
-4.2996e+11
-4.82259e+11
-5.29362e+11
-5.99025e+11
-6.96988e+11
-8.27173e+11
-1.01021e+12
-1.22746e+12
-1.44261e+12
-1.65274e+12
-1.87805e+12
-2.13573e+12
-2.42946e+12
-2.76512e+12
-3.15102e+12
-3.59681e+12
-4.11351e+12
-4.71215e+12
-5.40425e+12
-6.20025e+12
-7.11031e+12
-8.14246e+12
-9.30409e+12
-1.05994e+13
-1.20316e+13
-1.35993e+13
-1.53017e+13
-1.71353e+13
-1.91002e+13
-2.11946e+13
-2.34223e+13
-2.57817e+13
-2.82703e+13
-3.08606e+13
-3.35074e+13
-3.6117e+13
-3.85491e+13
-4.05792e+13
-4.19292e+13
-4.22298e+13
-4.09965e+13
-3.75121e+13
-3.06215e+13
-1.83664e+13
2.46562e+12
3.78433e+13
1.03176e+14
2.64094e+14
4.50345e+14
6.20948e+14
7.49102e+14
8.33903e+14
1.05445e+15
1.27179e+15
1.70002e+15
1.6604e+15
2.22807e+15
2.94571e+15
5.01193e+15
9.9342e+15
1.8374e+16
2.38656e+16
2.82628e+16
-1.46324e+09
-5.45517e+09
-1.25323e+10
-2.22599e+10
-3.44661e+10
-4.91744e+10
-6.65193e+10
-8.67352e+10
-1.10179e+11
-1.37343e+11
-1.6891e+11
-2.05794e+11
-2.49192e+11
-3.00525e+11
-3.61215e+11
-4.31762e+11
-5.08318e+11
-5.70488e+11
-6.27105e+11
-7.09268e+11
-8.25629e+11
-9.79551e+11
-1.1925e+12
-1.44707e+12
-1.70149e+12
-1.9499e+12
-2.21619e+12
-2.52125e+12
-2.86882e+12
-3.26586e+12
-3.72219e+12
-4.24932e+12
-4.8602e+12
-5.56797e+12
-6.38618e+12
-7.32728e+12
-8.40316e+12
-9.62346e+12
-1.09967e+13
-1.25281e+13
-1.42209e+13
-1.60741e+13
-1.80862e+13
-2.02535e+13
-2.25757e+13
-2.50515e+13
-2.76851e+13
-3.04757e+13
-3.34202e+13
-3.64885e+13
-3.96268e+13
-4.27276e+13
-4.56247e+13
-4.80568e+13
-4.9695e+13
-5.01083e+13
-4.87265e+13
-4.47106e+13
-3.67154e+13
-2.24342e+13
1.98716e+12
4.3686e+13
1.20776e+14
3.08595e+14
5.4142e+14
7.39692e+14
8.90613e+14
9.99855e+14
1.25932e+15
1.52922e+15
2.02738e+15
2.01082e+15
2.70928e+15
3.59271e+15
6.06427e+15
1.17019e+16
2.17611e+16
2.83692e+16
3.35492e+16
-1.73599e+09
-6.42464e+09
-1.46276e+10
-2.5876e+10
-3.99745e+10
-5.69587e+10
-7.69817e+10
-1.00317e+11
-1.27376e+11
-1.58729e+11
-1.95166e+11
-2.37743e+11
-2.87822e+11
-3.4702e+11
-4.16952e+11
-4.98245e+11
-5.86647e+11
-6.59328e+11
-7.25395e+11
-8.19636e+11
-9.54354e+11
-1.13244e+12
-1.37454e+12
-1.66531e+12
-1.95897e+12
-2.24566e+12
-2.55282e+12
-2.90547e+12
-3.307e+12
-3.76552e+12
-4.29237e+12
-4.9009e+12
-5.60605e+12
-6.42307e+12
-7.36754e+12
-8.45393e+12
-9.69589e+12
-1.11047e+13
-1.26899e+13
-1.44577e+13
-1.64117e+13
-1.85508e+13
-2.0873e+13
-2.33744e+13
-2.60543e+13
-2.89119e+13
-3.19521e+13
-3.51753e+13
-3.85777e+13
-4.21276e+13
-4.57633e+13
-4.9364e+13
-5.27383e+13
-5.5589e+13
-5.75375e+13
-5.80931e+13
-5.66022e+13
-5.21061e+13
-4.3072e+13
-2.68573e+13
1.03288e+12
4.89185e+13
1.37674e+14
3.51249e+14
6.32572e+14
8.59944e+14
1.03459e+15
1.17141e+15
1.46911e+15
1.79608e+15
2.36565e+15
2.40727e+15
3.213e+15
4.26841e+15
7.12382e+15
1.35775e+16
2.52801e+16
3.31396e+16
3.9217e+16
-2.02113e+09
-7.43042e+09
-1.67711e+10
-2.95454e+10
-4.5537e+10
-6.4796e+10
-8.74941e+10
-1.13944e+11
-1.44613e+11
-1.8015e+11
-2.21452e+11
-2.69709e+11
-3.26444e+11
-3.93448e+11
-4.72522e+11
-5.64439e+11
-6.64872e+11
-7.48901e+11
-8.24376e+11
-9.30119e+11
-1.08295e+12
-1.28562e+12
-1.55638e+12
-1.88213e+12
-2.21484e+12
-2.53981e+12
-2.88769e+12
-3.28811e+12
-3.74373e+12
-4.26381e+12
-4.86123e+12
-5.55121e+12
-6.35069e+12
-7.27705e+12
-8.34792e+12
-9.57981e+12
-1.09881e+13
-1.25857e+13
-1.43833e+13
-1.6388e+13
-1.86035e+13
-2.1029e+13
-2.36618e+13
-2.64976e+13
-2.95358e+13
-3.27757e+13
-3.62232e+13
-3.98802e+13
-4.37429e+13
-4.77785e+13
-5.19183e+13
-5.60288e+13
-5.98943e+13
-6.31824e+13
-6.54661e+13
-6.61979e+13
-6.46429e+13
-5.9726e+13
-4.97274e+13
-3.16859e+13
-4.72338e+11
5.34122e+13
1.53563e+14
3.91787e+14
7.22712e+14
9.81074e+14
1.18039e+15
1.34618e+15
1.68349e+15
2.0695e+15
2.7148e+15
2.8071e+15
3.74703e+15
4.97642e+15
8.23627e+15
1.55174e+16
2.88973e+16
3.81685e+16
4.53096e+16
-2.31874e+09
-8.47281e+09
-1.89632e+10
-3.32681e+10
-5.11525e+10
-7.26836e+10
-9.80522e+10
-1.27611e+11
-1.61883e+11
-2.01597e+11
-2.47755e+11
-3.01674e+11
-3.65024e+11
-4.39757e+11
-5.27845e+11
-6.30221e+11
-7.42827e+11
-8.39215e+11
-9.2439e+11
-1.04083e+12
-1.21119e+12
-1.43879e+12
-1.73818e+12
-2.09753e+12
-2.46888e+12
-2.83223e+12
-3.2206e+12
-3.66898e+12
-4.17881e+12
-4.76053e+12
-5.42856e+12
-6.20001e+12
-7.09386e+12
-8.12966e+12
-9.32708e+12
-1.07047e+13
-1.22796e+13
-1.40664e+13
-1.60768e+13
-1.83188e+13
-2.07965e+13
-2.35089e+13
-2.64529e+13
-2.96237e+13
-3.30204e+13
-3.66432e+13
-4.04986e+13
-4.4591e+13
-4.89168e+13
-5.34427e+13
-5.80939e+13
-6.27254e+13
-6.70978e+13
-7.08446e+13
-7.34916e+13
-7.44366e+13
-7.28679e+13
-6.75971e+13
-5.67168e+13
-3.69691e+13
-2.6069e+12
5.70341e+13
1.6821e+14
4.29822e+14
8.10814e+14
1.10267e+15
1.32827e+15
1.52592e+15
1.90235e+15
2.35117e+15
3.07322e+15
3.24831e+15
4.30761e+15
5.71113e+15
9.37676e+15
1.75326e+16
3.26036e+16
4.34561e+16
5.19783e+16
-2.62873e+09
-9.55155e+09
-2.12041e+10
-3.70438e+10
-5.68196e+10
-8.06188e+10
-1.08652e+11
-1.41311e+11
-1.79178e+11
-2.2306e+11
-2.74059e+11
-3.33613e+11
-4.03524e+11
-4.85891e+11
-5.82838e+11
-6.95459e+11
-8.20244e+11
-9.30235e+11
-1.02574e+12
-1.15192e+12
-1.33891e+12
-1.59168e+12
-1.91996e+12
-2.31146e+12
-2.72083e+12
-3.12273e+12
-3.55132e+12
-4.04785e+12
-4.61196e+12
-5.25535e+12
-5.994e+12
-6.84693e+12
-7.83518e+12
-8.98047e+12
-1.03046e+13
-1.18281e+13
-1.35699e+13
-1.55462e+13
-1.777e+13
-2.02499e+13
-2.29903e+13
-2.59902e+13
-2.92459e+13
-3.27521e+13
-3.65078e+13
-4.05137e+13
-4.47778e+13
-4.93071e+13
-5.4099e+13
-5.91202e+13
-6.4291e+13
-6.94558e+13
-7.43524e+13
-7.85813e+13
-8.16223e+13
-8.28213e+13
-8.12944e+13
-7.57449e+13
-6.40758e+13
-4.27562e+13
-5.44515e+12
5.9657e+13
1.81361e+14
4.65085e+14
8.9613e+14
1.22402e+15
1.47731e+15
1.70806e+15
2.12503e+15
2.63828e+15
3.43722e+15
3.69325e+15
4.91379e+15
6.47817e+15
1.05535e+16
1.96094e+16
3.63921e+16
4.90092e+16
5.92653e+16
-2.95122e+09
-1.0667e+10
-2.34941e+10
-4.08718e+10
-6.25368e+10
-8.85987e+10
-1.19288e+11
-1.5504e+11
-1.96491e+11
-2.44528e+11
-3.00349e+11
-3.65503e+11
-4.41909e+11
-5.318e+11
-6.3743e+11
-7.60041e+11
-8.96791e+11
-1.02154e+12
-1.12871e+12
-1.26373e+12
-1.46606e+12
-1.74389e+12
-2.1017e+12
-2.52407e+12
-2.97032e+12
-3.41117e+12
-3.87967e+12
-4.42453e+12
-5.04297e+12
-5.74805e+12
-6.5573e+12
-7.49168e+12
-8.57433e+12
-9.82915e+12
-1.128e+13
-1.29496e+13
-1.48587e+13
-1.7025e+13
-1.94625e+13
-2.21809e+13
-2.51847e+13
-2.84728e+13
-3.20407e+13
-3.58828e+13
-3.99977e+13
-4.43873e+13
-4.90609e+13
-5.40287e+13
-5.92899e+13
-6.48118e+13
-7.05111e+13
-7.62224e+13
-8.16623e+13
-8.63989e+13
-8.98678e+13
-9.13649e+13
-8.99398e+13
-8.41945e+13
-7.18453e+13
-4.90997e+13
-9.06288e+12
6.11524e+13
1.92816e+14
4.97201e+14
9.77795e+14
1.34454e+15
1.62749e+15
1.89413e+15
2.35181e+15
2.93324e+15
3.8115e+15
4.18715e+15
5.55049e+15
7.25958e+15
1.17497e+16
2.17585e+16
4.02618e+16
5.48326e+16
6.72128e+16
-3.28615e+09
-1.18187e+10
-2.5833e+10
-4.47515e+10
-6.83023e+10
-9.66204e+10
-1.29957e+11
-1.6879e+11
-2.13813e+11
-2.65991e+11
-3.26609e+11
-3.97317e+11
-4.80143e+11
-5.77434e+11
-6.91558e+11
-8.23888e+11
-9.72164e+11
-1.11253e+12
-1.23329e+12
-1.37658e+12
-1.59262e+12
-1.89514e+12
-2.28321e+12
-2.73539e+12
-3.2171e+12
-3.69733e+12
-4.20548e+12
-4.79883e+12
-5.4716e+12
-6.23833e+12
-7.11811e+12
-8.13388e+12
-9.31088e+12
-1.06753e+13
-1.2253e+13
-1.40689e+13
-1.61455e+13
-1.85021e+13
-2.11539e+13
-2.41113e+13
-2.73792e+13
-3.09561e+13
-3.48369e+13
-3.90153e+13
-4.34896e+13
-4.82631e+13
-5.33471e+13
-5.87552e+13
-6.44889e+13
-7.05173e+13
-7.67544e+13
-8.30265e+13
-8.90302e+13
-9.43023e+13
-9.82356e+13
-1.00078e+14
-9.88196e+13
-9.29692e+13
-8.00658e+13
-5.60535e+13
-1.35335e+13
6.14046e+13
2.02353e+14
5.25933e+14
1.05524e+15
1.46345e+15
1.77774e+15
2.08155e+15
2.58141e+15
3.23262e+15
4.19254e+15
4.69163e+15
6.22046e+15
8.06603e+15
1.29822e+16
2.39766e+16
4.42157e+16
6.0921e+16
7.6142e+16
-3.6337e+09
-1.30073e+10
-2.82207e+10
-4.86816e+10
-7.41139e+10
-1.0468e+11
-1.40654e+11
-1.82557e+11
-2.31139e+11
-2.87437e+11
-3.52821e+11
-4.2903e+11
-5.18191e+11
-6.2275e+11
-7.4517e+11
-8.86942e+11
-1.04629e+12
-1.20259e+12
-1.3391e+12
-1.49118e+12
-1.7188e+12
-2.045e+12
-2.46409e+12
-2.94573e+12
-3.4608e+12
-3.98098e+12
-4.52861e+12
-5.1706e+12
-5.89767e+12
-6.72596e+12
-7.67615e+12
-8.7732e+12
-1.00445e+13
-1.15184e+13
-1.32231e+13
-1.51854e+13
-1.74298e+13
-1.99772e+13
-2.28438e+13
-2.60408e+13
-2.95734e+13
-3.34398e+13
-3.76342e+13
-4.21492e+13
-4.6983e+13
-5.21407e+13
-5.76361e+13
-6.34861e+13
-6.96958e+13
-7.62366e+13
-8.30213e+13
-8.98695e+13
-9.6459e+13
-1.02296e+14
-1.06733e+14
-1.08973e+14
-1.07949e+14
-1.02091e+14
-8.877e+13
-6.3668e+13
-1.89305e+13
6.0292e+13
2.09827e+14
5.51039e+14
1.12771e+15
1.58014e+15
1.92777e+15
2.27151e+15
2.8142e+15
3.5382e+15
4.58673e+15
5.24858e+15
6.90902e+15
8.88648e+15
1.42402e+16
2.62552e+16
4.82558e+16
6.73091e+16
8.60332e+16
-3.99385e+09
-1.42324e+10
-3.06569e+10
-5.26606e+10
-7.99693e+10
-1.12776e+11
-1.51375e+11
-1.96335e+11
-2.48459e+11
-3.08855e+11
-3.78968e+11
-4.60619e+11
-5.5602e+11
-6.67708e+11
-7.9822e+11
-9.49163e+11
-1.11918e+12
-1.29109e+12
-1.44554e+12
-1.60788e+12
-1.84476e+12
-2.19318e+12
-2.64404e+12
-3.15499e+12
-3.70113e+12
-4.2619e+12
-4.84891e+12
-5.53966e+12
-6.32099e+12
-7.21069e+12
-8.23109e+12
-9.40923e+12
-1.07747e+13
-1.23581e+13
-1.41898e+13
-1.62987e+13
-1.87111e+13
-2.14496e+13
-2.45315e+13
-2.79689e+13
-3.17669e+13
-3.59235e+13
-4.04319e+13
-4.52839e+13
-5.04773e+13
-5.60195e+13
-6.19268e+13
-6.82205e+13
-7.49094e+13
-8.19687e+13
-8.93116e+13
-9.67518e+13
-1.0395e+14
-1.10385e+14
-1.15367e+14
-1.18056e+14
-1.1734e+14
-1.11579e+14
-9.79896e+13
-7.20018e+13
-2.53383e+13
5.77248e+13
2.15081e+14
5.72159e+14
1.19463e+15
1.69377e+15
2.07641e+15
2.46131e+15
3.04816e+15
3.84627e+15
4.98368e+15
5.81099e+15
7.62335e+15
9.72543e+15
1.55341e+16
2.85931e+16
5.23932e+16
7.40595e+16
9.72238e+16
-4.36682e+09
-1.54945e+10
-3.31411e+10
-5.66867e+10
-8.58659e+10
-1.20902e+11
-1.62116e+11
-2.10118e+11
-2.65766e+11
-3.30232e+11
-4.05031e+11
-4.92058e+11
-5.93602e+11
-7.12271e+11
-8.50669e+11
-1.01051e+12
-1.19079e+12
-1.37754e+12
-1.55157e+12
-1.72656e+12
-1.97113e+12
-2.33945e+12
-2.8223e+12
-3.3635e+12
-3.93792e+12
-4.53968e+12
-5.16629e+12
-5.90587e+12
-6.74141e+12
-7.69231e+12
-8.78266e+12
-1.00417e+13
-1.15011e+13
-1.31939e+13
-1.51526e+13
-1.74082e+13
-1.99889e+13
-2.29188e+13
-2.62166e+13
-2.98949e+13
-3.39592e+13
-3.84068e+13
-4.32295e+13
-4.84186e+13
-5.3972e+13
-5.98987e+13
-6.62187e+13
-7.29575e+13
-8.01291e+13
-8.77134e+13
-9.56251e+13
-1.03674e+14
-1.11507e+14
-1.18572e+14
-1.24143e+14
-1.2734e+14
-1.27008e+14
-1.21454e+14
-1.07754e+14
-8.11044e+13
-3.28352e+13
5.35755e+13
2.17891e+14
5.88999e+14
1.25522e+15
1.80359e+15
2.22321e+15
2.65179e+15
3.28416e+15
4.15826e+15
5.39136e+15
6.42132e+15
8.34875e+15
1.05594e+16
1.68532e+16
3.09653e+16
5.6636e+16
8.13141e+16
1.09549e+17
-4.75262e+09
-1.67935e+10
-3.56726e+10
-6.07581e+10
-9.1801e+10
-1.29057e+11
-1.72871e+11
-2.23899e+11
-2.83051e+11
-3.51557e+11
-4.30995e+11
-5.23327e+11
-6.30907e+11
-7.56406e+11
-9.02482e+11
-1.07095e+12
-1.26113e+12
-1.4618e+12
-1.65614e+12
-1.84697e+12
-2.09845e+12
-2.48369e+12
-2.9986e+12
-3.57091e+12
-4.17108e+12
-4.81404e+12
-5.48067e+12
-6.26911e+12
-7.15878e+12
-8.17062e+12
-9.33056e+12
-1.06701e+13
-1.22233e+13
-1.40253e+13
-1.6111e+13
-1.85134e+13
-2.12626e+13
-2.43844e+13
-2.78985e+13
-3.18184e+13
-3.61497e+13
-4.08889e+13
-4.60264e+13
-5.15528e+13
-5.74661e+13
-6.37776e+13
-7.05107e+13
-7.76961e+13
-8.53536e+13
-9.34693e+13
-1.01961e+14
-1.10637e+14
-1.19129e+14
-1.26861e+14
-1.33068e+14
-1.3683e+14
-1.36963e+14
-1.31731e+14
-1.18089e+14
-9.10169e+13
-4.14833e+13
4.77612e+13
2.18121e+14
6.01299e+14
1.30895e+15
1.90873e+15
2.36701e+15
2.84041e+15
3.51949e+15
4.47007e+15
5.79899e+15
7.03655e+15
9.09057e+15
1.13962e+16
1.81938e+16
3.33671e+16
6.09979e+16
8.92058e+16
1.22617e+17
-5.15152e+09
-1.81298e+10
-3.82508e+10
-6.48719e+10
-9.77716e+10
-1.37235e+11
-1.83636e+11
-2.37673e+11
-3.00305e+11
-3.72816e+11
-4.56843e+11
-5.54402e+11
-6.67908e+11
-8.00082e+11
-9.53627e+11
-1.13045e+12
-1.3302e+12
-1.54392e+12
-1.75832e+12
-1.96825e+12
-2.22773e+12
-2.6261e+12
-3.17205e+12
-3.77709e+12
-4.40081e+12
-5.08442e+12
-5.79213e+12
-6.62927e+12
-7.57303e+12
-8.64545e+12
-9.87457e+12
-1.12942e+13
-1.29408e+13
-1.48519e+13
-1.70645e+13
-1.96137e+13
-2.25316e+13
-2.58456e+13
-2.95766e+13
-3.37388e+13
-3.83378e+13
-4.33693e+13
-4.8822e+13
-5.46858e+13
-6.09592e+13
-6.76553e+13
-7.48018e+13
-8.24351e+13
-9.05819e+13
-9.92353e+13
-1.08319e+14
-1.17639e+14
-1.26818e+14
-1.35254e+14
-1.42145e+14
-1.46535e+14
-1.47216e+14
-1.42427e+14
-1.2902e+14
-1.01777e+14
-5.13422e+13
4.01702e+13
2.15587e+14
6.08834e+14
1.35507e+15
2.00846e+15
2.50724e+15
3.02731e+15
3.75486e+15
4.78252e+15
6.21509e+15
7.69215e+15
9.83605e+15
1.22097e+16
1.95454e+16
3.57957e+16
6.55366e+16
9.78949e+16
1.36564e+17
-5.56356e+09
-1.95033e+10
-4.0874e+10
-6.90254e+10
-1.03774e+11
-1.45433e+11
-1.94406e+11
-2.51434e+11
-3.1752e+11
-3.94e+11
-4.82558e+11
-5.85263e+11
-7.04579e+11
-8.43271e+11
-1.00408e+12
-1.18901e+12
-1.39799e+12
-1.624e+12
-1.85713e+12
-2.08911e+12
-2.359e+12
-2.7668e+12
-3.34242e+12
-3.98148e+12
-4.62714e+12
-5.35064e+12
-6.1007e+12
-6.98629e+12
-7.98402e+12
-9.11661e+12
-1.04144e+13
-1.19137e+13
-1.36534e+13
-1.56732e+13
-1.80125e+13
-2.07086e+13
-2.37954e+13
-2.73019e+13
-3.12503e+13
-3.56554e+13
-4.05229e+13
-4.58473e+13
-5.16156e+13
-5.7817e+13
-6.44502e+13
-7.15308e+13
-7.90907e+13
-8.71729e+13
-9.58121e+13
-1.0501e+14
-1.14696e+14
-1.2468e+14
-1.34574e+14
-1.43752e+14
-1.51378e+14
-1.5646e+14
-1.57775e+14
-1.53555e+14
-1.40567e+14
-1.13421e+14
-6.24658e+13
3.07364e+13
2.10199e+14
6.11453e+14
1.39308e+15
2.10189e+15
2.64252e+15
3.20976e+15
3.98664e+15
5.0915e+15
6.62811e+15
8.35068e+15
1.05913e+16
1.30116e+16
2.09104e+16
3.82618e+16
7.02907e+16
1.07445e+17
1.50791e+17
-5.98898e+09
-2.09143e+10
-4.35407e+10
-7.32152e+10
-1.09805e+11
-1.53648e+11
-2.05178e+11
-2.65176e+11
-3.3469e+11
-4.15097e+11
-5.08125e+11
-6.15888e+11
-7.40896e+11
-8.85948e+11
-1.05381e+12
-1.24658e+12
-1.46451e+12
-1.7021e+12
-1.9523e+12
-2.20802e+12
-2.49159e+12
-2.90734e+12
-3.50887e+12
-4.1831e+12
-4.85081e+12
-5.61206e+12
-6.40651e+12
-7.34011e+12
-8.39167e+12
-9.58395e+12
-1.09499e+13
-1.25282e+13
-1.43605e+13
-1.64888e+13
-1.89547e+13
-2.17976e+13
-2.50534e+13
-2.87527e+13
-3.2919e+13
-3.75677e+13
-4.27043e+13
-4.83222e+13
-5.44064e+13
-6.09455e+13
-6.79384e+13
-7.54031e+13
-8.33764e+13
-9.19085e+13
-1.01043e+14
-1.10791e+14
-1.21093e+14
-1.3176e+14
-1.42397e+14
-1.52359e+14
-1.60772e+14
-1.66612e+14
-1.68651e+14
-1.65127e+14
-1.52753e+14
-1.25979e+14
-7.49041e+13
1.93641e+13
2.01815e+14
6.08989e+14
1.42224e+15
2.18817e+15
2.77202e+15
3.38737e+15
4.21598e+15
5.39809e+15
7.04538e+15
9.0357e+15
1.13228e+16
1.37718e+16
2.22783e+16
4.07643e+16
7.53285e+16
1.17721e+17
1.64996e+17
-6.42784e+09
-2.23622e+10
-4.62483e+10
-7.74376e+10
-1.1586e+11
-1.61874e+11
-2.15946e+11
-2.78896e+11
-3.51808e+11
-4.36096e+11
-5.33527e+11
-6.46258e+11
-7.76837e+11
-9.28089e+11
-1.10281e+12
-1.30318e+12
-1.52973e+12
-1.7783e+12
-2.0441e+12
-2.32365e+12
-2.62518e+12
-3.04835e+12
-3.67153e+12
-4.38077e+12
-5.07181e+12
-5.86844e+12
-6.70958e+12
-7.69071e+12
-8.79588e+12
-1.00473e+13
-1.14807e+13
-1.31375e+13
-1.50619e+13
-1.72983e+13
-1.98904e+13
-2.28801e+13
-2.63049e+13
-3.01973e+13
-3.4582e+13
-3.9475e+13
-4.48813e+13
-5.07932e+13
-5.71939e+13
-6.40706e+13
-7.14228e+13
-7.9271e+13
-8.76574e+13
-9.66399e+13
-1.06272e+14
-1.16578e+14
-1.27506e+14
-1.38876e+14
-1.50286e+14
-1.61074e+14
-1.7033e+14
-1.76996e+14
-1.79851e+14
-1.77155e+14
-1.65593e+14
-1.39481e+14
-8.87003e+13
6.00684e+12
1.90387e+14
6.01388e+14
1.44218e+15
2.26638e+15
2.89421e+15
3.55768e+15
4.43919e+15
5.698e+15
7.45193e+15
9.70548e+15
1.20195e+16
1.45106e+16
2.36583e+16
4.3323e+16
8.06472e+16
1.28685e+17
1.79807e+17
-6.88026e+09
-2.38466e+10
-4.89938e+10
-8.16885e+10
-1.21937e+11
-1.70109e+11
-2.26709e+11
-2.9259e+11
-3.68866e+11
-4.56984e+11
-5.58748e+11
-6.76353e+11
-8.12379e+11
-9.69674e+11
-1.15106e+12
-1.35878e+12
-1.59367e+12
-1.85267e+12
-2.13277e+12
-2.43443e+12
-2.75806e+12
-3.19031e+12
-3.83053e+12
-4.57253e+12
-5.29069e+12
-6.11925e+12
-7.00991e+12
-8.03805e+12
-9.19647e+12
-1.05063e+13
-1.20066e+13
-1.37413e+13
-1.57571e+13
-1.81011e+13
-2.08192e+13
-2.39554e+13
-2.75494e+13
-3.16352e+13
-3.62386e+13
-4.13764e+13
-4.70531e+13
-5.32597e+13
-5.99772e+13
-6.71915e+13
-7.49025e+13
-8.31335e+13
-9.19325e+13
-1.01366e+14
-1.11498e+14
-1.22367e+14
-1.33934e+14
-1.46026e+14
-1.58242e+14
-1.69898e+14
-1.80053e+14
-1.87617e+14
-1.91379e+14
-1.89648e+14
-1.791e+14
-1.53947e+14
-1.03894e+14
-9.41251e+12
1.75818e+14
5.88557e+14
1.45224e+15
2.33566e+15
3.0082e+15
3.72024e+15
4.65737e+15
5.99197e+15
7.85124e+15
1.03718e+16
1.25846e+16
1.52046e+16
2.50415e+16
4.59411e+16
8.62756e+16
1.40299e+17
1.95079e+17
-7.34615e+09
-2.5366e+10
-5.17729e+10
-8.59636e+10
-1.28031e+11
-1.78352e+11
-2.37467e+11
-3.06253e+11
-3.85855e+11
-4.77748e+11
-5.83771e+11
-7.06152e+11
-8.47502e+11
-1.01068e+12
-1.19854e+12
-1.41339e+12
-1.65632e+12
-1.92527e+12
-2.2185e+12
-2.53933e+12
-2.88811e+12
-3.33186e+12
-3.9868e+12
-4.75715e+12
-5.50706e+12
-6.36461e+12
-7.30746e+12
-8.38184e+12
-9.59292e+12
-1.09605e+13
-1.2527e+13
-1.43389e+13
-1.64457e+13
-1.88967e+13
-2.17405e+13
-2.5023e+13
-2.87861e+13
-3.30654e+13
-3.7888e+13
-4.32713e+13
-4.9219e+13
-5.57207e+13
-6.27553e+13
-7.03071e+13
-7.83764e+13
-8.69892e+13
-9.61999e+13
-1.06084e+14
-1.16719e+14
-1.28156e+14
-1.40374e+14
-1.5321e+14
-1.66261e+14
-1.78831e+14
-1.89942e+14
-1.98475e+14
-2.03242e+14
-2.02611e+14
-1.93286e+14
-1.69396e+14
-1.20516e+14
-2.69229e+13
1.58102e+14
5.70567e+14
1.45228e+15
2.39499e+15
3.11246e+15
3.87297e+15
4.86658e+15
6.27462e+15
8.23159e+15
1.09644e+16
1.30836e+16
1.59495e+16
2.64446e+16
4.86422e+16
9.22265e+16
1.52519e+17
2.11385e+17
-7.82523e+09
-2.69179e+10
-5.45809e+10
-9.02597e+10
-1.34143e+11
-1.86602e+11
-2.48216e+11
-3.19882e+11
-4.02767e+11
-4.98375e+11
-6.08579e+11
-7.35639e+11
-8.82188e+11
-1.0511e+12
-1.24523e+12
-1.46698e+12
-1.71769e+12
-1.9961e+12
-2.30148e+12
-2.63904e+12
-3.01394e+12
-3.47179e+12
-4.14398e+12
-4.93246e+12
-5.72136e+12
-6.60467e+12
-7.60193e+12
-8.72175e+12
-9.98445e+12
-1.1409e+13
-1.3041e+13
-1.49297e+13
-1.71269e+13
-1.96845e+13
-2.26535e+13
-2.60821e+13
-3.00142e+13
-3.44872e+13
-3.95294e+13
-4.51586e+13
-5.13781e+13
-5.81756e+13
-6.55276e+13
-7.34167e+13
-8.18434e+13
-9.08369e+13
-1.00458e+14
-1.10793e+14
-1.21932e+14
-1.33944e+14
-1.46823e+14
-1.60423e+14
-1.74342e+14
-1.87872e+14
-2e+14
-2.09575e+14
-2.15442e+14
-2.16053e+14
-2.08159e+14
-1.85846e+14
-1.38598e+14
-4.65804e+13
1.37165e+14
5.47376e+14
1.44183e+15
2.44342e+15
3.20606e+15
4.01536e+15
5.06712e+15
6.54698e+15
8.59985e+15
1.15264e+16
1.34435e+16
1.67152e+16
2.78524e+16
5.14148e+16
9.84983e+16
1.65338e+17
2.28607e+17
-8.31694e+09
-2.8499e+10
-5.7412e+10
-9.45742e+10
-1.40272e+11
-1.94861e+11
-2.58958e+11
-3.3347e+11
-4.19591e+11
-5.18852e+11
-6.33157e+11
-7.64797e+11
-9.1642e+11
-1.09091e+12
-1.29114e+12
-1.51957e+12
-1.77778e+12
-2.0652e+12
-2.38194e+12
-2.7344e+12
-3.13343e+12
-3.6094e+12
-4.30188e+12
-5.09879e+12
-5.93344e+12
-6.8406e+12
-7.89354e+12
-9.05772e+12
-1.03706e+13
-1.18509e+13
-1.35477e+13
-1.55125e+13
-1.77996e+13
-2.04634e+13
-2.35571e+13
-2.71315e+13
-3.12325e+13
-3.58993e+13
-4.11615e+13
-4.70373e+13
-5.35294e+13
-6.06233e+13
-6.8293e+13
-7.65192e+13
-8.53024e+13
-9.46752e+13
-1.04706e+14
-1.1549e+14
-1.27135e+14
-1.39726e+14
-1.5328e+14
-1.67663e+14
-1.82483e+14
-1.97019e+14
-2.10226e+14
-2.20919e+14
-2.27984e+14
-2.29976e+14
-2.23724e+14
-2.03307e+14
-1.58159e+14
-6.83934e+13
1.13034e+14
5.1916e+14
1.42112e+15
2.47982e+15
3.28746e+15
4.14533e+15
5.25495e+15
6.80364e+15
8.94492e+15
1.19272e+16
1.37876e+16
1.78267e+16
2.92784e+16
5.42676e+16
1.05087e+17
1.78765e+17
2.4664e+17
-8.82008e+09
-3.01041e+10
-6.0261e+10
-9.89074e+10
-1.4642e+11
-2.0313e+11
-2.69687e+11
-3.4701e+11
-4.36316e+11
-5.39164e+11
-6.5749e+11
-7.93607e+11
-9.50181e+11
-1.1301e+12
-1.33624e+12
-1.57115e+12
-1.83659e+12
-2.13262e+12
-2.46003e+12
-2.82569e+12
-3.24433e+12
-3.74165e+12
-4.45688e+12
-5.25591e+12
-6.14323e+12
-7.07362e+12
-8.18175e+12
-9.38989e+12
-1.0751e+13
-1.2286e+13
-1.40466e+13
-1.60867e+13
-1.8463e+13
-2.12323e+13
-2.44504e+13
-2.81701e+13
-3.24398e+13
-3.73006e+13
-4.27832e+13
-4.89064e+13
-5.56718e+13
-6.30628e+13
-7.10506e+13
-7.96136e+13
-8.87523e+13
-9.85028e+13
-1.08941e+14
-1.20174e+14
-1.32325e+14
-1.45501e+14
-1.59739e+14
-1.74927e+14
-1.90681e+14
-2.06272e+14
-2.20619e+14
-2.32507e+14
-2.40868e+14
-2.44383e+14
-2.39982e+14
-2.2179e+14
-1.79213e+14
-9.23869e+13
8.56611e+13
4.85884e+14
1.39002e+15
2.50312e+15
3.35576e+15
4.26203e+15
5.42944e+15
7.04604e+15
9.27464e+15
1.23229e+16
1.43497e+16
1.9005e+16
3.06847e+16
5.71671e+16
1.11968e+17
1.92871e+17
2.66117e+17
-9.33303e+09
-3.17272e+10
-6.31235e+10
-1.03261e+11
-1.5259e+11
-2.11409e+11
-2.80401e+11
-3.60493e+11
-4.5293e+11
-5.59299e+11
-6.81563e+11
-8.22056e+11
-9.83456e+11
-1.16865e+12
-1.38054e+12
-1.62172e+12
-1.89414e+12
-2.19837e+12
-2.53583e+12
-2.91334e+12
-3.34751e+12
-3.86792e+12
-4.60294e+12
-5.40876e+12
-6.35123e+12
-7.30484e+12
-8.46594e+12
-9.71795e+12
-1.11255e+13
-1.2714e+13
-1.45372e+13
-1.66518e+13
-1.91167e+13
-2.1991e+13
-2.53327e+13
-2.91972e+13
-3.36354e+13
-3.86901e+13
-4.43934e+13
-5.07646e+13
-5.78042e+13
-6.54931e+13
-7.37994e+13
-8.26987e+13
-9.21917e+13
-1.02318e+14
-1.13161e+14
-1.24841e+14
-1.37499e+14
-1.51264e+14
-1.66197e+14
-1.82211e+14
-1.98932e+14
-2.15626e+14
-2.31179e+14
-2.44339e+14
-2.54094e+14
-2.59272e+14
-2.56931e+14
-2.41295e+14
-2.01764e+14
-1.18547e+14
5.50974e+13
4.47763e+14
1.34907e+15
2.51218e+15
3.40941e+15
4.36319e+15
5.58696e+15
7.26909e+15
9.58222e+15
1.2699e+16
1.49784e+16
2.02736e+16
3.20616e+16
6.01057e+16
1.19132e+17
2.07682e+17
2.86826e+17
-9.85319e+09
-3.33612e+10
-6.59974e+10
-1.0764e+11
-1.58784e+11
-2.19696e+11
-2.91092e+11
-3.7391e+11
-4.69423e+11
-5.79244e+11
-7.05361e+11
-8.50129e+11
-1.01623e+12
-1.20656e+12
-1.42402e+12
-1.67127e+12
-1.95043e+12
-2.26251e+12
-2.60942e+12
-2.99789e+12
-3.44559e+12
-3.98913e+12
-4.7384e+12
-5.56742e+12
-6.557e+12
-7.53764e+12
-8.7454e+12
-1.00416e+13
-1.14938e+13
-1.31344e+13
-1.50193e+13
-1.72075e+13
-1.97602e+13
-2.27387e+13
-2.62034e+13
-3.02123e+13
-3.48184e+13
-4.00668e+13
-4.59912e+13
-5.26109e+13
-5.99255e+13
-6.79131e+13
-7.65382e+13
-8.57734e+13
-9.56194e+13
-1.06119e+14
-1.17365e+14
-1.2949e+14
-1.42655e+14
-1.57012e+14
-1.72651e+14
-1.8951e+14
-2.07232e+14
-2.25079e+14
-2.41904e+14
-2.56415e+14
-2.67663e+14
-2.74641e+14
-2.74572e+14
-2.61818e+14
-2.25805e+14
-1.46872e+14
2.13266e+13
4.0474e+14
1.29829e+15
2.50598e+15
3.44743e+15
4.4478e+15
5.7268e+15
7.47432e+15
9.87318e+15
1.30852e+16
1.57309e+16
2.15398e+16
3.33611e+16
6.30315e+16
1.26532e+17
2.23233e+17
3.0854e+17
-1.03779e+10
-3.5e+10
-6.88828e+10
-1.12049e+11
-1.65003e+11
-2.27988e+11
-3.01754e+11
-3.87251e+11
-4.85782e+11
-5.98985e+11
-7.28872e+11
-8.77811e+11
-1.04849e+12
-1.24381e+12
-1.46668e+12
-1.71981e+12
-2.00548e+12
-2.32508e+12
-2.68092e+12
-3.07972e+12
-3.53969e+12
-4.1036e+12
-4.86538e+12
-5.73885e+12
-6.75843e+12
-7.77366e+12
-9.02067e+12
-1.03609e+13
-1.18558e+13
-1.35472e+13
-1.54926e+13
-1.77534e+13
-2.0393e+13
-2.34749e+13
-2.7062e+13
-3.12145e+13
-3.59881e+13
-4.143e+13
-4.75753e+13
-5.4444e+13
-6.20344e+13
-7.03217e+13
-7.9266e+13
-8.88367e+13
-9.9034e+13
-1.09905e+14
-1.2155e+14
-1.34118e+14
-1.47789e+14
-1.62741e+14
-1.79096e+14
-1.9682e+14
-2.15576e+14
-2.34627e+14
-2.5279e+14
-2.68734e+14
-2.81571e+14
-2.90487e+14
-2.92899e+14
-2.83347e+14
-2.51318e+14
-1.77329e+14
-1.55621e+13
3.57058e+14
1.23834e+15
2.48355e+15
3.46826e+15
4.51375e+15
5.84631e+15
7.65661e+15
1.01398e+16
1.34611e+16
1.65253e+16
2.27999e+16
3.45663e+16
6.59227e+16
1.34145e+17
2.39609e+17
3.32081e+17
-1.09039e+10
-3.66386e+10
-7.17829e+10
-1.16491e+11
-1.71244e+11
-2.36278e+11
-3.12377e+11
-4.00506e+11
-5.01997e+11
-6.18511e+11
-7.52081e+11
-9.05088e+11
-1.08023e+12
-1.28039e+12
-1.5085e+12
-1.76733e+12
-2.05929e+12
-2.3861e+12
-2.75041e+12
-3.15901e+12
-3.62964e+12
-4.20742e+12
-4.98261e+12
-5.91941e+12
-6.95251e+12
-8.01234e+12
-9.29235e+12
-1.06762e+13
-1.22119e+13
-1.39523e+13
-1.59568e+13
-1.82893e+13
-2.10147e+13
-2.41992e+13
-2.79078e+13
-3.22034e+13
-3.71438e+13
-4.27787e+13
-4.91449e+13
-5.62629e+13
-6.41298e+13
-7.27176e+13
-8.19814e+13
-9.18871e+13
-1.02434e+14
-1.13673e+14
-1.25715e+14
-1.38723e+14
-1.52898e+14
-1.68448e+14
-1.85528e+14
-2.04136e+14
-2.2396e+14
-2.44264e+14
-2.63835e+14
-2.81295e+14
-2.95816e+14
-3.06807e+14
-3.11912e+14
-3.05863e+14
-2.78268e+14
-2.09882e+14
-5.55322e+13
3.04684e+14
1.16928e+15
2.44409e+15
3.47106e+15
4.56019e+15
5.94457e+15
7.81575e+15
1.03837e+16
1.38341e+16
1.73761e+16
2.39801e+16
3.56246e+16
6.87139e+16
1.41914e+17
2.56867e+17
3.57179e+17
-1.14289e+10
-3.82747e+10
-7.47016e+10
-1.20969e+11
-1.77504e+11
-2.4456e+11
-3.22954e+11
-4.13666e+11
-5.18058e+11
-6.3781e+11
-7.74976e+11
-9.31948e+11
-1.11142e+12
-1.31629e+12
-1.54949e+12
-1.81384e+12
-2.11189e+12
-2.44563e+12
-2.81801e+12
-3.23588e+12
-3.7157e+12
-4.30102e+12
-5.09074e+12
-6.0963e+12
-7.14117e+12
-8.25108e+12
-9.56093e+12
-1.09877e+13
-1.25621e+13
-1.43496e+13
-1.6412e+13
-1.88148e+13
-2.16251e+13
-2.49111e+13
-2.87403e+13
-3.3178e+13
-3.82847e+13
-4.41121e+13
-5.0699e+13
-5.80664e+13
-6.62105e+13
-7.50995e+13
-8.46834e+13
-9.49234e+13
-1.05818e+14
-1.17422e+14
-1.29856e+14
-1.433e+14
-1.57978e+14
-1.74128e+14
-1.91941e+14
-2.11452e+14
-2.32377e+14
-2.53986e+14
-2.75035e+14
-2.94092e+14
-3.10393e+14
-3.23594e+14
-3.31599e+14
-3.29341e+14
-3.06617e+14
-2.44468e+14
-9.84546e+13
2.47938e+14
1.09183e+15
2.38702e+15
3.45439e+15
4.5849e+15
6.01828e+15
7.94603e+15
1.05949e+16
1.41782e+16
1.82187e+16
2.50666e+16
3.65339e+16
7.13756e+16
1.49806e+17
2.75079e+17
3.84699e+17
-1.19511e+10
-3.99089e+10
-7.7644e+10
-1.25481e+11
-1.83777e+11
-2.52828e+11
-3.33476e+11
-4.26722e+11
-5.33952e+11
-6.5687e+11
-7.97545e+11
-9.58377e+11
-1.14207e+12
-1.35151e+12
-1.58964e+12
-1.85934e+12
-2.16327e+12
-2.5037e+12
-2.8838e+12
-3.31048e+12
-3.79877e+12
-4.38957e+12
-5.19325e+12
-6.26152e+12
-7.32671e+12
-8.48785e+12
-9.82635e+12
-1.12954e+13
-1.29071e+13
-1.47396e+13
-1.68583e+13
-1.933e+13
-2.22238e+13
-2.56101e+13
-2.95589e+13
-3.41379e+13
-3.941e+13
-4.54295e+13
-5.22367e+13
-5.98536e+13
-6.82754e+13
-7.74662e+13
-8.73704e+13
-9.79442e+13
-1.09185e+14
-1.2115e+14
-1.33973e+14
-1.47849e+14
-1.63027e+14
-1.79777e+14
-1.9833e+14
-2.18763e+14
-2.40821e+14
-2.63785e+14
-2.86383e+14
-3.07126e+14
-3.25298e+14
-3.40849e+14
-3.5196e+14
-3.53759e+14
-3.36314e+14
-2.81022e+14
-1.44261e+14
1.86803e+14
1.00603e+15
2.31195e+15
3.41742e+15
4.58672e+15
6.06561e+15
8.04596e+15
1.07724e+16
1.44966e+16
1.90651e+16
2.59814e+16
3.72577e+16
7.38317e+16
1.57743e+17
2.94297e+17
4.14399e+17
-1.24705e+10
-4.15436e+10
-8.06126e+10
-1.30022e+11
-1.90056e+11
-2.61073e+11
-3.43934e+11
-4.39663e+11
-5.49672e+11
-6.7568e+11
-8.19775e+11
-9.84364e+11
-1.17215e+12
-1.38602e+12
-1.62895e+12
-1.90383e+12
-2.21347e+12
-2.56035e+12
-2.94788e+12
-3.38303e+12
-3.87979e+12
-4.47643e+12
-5.29231e+12
-6.41214e+12
-7.50874e+12
-8.72022e+12
-1.00882e+13
-1.15991e+13
-1.32471e+13
-1.51223e+13
-1.72958e+13
-1.9835e+13
-2.28109e+13
-2.62961e+13
-3.03631e+13
-3.50822e+13
-4.0519e+13
-4.67298e+13
-5.3757e+13
-6.16234e+13
-7.03232e+13
-7.98166e+13
-9.00414e+13
-1.00948e+14
-1.12532e+14
-1.24856e+14
-1.38061e+14
-1.52364e+14
-1.68038e+14
-1.85389e+14
-2.0469e+14
-2.26061e+14
-2.49285e+14
-2.73655e+14
-2.97875e+14
-3.20389e+14
-3.40525e+14
-3.58564e+14
-3.72981e+14
-3.79086e+14
-3.67308e+14
-3.19466e+14
-1.92802e+14
1.21632e+14
9.12576e+14
2.21873e+15
3.35878e+15
4.56347e+15
6.08324e+15
8.11011e+15
1.09062e+16
1.47668e+16
1.98447e+16
2.67313e+16
3.78712e+16
7.6046e+16
1.65673e+17
3.14541e+17
4.45909e+17
-1.2988e+10
-4.31838e+10
-8.36095e+10
-1.34586e+11
-1.96335e+11
-2.69288e+11
-3.54321e+11
-4.52481e+11
-5.65204e+11
-6.94228e+11
-8.41654e+11
-1.0099e+12
-1.20166e+12
-1.41984e+12
-1.6674e+12
-1.94732e+12
-2.26248e+12
-2.61561e+12
-3.01035e+12
-3.45375e+12
-3.95914e+12
-4.56279e+12
-5.38891e+12
-6.54803e+12
-7.68543e+12
-8.94622e+12
-1.03458e+13
-1.18981e+13
-1.35824e+13
-1.54983e+13
-1.77249e+13
-2.033e+13
-2.33863e+13
-2.69688e+13
-3.11525e+13
-3.60105e+13
-4.16108e+13
-4.80122e+13
-5.5259e+13
-6.33747e+13
-7.23528e+13
-8.21492e+13
-9.26947e+13
-1.03933e+14
-1.15858e+14
-1.28536e+14
-1.4212e+14
-1.56844e+14
-1.7301e+14
-1.90961e+14
-2.11016e+14
-2.33341e+14
-2.57761e+14
-2.83587e+14
-3.09503e+14
-3.3388e+14
-3.56065e+14
-3.76735e+14
-3.94653e+14
-4.05293e+14
-3.99526e+14
-3.59698e+14
-2.43956e+14
5.24491e+13
8.11466e+14
2.10736e+15
3.27763e+15
4.51387e+15
6.06913e+15
8.13645e+15
1.09953e+16
1.499e+16
2.05509e+16
2.72642e+16
3.83804e+16
7.79346e+16
1.7348e+17
3.3582e+17
4.80315e+17
-1.35053e+10
-4.48335e+10
-8.66327e+10
-1.39166e+11
-2.02607e+11
-2.77465e+11
-3.64628e+11
-4.65168e+11
-5.80541e+11
-7.12503e+11
-8.63171e+11
-1.03496e+12
-1.23059e+12
-1.45294e+12
-1.705e+12
-1.98979e+12
-2.31033e+12
-2.66953e+12
-3.07127e+12
-3.52281e+12
-4.03714e+12
-4.64909e+12
-5.48368e+12
-6.67039e+12
-7.85477e+12
-9.1643e+12
-1.05985e+13
-1.21915e+13
-1.3913e+13
-1.58675e+13
-1.8146e+13
-2.08153e+13
-2.39501e+13
-2.76281e+13
-3.19268e+13
-3.69221e+13
-4.26847e+13
-4.92759e+13
-5.67417e+13
-6.51067e+13
-7.43633e+13
-8.44631e+13
-9.53292e+13
-1.06899e+14
-1.19162e+14
-1.32189e+14
-1.46145e+14
-1.61284e+14
-1.77938e+14
-1.96487e+14
-2.17299e+14
-2.40595e+14
-2.66242e+14
-2.93572e+14
-3.21258e+14
-3.47588e+14
-3.71909e+14
-3.95349e+14
-4.16956e+14
-4.32347e+14
-4.32899e+14
-4.01604e+14
-2.97543e+14
-2.03405e+13
7.0347e+14
1.97829e+15
3.17277e+15
4.43582e+15
6.02015e+15
8.12011e+15
1.10305e+16
1.51401e+16
2.10387e+16
2.76655e+16
3.91054e+16
7.94585e+16
1.81085e+17
3.5819e+17
5.17428e+17
-1.40249e+10
-4.64976e+10
-8.96801e+10
-1.43755e+11
-2.08866e+11
-2.85598e+11
-3.74848e+11
-4.77712e+11
-5.95671e+11
-7.30496e+11
-8.84315e+11
-1.05956e+12
-1.25892e+12
-1.48531e+12
-1.74174e+12
-2.03127e+12
-2.35702e+12
-2.72212e+12
-3.13072e+12
-3.59031e+12
-4.11392e+12
-4.73542e+12
-5.57743e+12
-6.78083e+12
-8.01537e+12
-9.37312e+12
-1.08462e+13
-1.24782e+13
-1.42383e+13
-1.62304e+13
-1.85592e+13
-2.12912e+13
-2.45027e+13
-2.82742e+13
-3.26859e+13
-3.78166e+13
-4.374e+13
-5.05199e+13
-5.82041e+13
-6.68182e+13
-7.63535e+13
-8.67569e+13
-9.79434e+13
-1.09842e+14
-1.2244e+14
-1.35812e+14
-1.50135e+14
-1.65682e+14
-1.82817e+14
-2.01962e+14
-2.23536e+14
-2.47815e+14
-2.74718e+14
-3.03601e+14
-3.33132e+14
-3.61509e+14
-3.88047e+14
-4.144e+14
-4.39876e+14
-4.60221e+14
-4.67356e+14
-4.45061e+14
-3.53393e+14
-9.66589e+13
5.8854e+14
1.83199e+15
3.04355e+15
4.32806e+15
5.93436e+15
8.05863e+15
1.10092e+16
1.52152e+16
2.1344e+16
2.80137e+16
3.9875e+16
8.05099e+16
1.88325e+17
3.81582e+17
5.56814e+17
-1.45485e+10
-4.81777e+10
-9.27468e+10
-1.48346e+11
-2.15105e+11
-2.9368e+11
-3.84971e+11
-4.90107e+11
-6.10586e+11
-7.48195e+11
-9.05075e+11
-1.08366e+12
-1.28666e+12
-1.51697e+12
-1.77763e+12
-2.07175e+12
-2.40257e+12
-2.77342e+12
-3.18874e+12
-3.65636e+12
-4.18958e+12
-4.82166e+12
-5.67054e+12
-6.88117e+12
-8.16603e+12
-9.57171e+12
-1.10885e+13
-1.27575e+13
-1.4558e+13
-1.65869e+13
-1.89647e+13
-2.17579e+13
-2.50443e+13
-2.8907e+13
-3.34296e+13
-3.86938e+13
-4.47762e+13
-5.17435e+13
-5.96453e+13
-6.85082e+13
-7.83224e+13
-8.90297e+13
-1.00536e+14
-1.12763e+14
-1.25692e+14
-1.39403e+14
-1.54085e+14
-1.70033e+14
-1.87643e+14
-2.0738e+14
-2.29719e+14
-2.54995e+14
-2.8318e+14
-3.13665e+14
-3.45117e+14
-3.75634e+14
-4.04466e+14
-4.33871e+14
-4.63388e+14
-4.88877e+14
-5.02832e+14
-4.89961e+14
-4.11321e+14
-1.76036e+14
4.67499e+14
1.66932e+15
2.88906e+15
4.18875e+15
5.80898e+15
7.94751e+15
1.09231e+16
1.51965e+16
2.14303e+16
2.83107e+16
4.06763e+16
8.10182e+16
1.9506e+17
4.05992e+17
5.99849e+17
-1.50781e+10
-4.98763e+10
-9.58288e+10
-1.52932e+11
-2.21319e+11
-3.01702e+11
-3.94991e+11
-5.02343e+11
-6.25275e+11
-7.6559e+11
-9.25442e+11
-1.10727e+12
-1.31379e+12
-1.54789e+12
-1.81265e+12
-2.11123e+12
-2.44698e+12
-2.82343e+12
-3.24536e+12
-3.72096e+12
-4.26404e+12
-4.90756e+12
-5.76348e+12
-6.97318e+12
-8.30648e+12
-9.75879e+12
-1.13244e+13
-1.30291e+13
-1.48717e+13
-1.69372e+13
-1.93625e+13
-2.22157e+13
-2.5575e+13
-2.9527e+13
-3.41581e+13
-3.95533e+13
-4.57928e+13
-5.29459e+13
-6.10644e+13
-7.01757e+13
-8.02688e+13
-9.12803e+13
-1.03106e+14
-1.15659e+14
-1.28916e+14
-1.4296e+14
-1.57993e+14
-1.74335e+14
-1.92411e+14
-2.12736e+14
-2.35841e+14
-2.62125e+14
-2.91618e+14
-3.23749e+14
-3.572e+14
-3.89958e+14
-4.2116e+14
-4.53751e+14
-4.87476e+14
-5.18286e+14
-5.39257e+14
-5.36172e+14
-4.71127e+14
-2.58389e+14
3.40372e+14
1.49113e+15
2.70881e+15
4.01675e+15
5.64175e+15
7.78351e+15
1.07688e+16
1.50839e+16
2.13814e+16
2.85781e+16
4.11959e+16
8.08497e+16
2.0106e+17
4.3136e+17
6.45914e+17
-1.56141e+10
-5.15917e+10
-9.89207e+10
-1.5751e+11
-2.27501e+11
-3.09658e+11
-4.04899e+11
-5.14411e+11
-6.39729e+11
-7.82672e+11
-9.45406e+11
-1.13037e+12
-1.34029e+12
-1.57808e+12
-1.84681e+12
-2.14971e+12
-2.49025e+12
-2.87218e+12
-3.30059e+12
-3.78414e+12
-4.33726e+12
-4.99277e+12
-5.85575e+12
-7.05924e+12
-8.43634e+12
-9.9337e+12
-1.1552e+13
-1.32929e+13
-1.51789e+13
-1.7281e+13
-1.97522e+13
-2.26644e+13
-2.6095e+13
-3.0134e+13
-3.48712e+13
-4.03952e+13
-4.67894e+13
-5.41264e+13
-6.24602e+13
-7.18194e+13
-8.21918e+13
-9.35076e+13
-1.05652e+14
-1.18528e+14
-1.32108e+14
-1.46479e+14
-1.61856e+14
-1.78582e+14
-1.97117e+14
-2.18024e+14
-2.41895e+14
-2.69197e+14
-3.00022e+14
-3.33843e+14
-3.69365e+14
-4.04468e+14
-4.38112e+14
-4.74022e+14
-5.12114e+14
-5.48405e+14
-5.76559e+14
-5.83561e+14
-5.32642e+14
-3.43217e+14
2.08099e+14
1.29893e+15
2.50247e+15
3.81075e+15
5.42989e+15
7.56167e+15
1.05384e+16
1.48639e+16
2.11834e+16
2.87448e+16
4.13843e+16
7.99582e+16
2.0613e+17
4.57645e+17
6.96682e+17
-1.61573e+10
-5.33239e+10
-1.02019e+11
-1.62074e+11
-2.33646e+11
-3.1754e+11
-4.14687e+11
-5.26303e+11
-6.53939e+11
-7.99432e+11
-9.64957e+11
-1.15297e+12
-1.36618e+12
-1.60752e+12
-1.8801e+12
-2.1872e+12
-2.53239e+12
-2.91966e+12
-3.35444e+12
-3.84586e+12
-4.40911e+12
-5.07681e+12
-5.94666e+12
-7.14132e+12
-8.55473e+12
-1.00958e+13
-1.17692e+13
-1.35489e+13
-1.54795e+13
-1.76185e+13
-2.01337e+13
-2.3104e+13
-2.66042e+13
-3.07282e+13
-3.55691e+13
-4.12192e+13
-4.77657e+13
-5.52845e+13
-6.38321e+13
-7.34385e+13
-8.409e+13
-9.57105e+13
-1.08174e+14
-1.2137e+14
-1.35268e+14
-1.49958e+14
-1.6567e+14
-1.8277e+14
-2.01756e+14
-2.23238e+14
-2.47876e+14
-2.76204e+14
-3.08382e+14
-3.43932e+14
-3.81592e+14
-4.19148e+14
-4.55313e+14
-4.94666e+14
-5.37287e+14
-5.79214e+14
-6.14678e+14
-6.31992e+14
-5.95667e+14
-4.30471e+14
7.06893e+13
1.09399e+15
2.27049e+15
3.57029e+15
5.1717e+15
7.27879e+15
1.02275e+16
1.45326e+16
2.08588e+16
2.87898e+16
4.11709e+16
7.82614e+16
2.09988e+17
4.84655e+17
7.51855e+17
-1.67068e+10
-5.5069e+10
-1.05119e+11
-1.6662e+11
-2.39749e+11
-3.25343e+11
-4.24349e+11
-5.38011e+11
-6.67897e+11
-8.1586e+11
-9.84087e+11
-1.17504e+12
-1.39144e+12
-1.63622e+12
-1.91252e+12
-2.22369e+12
-2.5734e+12
-2.96587e+12
-3.40691e+12
-3.90612e+12
-4.47947e+12
-5.15932e+12
-6.03543e+12
-7.22155e+12
-8.66073e+12
-1.02446e+13
-1.19744e+13
-1.3798e+13
-1.57728e+13
-1.79491e+13
-2.05067e+13
-2.3534e+13
-2.71024e+13
-3.13094e+13
-3.62516e+13
-4.20253e+13
-4.87215e+13
-5.64198e+13
-6.51794e+13
-7.50318e+13
-8.59625e+13
-9.78881e+13
-1.10669e+14
-1.24183e+14
-1.38393e+14
-1.53394e+14
-1.69432e+14
-1.86896e+14
-2.06322e+14
-2.28373e+14
-2.53775e+14
-2.83136e+14
-3.16688e+14
-3.54007e+14
-3.93862e+14
-4.33974e+14
-4.72743e+14
-5.15659e+14
-5.62967e+14
-6.10672e+14
-6.53548e+14
-6.8133e+14
-6.60071e+14
-5.19744e+14
-7.11066e+13
8.7781e+14
2.01329e+15
3.29465e+15
4.86542e+15
6.93123e+15
9.82936e+15
1.40783e+16
2.03787e+16
2.86596e+16
4.05735e+16
7.58192e+16
2.12391e+17
5.12153e+17
8.10861e+17
-1.72625e+10
-5.68257e+10
-1.08217e+11
-1.71143e+11
-2.45802e+11
-3.33059e+11
-4.33875e+11
-5.49526e+11
-6.81593e+11
-8.31948e+11
-1.00279e+12
-1.19658e+12
-1.41605e+12
-1.66416e+12
-1.94406e+12
-2.25917e+12
-2.61328e+12
-3.01082e+12
-3.45798e+12
-3.96489e+12
-4.54822e+12
-5.24007e+12
-6.12271e+12
-7.30192e+12
-8.7549e+12
-1.038e+13
-1.21667e+13
-1.40414e+13
-1.60589e+13
-1.82733e+13
-2.08714e+13
-2.39542e+13
-2.75891e+13
-3.18772e+13
-3.69186e+13
-4.28132e+13
-4.96567e+13
-5.7532e+13
-6.65015e+13
-7.65987e+13
-8.78081e+13
-1.00039e+14
-1.13136e+14
-1.26965e+14
-1.41482e+14
-1.56785e+14
-1.73137e+14
-1.90955e+14
-2.10811e+14
-2.33423e+14
-2.59586e+14
-2.89985e+14
-3.2493e+14
-3.64057e+14
-4.06159e+14
-4.48924e+14
-4.90385e+14
-5.3698e+14
-5.89141e+14
-6.42768e+14
-6.93132e+14
-7.31417e+14
-7.25593e+14
-6.10995e+14
-2.17307e+14
6.51627e+14
1.73194e+15
2.98386e+15
4.5099e+15
6.51662e+15
9.33898e+15
1.34963e+16
1.97369e+16
2.83209e+16
3.96506e+16
7.26089e+16
2.13005e+17
5.39644e+17
8.75895e+17
-1.7823e+10
-5.85898e+10
-1.1131e+11
-1.75641e+11
-2.51801e+11
-3.40682e+11
-4.4326e+11
-5.6084e+11
-6.95021e+11
-8.47689e+11
-1.02105e+12
-1.21758e+12
-1.44003e+12
-1.69134e+12
-1.97472e+12
-2.29364e+12
-2.65201e+12
-3.0545e+12
-3.50767e+12
-4.02215e+12
-4.6153e+12
-5.31901e+12
-6.20884e+12
-7.38313e+12
-8.83976e+12
-1.05013e+13
-1.23452e+13
-1.4279e+13
-1.63378e+13
-1.8591e+13
-2.1228e+13
-2.43642e+13
-2.80641e+13
-3.24313e+13
-3.75695e+13
-4.35827e+13
-5.05707e+13
-5.86206e+13
-6.77978e+13
-7.8138e+13
-8.96258e+13
-1.02162e+14
-1.15575e+14
-1.29715e+14
-1.44531e+14
-1.60127e+14
-1.76782e+14
-1.94941e+14
-2.15217e+14
-2.38381e+14
-2.65301e+14
-2.96739e+14
-3.33095e+14
-3.74074e+14
-4.18476e+14
-4.63967e+14
-5.08212e+14
-5.58601e+14
-6.15784e+14
-6.75481e+14
-7.33388e+14
-7.82078e+14
-7.92066e+14
-7.03791e+14
-3.67267e+14
4.16928e+14
1.42753e+15
2.63786e+15
4.10429e+15
6.03256e+15
8.75098e+15
1.27758e+16
1.89002e+16
2.77121e+16
3.84675e+16
6.88175e+16
2.11566e+17
5.66633e+17
9.46296e+17
-1.83876e+10
-6.03598e+10
-1.14395e+11
-1.80108e+11
-2.5774e+11
-3.48204e+11
-4.52496e+11
-5.71947e+11
-7.08172e+11
-8.63074e+11
-1.03887e+12
-1.23805e+12
-1.46335e+12
-1.71776e+12
-2.00449e+12
-2.32709e+12
-2.68959e+12
-3.0969e+12
-3.55595e+12
-4.07788e+12
-4.68062e+12
-5.39597e+12
-6.29367e+12
-7.46447e+12
-8.91752e+12
-1.06066e+13
-1.25082e+13
-1.4508e+13
-1.66093e+13
-1.89033e+13
-2.1577e+13
-2.47638e+13
-2.85269e+13
-3.29711e+13
-3.82039e+13
-4.43332e+13
-5.14633e+13
-5.96852e+13
-6.90678e+13
-7.96495e+13
-9.14147e+13
-1.04256e+14
-1.17985e+14
-1.32432e+14
-1.4754e+14
-1.63417e+14
-1.80363e+14
-1.98852e+14
-2.19534e+14
-2.43242e+14
-2.70913e+14
-3.03392e+14
-3.41171e+14
-3.84042e+14
-4.308e+14
-4.79076e+14
-5.26196e+14
-5.80501e+14
-6.42889e+14
-7.08825e+14
-7.74334e+14
-8.33241e+14
-8.59233e+14
-7.98006e+14
-5.20836e+14
1.7502e+14
1.10189e+15
2.25737e+15
3.64833e+15
5.47798e+15
8.06165e+15
1.1909e+16
1.78436e+16
2.67591e+16
3.71624e+16
6.45187e+16
2.07723e+17
5.92095e+17
1.02118e+18
-1.89548e+10
-6.21318e+10
-1.1747e+11
-1.84542e+11
-2.63614e+11
-3.5562e+11
-4.61576e+11
-5.82838e+11
-7.21039e+11
-8.78097e+11
-1.05624e+12
-1.25796e+12
-1.48602e+12
-1.7434e+12
-2.03337e+12
-2.35952e+12
-2.72603e+12
-3.13804e+12
-3.60286e+12
-4.13208e+12
-4.74418e+12
-5.47081e+12
-6.37668e+12
-7.54506e+12
-8.99103e+12
-1.0696e+13
-1.26538e+13
-1.47251e+13
-1.68729e+13
-1.92105e+13
-2.19186e+13
-2.51531e+13
-2.89773e+13
-3.34962e+13
-3.8821e+13
-4.5064e+13
-5.23337e+13
-6.07253e+13
-7.0311e+13
-8.11321e+13
-9.3174e+13
-1.06321e+14
-1.20363e+14
-1.35114e+14
-1.50506e+14
-1.66653e+14
-1.83876e+14
-2.0268e+14
-2.23758e+14
-2.47999e+14
-2.76416e+14
-3.09932e+14
-3.49139e+14
-3.93942e+14
-4.43119e+14
-4.94208e+14
-5.44291e+14
-6.0264e+14
-6.70433e+14
-7.42805e+14
-8.1597e+14
-8.84821e+14
-9.26976e+14
-8.93303e+14
-6.77486e+14
-7.28692e+13
7.56853e+14
1.84294e+15
3.14215e+15
4.8522e+15
7.26838e+15
1.0885e+16
1.6534e+16
2.53029e+16
3.55987e+16
6.00843e+16
2.01102e+17
6.14911e+17
1.10384e+18
-1.95242e+10
-6.39048e+10
-1.2053e+11
-1.88937e+11
-2.69417e+11
-3.62923e+11
-4.70493e+11
-5.93507e+11
-7.33614e+11
-8.92748e+11
-1.07315e+12
-1.27731e+12
-1.50802e+12
-1.76826e+12
-2.06134e+12
-2.39092e+12
-2.76133e+12
-3.17792e+12
-3.64838e+12
-4.18473e+12
-4.80589e+12
-5.54337e+12
-6.45762e+12
-7.62487e+12
-9.06279e+12
-1.07722e+13
-1.27791e+13
-1.49278e+13
-1.71288e+13
-1.95133e+13
-2.2253e+13
-2.55318e+13
-2.94152e+13
-3.40061e+13
-3.94205e+13
-4.57745e+13
-5.31813e+13
-6.17401e+13
-7.15267e+13
-8.25854e+13
-9.49029e+13
-1.08354e+14
-1.2271e+14
-1.3776e+14
-1.53427e+14
-1.69831e+14
-1.87318e+14
-2.06423e+14
-2.27884e+14
-2.52648e+14
-2.81803e+14
-3.16353e+14
-3.56988e+14
-4.03749e+14
-4.55417e+14
-5.09324e+14
-5.62447e+14
-6.2498e+14
-6.9841e+14
-7.77463e+14
-8.58381e+14
-9.36819e+14
-9.95043e+14
-9.89451e+14
-8.3699e+14
-3.25563e+14
3.95167e+14
1.39601e+15
2.58625e+15
4.15462e+15
6.36815e+15
9.69312e+15
1.49474e+16
2.32933e+16
3.34397e+16
5.49525e+16
1.91125e+17
6.33324e+17
1.19368e+18
-2.00945e+10
-6.56758e+10
-1.23575e+11
-1.93291e+11
-2.75144e+11
-3.70109e+11
-4.79241e+11
-6.03947e+11
-7.45891e+11
-9.07021e+11
-1.08959e+12
-1.2961e+12
-1.52934e+12
-1.79233e+12
-2.0884e+12
-2.4213e+12
-2.79548e+12
-3.21655e+12
-3.69252e+12
-4.23583e+12
-4.86574e+12
-5.61358e+12
-6.53623e+12
-7.70374e+12
-9.13395e+12
-1.08394e+13
-1.2882e+13
-1.51157e+13
-1.73787e+13
-1.98115e+13
-2.25802e+13
-2.59002e+13
-2.98404e+13
-3.45005e+13
-4.00015e+13
-4.64638e+13
-5.40051e+13
-6.27289e+13
-7.27139e+13
-8.40082e+13
-9.66004e+13
-1.10356e+14
-1.25024e+14
-1.40368e+14
-1.563e+14
-1.72948e+14
-1.90683e+14
-2.10075e+14
-2.31905e+14
-2.57182e+14
-2.87068e+14
-3.22645e+14
-3.64702e+14
-4.13447e+14
-4.67678e+14
-5.2437e+14
-5.80589e+14
-6.47449e+14
-7.2678e+14
-8.12836e+14
-9.01622e+14
-9.89153e+14
-1.06335e+15
-1.08618e+15
-9.9892e+14
-5.8186e+14
1.95526e+13
9.18421e+14
1.98183e+15
3.38392e+15
5.35751e+15
8.3255e+15
1.30702e+16
2.07709e+16
3.03945e+16
4.8452e+16
1.77037e+17
6.4512e+17
1.29551e+18
-2.06656e+10
-6.74442e+10
-1.26601e+11
-1.97599e+11
-2.8079e+11
-3.7717e+11
-4.87813e+11
-6.1415e+11
-7.57861e+11
-9.20909e+11
-1.10556e+12
-1.31432e+12
-1.54998e+12
-1.8156e+12
-2.11455e+12
-2.45065e+12
-2.8285e+12
-3.25394e+12
-3.7353e+12
-4.28536e+12
-4.9237e+12
-5.68139e+12
-6.61232e+12
-7.781e+12
-9.20466e+12
-1.09023e+13
-1.29627e+13
-1.5287e+13
-1.76217e+13
-2.01048e+13
-2.29004e+13
-2.62585e+13
-3.02528e+13
-3.49792e+13
-4.05637e+13
-4.71312e+13
-5.48043e+13
-6.36905e+13
-7.38719e+13
-8.54e+13
-9.8266e+13
-1.12326e+14
-1.27303e+14
-1.42936e+14
-1.59123e+14
-1.76e+14
-1.93967e+14
-2.13631e+14
-2.35817e+14
-2.61598e+14
-2.92208e+14
-3.28802e+14
-3.72273e+14
-4.23013e+14
-4.79881e+14
-5.39311e+14
-5.98648e+14
-6.6998e+14
-7.55527e+14
-8.49005e+14
-9.45866e+14
-1.04199e+15
-1.13164e+15
-1.18328e+15
-1.16295e+15
-8.40668e+14
-3.66281e+14
4.13054e+14
1.33059e+15
2.54095e+15
4.23515e+15
6.77607e+15
1.08998e+16
1.7739e+16
2.63515e+16
4.02235e+16
1.58094e+17
6.46928e+17
1.40963e+18
-2.12367e+10
-6.92081e+10
-1.29605e+11
-2.01858e+11
-2.86351e+11
-3.84101e+11
-4.96204e+11
-6.24111e+11
-7.69519e+11
-9.34404e+11
-1.12104e+12
-1.33194e+12
-1.56993e+12
-1.83806e+12
-2.13978e+12
-2.47899e+12
-2.86041e+12
-3.29011e+12
-3.77672e+12
-4.33333e+12
-4.97974e+12
-5.74677e+12
-6.68568e+12
-7.85625e+12
-9.27526e+12
-1.09634e+13
-1.30254e+13
-1.54342e+13
-1.78541e+13
-2.03905e+13
-2.32134e+13
-2.66071e+13
-3.06525e+13
-3.54418e+13
-4.11066e+13
-4.7776e+13
-5.5578e+13
-6.46241e+13
-7.49994e+13
-8.67593e+13
-9.98983e+13
-1.14262e+14
-1.29548e+14
-1.45464e+14
-1.61894e+14
-1.78983e+14
-1.97165e+14
-2.17085e+14
-2.39615e+14
-2.6589e+14
-2.97218e+14
-3.3482e+14
-3.79688e+14
-4.32426e+14
-4.92012e+14
-5.54112e+14
-6.16539e+14
-6.92467e+14
-7.84573e+14
-8.86019e+14
-9.91268e+14
-1.09542e+15
-1.19983e+15
-1.28082e+15
-1.32913e+15
-1.10124e+15
-7.59029e+14
-1.16989e+14
6.35003e+14
1.62851e+15
3.00427e+15
5.04733e+15
8.43979e+15
1.42057e+16
2.13658e+16
3.03131e+16
1.3351e+17
6.34201e+17
1.5366e+18
-2.18079e+10
-7.09674e+10
-1.32587e+11
-2.06064e+11
-2.91823e+11
-3.90897e+11
-5.04407e+11
-6.33823e+11
-7.80857e+11
-9.47498e+11
-1.13603e+12
-1.34898e+12
-1.58918e+12
-1.85973e+12
-2.16411e+12
-2.50631e+12
-2.89121e+12
-3.32506e+12
-3.81677e+12
-4.3797e+12
-5.03383e+12
-5.80971e+12
-6.75627e+12
-7.92921e+12
-9.34515e+12
-1.10239e+13
-1.30762e+13
-1.55506e+13
-1.80727e+13
-2.06657e+13
-2.35193e+13
-2.69462e+13
-3.10392e+13
-3.58883e+13
-4.16298e+13
-4.83977e+13
-5.63254e+13
-6.55285e+13
-7.60954e+13
-8.80853e+13
-1.01496e+14
-1.16164e+14
-1.31756e+14
-1.47948e+14
-1.64609e+14
-1.81895e+14
-2.00274e+14
-2.20435e+14
-2.43295e+14
-2.70055e+14
-3.02095e+14
-3.40695e+14
-3.86942e+14
-4.41661e+14
-5.04039e+14
-5.68764e+14
-6.34201e+14
-7.14819e+14
-8.13857e+14
-9.23936e+14
-1.03806e+15
-1.14999e+15
-1.26782e+15
-1.37836e+15
-1.49705e+15
-1.36346e+15
-1.15454e+15
-6.68085e+14
-1.02101e+14
6.49804e+14
1.6686e+15
3.14352e+15
5.69206e+15
1.01348e+16
1.54415e+16
1.88995e+16
1.03112e+17
6.00559e+17
1.68684e+18
-2.23789e+10
-7.2721e+10
-1.35543e+11
-2.10212e+11
-2.97199e+11
-3.97553e+11
-5.12416e+11
-6.43278e+11
-7.91867e+11
-9.60183e+11
-1.15052e+12
-1.36542e+12
-1.60773e+12
-1.88058e+12
-2.18753e+12
-2.53263e+12
-2.92091e+12
-3.35881e+12
-3.85548e+12
-4.4245e+12
-5.08599e+12
-5.8702e+12
-6.82404e+12
-7.9997e+12
-9.41397e+12
-1.10849e+13
-1.31217e+13
-1.56357e+13
-1.82761e+13
-2.09283e+13
-2.38171e+13
-2.72752e+13
-3.14127e+13
-3.63184e+13
-4.21329e+13
-4.89957e+13
-5.70457e+13
-6.64029e+13
-7.71585e+13
-8.93758e+13
-1.03058e+14
-1.1803e+14
-1.33927e+14
-1.50389e+14
-1.67266e+14
-1.84729e+14
-2.03286e+14
-2.23672e+14
-2.46851e+14
-2.74089e+14
-3.06836e+14
-3.46425e+14
-3.94024e+14
-4.507e+14
-5.15933e+14
-5.83221e+14
-6.51557e+14
-7.36922e+14
-8.43222e+14
-9.62678e+14
-1.08649e+15
-1.20616e+15
-1.33587e+15
-1.47581e+15
-1.66662e+15
-1.62685e+15
-1.55017e+15
-1.23701e+15
-8.77345e+14
-3.90981e+14
2.35031e+14
1.07524e+15
2.65881e+15
5.56145e+15
8.75572e+15
6.85665e+15
6.64063e+16
5.37269e+17
1.84234e+18
-2.295e+10
-7.4469e+10
-1.38472e+11
-2.14301e+11
-3.02476e+11
-4.04063e+11
-5.20224e+11
-6.52469e+11
-8.02541e+11
-9.72452e+11
-1.1645e+12
-1.38126e+12
-1.62558e+12
-1.90064e+12
-2.21005e+12
-2.55797e+12
-2.94953e+12
-3.39136e+12
-3.89282e+12
-4.4677e+12
-5.1362e+12
-5.92827e+12
-6.88902e+12
-8.0676e+12
-9.4814e+12
-1.11472e+13
-1.31663e+13
-1.56934e+13
-1.84612e+13
-2.11763e+13
-2.41069e+13
-2.7593e+13
-3.17721e+13
-3.67316e+13
-4.26156e+13
-4.95694e+13
-5.77381e+13
-6.72461e+13
-7.81875e+13
-9.06301e+13
-1.04583e+14
-1.19859e+14
-1.3606e+14
-1.52783e+14
-1.69862e+14
-1.87483e+14
-2.06198e+14
-2.26794e+14
-2.5028e+14
-2.7799e+14
-3.11441e+14
-3.52009e+14
-4.00934e+14
-4.59523e+14
-5.27639e+14
-5.97444e+14
-6.68557e+14
-7.58702e+14
-8.72554e+14
-1.00212e+15
-1.1367e+15
-1.26496e+15
-1.40475e+15
-1.57309e+15
-1.83635e+15
-1.89108e+15
-1.94112e+15
-1.82097e+15
-1.68711e+15
-1.48963e+15
-1.28899e+15
-1.14552e+15
-6.55887e+14
5.00173e+14
1.41563e+15
-5.56659e+15
2.58535e+16
4.36134e+17
1.93166e+18
-2.35211e+10
-7.62109e+10
-1.41371e+11
-2.18325e+11
-3.0765e+11
-4.10421e+11
-5.27826e+11
-6.61391e+11
-8.12873e+11
-9.84296e+11
-1.17798e+12
-1.39649e+12
-1.64272e+12
-1.91989e+12
-2.23168e+12
-2.58232e+12
-2.97707e+12
-3.42272e+12
-3.92882e+12
-4.50931e+12
-5.18446e+12
-5.98392e+12
-6.9512e+12
-8.13287e+12
-9.54725e+12
-1.12106e+13
-1.3212e+13
-1.57312e+13
-1.86207e+13
-2.14089e+13
-2.43874e+13
-2.78982e+13
-3.21161e+13
-3.71272e+13
-4.30773e+13
-5.01183e+13
-5.84021e+13
-6.80576e+13
-7.91814e+13
-9.18461e+13
-1.06067e+14
-1.21649e+14
-1.38153e+14
-1.55129e+14
-1.72393e+14
-1.90148e+14
-2.09002e+14
-2.29794e+14
-2.53578e+14
-2.81756e+14
-3.1591e+14
-3.57446e+14
-4.0766e+14
-4.68119e+14
-5.39125e+14
-6.11332e+14
-6.85125e+14
-7.80102e+14
-9.01684e+14
-1.04187e+15
-1.18858e+15
-1.32708e+15
-1.47624e+15
-1.67236e+15
-2.00627e+15
-2.15487e+15
-2.32468e+15
-2.41633e+15
-2.52734e+15
-2.64053e+15
-2.89454e+15
-3.50459e+15
-4.23615e+15
-4.97484e+15
-6.47476e+15
-1.6893e+16
-1.62762e+16
2.93076e+17
1.7234e+18
-2.40926e+10
-7.79466e+10
-1.44238e+11
-2.22281e+11
-3.12714e+11
-4.16621e+11
-5.35214e+11
-6.70035e+11
-8.22855e+11
-9.95709e+11
-1.19093e+12
-1.41111e+12
-1.65917e+12
-1.93836e+12
-2.25242e+12
-2.6057e+12
-3.00354e+12
-3.4529e+12
-3.96347e+12
-4.54933e+12
-5.23079e+12
-6.03718e+12
-7.01065e+12
-8.19549e+12
-9.61109e+12
-1.12737e+13
-1.32592e+13
-1.57576e+13
-1.87461e+13
-2.16243e+13
-2.46573e+13
-2.81899e+13
-3.24436e+13
-3.75041e+13
-4.35173e+13
-5.06418e+13
-5.90369e+13
-6.88364e+13
-8.01392e+13
-9.30229e+13
-1.07511e+14
-1.23398e+14
-1.40203e+14
-1.57424e+14
-1.74855e+14
-1.92723e+14
-2.11693e+14
-2.32667e+14
-2.56743e+14
-2.85385e+14
-3.20244e+14
-3.62739e+14
-4.14207e+14
-4.76469e+14
-5.50313e+14
-6.2481e+14
-7.01237e+14
-8.01127e+14
-9.30561e+14
-1.08161e+15
-1.24162e+15
-1.39269e+15
-1.5523e+15
-1.77637e+15
-2.17698e+15
-2.41921e+15
-2.70246e+15
-3.0205e+15
-3.39333e+15
-3.83826e+15
-4.57868e+15
-5.99393e+15
-8.05128e+15
-1.08132e+16
-1.50559e+16
-2.84498e+16
-5.48138e+16
1.20466e+17
1.14279e+18
-2.46646e+10
-7.96757e+10
-1.4707e+11
-2.26165e+11
-3.17666e+11
-4.22658e+11
-5.42383e+11
-6.78394e+11
-8.3248e+11
-1.00669e+12
-1.20336e+12
-1.42512e+12
-1.67491e+12
-1.95603e+12
-2.27229e+12
-2.62811e+12
-3.02895e+12
-3.48189e+12
-3.99678e+12
-4.58778e+12
-5.2752e+12
-6.08809e+12
-7.06736e+12
-8.25546e+12
-9.67274e+12
-1.13356e+13
-1.33077e+13
-1.57793e+13
-1.88353e+13
-2.18219e+13
-2.4914e+13
-2.84671e+13
-3.27542e+13
-3.78613e+13
-4.39345e+13
-5.11391e+13
-5.96419e+13
-6.95818e+13
-8.10598e+13
-9.41583e+13
-1.08911e+14
-1.25104e+14
-1.42209e+14
-1.59666e+14
-1.77244e+14
-1.95197e+14
-2.14262e+14
-2.35407e+14
-2.59769e+14
-2.88878e+14
-3.24446e+14
-3.67893e+14
-4.20569e+14
-4.84557e+14
-5.61153e+14
-6.3774e+14
-7.16869e+14
-8.21845e+14
-9.59206e+14
-1.12107e+15
-1.29515e+15
-1.46111e+15
-1.63321e+15
-1.8862e+15
-2.34564e+15
-2.68569e+15
-3.08166e+15
-3.63123e+15
-4.27992e+15
-5.07577e+15
-6.33438e+15
-8.60075e+15
-1.20674e+16
-1.70029e+16
-2.47017e+16
-4.24381e+16
-8.87849e+16
-6.22623e+16
3.37632e+17
-2.52372e+10
-8.13971e+10
-1.49865e+11
-2.29972e+11
-3.22499e+11
-4.28526e+11
-5.49325e+11
-6.86462e+11
-8.41743e+11
-1.01722e+12
-1.21527e+12
-1.43852e+12
-1.68996e+12
-1.97293e+12
-2.2913e+12
-2.64956e+12
-3.05329e+12
-3.5097e+12
-4.02874e+12
-4.62464e+12
-5.31769e+12
-6.13667e+12
-7.12141e+12
-8.31278e+12
-9.73207e+12
-1.13961e+13
-1.33583e+13
-1.58002e+13
-1.88912e+13
-2.20003e+13
-2.51556e+13
-2.87296e+13
-3.30475e+13
-3.81982e+13
-4.43279e+13
-5.16092e+13
-6.02162e+13
-7.02929e+13
-8.19423e+13
-9.52516e+13
-1.10265e+14
-1.26764e+14
-1.44168e+14
-1.6185e+14
-1.79555e+14
-1.97566e+14
-2.16704e+14
-2.38009e+14
-2.62657e+14
-2.92237e+14
-3.28518e+14
-3.72917e+14
-4.26764e+14
-4.92365e+14
-5.71539e+14
-6.50042e+14
-7.32086e+14
-8.42364e+14
-9.87641e+14
-1.16011e+15
-1.34847e+15
-1.53105e+15
-1.71773e+15
-2.00002e+15
-2.50627e+15
-2.9489e+15
-3.4661e+15
-4.24602e+15
-5.18126e+15
-6.34554e+15
-8.15068e+15
-1.1303e+16
-1.6248e+16
-2.35416e+16
-3.54216e+16
-5.88106e+16
-1.20785e+17
-2.41347e+17
-6.03373e+17
-2.58101e+10
-8.31098e+10
-1.52619e+11
-2.33699e+11
-3.27208e+11
-4.34219e+11
-5.56034e+11
-6.94233e+11
-8.50638e+11
-1.02732e+12
-1.22666e+12
-1.45133e+12
-1.70433e+12
-1.98905e+12
-2.30943e+12
-2.67005e+12
-3.07658e+12
-3.53634e+12
-4.05938e+12
-4.65995e+12
-5.35831e+12
-6.18296e+12
-7.17281e+12
-8.36747e+12
-9.7891e+12
-1.14551e+13
-1.3411e+13
-1.58225e+13
-1.89192e+13
-2.21582e+13
-2.53797e+13
-2.89767e+13
-3.33233e+13
-3.85143e+13
-4.46969e+13
-5.20512e+13
-6.07588e+13
-7.0969e+13
-8.27858e+13
-9.63006e+13
-1.11572e+14
-1.28377e+14
-1.46077e+14
-1.63974e+14
-1.81781e+14
-1.99818e+14
-2.19008e+14
-2.40467e+14
-2.65404e+14
-2.95462e+14
-3.32467e+14
-3.77821e+14
-4.32801e+14
-4.99882e+14
-5.814e+14
-6.61569e+14
-7.46989e+14
-8.62871e+14
-1.01594e+15
-1.1987e+15
-1.40113e+15
-1.60096e+15
-1.80354e+15
-2.115e+15
-2.65357e+15
-3.2011e+15
-3.85009e+15
-4.86087e+15
-6.09102e+15
-7.63793e+15
-1.00117e+16
-1.40737e+16
-2.05567e+16
-3.04375e+16
-4.7126e+16
-7.76376e+16
-1.55644e+17
-4.10213e+17
-1.55972e+18
-2.63829e+10
-8.4811e+10
-1.55327e+11
-2.37342e+11
-3.31788e+11
-4.3973e+11
-5.62504e+11
-7.01701e+11
-8.59163e+11
-1.03697e+12
-1.23754e+12
-1.46353e+12
-1.71801e+12
-2.0044e+12
-2.3267e+12
-2.68958e+12
-3.09882e+12
-3.5618e+12
-4.08868e+12
-4.6937e+12
-5.39705e+12
-6.227e+12
-7.22163e+12
-8.41953e+12
-9.84374e+12
-1.15125e+13
-1.3465e+13
-1.58474e+13
-1.89267e+13
-2.22921e+13
-2.55838e+13
-2.92085e+13
-3.35811e+13
-3.88092e+13
-4.50411e+13
-5.24644e+13
-6.12689e+13
-7.16092e+13
-8.35896e+13
-9.73048e+13
-1.12828e+14
-1.29938e+14
-1.47933e+14
-1.66033e+14
-1.83917e+14
-2.01948e+14
-2.21168e+14
-2.42776e+14
-2.68011e+14
-2.9856e+14
-3.36299e+14
-3.82618e+14
-4.38711e+14
-5.07111e+14
-5.90586e+14
-6.72299e+14
-7.61761e+14
-8.83461e+14
-1.0441e+15
-1.23688e+15
-1.45297e+15
-1.67001e+15
-1.88949e+15
-2.22922e+15
-2.79212e+15
-3.44174e+15
-4.22513e+15
-5.47116e+15
-7.00265e+15
-8.94303e+15
-1.1904e+16
-1.68937e+16
-2.496e+16
-3.76274e+16
-5.93894e+16
-9.84109e+16
-1.97523e+17
-5.59934e+17
-2.48112e+18
-2.69549e+10
-8.64983e+10
-1.57986e+11
-2.40895e+11
-3.36233e+11
-4.45053e+11
-5.68729e+11
-7.08863e+11
-8.67316e+11
-1.04619e+12
-1.24789e+12
-1.47513e+12
-1.731e+12
-2.01897e+12
-2.34312e+12
-2.70817e+12
-3.12001e+12
-3.58611e+12
-4.11666e+12
-4.72591e+12
-5.43396e+12
-6.26882e+12
-7.26788e+12
-8.46899e+12
-9.89598e+12
-1.1568e+13
-1.35193e+13
-1.58749e+13
-1.89219e+13
-2.23981e+13
-2.57662e+13
-2.9424e+13
-3.38207e+13
-3.90826e+13
-4.53602e+13
-5.28485e+13
-6.17458e+13
-7.22129e+13
-8.43527e+13
-9.82611e+13
-1.14031e+14
-1.31447e+14
-1.49734e+14
-1.68025e+14
-1.85955e+14
-2.03941e+14
-2.23171e+14
-2.44929e+14
-2.70478e+14
-3.01534e+14
-3.4002e+14
-3.87319e+14
-4.44521e+14
-5.14047e+14
-5.99035e+14
-6.82347e+14
-7.76594e+14
-9.04186e+14
-1.07212e+15
-1.2748e+15
-1.50404e+15
-1.73758e+15
-1.97465e+15
-2.34232e+15
-2.92714e+15
-3.674e+15
-4.58794e+15
-6.07264e+15
-7.90886e+15
-1.02495e+16
-1.38104e+16
-1.97508e+16
-2.94383e+16
-4.50062e+16
-7.18514e+16
-1.2057e+17
-2.42934e+17
-6.75727e+17
-2.67978e+18
-2.7525e+10
-8.81672e+10
-1.60591e+11
-2.44355e+11
-3.40537e+11
-4.50183e+11
-5.74704e+11
-7.15716e+11
-8.75095e+11
-1.05496e+12
-1.25773e+12
-1.48615e+12
-1.74333e+12
-2.03279e+12
-2.35868e+12
-2.72581e+12
-3.14015e+12
-3.60925e+12
-4.14333e+12
-4.7566e+12
-5.46906e+12
-6.30846e+12
-7.31163e+12
-8.51582e+12
-9.94573e+12
-1.16213e+13
-1.35728e+13
-1.59048e+13
-1.89117e+13
-2.24743e+13
-2.59258e+13
-2.96231e+13
-3.40417e+13
-3.9334e+13
-4.56538e+13
-5.3203e+13
-6.21892e+13
-7.27793e+13
-8.5074e+13
-9.91693e+13
-1.1518e+14
-1.32899e+14
-1.51473e+14
-1.69942e+14
-1.87885e+14
-2.05787e+14
-2.2501e+14
-2.46922e+14
-2.72811e+14
-3.04396e+14
-3.43637e+14
-3.91931e+14
-4.50256e+14
-5.20699e+14
-6.06662e+14
-6.92135e+14
-7.91897e+14
-9.25161e+14
-1.10003e+15
-1.31251e+15
-1.55444e+15
-1.80347e+15
-2.05894e+15
-2.45398e+15
-3.06119e+15
-3.89859e+15
-4.93542e+15
-6.65916e+15
-8.80299e+15
-1.15459e+16
-1.57163e+16
-2.26298e+16
-3.39499e+16
-5.24059e+16
-8.41708e+16
-1.42917e+17
-2.89179e+17
-7.58645e+17
-2.64837e+18
-2.80916e+10
-8.9814e+10
-1.63137e+11
-2.47715e+11
-3.44695e+11
-4.55115e+11
-5.80426e+11
-7.22257e+11
-8.82501e+11
-1.06328e+12
-1.26706e+12
-1.49657e+12
-1.75497e+12
-2.04584e+12
-2.37339e+12
-2.74251e+12
-3.15925e+12
-3.63123e+12
-4.16869e+12
-4.78578e+12
-5.50236e+12
-6.34594e+12
-7.35289e+12
-8.56005e+12
-9.99296e+12
-1.16723e+13
-1.36248e+13
-1.59367e+13
-1.89002e+13
-2.25221e+13
-2.60624e+13
-2.98048e+13
-3.42435e+13
-3.95633e+13
-4.59217e+13
-5.35279e+13
-6.25988e+13
-7.33084e+13
-8.57532e+13
-1.00026e+14
-1.1627e+14
-1.34292e+14
-1.53151e+14
-1.71782e+14
-1.89697e+14
-2.07472e+14
-2.2667e+14
-2.48748e+14
-2.75013e+14
-3.07152e+14
-3.47155e+14
-3.96458e+14
-4.55915e+14
-5.27024e+14
-6.1358e+14
-7.02243e+14
-8.07812e+14
-9.46406e+14
-1.12787e+15
-1.35013e+15
-1.60422e+15
-1.86724e+15
-2.14194e+15
-2.56486e+15
-3.19639e+15
-4.11607e+15
-5.26744e+15
-7.22615e+15
-9.67734e+15
-1.28203e+16
-1.76033e+16
-2.54989e+16
-3.84373e+16
-5.97214e+16
-9.63425e+16
-1.65044e+17
-3.34571e+17
-8.10981e+17
-2.47387e+18
-2.86529e+10
-9.14324e+10
-1.65618e+11
-2.50973e+11
-3.48701e+11
-4.59845e+11
-5.85892e+11
-7.28484e+11
-8.89533e+11
-1.07117e+12
-1.27588e+12
-1.50641e+12
-1.76595e+12
-2.05814e+12
-2.38725e+12
-2.75826e+12
-3.17731e+12
-3.65205e+12
-4.19275e+12
-4.81346e+12
-5.53389e+12
-6.38133e+12
-7.39172e+12
-8.60167e+12
-1.00376e+13
-1.17208e+13
-1.36751e+13
-1.59709e+13
-1.88899e+13
-2.25435e+13
-2.61761e+13
-2.99689e+13
-3.4426e+13
-3.97701e+13
-4.61637e+13
-5.38228e+13
-6.29747e+13
-7.38e+13
-8.63896e+13
-1.00832e+14
-1.17299e+14
-1.3562e+14
-1.5476e+14
-1.73537e+14
-1.91381e+14
-2.08983e+14
-2.28145e+14
-2.50409e+14
-2.77098e+14
-3.09821e+14
-3.50581e+14
-4.00887e+14
-4.61437e+14
-5.32929e+14
-6.19884e+14
-7.13005e+14
-8.24303e+14
-9.67877e+14
-1.15565e+15
-1.38762e+15
-1.65345e+15
-1.92859e+15
-2.22366e+15
-2.67594e+15
-3.33588e+15
-4.32618e+15
-5.58417e+15
-7.76688e+15
-1.05254e+16
-1.4062e+16
-1.94555e+16
-2.8331e+16
-4.28484e+16
-6.68471e+16
-1.08205e+17
-1.86208e+17
-3.78543e+17
-8.395e+17
-2.22666e+18
-2.9207e+10
-9.30182e+10
-1.6803e+11
-2.54122e+11
-3.52551e+11
-4.64367e+11
-5.91098e+11
-7.34397e+11
-8.9619e+11
-1.07863e+12
-1.28419e+12
-1.51566e+12
-1.77626e+12
-2.06969e+12
-2.40027e+12
-2.77309e+12
-3.19433e+12
-3.67173e+12
-4.21552e+12
-4.83966e+12
-5.56368e+12
-6.41464e+12
-7.42814e+12
-8.64071e+12
-1.00797e+13
-1.17668e+13
-1.37237e+13
-1.60071e+13
-1.88819e+13
-2.2542e+13
-2.62672e+13
-3.01145e+13
-3.4589e+13
-3.99545e+13
-4.63797e+13
-5.40875e+13
-6.33165e+13
-7.42548e+13
-8.69841e+13
-1.01584e+14
-1.18262e+14
-1.36882e+14
-1.56297e+14
-1.75204e+14
-1.92925e+14
-2.103e+14
-2.2942e+14
-2.51896e+14
-2.79071e+14
-3.12416e+14
-3.53921e+14
-4.05199e+14
-4.6672e+14
-5.3825e+14
-6.25683e+14
-7.24405e+14
-8.41131e+14
-9.89436e+14
-1.18335e+15
-1.42497e+15
-1.70167e+15
-1.98793e+15
-2.30398e+15
-2.78996e+15
-3.4835e+15
-4.52875e+15
-5.88768e+15
-8.2778e+15
-1.13399e+16
-1.52607e+16
-2.12556e+16
-3.1096e+16
-4.71626e+16
-7.37852e+16
-1.19805e+17
-2.06485e+17
-4.19066e+17
-8.49307e+17
-1.94845e+18
-2.97517e+10
-9.45652e+10
-1.70368e+11
-2.57159e+11
-3.56238e+11
-4.6868e+11
-5.96043e+11
-7.39994e+11
-9.02473e+11
-1.08564e+12
-1.29199e+12
-1.52433e+12
-1.78592e+12
-2.08049e+12
-2.41246e+12
-2.78697e+12
-3.21031e+12
-3.69025e+12
-4.237e+12
-4.86438e+12
-5.59176e+12
-6.44592e+12
-7.46221e+12
-8.67717e+12
-1.01191e+13
-1.18103e+13
-1.37705e+13
-1.60451e+13
-1.88771e+13
-2.25214e+13
-2.6336e+13
-3.02413e+13
-3.47327e+13
-4.01168e+13
-4.65699e+13
-5.43221e+13
-6.36243e+13
-7.46726e+13
-8.75363e+13
-1.02282e+14
-1.19159e+14
-1.38071e+14
-1.57755e+14
-1.76772e+14
-1.94309e+14
-2.11411e+14
-2.30491e+14
-2.53215e+14
-2.8096e+14
-3.14965e+14
-3.57179e+14
-4.09354e+14
-4.71621e+14
-5.42958e+14
-6.311e+14
-7.35953e+14
-8.58085e+14
-1.01102e+15
-1.21091e+15
-1.46178e+15
-1.7479e+15
-2.04556e+15
-2.38262e+15
-2.90533e+15
-3.63687e+15
-4.72403e+15
-6.18183e+15
-8.75514e+15
-1.21169e+16
-1.64089e+16
-2.29898e+16
-3.37714e+16
-5.13584e+16
-8.04836e+16
-1.3089e+17
-2.24732e+17
-4.51483e+17
-8.47079e+17
-1.68989e+18
-3.02852e+10
-9.60698e+10
-1.72627e+11
-2.60078e+11
-3.5976e+11
-4.72778e+11
-6.00723e+11
-7.45273e+11
-9.08381e+11
-1.09222e+12
-1.29929e+12
-1.53242e+12
-1.79491e+12
-2.09055e+12
-2.42381e+12
-2.79994e+12
-3.22527e+12
-3.70763e+12
-4.25719e+12
-4.88765e+12
-5.61814e+12
-6.47521e+12
-7.49397e+12
-8.7111e+12
-1.01559e+13
-1.18512e+13
-1.38155e+13
-1.60847e+13
-1.88762e+13
-2.2486e+13
-2.63831e+13
-3.03487e+13
-3.48571e+13
-4.02572e+13
-4.67345e+13
-5.45268e+13
-6.3898e+13
-7.50539e+13
-8.80478e+13
-1.02925e+14
-1.19983e+14
-1.39183e+14
-1.59129e+14
-1.78237e+14
-1.95519e+14
-2.12294e+14
-2.31349e+14
-2.54365e+14
-2.82778e+14
-3.17491e+14
-3.60362e+14
-4.13317e+14
-4.76093e+14
-5.47155e+14
-6.36282e+14
-7.47278e+14
-8.74901e+14
-1.03246e+15
-1.23826e+15
-1.4976e+15
-1.78866e+15
-2.09752e+15
-2.4564e+15
-3.01687e+15
-3.78907e+15
-4.91379e+15
-6.46997e+15
-9.20318e+15
-1.28542e+16
-1.75005e+16
-2.46449e+16
-3.63309e+16
-5.53892e+16
-8.68842e+16
-1.41285e+17
-2.40982e+17
-4.74269e+17
-8.377e+17
-1.48044e+18
-3.08058e+10
-9.75271e+10
-1.74803e+11
-2.62876e+11
-3.63111e+11
-4.76659e+11
-6.05135e+11
-7.50232e+11
-9.13913e+11
-1.09836e+12
-1.30608e+12
-1.53994e+12
-1.80326e+12
-2.09988e+12
-2.43434e+12
-2.81198e+12
-3.2392e+12
-3.72387e+12
-4.2761e+12
-4.90946e+12
-5.64285e+12
-6.50255e+12
-7.52347e+12
-8.74252e+12
-1.019e+13
-1.18894e+13
-1.38585e+13
-1.61253e+13
-1.88796e+13
-2.24411e+13
-2.64086e+13
-3.04359e+13
-3.49629e+13
-4.03764e+13
-4.6874e+13
-5.47017e+13
-6.41378e+13
-7.53986e+13
-8.85183e+13
-1.03515e+14
-1.20735e+14
-1.40212e+14
-1.60407e+14
-1.79584e+14
-1.96529e+14
-2.1294e+14
-2.31995e+14
-2.55375e+14
-2.84574e+14
-3.20039e+14
-3.63476e+14
-4.1705e+14
-4.8009e+14
-5.50989e+14
-6.41422e+14
-7.58175e+14
-8.91356e+14
-1.05369e+15
-1.26534e+15
-1.53165e+15
-1.82439e+15
-2.1432e+15
-2.52784e+15
-3.12684e+15
-3.93923e+15
-5.10859e+15
-6.75519e+15
-9.63159e+15
-1.35513e+16
-1.85344e+16
-2.6212e+16
-3.8754e+16
-5.92131e+16
-9.29003e+16
-1.5083e+17
-2.55614e+17
-4.88132e+17
-8.22242e+17
-1.32165e+18
-3.13119e+10
-9.89347e+10
-1.76893e+11
-2.65544e+11
-3.66286e+11
-4.80318e+11
-6.09276e+11
-7.5487e+11
-9.19069e+11
-1.10406e+12
-1.31238e+12
-1.5469e+12
-1.81097e+12
-2.10848e+12
-2.44406e+12
-2.8231e+12
-3.2521e+12
-3.73896e+12
-4.29374e+12
-4.92984e+12
-5.66591e+12
-6.52797e+12
-7.55077e+12
-8.77147e+12
-1.02214e+13
-1.19249e+13
-1.38992e+13
-1.6166e+13
-1.88874e+13
-2.23923e+13
-2.64136e+13
-3.05028e+13
-3.50504e+13
-4.0475e+13
-4.69891e+13
-5.48474e+13
-6.43437e+13
-7.57076e+13
-8.89502e+13
-1.04049e+14
-1.21409e+14
-1.41154e+14
-1.61583e+14
-1.80807e+14
-1.97322e+14
-2.13329e+14
-2.3248e+14
-2.56353e+14
-2.86368e+14
-3.22643e+14
-3.66526e+14
-4.20541e+14
-4.83671e+14
-5.54583e+14
-6.46543e+14
-7.68571e+14
-9.07264e+14
-1.07451e+15
-1.29215e+15
-1.56452e+15
-1.85691e+15
-2.1851e+15
-2.59985e+15
-3.23297e+15
-4.08987e+15
-5.31262e+15
-7.03684e+15
-1.00533e+16
-1.42034e+16
-1.95091e+16
-2.76838e+16
-4.10197e+16
-6.27885e+16
-9.85269e+16
-1.59705e+17
-2.69368e+17
-4.96866e+17
-8.02047e+17
-1.18963e+18
-3.18023e+10
-1.00289e+11
-1.78891e+11
-2.68079e+11
-3.6928e+11
-4.83751e+11
-6.13144e+11
-7.59183e+11
-9.23849e+11
-1.10934e+12
-1.31819e+12
-1.55329e+12
-1.81804e+12
-2.11637e+12
-2.45297e+12
-2.83332e+12
-3.26399e+12
-3.75291e+12
-4.31009e+12
-4.94878e+12
-5.68734e+12
-6.55153e+12
-7.57592e+12
-8.798e+12
-1.02502e+13
-1.19575e+13
-1.39373e+13
-1.62059e+13
-1.88992e+13
-2.23451e+13
-2.64e+13
-3.05496e+13
-3.51206e+13
-4.0554e+13
-4.70806e+13
-5.49645e+13
-6.45163e+13
-7.5981e+13
-8.93424e+13
-1.0453e+14
-1.22008e+14
-1.42001e+14
-1.62641e+14
-1.81885e+14
-1.97844e+14
-2.13528e+14
-2.32966e+14
-2.57379e+14
-2.88209e+14
-3.25337e+14
-3.69524e+14
-4.23766e+14
-4.8684e+14
-5.5797e+14
-6.51674e+14
-7.78362e+14
-9.22412e+14
-1.09477e+15
-1.31878e+15
-1.59633e+15
-1.88717e+15
-2.22483e+15
-2.67058e+15
-3.32564e+15
-4.23068e+15
-5.50767e+15
-7.29988e+15
-1.04619e+16
-1.48046e+16
-2.0429e+16
-2.9058e+16
-4.3115e+16
-6.60938e+16
-1.03766e+17
-1.67946e+17
-2.81855e+17
-5.00354e+17
-7.80514e+17
-1.0849e+18
-3.22758e+10
-1.01588e+11
-1.80794e+11
-2.70473e+11
-3.72087e+11
-4.86952e+11
-6.16733e+11
-7.63172e+11
-9.28253e+11
-1.11418e+12
-1.32351e+12
-1.55913e+12
-1.82449e+12
-2.12355e+12
-2.46108e+12
-2.84264e+12
-3.27487e+12
-3.76572e+12
-4.32518e+12
-4.96629e+12
-5.70717e+12
-6.57325e+12
-7.59898e+12
-8.82217e+12
-1.02763e+13
-1.19872e+13
-1.39724e+13
-1.62442e+13
-1.89146e+13
-2.23026e+13
-2.6371e+13
-3.05773e+13
-3.51742e+13
-4.06144e+13
-4.71495e+13
-5.50539e+13
-6.4656e+13
-7.622e+13
-8.96983e+13
-1.04955e+14
-1.22524e+14
-1.42753e+14
-1.63571e+14
-1.82805e+14
-1.98144e+14
-2.13622e+14
-2.33554e+14
-2.5845e+14
-2.90151e+14
-3.28009e+14
-3.72497e+14
-4.26744e+14
-4.89692e+14
-5.61216e+14
-6.56732e+14
-7.87481e+14
-9.36628e+14
-1.11418e+15
-1.34512e+15
-1.62716e+15
-1.91586e+15
-2.26341e+15
-2.73845e+15
-3.40241e+15
-4.35337e+15
-5.67572e+15
-7.53485e+15
-1.08347e+16
-1.5353e+16
-2.1295e+16
-3.03325e+16
-4.50275e+16
-6.91021e+16
-1.08565e+17
-1.75492e+17
-2.92851e+17
-5.00263e+17
-7.57944e+17
-1.00097e+18
-3.27313e+10
-1.02828e+11
-1.82593e+11
-2.72719e+11
-3.74702e+11
-4.89917e+11
-6.20041e+11
-7.66833e+11
-9.32281e+11
-1.1186e+12
-1.32834e+12
-1.56443e+12
-1.83032e+12
-2.13004e+12
-2.46841e+12
-2.85107e+12
-3.28474e+12
-3.7774e+12
-4.33898e+12
-4.98238e+12
-5.72539e+12
-6.59318e+12
-7.62001e+12
-8.84403e+12
-1.02997e+13
-1.20139e+13
-1.40044e+13
-1.62802e+13
-1.89332e+13
-2.22671e+13
-2.63297e+13
-3.05875e+13
-3.52124e+13
-4.06575e+13
-4.71973e+13
-5.51167e+13
-6.47635e+13
-7.64246e+13
-9.00173e+13
-1.05327e+14
-1.22961e+14
-1.434e+14
-1.64352e+14
-1.83513e+14
-1.98309e+14
-2.13686e+14
-2.34233e+14
-2.59523e+14
-2.92162e+14
-3.30604e+14
-3.75491e+14
-4.29482e+14
-4.92269e+14
-5.64344e+14
-6.61696e+14
-7.95872e+14
-9.49775e+14
-1.13257e+15
-1.3708e+15
-1.6563e+15
-1.94484e+15
-2.30366e+15
-2.80288e+15
-3.47179e+15
-4.46368e+15
-5.82488e+15
-7.75324e+15
-1.11564e+16
-1.58529e+16
-2.21124e+16
-3.15101e+16
-4.67544e+16
-7.18001e+16
-1.12881e+17
-1.82269e+17
-3.02298e+17
-4.97771e+17
-7.31927e+17
-9.48093e+17
-3.31673e+10
-1.04005e+11
-1.84284e+11
-2.74809e+11
-3.77117e+11
-4.9264e+11
-6.23065e+11
-7.70165e+11
-9.35935e+11
-1.12259e+12
-1.3327e+12
-1.5692e+12
-1.83555e+12
-2.13585e+12
-2.47497e+12
-2.85863e+12
-3.29361e+12
-3.78795e+12
-4.35151e+12
-4.99703e+12
-5.74203e+12
-6.61135e+12
-7.63907e+12
-8.86366e+12
-1.03205e+13
-1.20375e+13
-1.40329e+13
-1.63138e+13
-1.89544e+13
-2.22394e+13
-2.62802e+13
-3.05821e+13
-3.52363e+13
-4.06847e+13
-4.72256e+13
-5.51545e+13
-6.48397e+13
-7.6597e+13
-9.03044e+13
-1.05646e+14
-1.23309e+14
-1.43942e+14
-1.64969e+14
-1.83958e+14
-1.9842e+14
-2.13834e+14
-2.34953e+14
-2.60581e+14
-2.94125e+14
-3.33213e+14
-3.78504e+14
-4.32039e+14
-4.9467e+14
-5.67401e+14
-6.66478e+14
-8.03548e+14
-9.61844e+14
-1.14979e+15
-1.39481e+15
-1.67979e+15
-1.97219e+15
-2.34453e+15
-2.86326e+15
-3.53979e+15
-4.56581e+15
-5.96464e+15
-7.96197e+15
-1.14245e+16
-1.63138e+16
-2.28783e+16
-3.25904e+16
-4.82924e+16
-7.41693e+16
-1.16665e+17
-1.88285e+17
-3.10591e+17
-4.95485e+17
-6.98182e+17
-9.08621e+17
-3.35821e+10
-1.05114e+11
-1.85857e+11
-2.76735e+11
-3.79326e+11
-4.95115e+11
-6.258e+11
-7.73167e+11
-9.39215e+11
-1.12617e+12
-1.33659e+12
-1.57344e+12
-1.8402e+12
-2.141e+12
-2.48078e+12
-2.86533e+12
-3.3015e+12
-3.79736e+12
-4.36275e+12
-5.01025e+12
-5.75707e+12
-6.62777e+12
-7.65622e+12
-8.88112e+12
-1.03388e+13
-1.2058e+13
-1.40578e+13
-1.63443e+13
-1.89777e+13
-2.22201e+13
-2.6226e+13
-3.05632e+13
-3.52472e+13
-4.06981e+13
-4.72364e+13
-5.51691e+13
-6.48863e+13
-7.67372e+13
-9.05579e+13
-1.05915e+14
-1.2358e+14
-1.44358e+14
-1.65399e+14
-1.84152e+14
-1.98511e+14
-2.1415e+14
-2.357e+14
-2.61584e+14
-2.96011e+14
-3.35915e+14
-3.81423e+14
-4.34431e+14
-4.96912e+14
-5.70366e+14
-6.71025e+14
-8.10467e+14
-9.72777e+14
-1.1655e+15
-1.4151e+15
-1.69778e+15
-1.99682e+15
-2.38466e+15
-2.91922e+15
-3.60689e+15
-4.65937e+15
-6.09707e+15
-8.16057e+15
-1.16387e+16
-1.67415e+16
-2.35865e+16
-3.3577e+16
-4.96491e+16
-7.62116e+16
-1.19924e+17
-1.93556e+17
-3.17969e+17
-4.94262e+17
-6.58927e+17
-8.70675e+17
-3.39733e+10
-1.06149e+11
-1.87305e+11
-2.78488e+11
-3.81322e+11
-4.97338e+11
-6.28243e+11
-7.75838e+11
-9.42123e+11
-1.12933e+12
-1.34002e+12
-1.57717e+12
-1.84428e+12
-2.14551e+12
-2.48586e+12
-2.87118e+12
-3.3084e+12
-3.80565e+12
-4.3727e+12
-5.022e+12
-5.77052e+12
-6.64247e+12
-7.6715e+12
-8.89649e+12
-1.03545e+13
-1.20753e+13
-1.4079e+13
-1.63714e+13
-1.9002e+13
-2.22086e+13
-2.61714e+13
-3.05336e+13
-3.52466e+13
-4.06995e+13
-4.72321e+13
-5.5163e+13
-6.49046e+13
-7.68479e+13
-9.07847e+13
-1.06134e+14
-1.23757e+14
-1.44645e+14
-1.65615e+14
-1.84224e+14
-1.98619e+14
-2.14567e+14
-2.36414e+14
-2.62517e+14
-2.97803e+14
-3.38632e+14
-3.84141e+14
-4.36722e+14
-4.99032e+14
-5.73213e+14
-6.75236e+14
-8.1659e+14
-9.82512e+14
-1.17945e+15
-1.43152e+15
-1.71232e+15
-2.01826e+15
-2.42259e+15
-2.972e+15
-3.67262e+15
-4.74157e+15
-6.22205e+15
-8.34e+15
-1.18026e+16
-1.7127e+16
-2.42228e+16
-3.44678e+16
-5.0829e+16
-7.79233e+16
-1.22625e+17
-1.98029e+17
-3.24923e+17
-4.95559e+17
-6.17511e+17
-8.26443e+17
-3.43383e+10
-1.07102e+11
-1.88616e+11
-2.80059e+11
-3.83096e+11
-4.99302e+11
-6.30392e+11
-7.78178e+11
-9.44663e+11
-1.13208e+12
-1.343e+12
-1.5804e+12
-1.8478e+12
-2.1494e+12
-2.49022e+12
-2.87621e+12
-3.31434e+12
-3.81279e+12
-4.38133e+12
-5.03227e+12
-5.78234e+12
-6.65544e+12
-7.68494e+12
-8.90982e+12
-1.03678e+13
-1.20896e+13
-1.40964e+13
-1.63947e+13
-1.90263e+13
-2.22044e+13
-2.61203e+13
-3.04961e+13
-3.52362e+13
-4.06912e+13
-4.72156e+13
-5.51392e+13
-6.48979e+13
-7.69287e+13
-9.09799e+13
-1.06311e+14
-1.23866e+14
-1.44774e+14
-1.65598e+14
-1.84202e+14
-1.98737e+14
-2.15075e+14
-2.37108e+14
-2.63393e+14
-2.99526e+14
-3.41224e+14
-3.8664e+14
-4.38933e+14
-5.00996e+14
-5.75891e+14
-6.79072e+14
-8.21851e+14
-9.90962e+14
-1.19144e+15
-1.44352e+15
-1.72474e+15
-2.03943e+15
-2.46054e+15
-3.02463e+15
-3.73721e+15
-4.81094e+15
-6.33816e+15
-8.49368e+15
-1.19263e+16
-1.74436e+16
-2.47767e+16
-3.52622e+16
-5.18477e+16
-7.93274e+16
-1.24812e+17
-2.01794e+17
-3.32009e+17
-5.00248e+17
-5.74015e+17
-7.595e+17
-3.46733e+10
-1.07963e+11
-1.89781e+11
-2.81439e+11
-3.84642e+11
-5.01003e+11
-6.32244e+11
-7.80188e+11
-9.46839e+11
-1.13443e+12
-1.34554e+12
-1.58314e+12
-1.85079e+12
-2.15267e+12
-2.49389e+12
-2.88042e+12
-3.31931e+12
-3.81879e+12
-4.38862e+12
-5.04102e+12
-5.79249e+12
-6.66665e+12
-7.69657e+12
-8.92118e+12
-1.03787e+13
-1.21009e+13
-1.41099e+13
-1.64138e+13
-1.9049e+13
-2.22057e+13
-2.60763e+13
-3.04546e+13
-3.52179e+13
-4.06756e+13
-4.71897e+13
-5.51013e+13
-6.48683e+13
-7.6982e+13
-9.11515e+13
-1.06451e+14
-1.23912e+14
-1.4477e+14
-1.65407e+14
-1.84056e+14
-1.98864e+14
-2.1571e+14
-2.37773e+14
-2.64246e+14
-3.01154e+14
-3.43588e+14
-3.88998e+14
-4.41085e+14
-5.0282e+14
-5.78376e+14
-6.82483e+14
-8.26252e+14
-9.98137e+14
-1.20157e+15
-1.45299e+15
-1.73682e+15
-2.06089e+15
-2.49004e+15
-3.06993e+15
-3.79291e+15
-4.86337e+15
-6.44158e+15
-8.62127e+15
-1.20207e+16
-1.76745e+16
-2.52407e+16
-3.5953e+16
-5.27132e+16
-8.04352e+16
-1.26448e+17
-2.04713e+17
-3.39459e+17
-5.1045e+17
-5.31362e+17
-6.67278e+17
-3.49744e+10
-1.08723e+11
-1.90787e+11
-2.82617e+11
-3.85951e+11
-5.02436e+11
-6.33797e+11
-7.81868e+11
-9.48653e+11
-1.13639e+12
-1.34765e+12
-1.58542e+12
-1.85325e+12
-2.15537e+12
-2.49688e+12
-2.88383e+12
-3.32332e+12
-3.82363e+12
-4.39454e+12
-5.04821e+12
-5.80094e+12
-6.67609e+12
-7.70638e+12
-8.93065e+12
-1.03875e+13
-1.21094e+13
-1.41198e+13
-1.64284e+13
-1.90688e+13
-2.22107e+13
-2.60412e+13
-3.04131e+13
-3.51945e+13
-4.06553e+13
-4.71581e+13
-5.50537e+13
-6.48211e+13
-7.70076e+13
-9.12922e+13
-1.06566e+14
-1.23937e+14
-1.44625e+14
-1.651e+14
-1.83753e+14
-1.98978e+14
-2.16441e+14
-2.38401e+14
-2.65079e+14
-3.02723e+14
-3.45728e+14
-3.91239e+14
-4.4309e+14
-5.04458e+14
-5.80606e+14
-6.85445e+14
-8.29768e+14
-1.00399e+15
-1.20981e+15
-1.46003e+15
-1.74703e+15
-2.07821e+15
-2.51357e+15
-3.10698e+15
-3.83526e+15
-4.89999e+15
-6.52367e+15
-8.72501e+15
-1.20954e+16
-1.7815e+16
-2.5607e+16
-3.65323e+16
-5.34405e+16
-8.12884e+16
-1.276e+17
-2.06829e+17
-3.46961e+17
-5.18156e+17
-5.30984e+17
-5.36721e+17
-3.52357e+10
-1.09368e+11
-1.91622e+11
-2.83584e+11
-3.87017e+11
-5.03595e+11
-6.3505e+11
-7.83219e+11
-9.50109e+11
-1.13796e+12
-1.34934e+12
-1.58724e+12
-1.85521e+12
-2.15749e+12
-2.49921e+12
-2.88646e+12
-3.32639e+12
-3.82733e+12
-4.39909e+12
-5.0538e+12
-5.80762e+12
-6.68368e+12
-7.71436e+12
-8.93828e+12
-1.03942e+13
-1.21154e+13
-1.41263e+13
-1.64386e+13
-1.90846e+13
-2.2217e+13
-2.60148e+13
-3.03746e+13
-3.51685e+13
-4.06323e+13
-4.71237e+13
-5.50008e+13
-6.47586e+13
-7.70054e+13
-9.14155e+13
-1.06675e+14
-1.23962e+14
-1.44408e+14
-1.64728e+14
-1.83217e+14
-1.9904e+14
-2.17251e+14
-2.38974e+14
-2.65915e+14
-3.04195e+14
-3.476e+14
-3.93292e+14
-4.44863e+14
-5.05904e+14
-5.82537e+14
-6.87919e+14
-8.32431e+14
-1.00854e+15
-1.21624e+15
-1.46483e+15
-1.75533e+15
-2.09135e+15
-2.53435e+15
-3.13636e+15
-3.86768e+15
-4.92527e+15
-6.58159e+15
-8.80679e+15
-1.21533e+16
-1.78692e+16
-2.58658e+16
-3.69922e+16
-5.40377e+16
-8.19196e+16
-1.2825e+17
-2.07603e+17
-3.46948e+17
-5.11484e+17
-5.30904e+17
-6.09519e+17
-3.54506e+10
-1.09884e+11
-1.92272e+11
-2.84329e+11
-3.87832e+11
-5.04477e+11
-6.35998e+11
-7.8424e+11
-9.51208e+11
-1.13914e+12
-1.35061e+12
-1.5886e+12
-1.85666e+12
-2.15905e+12
-2.50091e+12
-2.88834e+12
-3.32855e+12
-3.82991e+12
-4.40227e+12
-5.05778e+12
-5.8125e+12
-6.68939e+12
-7.72047e+12
-8.9441e+12
-1.03991e+13
-1.21192e+13
-1.41299e+13
-1.64449e+13
-1.90961e+13
-2.22234e+13
-2.59959e+13
-3.03413e+13
-3.51428e+13
-4.0609e+13
-4.70897e+13
-5.49473e+13
-6.46885e+13
-7.69752e+13
-9.14978e+13
-1.06762e+14
-1.24036e+14
-1.44342e+14
-1.64507e+14
-1.82812e+14
-1.98957e+14
-2.17709e+14
-2.39398e+14
-2.6676e+14
-3.0557e+14
-3.49177e+14
-3.95015e+14
-4.4634e+14
-5.07148e+14
-5.84083e+14
-6.89813e+14
-8.34209e+14
-1.01165e+15
-1.22073e+15
-1.46779e+15
-1.7607e+15
-2.10035e+15
-2.55124e+15
-3.16039e+15
-3.89278e+15
-4.94475e+15
-6.61799e+15
-8.86676e+15
-1.22007e+16
-1.7859e+16
-2.60084e+16
-3.73294e+16
-5.45122e+16
-8.23964e+16
-1.28581e+17
-2.07542e+17
-3.4449e+17
-5.02978e+17
-5.2208e+17
-6.05589e+17
-3.56096e+10
-1.10255e+11
-1.92723e+11
-2.84839e+11
-3.88386e+11
-5.05073e+11
-6.36637e+11
-7.84925e+11
-9.51944e+11
-1.13993e+12
-1.35146e+12
-1.58951e+12
-1.85763e+12
-2.16007e+12
-2.50199e+12
-2.88951e+12
-3.32986e+12
-3.83144e+12
-4.40417e+12
-5.06019e+12
-5.81558e+12
-6.69315e+12
-7.72464e+12
-8.94813e+12
-1.04024e+13
-1.21215e+13
-1.41316e+13
-1.64481e+13
-1.91036e+13
-2.22289e+13
-2.59837e+13
-3.03155e+13
-3.51204e+13
-4.05882e+13
-4.70597e+13
-5.48988e+13
-6.46167e+13
-7.69085e+13
-9.15124e+13
-1.06805e+14
-1.24091e+14
-1.4435e+14
-1.64469e+14
-1.82683e+14
-1.98893e+14
-2.17814e+14
-2.39692e+14
-2.67587e+14
-3.06755e+14
-3.50388e+14
-3.96315e+14
-4.4751e+14
-5.08122e+14
-5.85149e+14
-6.90992e+14
-8.35111e+14
-1.01331e+15
-1.22339e+15
-1.46943e+15
-1.76301e+15
-2.10622e+15
-2.56428e+15
-3.17842e+15
-3.91026e+15
-4.9609e+15
-6.63787e+15
-8.90594e+15
-1.22405e+16
-1.78254e+16
-2.60394e+16
-3.75272e+16
-5.48467e+16
-8.27601e+16
-1.28782e+17
-2.0712e+17
-3.41621e+17
-4.93767e+17
-5.10763e+17
-3.37753e+17
-3.56992e+10
-1.10455e+11
-1.92958e+11
-2.85101e+11
-3.88669e+11
-5.05375e+11
-6.36959e+11
-7.85269e+11
-9.52312e+11
-1.14033e+12
-1.35188e+12
-1.58996e+12
-1.8581e+12
-2.16057e+12
-2.50252e+12
-2.89006e+12
-3.33044e+12
-3.8321e+12
-4.40495e+12
-5.06121e+12
-5.81696e+12
-6.69496e+12
-7.72678e+12
-8.95028e+12
-1.04042e+13
-1.21226e+13
-1.41322e+13
-1.64493e+13
-1.91075e+13
-2.22327e+13
-2.59779e+13
-3.03005e+13
-3.51062e+13
-4.05747e+13
-4.70401e+13
-5.48659e+13
-6.45616e+13
-7.6828e+13
-9.1469e+13
-1.06866e+14
-1.24227e+14
-1.44332e+14
-1.64364e+14
-1.82609e+14
-1.98893e+14
-2.1783e+14
-2.39901e+14
-2.68266e+14
-3.07507e+14
-3.51088e+14
-3.97047e+14
-4.48142e+14
-5.08595e+14
-5.85628e+14
-6.91479e+14
-8.35366e+14
-1.01381e+15
-1.22436e+15
-1.46991e+15
-1.76305e+15
-2.10929e+15
-2.57256e+15
-3.18783e+15
-3.92043e+15
-4.97314e+15
-6.64628e+15
-8.92638e+15
-1.22709e+16
-1.78129e+16
-2.60204e+16
-3.75863e+16
-5.50017e+16
-8.29766e+16
-1.28947e+17
-2.06831e+17
-3.39074e+17
-4.875e+17
-4.69951e+17
1.24908e+18
)
;

boundaryField
{
    inletFace
    {
        type            zeroGradient;
    }
    inlet
    {
        type            zeroGradient;
    }
    inletWalls
    {
        type            zeroGradient;
    }
    outletInlet
    {
        type            cyclicAMI;
        value           nonuniform List<scalar> 
15
(
-5.02806e+19
-4.42665e+19
-4.05348e+19
-2.8764e+19
-1.68824e+19
-6.95568e+18
-1.70925e+18
7.39466e+17
2.78168e+18
4.07954e+18
5.00997e+18
5.28993e+18
5.70036e+18
5.61032e+18
5.66823e+18
)
;
    }
    fineSymmetryWall
    {
        type            symmetryPlane;
    }
    fineWalls
    {
        type            zeroGradient;
    }
    fineCyclicBoundary
    {
        type            fixedValue;
        value           uniform 0;
    }
    fineplug
    {
        type            cyclicAMI;
        value           nonuniform List<scalar> 
80
(
-4.6606e+19
-4.66746e+19
-4.6705e+19
-6.14117e+19
-4.68438e+19
-4.51376e+19
-4.43031e+19
-4.43258e+19
-4.43052e+19
-4.42291e+19
-4.22174e+19
-3.82854e+19
-4.95885e+19
-3.75115e+19
-3.7349e+19
-3.71563e+19
-2.83471e+19
-2.81762e+19
-2.80346e+19
-2.79138e+19
-2.77978e+19
-2.65095e+19
-1.62126e+19
-1.60787e+19
-1.59433e+19
-1.58019e+19
-1.27215e+19
-6.71068e+18
-6.58158e+18
-6.45629e+18
-6.34755e+18
-8.22567e+18
-1.94594e+18
-1.8326e+18
-1.72475e+18
-1.61733e+18
-1.52071e+18
-1.00492e+17
6.46659e+17
7.15712e+17
4.85855e+17
1.06367e+18
1.63342e+18
2.70223e+18
2.76278e+18
2.81189e+18
2.83373e+18
2.84697e+18
3.94044e+18
4.3819e+18
3.98223e+18
3.99437e+18
4.00415e+18
4.58762e+18
4.8803e+18
4.88402e+18
4.88844e+18
4.89316e+18
5.77608e+18
5.21331e+18
5.21532e+18
5.21898e+18
5.22344e+18
5.22856e+18
5.47099e+18
5.47505e+18
5.4778e+18
5.47884e+18
6.39814e+18
5.57571e+18
5.61925e+18
5.61925e+18
5.61455e+18
5.60317e+18
5.59636e+18
5.59302e+18
5.55078e+18
6.4511e+18
5.26033e+18
5.19712e+18
)
;
    }
    faceFine
    {
        type            zeroGradient;
    }
}


// ************************************************************************* //
